0
0
0
0
0
0
0
0
0
0
0
0
0
0
0
0
0
0
0
0
0
0
0
0
0
0
0
0
0
0
0
0
0
0
0
0
0
0
0
0
0
0
0
0
0
0
0
0
0
0
0
0
0
0
0
0
0
0
0
0
0
0
0
0
0
0
0
0
0
0
0
0
0
0
0
0
0
0
0
0
0
0
0
0
0
0
0
0
0
0
0
0
0
0
0
0
0
0
0
0
0
0
0
0
0
0
0
0
0
0
0
0
0
0
0
0
0
0
0
0
0
0
0
0
0
0
0
0
0
0
0
0
0
0
0
0
0
0
0
0
0
0
0
0
0
0
0
0
0
0
0
0
0
0
0
0
0
0
0
0
0
0
0
0
0
0
0
0
0
0
0
0
0
0
0
0
0
0
0
0
0
0
0
0
0
0
0
0
0
0
0
0
0
0
0
0
0
0
0
0
0
0
0
0
0
0
0
0
0
0
0
0
0
0
0
0
0
0
0
0
0
0
0
0
0
0
0
0
0
0
0
0
0
0
0
0.0349
0.0485612
0.0482798
0.0483519
0.0483121
0.0483617
0.0482857
0.0485771
0.048732
0.0456304
0.0432379
0.0413285
0.0396356
0.0380828
0.0366211
0.0352447
0.0338146
0.0325523
0.0314809
0.0305726
0.0297671
0.029189
0.0286978
0.0282608
0.0261446
0.0242383
0.0225688
0.0210213
0.0195878
0.0182968
0.0171189
0.0159774
0.0148987
0.0133219
0.0118129
0.0103747
0.00896775
0.00762894
0.00635779
0.00511956
0.00394161
0.00280297
0.00158186
0.000407428
-0.00073105
-0.00178047
-0.00275563
-0.00369502
-0.00463487
-0.00554144
-0.00642085
-0.00746158
-0.00848504
-0.00948748
-0.0103915
-0.0112442
-0.0120391
-0.0127263
-0.0133046
-0.0138227
-0.0142888
-0.014638
-0.0149262
-0.0151738
-0.0154083
-0.0156327
-0.0158416
-0.0160004
-0.0161488
-0.0162851
-0.0163247
-0.016369
-0.0164163
-0.0164374
-0.0164549
-0.016466
-0.016456
-0.0164278
-0.0163856
-0.0163611
-0.0163232
-0.0162713
-0.016199
-0.016124
-0.01607
-0.0159928
-0.0158673
-0.0157334
-0.0155981
-0.015439
-0.0152819
-0.0151107
-0.0149298
-0.014756
-0.0145819
-0.0143932
-0.0142009
-0.0140274
-0.0138769
-0.0137415
-0.0136441
-0.0135397
-0.0134247
-0.0133087
-0.013204
-0.0130982
-0.0129786
-0.0128788
-0.0128962
-0.0129172
-0.01295
-0.0129626
-0.0129751
-0.0129992
-0.0130333
-0.0130642
-0.0130779
-0.0129281
-0.0127711
-0.0126199
-0.0124646
-0.0123126
-0.0121567
-0.0119713
-0.0117874
-0.011606
-0.0113708
-0.011151
-0.010931
-0.010699
-0.0104569
-0.0102282
-0.00999866
-0.0097649
-0.00952931
-0.00939417
-0.00926327
-0.00913324
-0.00901959
-0.00891022
-0.00878666
-0.00865891
-0.00852347
-0.00839507
-0.00824843
-0.0080996
-0.00794582
-0.00779843
-0.00765951
-0.0075334
-0.0074136
-0.00728944
-0.0071653
-0.00710126
-0.00705596
-0.00703035
-0.00700508
-0.00699301
-0.00697579
-0.00694889
-0.00690586
-0.00687425
-0.0068667
-0.00686611
-0.00686815
-0.00686683
-0.00688153
-0.00689606
-0.00691467
-0.0069367
-0.00696208
-0.006988
-0.00701575
-0.0070452
-0.00706188
-0.00707871
-0.00710283
-0.00713306
-0.00716584
-0.00719343
-0.00722437
-0.00722081
-0.00721163
-0.00719526
-0.00719281
-0.0072086
-0.00722732
-0.0072575
-0.00729763
-0.00734604
-0.00742053
-0.00748779
-0.00754759
-0.00761018
-0.00768231
-0.00776278
-0.00784474
-0.00792879
-0.00797698
-0.00802334
-0.00805833
-0.00809215
-0.00811728
-0.00814105
-0.00816842
-0.00819944
-0.00822966
-0.00822485
-0.00822939
-0.00824214
-0.00824909
-0.00825228
-0.00826144
-0.00827236
-0.00828691
-0.00829923
-0.00831886
-0.00833319
-0.00834258
-0.00834343
-0.00834419
-0.00834503
-0.00834336
-0.0083453
-0.00835539
-0.00837197
-0.00841763
-0.00848167
-0.00854767
-0.0086182
-0.00869846
-0.00878149
-0.00886981
-0.00896372
-0.00896372
-0.00896372
-0.00896372
-0.00896372
-0.00896372
-0.00896372
-0.00896372
-0.00896372
-0.00896372
-0.00905016
-0.00914661
-0.00924207
-0.00933673
-0.00943059
-0.00952401
-0.00961988
-0.00971259
-0.00981499
-0.00992343
-0.00996085
-0.0100045
-0.0100467
-0.0100883
-0.010135
-0.0101875
-0.0102455
-0.0103081
-0.010302
-0.0102926
-0.0102818
-0.0102723
-0.0102596
-0.0102491
-0.0102439
-0.0102372
-0.0102315
-0.0101769
-0.010119
-0.0100622
-0.0100052
-0.00994553
-0.00988307
-0.00981756
-0.00975498
-0.00969796
-0.00966848
-0.0096515
-0.0096324
-0.00961718
-0.00960349
-0.00959086
-0.0095824
-0.00957827
-0.00958335
-0.00958979
-0.00960376
-0.0096145
-0.00963334
-0.00966315
-0.00969397
-0.00973252
-0.00977194
-0.00982082
-0.00987092
-0.00991778
-0.0099634
-0.0100097
-0.0100614
-0.0101197
-0.010182
-0.0102469
-0.0103467
-0.0104446
-0.010545
-0.0106437
-0.0107399
-0.0108292
-0.0109173
-0.0109392
-0.0109578
-0.0109717
-0.0109817
-0.0109904
-0.0109922
-0.010988
-0.0109823
-0.0109681
-0.0109649
-0.0109653
-0.0109666
-0.0109738
-0.0109799
-0.0109861
-0.0109924
-0.0109934
-0.0109924
-0.0109946
-0.0109923
-0.0109875
-0.0109796
-0.0109709
-0.0109618
-0.0109527
-0.010944
-0.0109482
-0.0109539
-0.0109637
-0.0109787
-0.0109988
-0.0110247
-0.0110546
-0.0110842
-0.0111091
-0.011131
-0.0111475
-0.0111581
-0.0111658
-0.0111741
-0.0111843
-0.0111946
-0.0112049
-0.0112155
-0.0112273
-0.0112407
-0.0112545
-0.0112664
-0.0112788
-0.0112824
-0.0112787
-0.0112672
-0.0112537
-0.011232
-0.0112007
-0.0111687
-0.0111326
-0.0110942
-0.0110569
-0.0110179
-0.0109744
-0.0109301
-0.0108803
-0.0108394
-0.0108018
-0.0107672
-0.0107348
-0.0107054
-0.0106789
-0.0106503
-0.0106181
-0.010618
-0.0106148
-0.0106051
-0.0105966
-0.0105906
-0.0105909
-0.0105945
-0.0105992
-0.0106039
-0.0106048
-0.0106027
-0.0105979
-0.0105903
-0.0105821
-0.0105714
-0.0105659
-0.0105641
-0.010566
-0.0105565
-0.0105447
-0.0105348
-0.010523
-0.0105111
-0.0104986
-0.010485
-0.0104742
-0.0104571
-0.0104408
-0.0104264
-0.0104159
-0.0104018
-0.0103838
-0.010364
-0.0103369
-0.0103103
-0.0102876
-0.0102605
-0.0102338
-0.0102085
-0.0101861
-0.0101638
-0.0101371
-0.0101082
-0.0100754
-0.0100406
-0.010001
-0.0099595
-0.00991911
-0.00987267
-0.00982521
-0.00977663
-0.0097346
-0.00973438
-0.00973279
-0.00973377
-0.00973394
-0.00972971
-0.00972696
-0.00972813
-0.00973371
-0.00973538
-0.009723
-0.00970929
-0.00969186
-0.00967229
-0.00965503
-0.0096409
-0.00963117
-0.00962507
-0.00962143
-0.00961955
-0.00962043
-0.0096213
-0.00962335
-0.00963116
-0.00964369
-0.0096587
-0.009674
-0.00969048
-0.00970733
-0.00973395
-0.0097668
-0.00980744
-0.00985595
-0.00990878
-0.00996728
-0.0100227
-0.0100766
-0.0101325
-0.010193
-0.010193
-0.010193
-0.010193
-0.010193
-0.010193
-0.010193
-0.010193
-0.0102533
-0.0103131
-0.0103774
-0.010443
-0.0105106
-0.0105778
-0.0106478
-0.0107157
-0.0107906
-0.0108655
-0.0109426
-0.0110171
-0.0110918
-0.0111665
-0.0112438
-0.0113209
-0.0113969
-0.0114713
-0.0115421
-0.0115961
-0.0116502
-0.0117035
-0.0117552
-0.011807
-0.0118619
-0.0119175
-0.0119721
-0.0120557
-0.0121427
-0.0122326
-0.0123247
-0.012421
-0.0125209
-0.0126234
-0.0127278
-0.0128317
-0.0129377
-0.0130094
-0.0130777
-0.013141
-0.0132021
-0.0132572
-0.0133139
-0.013367
-0.0134221
-0.0134749
-0.0135085
-0.0135418
-0.0135759
-0.0136076
-0.0136359
-0.0136621
-0.0136838
-0.0137056
-0.0137275
-0.0137409
-0.0137563
-0.0137724
-0.0137899
-0.0138078
-0.0138269
-0.0138445
-0.0138672
-0.0138898
-0.0139294
-0.0139648
-0.014
-0.0140367
-0.0140728
-0.0141118
-0.0141491
-0.0141849
-0.0142186
-0.0142404
-0.0142593
-0.0142743
-0.0142876
-0.0142964
-0.0143021
-0.0143056
-0.0143054
-0.0143045
-0.0142874
-0.0142689
-0.0142464
-0.0142227
-0.014195
-0.0141652
-0.0141347
-0.0141044
-0.0140729
-0.014044
-0.0140148
-0.0139848
-0.0139563
-0.0139238
-0.0138922
-0.0138538
-0.0138155
-0.0137769
-0.013753
-0.0137292
-0.0137042
-0.0136748
-0.0136456
-0.0136176
-0.0135894
-0.0135608
-0.0135336
-0.0135002
-0.0134651
-0.0134275
-0.0133857
-0.0133424
-0.0132994
-0.0132469
-0.0131937
-0.0131402
-0.0130831
-0.0130283
-0.0129708
-0.0129123
-0.0128508
-0.0127889
-0.0127284
-0.0126707
-0.0126112
-0.0125506
-0.0124906
-0.0124294
-0.0123661
-0.0123024
-0.0122363
-0.0121676
-0.0120989
-0.0120669
-0.0120397
-0.0120122
-0.0119789
-0.0119465
-0.0119158
-0.0118829
-0.0118472
-0.0118472
-0.0118472
-0.0118472
-0.0118472
-0.0118472
-0.0118472
-0.0118472
-0.0118472
-0.0118472
-0.0118472
-0.0118114
-0.0117935
-0.0117771
-0.0117623
-0.0117482
-0.0117335
-0.0117208
-0.0117057
-0.0116931
-0.0116809
-0.0116705
-0.0116618
-0.0116545
-0.0116493
-0.0116441
-0.0116402
-0.0116363
-0.0116309
-0.0116254
-0.0116246
-0.0116235
-0.0116231
-0.0116252
-0.0116299
-0.0116336
-0.0116374
-0.0116428
-0.0116489
-0.0116566
-0.011664
-0.0116624
-0.0116629
-0.0116656
-0.0116702
-0.0116751
-0.0116878
-0.0117005
-0.011713
-0.0117236
-0.0117349
-0.0117457
-0.011756
-0.0117675
-0.0117794
-0.0117916
-0.0118038
-0.0118178
-0.0118446
-0.0118727
-0.0119019
-0.011933
-0.0119603
-0.0119868
-0.012013
-0.0120388
-0.0120624
-0.0120314
-0.0119981
-0.0119646
-0.0119346
-0.0119059
-0.0118783
-0.0118519
-0.0118271
-0.0118273
-0.0118255
-0.0118227
-0.0118206
-0.0118204
-0.0118206
-0.0118191
-0.0118142
-0.0118066
-0.0117568
-0.0117079
-0.0116596
-0.0116098
-0.0115592
-0.0115099
-0.0114614
-0.0114127
-0.0114089
-0.0114034
-0.0113967
-0.0113887
-0.0113819
-0.0113769
-0.0113731
-0.0113702
-0.0113213
-0.0112711
-0.0112238
-0.0111767
-0.0111293
-0.0110848
-0.0110445
-0.0110034
-0.0109744
-0.0109482
-0.0109254
-0.0109052
-0.0108868
-0.0108682
-0.0108489
-0.0108317
-0.010816
-0.010794
-0.0107724
-0.01075
-0.0107281
-0.0107047
-0.0106827
-0.0106616
-0.0106392
-0.0106142
-0.0105783
-0.0105402
-0.0104996
-0.0104576
-0.010414
-0.0103689
-0.0103246
-0.0102795
-0.0102351
-0.010188
-0.0101381
-0.0100872
-0.010034
-0.00998014
-0.00992524
-0.00986891
-0.00979527
-0.00972296
-0.00965283
-0.00958272
-0.0095116
-0.00943902
-0.00936834
-0.00929425
-0.00923161
-0.00917018
-0.00911004
-0.00904998
-0.00898966
-0.00892779
-0.00886583
-0.00880427
-0.00880427
-0.00880427
-0.00880427
-0.00880427
-0.00880427
-0.00880427
-0.00880427
-0.00880427
-0.00874272
-0.00871812
-0.00869102
-0.00866381
-0.00863572
-0.00860684
-0.00857712
-0.00854963
-0.00852267
-0.00848492
-0.00844646
-0.00841016
-0.00837485
-0.00833725
-0.0082982
-0.00825859
-0.00821759
-0.00817506
-0.00812595
-0.0080804
-0.00803321
-0.00798453
-0.00793883
-0.00789688
-0.00785491
-0.00781087
-0.00777964
-0.00775237
-0.00772569
-0.00770106
-0.00767818
-0.00765811
-0.00763881
-0.00762031
-0.00760382
-0.00758672
-0.00757221
-0.00755909
-0.00754553
-0.00753306
-0.00752008
-0.00750475
-0.00748736
-0.00746817
-0.00744069
-0.00741236
-0.00738527
-0.00735896
-0.00733168
-0.0073035
-0.00727569
-0.00724564
-0.00721542
-0.00717012
-0.00712318
-0.00707773
-0.00703297
-0.00698806
-0.00694315
-0.00689985
-0.00685744
-0.0068138
-0.0067666
-0.00671769
-0.00666748
-0.00661383
-0.00655881
-0.00650688
-0.00645553
-0.00640607
-0.00635667
-0.00631229
-0.0062676
-0.00622213
-0.00617503
-0.00612745
-0.00607939
-0.00603153
-0.00598449
-0.00593534
-0.00588264
-0.00583116
-0.0057823
-0.00573429
-0.00568641
-0.00563889
-0.0055932
-0.00554815
-0.00550326
-0.00545254
-0.00540204
-0.00535176
-0.00530052
-0.00524723
-0.00518999
-0.00513287
-0.00507415
-0.00501505
-0.00495466
-0.00489868
-0.0048434
-0.00478929
-0.0047339
-0.0046814
-0.00463079
-0.00458023
-0.00452804
-0.00447371
-0.00440759
-0.00434224
-0.0042751
-0.0042089
-0.00414467
-0.00407919
-0.00401168
-0.00394379
-0.00387343
-0.00379513
-0.00371451
-0.00363549
-0.00355909
-0.00348323
-0.00340453
-0.00332681
-0.00325182
-0.00317872
-0.00310642
-0.00302842
-0.00294882
-0.00287017
-0.00279282
-0.00271313
-0.00263511
-0.00255879
-0.00248258
-0.00240468
-0.00232514
-0.00224485
-0.00221822
-0.00219032
-0.00216456
-0.00214068
-0.00211665
-0.00209185
-0.002067
-0.00204036
-0.00201304
-0.00198623
-0.00196046
-0.00193306
-0.00190566
-0.00188045
-0.00185824
-0.00183726
-0.00181663
-0.00179563
-0.00177569
-0.00175718
-0.00173731
-0.00171856
-0.00170187
-0.00168248
-0.00166169
-0.0016429
-0.00162707
-0.00161139
-0.00159685
-0.00165683
-0.0017146
-0.00177153
-0.00182838
-0.00188438
-0.00193945
-0.00199503
-0.00205096
-0.00210628
-0.00215065
-0.00219561
-0.00224032
-0.0022842
-0.00233051
-0.00238004
-0.00243072
-0.00247955
-0.00252751
-0.00257714
-0.00262875
-0.00268123
-0.00273509
-0.00278865
-0.00283993
-0.00289128
-0.00294399
-0.00299866
-0.00305229
-0.00310479
-0.00315783
-0.00320502
-0.00325211
-0.00329932
-0.00334482
-0.00338992
-0.00342089
-0.00345099
-0.00347951
-0.00350646
-0.00353242
-0.00355837
-0.0035866
-0.00361491
-0.00364207
-0.00366737
-0.00369095
-0.00371595
-0.00374135
-0.0037649
-0.00378912
-0.00381556
-0.00384357
-0.00387159
-0.00389619
-0.00392026
-0.00394216
-0.00396161
-0.00398085
-0.0040017
-0.00402365
-0.00404603
-0.00406753
-0.00408691
-0.0041053
-0.00412223
-0.004139
-0.00415715
-0.00417341
-0.00418966
-0.00420432
-0.00422048
-0.00423624
-0.00424801
-0.00424502
-0.00424401
-0.00424275
-0.00424096
-0.00423913
-0.00423805
-0.00423619
-0.00423335
-0.00422994
-0.00421966
-0.00420969
-0.0041988
-0.00418763
-0.00417906
-0.00417098
-0.00416222
-0.00415129
-0.00415122
-0.00415226
-0.0041539
-0.00415421
-0.00415222
-0.00414969
-0.00414827
-0.00414872
-0.00414734
-0.0041456
-0.00414324
-0.00414199
-0.00413958
-0.00413572
-0.00413176
-0.00412758
-0.00412154
-0.00411495
-0.00411315
-0.00411249
-0.00411135
-0.00410885
-0.00410627
-0.00410441
-0.00410316
-0.00410253
-0.00410131
-0.00409435
-0.00408932
-0.00408618
-0.00408322
-0.00407861
-0.0040733
-0.00406989
-0.00406801
-0.00406729
-0.004064
-0.00405841
-0.00405151
-0.00404473
-0.00404008
-0.00403647
-0.00403219
-0.00402727
-0.00402147
-0.00401414
-0.00400728
-0.00399887
-0.00399067
-0.0039819
-0.00397203
-0.00396293
-0.00395541
-0.00394858
-0.00394861
-0.00394824
-0.00394627
-0.00394399
-0.00394145
-0.00394014
-0.00393971
-0.00393665
-0.00393292
-0.00393682
-0.00394351
-0.00394984
-0.0039536
-0.00395788
-0.0039623
-0.00396672
-0.00396956
-0.00397167
-0.00398222
-0.00399245
-0.004002
-0.0040127
-0.0040249
-0.00403612
-0.00404556
-0.0040546
-0.00406537
-0.0040955
-0.00412487
-0.00415568
-0.00418776
-0.0042194
-0.00425015
-0.00428188
-0.004314
-0.004314
-0.00434695
-0.00436204
-0.00437941
-0.00439735
-0.00441656
-0.0044352
-0.00445247
-0.00446867
-0.00448485
-0.0044972
-0.00451011
-0.00452104
-0.00453253
-0.00454506
-0.00455815
-0.004571
-0.00458376
-0.00459712
-0.00461062
-0.00459778
-0.00458548
-0.00457248
-0.00455914
-0.00454682
-0.00453733
-0.00452929
-0.00452097
-0.0045112
-0.00450092
-0.00449695
-0.00449424
-0.00449143
-0.00448811
-0.00448922
-0.00449075
-0.00449234
-0.00449298
-0.00449392
-0.00449655
-0.0045016
-0.0045072
-0.0045141
-0.00452072
-0.00452616
-0.00453228
-0.00453965
-0.00454448
-0.00455025
-0.00455451
-0.00455912
-0.00456477
-0.00456978
-0.00457485
-0.0045807
-0.00458907
-0.00459149
-0.00459457
-0.00459935
-0.00460645
-0.00461666
-0.00462798
-0.00463982
-0.00465183
-0.00466286
-0.00467621
-0.0046922
-0.00470315
-0.00471452
-0.00472557
-0.00473566
-0.00474549
-0.00475473
-0.00476483
-0.00477513
-0.00478461
-0.00479542
-0.00480805
-0.00482082
-0.00483288
-0.00484397
-0.00485363
-0.00486271
-0.00487267
-0.00488354
-0.00488914
-0.00489617
-0.00490448
-0.00491306
-0.00492118
-0.00492826
-0.00493332
-0.00493598
-0.00494014
-0.00494386
-0.00494602
-0.00494652
-0.00494566
-0.00494337
-0.00494059
-0.00493657
-0.00493049
-0.00492299
-0.00491469
-0.00490459
-0.00489598
-0.00488805
-0.00488327
-0.00487908
-0.00487547
-0.00487327
-0.0048718
-0.00486952
-0.00486708
-0.0048663
-0.00486812
-0.00487199
-0.00487748
-0.00488485
-0.00489319
-0.00490136
-0.00492741
-0.0049517
-0.00497499
-0.00499798
-0.0050205
-0.00504362
-0.00506672
-0.00509081
-0.00511493
-0.0051257
-0.00513497
-0.00514433
-0.00515394
-0.00516313
-0.00517209
-0.00518111
-0.00519052
-0.00520073
-0.00521025
-0.00521453
-0.00522072
-0.00522709
-0.0052336
-0.00523919
-0.005245
-0.00525099
-0.00525651
-0.00525832
-0.00526054
-0.00526279
-0.00526634
-0.00527116
-0.00527757
-0.00528461
-0.00529041
-0.00529703
-0.0053081
-0.00531909
-0.00532986
-0.00533967
-0.00534823
-0.00535557
-0.00536305
-0.00537111
-0.00537111
-0.00537973
-0.0053901
-0.00540012
-0.00540806
-0.00541558
-0.00542408
-0.00543278
-0.00544022
-0.00544646
-0.00545137
-0.00544997
-0.00544599
-0.00544204
-0.00543857
-0.00543495
-0.0054307
-0.00542622
-0.00542167
-0.0054156
-0.00541465
-0.00541405
-0.00541457
-0.00541709
-0.00542084
-0.00542456
-0.0054284
-0.00543148
-0.00543562
-0.00544284
-0.00545032
-0.00545735
-0.00546357
-0.0054689
-0.00547382
-0.00547958
-0.00548446
-0.00548906
-0.00549781
-0.00550648
-0.00551556
-0.00552444
-0.00553327
-0.00554259
-0.00555326
-0.0055647
-0.00557432
-0.00558568
-0.00559817
-0.00561143
-0.00562396
-0.005637
-0.00565091
-0.00566371
-0.00567486
-0.00568385
-0.0056923
-0.00569976
-0.00570552
-0.00571046
-0.00571506
-0.00571915
-0.00572283
-0.0057253
-0.00572664
-0.00572467
-0.0057234
-0.00572074
-0.00571879
-0.00571789
-0.00571639
-0.00571694
-0.00571783
-0.00571833
-0.00571819
-0.00571835
-0.00571936
-0.00572195
-0.00573119
-0.00574069
-0.00574969
-0.00575764
-0.00576734
-0.00577722
-0.00578834
-0.0057998
-0.00581166
-0.00582186
-0.00583182
-0.00584109
-0.00584951
-0.00585844
-0.00586765
-0.00587787
-0.00588908
-0.00590251
-0.00591624
-0.00593678
-0.0059585
-0.00598167
-0.00600365
-0.00602481
-0.00604451
-0.00606403
-0.00608385
-0.00610437
-0.00612521
-0.0061369
-0.00614797
-0.00615885
-0.00616936
-0.00617815
-0.00618636
-0.00619368
-0.00620097
-0.0062042
-0.00620534
-0.00620534
-0.00620457
-0.00620307
-0.0062024
-0.00620265
-0.00620447
-0.00620832
-0.00621657
-0.00622549
-0.00623557
-0.00624538
-0.00625454
-0.00626328
-0.00627101
-0.00627813
-0.0062841
-0.00628995
-0.00628995
-0.00628995
-0.00628995
-0.00628995
-0.00628995
-0.00628995
-0.00628995
-0.00628995
-0.00628995
-0.00629556
-0.00629816
-0.00630105
-0.00630421
-0.00630756
-0.00631217
-0.00631749
-0.00632198
-0.00632557
-0.00632557
-0.00632557
-0.00632557
-0.00632557
-0.00632557
-0.00632557
-0.00632557
-0.00632557
-0.00632557
-0.00632557
-0.00632557
-0.00632557
-0.00632557
-0.00632557
-0.00632557
-0.00632557
-0.00632557
-0.00632557
-0.00632557
-0.00632988
-0.00633216
-0.00633455
-0.00633707
-0.00634002
-0.00634367
-0.00634867
-0.0063544
-0.00636013
-0.00635808
-0.00635721
-0.00635793
-0.00636063
-0.00636343
-0.00636605
-0.00636783
-0.00636898
-0.00637082
-0.00637129
-0.00637046
-0.00636996
-0.00636961
-0.00636706
-0.00636428
-0.00636271
-0.00636156
-0.00636045
-0.00635515
-0.00634901
-0.0063425
-0.00633576
-0.00632841
-0.0063221
-0.00631622
-0.00631047
-0.00630563
-0.00629993
-0.00630293
-0.00630556
-0.00630895
-0.00631257
-0.00631659
-0.00632155
-0.00632493
-0.00632873
-0.006334
-0.00633865
-0.00634378
-0.00634801
-0.00635157
-0.00635518
-0.00635785
-0.00635924
-0.00636059
-0.00636038
-0.00636
-0.00636004
-0.00636004
-0.00636034
-0.0063598
-0.00635845
-0.00635527
-0.00635177
-0.0063485
-0.00634432
-0.0063399
-0.00633522
-0.00633262
-0.0063304
-0.00632975
-0.00633271
-0.00633639
-0.00634126
-0.00634684
-0.00635251
-0.00635832
-0.00636536
-0.00637243
-0.00637856
-0.0063828
-0.00637406
-0.00636534
-0.00635511
-0.00634448
-0.00633828
-0.00633329
-0.00632817
-0.00632241
-0.00631604
-0.00630863
-0.00629962
-0.00629172
-0.00628497
-0.00627858
-0.00627194
-0.00628513
-0.00629919
-0.0063145
-0.00633071
-0.00634586
-0.00636164
-0.00637656
-0.00639285
-0.00640653
-0.00641839
-0.00641844
-0.00641882
-0.00642063
-0.00642364
-0.00642725
-0.00643156
-0.00643447
-0.00643584
-0.00643705
-0.00643926
-0.00644281
-0.00644534
-0.00644698
-0.00644946
-0.00645168
-0.00645386
-0.00645691
-0.00645945
-0.00646181
-0.00646788
-0.00647381
-0.00648015
-0.0064868
-0.00649321
-0.0065006
-0.00650866
-0.00651695
-0.00652092
-0.00652498
-0.00653016
-0.00653622
-0.00654398
-0.00655234
-0.00656098
-0.00656929
-0.00657538
-0.00657988
-0.0065833
-0.00658613
-0.00658775
-0.00658811
-0.00658827
-0.00658871
-0.00658967
-0.00659123
-0.00659254
-0.00659245
-0.00659244
-0.00659279
-0.00659275
-0.0065927
-0.00660235
-0.00661327
-0.00662578
-0.00663899
-0.006651
-0.00666218
-0.00667324
-0.0066847
-0.00669681
-0.00670969
-0.00672345
-0.00673805
-0.00675259
-0.00676845
-0.00678382
-0.0068002
-0.0068171
-0.00683479
-0.00685313
-0.00687146
-0.00688868
-0.006904
-0.00691854
-0.00693326
-0.00694569
-0.00695671
-0.00696574
-0.00697469
-0.0069849
-0.00699486
-0.00700526
-0.00701598
-0.00702669
-0.00703712
-0.00704719
-0.00705713
-0.00705713
-0.00705713
-0.00705713
-0.00705713
-0.00705713
-0.00705713
-0.00705713
-0.00705713
-0.00705713
-0.00705713
-0.00705713
-0.00705713
-0.00705713
-0.00705713
-0.00705713
-0.00705713
-0.00705713
-0.00705713
-0.00705713
-0.00705713
-0.00705713
-0.00705713
-0.00705713
-0.00705713
-0.00705713
-0.00705713
-0.00705713
-0.00705713
-0.00705713
-0.00705713
-0.00705713
-0.00705713
-0.00705713
-0.00705713
-0.00705713
-0.00705713
-0.00705713
-0.00705713
-0.00705713
-0.00705713
-0.00705713
-0.00705713
-0.00705713
-0.00705713
-0.00705713
-0.00705713
-0.00705713
-0.00705713
-0.00705713
-0.00705713
-0.00705713
-0.00705713
-0.00705713
-0.00705713
-0.00705713
-0.00705713
-0.00705713
-0.00705713
-0.00705713
-0.00705713
-0.00705713
-0.00705713
-0.00705713
-0.00705713
-0.00705713
-0.00705713
-0.00705713
-0.00705713
-0.00705713
-0.00705713
-0.00705713
-0.00705713
-0.00705713
-0.00705713
-0.00705713
-0.00705713
-0.00705713
-0.00705713
-0.00705713
-0.00705713
-0.00705713
-0.00705713
-0.00705713
-0.00705713
-0.00705713
-0.00705713
-0.00705713
-0.00705713
-0.00705713
-0.00705713
-0.00705713
-0.00705713
-0.00705713
-0.00705713
-0.00705713
-0.00705713
-0.00705713
-0.00705713
-0.00705713
-0.00705713
-0.00705713
-0.00705713
-0.00705713
-0.00705713
-0.00705713
-0.00705713
-0.00705713
-0.00705713
-0.00705713
-0.00705713
-0.00705713
-0.00705713
-0.00705713
-0.00705713
-0.00705713
-0.00705713
-0.00705713
-0.00705713
-0.00705713
-0.00705713
-0.00705713
-0.00705713
-0.00705713
-0.00705713
-0.00705713
-0.00705713
-0.00705713
-0.00705713
-0.00705713
-0.00705713
-0.00705713
-0.00705713
-0.00705713
-0.00705713
-0.00705713
-0.00705713
-0.00705713
-0.00705713
-0.00705713
-0.00705713
-0.00705713
-0.00705713
-0.00705713
-0.00705713
-0.00705713
-0.00705713
-0.00705713
-0.00705713
-0.00705713
-0.00705713
-0.00705713
-0.00705713
-0.00705713
-0.00705713
-0.00705713
-0.00705713
-0.00705713
-0.00705713
-0.00705713
-0.00705713
-0.00705713
-0.00705713
-0.00705713
-0.00705713
-0.00705713
-0.00705713
-0.00705713
-0.00705713
-0.00705713
-0.00705713
-0.00705713
-0.00705713
-0.00705713
-0.00705713
-0.00705713
-0.00705713
-0.00705713
-0.00705713
-0.00705713
-0.00705713
-0.00705713
-0.00705713
-0.00705713
-0.00705713
-0.00705713
-0.00705713
-0.00705713
-0.00705713
-0.00705713
-0.00705713
-0.00705713
-0.00705713
-0.00705713
-0.00705713
-0.00705713
-0.00705713
-0.00705713
-0.00705713
-0.00705713
-0.00705713
-0.00705713
-0.00705713
-0.00705713
-0.00705713
-0.00705713
-0.00705713
-0.00705713
-0.00705713
-0.00705713
-0.00705713
-0.00705713
-0.00705713
-0.00705713
-0.00705713
-0.00705713
-0.00705713
-0.00705713
-0.00705713
-0.00705713
-0.00705713
-0.00705713
-0.00705713
-0.00705713
-0.00705713
-0.00705713
-0.0106018
-0.0533696
-0.0644675
-0.0699878
-0.0731
-0.074794
-0.074373
-0.0737263
-0.0731701
-0.0727073
-0.0722849
-0.0718327
-0.0713347
-0.0708661
-0.0704751
-0.0701942
-0.0699845
-0.0700792
-0.0700957
-0.070217
-0.0704115
-0.0705939
-0.0707618
-0.0708889
-0.0710046
-0.0710642
-0.071045
-0.0710248
-0.0706371
-0.070394
-0.0701837
-0.0699363
-0.0696194
-0.0693481
-0.069103
-0.0688455
-0.068591
-0.0683446
-0.0681145
-0.068064
-0.0681082
-0.0681997
-0.0682397
-0.0682392
-0.0681978
-0.0681578
-0.0680843
-0.0679959
-0.067849
-0.067685
-0.0675178
-0.0673738
-0.0672648
-0.0672088
-0.0671915
-0.06716
-0.0671023
-0.0670511
-0.0670171
-0.0669709
-0.0669182
-0.0668594
-0.0667684
-0.0666772
-0.066618
-0.0665918
-0.0665872
-0.0665608
-0.0658727
-0.0652401
-0.064613
-0.0640047
-0.0634227
-0.062858
-0.0622762
-0.0617048
-0.0611583
-0.0606293
-0.0600651
-0.059529
-0.0589938
-0.0584898
-0.0579997
-0.0574914
-0.0569885
-0.0565127
-0.0560623
-0.055615
-0.055161
-0.0547071
-0.054277
-0.0538427
-0.0534089
-0.0530099
-0.0526214
-0.0522604
-0.0518991
-0.0515443
-0.0515647
-0.051588
-0.0516044
-0.0516194
-0.0516261
-0.0516214
-0.05161
-0.051593
-0.0514954
-0.0514037
-0.051312
-0.0512186
-0.0511091
-0.0509894
-0.0508775
-0.0507632
-0.0506444
-0.0504564
-0.0502745
-0.0500918
-0.0499157
-0.0497527
-0.0496034
-0.0494434
-0.0492776
-0.0491185
-0.0490116
-0.0489073
-0.0488049
-0.0487026
-0.0486189
-0.0485353
-0.0484555
-0.0483898
-0.0483989
-0.0484032
-0.0484062
-0.0484085
-0.0484015
-0.0483894
-0.048366
-0.048345
-0.0483377
-0.0482084
-0.0480786
-0.0479469
-0.0478166
-0.0476956
-0.047576
-0.0474472
-0.0473125
-0.0471939
-0.0470383
-0.0468752
-0.0467148
-0.0465526
-0.0463961
-0.0462463
-0.0460986
-0.0459438
-0.0457864
-0.0456331
-0.0454771
-0.0453265
-0.0451843
-0.0450494
-0.0449101
-0.0447762
-0.0446401
-0.0444959
-0.0443166
-0.0441498
-0.0439806
-0.0438226
-0.0436797
-0.0435365
-0.0433894
-0.0432456
-0.0431793
-0.043119
-0.0430623
-0.0430015
-0.0429325
-0.0428583
-0.0427982
-0.0427475
-0.0426843
-0.0426084
-0.0425306
-0.0424675
-0.0424011
-0.0423266
-0.0422559
-0.0421958
-0.0421096
-0.0420367
-0.0419663
-0.0419033
-0.0418473
-0.0417806
-0.0417118
-0.0416494
-0.0416
-0.0415404
-0.0414822
-0.0414311
-0.0413722
-0.0413138
-0.04126
-0.0412023
-0.0411291
-0.0410651
-0.0410107
-0.0409518
-0.0408877
-0.0408239
-0.0407634
-0.0407039
-0.0406455
-0.04058
-0.0405316
-0.0404885
-0.0404432
-0.0403968
-0.0403499
-0.0402989
-0.0403242
-0.0402802
-0.040234
-0.0401816
-0.0401314
-0.04008
-0.0400242
-0.0399657
-0.0399051
-0.0398413
-0.0397711
-0.0397111
-0.0396578
-0.0396061
-0.0395581
-0.0395187
-0.0394694
-0.0394226
-0.0393674
-0.0393047
-0.0392394
-0.039173
-0.0391116
-0.0390566
-0.0390604
-0.0390665
-0.0390746
-0.0390839
-0.039103
-0.0391268
-0.0391521
-0.0391809
-0.0392085
-0.0391484
-0.0390824
-0.039017
-0.0389554
-0.0388949
-0.0388246
-0.0387458
-0.0386605
-0.0385767
-0.0384937
-0.038409
-0.0383242
-0.038234
-0.0381357
-0.0380357
-0.0379357
-0.0378268
-0.0377074
-0.0375369
-0.037367
-0.0371932
-0.0370154
-0.036836
-0.036655
-0.0364708
-0.0362785
-0.0360844
-0.0358878
-0.0357326
-0.0355735
-0.035419
-0.0352708
-0.0351276
-0.0349869
-0.0348456
-0.034712
-0.0345744
-0.034475
-0.034372
-0.0342684
-0.0341715
-0.0340777
-0.0339856
-0.0338943
-0.0338029
-0.0337064
-0.0336057
-0.0335241
-0.0334408
-0.0333591
-0.0332803
-0.0331928
-0.0331068
-0.0330271
-0.032955
-0.0328826
-0.032807
-0.0327299
-0.0326543
-0.0325816
-0.0325084
-0.0324314
-0.0323519
-0.0322753
-0.0322055
-0.0321316
-0.0320548
-0.0319769
-0.0318956
-0.0318209
-0.0317425
-0.0316647
-0.0315904
-0.0315217
-0.0314548
-0.0313896
-0.0313263
-0.0312674
-0.0312127
-0.0311549
-0.0310932
-0.0310263
-0.0309533
-0.0308995
-0.0308466
-0.0307948
-0.0307423
-0.0306903
-0.0306345
-0.0305768
-0.0305178
-0.0304594
-0.0303943
-0.0303284
-0.0302604
-0.0301918
-0.030128
-0.0300656
-0.0300031
-0.0299452
-0.029884
-0.0298308
-0.0297765
-0.029732
-0.0297029
-0.0296911
-0.0296874
-0.0296925
-0.0296935
-0.0296931
-0.0296983
-0.0297071
-0.0297216
-0.0297377
-0.0297568
-0.0297779
-0.0297989
-0.0298197
-0.0298524
-0.0298877
-0.0299203
-0.0298739
-0.0298275
-0.0297801
-0.0297318
-0.0296828
-0.0296327
-0.0295855
-0.0295427
-0.029503
-0.0294556
-0.0294329
-0.0294072
-0.0293817
-0.0293552
-0.0293303
-0.0293084
-0.0292878
-0.0292683
-0.0292522
-0.0292383
-0.0291908
-0.0291435
-0.0290998
-0.0290599
-0.0290159
-0.0289675
-0.0289189
-0.0288726
-0.0288266
-0.0288098
-0.0287953
-0.0287809
-0.0287646
-0.0287516
-0.0287394
-0.0287312
-0.028728
-0.0287237
-0.0287184
-0.0287157
-0.0287178
-0.0287226
-0.028726
-0.0287274
-0.0287311
-0.0287361
-0.0287393
-0.0287077
-0.0286803
-0.0286505
-0.0286193
-0.0285872
-0.0285595
-0.0285346
-0.0285041
-0.0284747
-0.0284503
-0.028423
-0.0283951
-0.0283662
-0.0283327
-0.0283014
-0.0282734
-0.0282456
-0.0282137
-0.0281764
-0.0281407
-0.0281098
-0.0280863
-0.028064
-0.0280428
-0.0280188
-0.0279993
-0.0279815
-0.0279795
-0.0279788
-0.0279781
-0.0279763
-0.0279756
-0.0279791
-0.0279818
-0.027984
-0.0279854
-0.0279839
-0.0279761
-0.0279628
-0.0279495
-0.0279336
-0.0279136
-0.0278868
-0.0278507
-0.0278101
-0.0277408
-0.0276651
-0.0275808
-0.027492
-0.0273954
-0.0272914
-0.0271861
-0.02708
-0.0269764
-0.0268791
-0.0267843
-0.0266873
-0.0265898
-0.0264939
-0.026401
-0.0263105
-0.0262215
-0.0261343
-0.0260582
-0.0259853
-0.0259103
-0.0258272
-0.0257438
-0.0256573
-0.0255677
-0.0254781
-0.0253851
-0.0252873
-0.0251899
-0.0250928
-0.0249938
-0.024892
-0.0247867
-0.0246777
-0.0245683
-0.0244552
-0.0243322
-0.0242103
-0.0240895
-0.0239747
-0.0238654
-0.0237597
-0.0236582
-0.0235612
-0.023489
-0.0234204
-0.0233528
-0.0232837
-0.0232188
-0.0231562
-0.0230965
-0.0230393
-0.0229805
-0.022939
-0.0228955
-0.0228499
-0.0228001
-0.0227466
-0.0226924
-0.0226138
-0.0225354
-0.0224549
-0.0223792
-0.0223086
-0.0222404
-0.0221694
-0.0221042
-0.0220437
-0.0219857
-0.0219266
-0.0218634
-0.0217976
-0.0217287
-0.0216557
-0.0215855
-0.0215119
-0.0214348
-0.0213579
-0.0212831
-0.021208
-0.0211294
-0.0210541
-0.0209802
-0.0209042
-0.0208284
-0.020751
-0.0206755
-0.0206024
-0.0205285
-0.0204503
-0.0203717
-0.0202925
-0.0202106
-0.0201294
-0.0200501
-0.0199721
-0.0198956
-0.0198312
-0.019768
-0.0197057
-0.0196467
-0.0195858
-0.0195241
-0.0194575
-0.0193912
-0.0193225
-0.019235
-0.0191487
-0.0190674
-0.0189893
-0.0189148
-0.0188462
-0.0187845
-0.0187845
-0.018727
-0.0187002
-0.0186699
-0.0186394
-0.0186087
-0.018577
-0.0185417
-0.018508
-0.0184762
-0.0184532
-0.0184319
-0.0184136
-0.0183979
-0.0183834
-0.0183709
-0.0183576
-0.0183452
-0.0183298
-0.0183008
-0.0182737
-0.0182482
-0.0182261
-0.018205
-0.0181848
-0.0181667
-0.0181503
-0.018132
-0.0181107
-0.0180862
-0.0180585
-0.0180312
-0.0180055
-0.017975
-0.0179443
-0.0179134
-0.0178826
-0.0178508
-0.0178173
-0.0177818
-0.0177456
-0.0177079
-0.017671
-0.0176334
-0.0175951
-0.0175577
-0.0175209
-0.0174673
-0.0174168
-0.0173699
-0.0173231
-0.017283
-0.0172429
-0.0172028
-0.0171642
-0.0171259
-0.0171013
-0.0170762
-0.0170523
-0.0170301
-0.0170077
-0.0169854
-0.0169606
-0.0169368
-0.0169127
-0.0168972
-0.0168815
-0.0168635
-0.0168468
-0.0168307
-0.0168131
-0.0167953
-0.0167779
-0.0167627
-0.0167518
-0.0167216
-0.0166945
-0.0166681
-0.0166441
-0.0166197
-0.0165909
-0.0165634
-0.0165382
-0.0165171
-0.0164964
-0.0164712
-0.0164422
-0.0164108
-0.0163825
-0.016355
-0.0163293
-0.0163018
-0.0162734
-0.0162428
-0.0162001
-0.0161581
-0.0161183
-0.0160796
-0.01604
-0.0159973
-0.0159527
-0.0159082
-0.0158662
-0.0158063
-0.0157503
-0.0156961
-0.0156371
-0.0155783
-0.015521
-0.0154612
-0.015401
-0.0153437
-0.0152743
-0.0152048
-0.0151327
-0.0150582
-0.014987
-0.0149169
-0.0148437
-0.0147674
-0.014692
-0.0146014
-0.0145154
-0.0144299
-0.0143417
-0.014252
-0.0141613
-0.0140698
-0.0139799
-0.0138907
-0.0138023
-0.0137138
-0.0136658
-0.0136181
-0.0135686
-0.013519
-0.0134718
-0.013424
-0.0133744
-0.013324
-0.0132748
-0.0132275
-0.0131839
-0.0131417
-0.0130999
-0.013058
-0.0130138
-0.0129687
-0.0129195
-0.012873
-0.0128288
-0.0127713
-0.0127151
-0.0126596
-0.012607
-0.012556
-0.0125047
-0.0124543
-0.0124039
-0.0124039
-0.0124039
-0.0124039
-0.0124039
-0.0124039
-0.0124039
-0.0124039
-0.0124039
-0.0124039
-0.0124039
-0.0124039
-0.0124039
-0.0124039
-0.0124039
-0.0124039
-0.0124039
-0.0124039
-0.0124039
-0.0124039
-0.0124039
-0.0124039
-0.0124039
-0.0124039
-0.0124039
-0.0124039
-0.0124039
-0.0124039
-0.0124039
-0.0124039
-0.0124039
-0.0124039
-0.0124039
-0.0124039
-0.0124039
-0.0124039
-0.0124039
-0.0123522
-0.0122126
-0.0120754
-0.0119405
-0.0118053
-0.0116719
-0.0115388
-0.0114038
-0.0112689
-0.0111356
-0.0110159
-0.0108947
-0.0107726
-0.0106529
-0.010535
-0.0104183
-0.0103023
-0.010188
-0.0100716
-0.00996431
-0.00985479
-0.00974307
-0.00963138
-0.00952024
-0.00940894
-0.00929618
-0.00918608
-0.00908587
-0.00898656
-0.00888806
-0.00878888
-0.00868753
-0.0085861
-0.00848322
-0.00837809
-0.00827225
-0.00816534
-0.00805796
-0.00794836
-0.00783875
-0.007729
-0.00761966
-0.00751222
-0.00741547
-0.00731901
-0.00722409
-0.00713062
-0.00703874
-0.00694948
-0.00686125
-0.00677296
-0.00669393
-0.00661365
-0.00653111
-0.00644667
-0.00636437
-0.00627913
-0.00619226
-0.00611263
-0.00603351
-0.00595676
-0.00588012
-0.00580487
-0.00573255
-0.00566063
-0.00558789
-0.00551332
-0.00543665
-0.00535831
-0.00528016
-0.00520169
-0.00512563
-0.00504948
-0.00497002
-0.00489201
-0.00482804
-0.00476728
-0.00470883
-0.00465274
-0.00459882
-0.00454667
-0.00450655
-0.00446829
-0.00442572
-0.00439167
-0.00435792
-0.00431901
-0.00428107
-0.00424665
-0.00421214
-0.00417613
-0.00414302
-0.00411112
-0.00408076
-0.0040523
-0.00402443
-0.00399727
-0.003968
-0.00393805
-0.00389248
-0.00385261
-0.00381384
-0.00377421
-0.0037332
-0.0036907
-0.00365057
-0.00361344
-0.00357511
-0.00353789
-0.00350181
-0.00346487
-0.00342754
-0.00339228
-0.00335701
-0.00332259
-0.00328589
-0.00324732
-0.0032069
-0.00316845
-0.00313125
-0.00309442
-0.00305779
-0.00302224
-0.0029874
-0.00293507
-0.00288273
-0.00283143
-0.00278066
-0.0027349
-0.00268868
-0.00264052
-0.00258725
-0.00253406
-0.00247996
-0.00242406
-0.00236812
-0.00231185
-0.00225557
-0.00220033
-0.00217806
-0.00215471
-0.0021301
-0.00210468
-0.00208038
-0.00205702
-0.00203214
-0.00200602
-0.00198031
-0.00190468
-0.00182978
-0.00175391
-0.00167912
-0.00160372
-0.0015283
-0.00145557
-0.00138388
-0.00131248
-0.0012479
-0.00118303
-0.00111856
-0.00105587
-0.000993686
-0.000929367
-0.000864065
-0.000800499
-0.000736961
-0.000667964
-0.000598147
-0.000528349
-0.000456861
-0.000386053
-0.00031716
-0.000249222
-0.00018095
-0.000111745
-6.00435e-05
-8.38653e-06
4.34299e-05
9.26239e-05
0.00014175
0.000196741
0.000255672
0.000313921
0.00037278
0.00047281
0.000576139
0.000678549
0.000779891
0.00088129
0.000983615
0.00108704
0.00122773
0.0013693
0.00151327
0.00165575
0.00179637
0.0019345
0.0020747
0.00221769
0.00234924
0.00248168
0.00261496
0.00274982
0.00288646
0.00302237
0.00315683
0.00329052
0.00342448
0.00348064
0.00353348
0.00358455
0.00363388
0.00368067
0.00372726
0.00377512
0.00382642
0.00382845
0.00382997
0.00383283
0.00383625
0.00384108
0.00384915
0.00385744
0.00386612
0.00387369
0.00381802
0.00376373
0.00370986
0.00365497
0.0035988
0.00354087
0.00348074
0.00342032
0.00335878
0.00329918
0.00328613
0.00327415
0.0032647
0.00325744
0.00325169
0.003245
0.00323882
0.00323288
0.00322606
0.00321678
0.00320046
0.003183
0.00316539
0.00314726
0.00312744
0.00310782
0.00308671
0.00306732
0.00304816
0.00303147
0.00301579
0.00300005
0.00298258
0.00296445
0.00294635
0.00292928
0.00291302
0.00289777
0.0028837
0.00286979
0.00285332
0.00283678
0.0028203
0.00279912
0.0027776
0.00275499
0.00273175
0.00270917
0.00268675
0.00266602
0.00264637
0.00262767
0.00260776
0.00258684
0.00256499
0.0025429
0.0025213
0.00249909
0.00244609
0.00239134
0.002336
0.00228241
0.00222836
0.00217272
0.00211835
0.00206439
0.00200865
0.00196598
0.00192408
0.00188125
0.00183558
0.00178996
0.00174546
0.00169995
0.00165241
0.00160958
0.0015684
0.00152766
0.00148265
0.00143805
0.00139672
0.0013543
0.0013104
0.00126674
0.00122236
0.00118159
0.00114021
0.00109929
0.00105851
0.00101576
0.000972476
0.000929731
0.00088861
0.000844239
0.00080123
0.000760371
0.000720253
0.000679796
0.000636768
0.000594099
0.000551571
0.000507881
0.000463477
0.000411011
0.000358182
0.000305503
0.000253826
0.000203548
0.000154402
0.000106601
5.94193e-05
1.10116e-05
-4.0101e-05
-7.78976e-05
-0.000115914
-0.000152806
-0.000190542
-0.000229542
-0.000267509
-0.000305308
-0.000343274
-0.000381632
-0.000413602
-0.000445863
-0.000477363
-0.000508093
-0.000538336
-0.000568288
-0.000598284
-0.000630655
-0.000663537
-0.000696188
-0.000729023
-0.000760114
-0.000791947
-0.000825472
-0.000860026
-0.000894941
-0.000929435
-0.00096381
-0.000997809
-0.00103039
-0.00106254
-0.00109575
-0.00113082
-0.00116576
-0.00120054
-0.00123361
-0.00126719
-0.00129451
-0.00132078
-0.00134514
-0.00136882
-0.00139188
-0.00141511
-0.00143923
-0.00146473
-0.00149185
-0.00152055
-0.00154715
-0.00157247
-0.00159755
-0.00162217
-0.00164538
-0.00166884
-0.00169291
-0.00171234
-0.00173185
-0.00175266
-0.00177471
-0.00179695
-0.00181906
-0.00184103
-0.00186301
-0.00188405
-0.00191052
-0.00193729
-0.00196329
-0.00198932
-0.0020169
-0.00204508
-0.00207271
-0.00209903
-0.00212665
-0.00215493
-0.00218335
-0.00220979
-0.00223613
-0.00226283
-0.00228914
-0.00231451
-0.00234056
-0.00236251
-0.00238517
-0.00240845
-0.00243127
-0.00245436
-0.00247635
-0.00249787
-0.00252024
-0.00254437
-0.00256848
-0.0025934
-0.00261781
-0.002641
-0.00266336
-0.00268308
-0.002703
-0.00272387
-0.00274507
-0.00276441
-0.0027821
-0.00279947
-0.00281674
-0.00283242
-0.00284731
-0.0028676
-0.00288822
-0.00290827
-0.00292782
-0.00294727
-0.00296657
-0.00298357
-0.00299954
-0.00302137
-0.00304315
-0.00306458
-0.00308599
-0.00310674
-0.00312679
-0.00314874
-0.00317209
-0.00318566
-0.00319771
-0.00320943
-0.00322326
-0.00323585
-0.00324704
-0.0032568
-0.00326539
-0.00327597
-0.00328759
-0.00329943
-0.00331118
-0.0033225
-0.00333239
-0.00334162
-0.00335304
-0.00336203
-0.00337013
-0.00337867
-0.00338722
-0.00339556
-0.00340497
-0.00341615
-0.00342721
-0.00343661
-0.00344784
-0.00346148
-0.00347491
-0.00348765
-0.00350057
-0.00351098
-0.00352137
-0.00353001
-0.00353858
-0.00354785
-0.00355666
-0.00356515
-0.00357343
-0.00357849
-0.00358409
-0.00359149
-0.00359898
-0.003605
-0.00361027
-0.00361617
-0.00362311
-0.00362944
-0.00363493
-0.00364033
-0.00364498
-0.00365086
-0.00365667
-0.00366676
-0.00367603
-0.00368489
-0.00369429
-0.00370291
-0.00371001
-0.00371669
-0.0037234
-0.003733
-0.00374275
-0.0037521
-0.00376148
-0.00377084
-0.00378115
-0.00379216
-0.00380237
-0.00381337
-0.00382385
-0.00383507
-0.00384635
-0.00385908
-0.00387291
-0.00388651
-0.00389993
-0.00391433
-0.00392512
-0.00393571
-0.0039472
-0.00395922
-0.00396877
-0.00397799
-0.003987
-0.00399465
-0.00400753
-0.0040204
-0.00403179
-0.0040423
-0.00405267
-0.00406213
-0.00407204
-0.00408343
-0.00409587
-0.00410917
-0.00411649
-0.00412255
-0.00412755
-0.00413263
-0.00413803
-0.00414376
-0.00414856
-0.00415361
-0.00415822
-0.00416436
-0.00417208
-0.00418093
-0.00419049
-0.00419987
-0.0042089
-0.00421847
-0.0042286
-0.00423774
-0.00424594
-0.00425387
-0.00426149
-0.00426822
-0.00427429
-0.00428031
-0.00428719
-0.00429474
-0.0043032
-0.00431659
-0.00433066
-0.00434423
-0.00435695
-0.00436807
-0.00437906
-0.00439051
-0.00440172
-0.00440172
-0.00441226
-0.00440793
-0.00440333
-0.00439916
-0.00439422
-0.00438929
-0.00438423
-0.00437817
-0.00437082
-0.00436673
-0.00436374
-0.00436152
-0.00435839
-0.00435289
-0.00434821
-0.00434405
-0.00434041
-0.00433755
-0.0043369
-0.00433572
-0.0043333
-0.00433193
-0.00433032
-0.00432726
-0.00432489
-0.00432303
-0.00432805
-0.00433234
-0.00433683
-0.00434254
-0.00434971
-0.00435773
-0.00436534
-0.0043731
-0.00438114
-0.00438929
-0.00439722
-0.00440496
-0.00441241
-0.00441908
-0.00442358
-0.00442869
-0.00443483
-0.00444091
-0.00444726
-0.00445407
-0.00446184
-0.00447095
-0.00448106
-0.00449108
-0.0044958
-0.00449931
-0.00450289
-0.00450712
-0.00451171
-0.00451574
-0.00451865
-0.00452069
-0.00452286
-0.00452877
-0.00453358
-0.00453642
-0.00453854
-0.00454301
-0.00454834
-0.00455325
-0.00455605
-0.00455852
-0.00455026
-0.00454095
-0.0045315
-0.0045224
-0.00451508
-0.00450915
-0.004504
-0.00449707
-0.00448608
-0.00447534
-0.00446512
-0.00445609
-0.00444811
-0.00444059
-0.004434
-0.00442783
-0.00442626
-0.00442294
-0.00441725
-0.00441119
-0.00440471
-0.00439728
-0.00439143
-0.00438554
-0.0043755
-0.00436521
-0.00435523
-0.00434614
-0.00433815
-0.00433109
-0.00432494
-0.00431832
-0.00430921
-0.00429897
-0.00428907
-0.00427833
-0.00426679
-0.00425568
-0.0042432
-0.00423094
-0.00422206
-0.00421281
-0.00420389
-0.00419433
-0.00418444
-0.00417553
-0.00416714
-0.00415892
-0.00415143
-0.00414482
-0.00413988
-0.00413513
-0.00412939
-0.00412388
-0.00411892
-0.00411406
-0.00410811
-0.00410147
-0.00409426
-0.00408569
-0.00407641
-0.00406534
-0.00405519
-0.00404539
-0.00403049
-0.00401502
-0.00399938
-0.00398485
-0.00397135
-0.00395739
-0.00394232
-0.00392567
-0.00390845
-0.00389129
-0.00387411
-0.00385561
-0.00383711
-0.00381893
-0.00380078
-0.00378369
-0.0037638
-0.00374356
-0.00372288
-0.0037012
-0.0036791
-0.00365663
-0.00363299
-0.00360809
-0.00359705
-0.00358531
-0.00357368
-0.00356122
-0.00354942
-0.00353581
-0.00352189
-0.00350829
-0.00349496
-0.00348524
-0.00347581
-0.00346642
-0.0034571
-0.00344737
-0.00343736
-0.00342761
-0.00341787
-0.00340954
-0.00340444
-0.00340028
-0.00339737
-0.00339651
-0.00339533
-0.00339337
-0.00339107
-0.00338796
-0.00338375
-0.00337973
-0.00337479
-0.00336948
-0.00336486
-0.00336022
-0.0033554
-0.0033498
-0.00334422
-0.00333874
-0.0033346
-0.00333137
-0.00332978
-0.00332949
-0.00333127
-0.00333465
-0.00333848
-0.00334202
-0.0033415
-0.0033396
-0.003337
-0.00333347
-0.00332893
-0.00332485
-0.00332049
-0.00331684
-0.00331213
-0.0033087
-0.00330701
-0.00330488
-0.00330353
-0.00330142
-0.00330086
-0.00330136
-0.00330187
-0.00330398
-0.00330733
-0.00331194
-0.0033171
-0.00331967
-0.00332219
-0.00332412
-0.00332887
-0.0033325
-0.0033359
-0.0033389
-0.00334148
-0.00334362
-0.00334574
-0.00334921
-0.00335327
-0.00335714
-0.00334819
-0.00333782
-0.00332816
-0.00331869
-0.00331018
-0.00330202
-0.00329453
-0.00328736
-0.00328149
-0.0032633
-0.00324355
-0.00322243
-0.00320123
-0.00318022
-0.00315935
-0.00313803
-0.00312799
-0.00311826
-0.00310734
