0
0
0
0
0
0
0
0
0
0
0
0
0
0
0
0
0
0
0
0
0
0
0
0
0
0
0
0
0
0
0
0
0
0
0
0
0
0
0
0
0
0
0
0
0
0
0
0
0
0
0
0
0
0
0
0
0
0
0
0
0
0
0
0
0
0
0
0
0
0
0
0
0
0
0
0
0
0
0
0
0
0
0
0
0
0
0
0
0
0
0
0
0
0
0
0
0
0
0
0
0
0
0
0
0
0
0
0
0
0
0
0
0
0
0
0
0
0
0
0
0
0
0
0
0
0
0
0
0
0
0
0
0
0
0
0
0
0
0
0
0
0
0
0
0
0
0
0
0
0
0
0
0
0
0
0
0
0
0
0
0
0
0
0
0
0
0
0
0
0
0
0
0
0
0
0
0
0
0
0
0
0
0
0
0
0
0
0
0
0
0
0
0
0
0
0
0
0
0
0
0
0
0
0
0
0
0
0
0
0
0
0
0
0
0
0
0
0
0
0
0
0
0
0
0
0
0
0
0
0
0
0
0
0
0
0.0492442
0.0479843
0.0484998
0.0481905
0.0485627
0.0479018
0.0503403
0.0498237
0.0206625
0.0215858
0.0221393
0.0209294
0.0193711
0.017546
0.0159059
0.0122921
0.0122918
0.013214
0.0141771
0.0144227
0.0175992
0.0183576
0.018624
-0.0226341
-0.0216085
-0.0192501
-0.0192911
-0.0191886
-0.0179172
-0.0170972
-0.0183272
-0.0185937
-0.0372146
-0.0380596
-0.0385953
-0.0403465
-0.0406354
-0.0407382
-0.041995
-0.0420576
-0.0427992
-0.0485449
-0.0489774
-0.0497425
-0.0480074
-0.0466864
-0.0469542
-0.0488548
-0.049102
-0.0495561
-0.0595501
-0.0607325
-0.0616646
-0.0583473
-0.0573329
-0.0557988
-0.0512439
-0.046298
-0.0438991
-0.0418111
-0.035607
-0.0325188
-0.0305424
-0.0301921
-0.030007
-0.0294299
-0.0264873
-0.0260966
-0.0255614
-0.0190618
-0.0194708
-0.0197773
-0.0179586
-0.0177331
-0.017284
-0.0157102
-0.0142799
-0.0131356
-0.0144486
-0.0133246
-0.0121184
-0.0103405
-0.00997262
-0.011587
-0.0095024
-0.00519045
-0.00420958
-0.00382124
-0.00143202
-0.00128882
0.000306861
0.00153431
0.0012479
0.00161614
0.00335502
0.00407103
0.00263901
0.000736452
-0.000470521
-0.00399492
-0.0030935
-0.0018028
-0.00147502
-0.00241744
-0.00208961
-0.000409735
-0.00229452
-0.0147564
-0.0151856
-0.0165348
-0.0143473
-0.0143678
-0.0156969
-0.0168826
-0.0165962
-0.0146542
0.00446074
0.00560139
0.00523475
0.00602913
0.00592716
0.00672166
0.010653
0.0108366
0.0108977
0.0180497
0.0165432
0.0170319
0.0190065
0.0207778
0.0195153
0.0200855
0.0211034
0.0218157
0.00872123
0.00841469
0.00855783
0.00655624
0.00618847
0.00839444
0.00923184
0.0105801
0.00984457
0.0127279
0.0133399
0.0143603
0.0137277
0.0127687
0.0111367
0.010443
0.0113407
0.0115855
0.00263653
-0.000122627
-0.0030861
-0.0030861
-0.00510955
-0.00427158
-0.00269784
-6.11908e-05
-0.00181529
-0.00564995
-0.00677192
-0.00720026
-0.00664953
-0.00930832
-0.00930832
-0.0100246
-0.0106383
-0.0112523
-0.0113953
-0.0117635
-0.0121115
-0.00994759
-0.0100092
-0.0113249
-0.0124556
-0.0129694
-0.0121059
-0.0127636
-0.00657908
-0.0055511
-0.00421464
-0.00674356
-0.0101155
-0.0106914
-0.0128711
-0.0148042
-0.0164494
-0.0215043
-0.0202692
-0.0189724
-0.0196312
-0.0216072
-0.0233779
-0.0238311
-0.0244078
-0.0174724
-0.0172045
-0.0150224
-0.0148578
-0.0131704
-0.0129437
-0.013726
-0.0145288
-0.0144256
-0.00723565
-0.0091679
-0.0108948
-0.00970255
-0.00892141
-0.0101959
-0.0105865
-0.0113882
-0.0109359
-0.0125398
-0.0114295
-0.0103801
-0.00852997
-0.00850941
-0.00852997
-0.00797501
-0.00877662
-0.0106062
-0.0120866
-0.0186931
-0.0229583
-0.0235328
-0.0247017
-0.0270819
-0.027882
-0.0292773
-0.0307547
-0.0291947
-0.0291947
-0.0291947
-0.0291947
-0.0291947
-0.0291947
-0.0291947
-0.0291947
-0.0291947
-0.0291947
-0.0317214
-0.0316807
-0.0316807
-0.0316807
-0.0317622
-0.0325369
-0.0319674
-0.0344982
-0.0361716
-0.0190558
-0.0206472
-0.0204032
-0.0203207
-0.0216682
-0.0232198
-0.0246888
-0.0259549
-0.00878232
-0.00792419
-0.00753615
-0.00786292
-0.00702557
-0.00755657
-0.00890487
-0.00849604
-0.0087619
0.00403094
0.00497238
0.00482894
0.00499263
0.00581134
0.00667076
0.00761172
0.00695723
0.00558602
-0.00173689
-0.00506764
-0.00445462
-0.00547632
-0.00586456
-0.00613021
-0.00725408
-0.00843959
-0.0109919
-0.0113794
-0.0135008
-0.0126239
-0.0149284
-0.0180706
-0.0184165
-0.0206821
-0.0210093
-0.0238037
-0.0242521
-0.0234155
-0.0231506
-0.0234369
-0.025108
-0.0271482
-0.0284334
-0.0293506
-0.0397906
-0.0394226
-0.0403648
-0.0400581
-0.0395044
-0.0376406
-0.0374361
-0.0175546
-0.0165726
-0.0152011
-0.0140349
-0.0136457
-0.0115589
-0.00969682
-0.0092263
-0.00654498
-0.00998089
-0.0110781
-0.0113835
-0.0132339
-0.0129086
-0.0129487
-0.0129894
-0.0113017
-0.0106788
-0.0116925
-0.0102736
-0.00944237
-0.00840932
-0.00816583
-0.00798379
-0.00798347
-0.00810504
-0.0123384
-0.0128252
-0.0142029
-0.015946
-0.017648
-0.0196555
-0.0210537
-0.0210132
-0.0194521
-0.0185403
-0.0167038
-0.0147601
-0.0137669
-0.0140104
-0.0146785
-0.014719
-0.0147595
-0.0148607
-0.0153264
-0.0158746
-0.0160774
-0.015428
-0.0155908
-0.0125492
-0.00997405
-0.00723698
-0.00644664
-0.00354754
-4.06009e-05
0.000263906
0.00176614
0.00270007
0.00237515
0.00306537
0.0047911
0.00513601
0.00724755
0.00408022
0.00298404
0.00192846
0.00117738
0.000142097
-0.000852584
-4.05992e-05
0.00136007
-0.0106012
-0.00940528
-0.00697288
-0.00737798
-0.00833097
-0.0107026
-0.0119796
-0.012385
-0.012385
-0.010965
-0.00977139
-0.00875951
-0.0076671
-0.00742434
-0.00641285
-0.00843583
-0.00989278
-0.0112887
-0.00685902
-0.00590806
-0.00665668
-0.00586759
-0.0058069
-0.00554387
-0.0050785
-0.00617134
-0.0036523
-0.00389579
-0.00464654
-0.00618887
-0.0047277
-0.00312475
-0.00233341
0.000649298
0.000527555
-0.00101729
0.000813835
0.000732452
0.000162767
-0.000935911
-0.000976602
0.000915565
0.00191251
0.0035448
0.00450212
0.00655992
0.00741556
0.00704885
0.00967729
0.0102066
0.010777
0.00808785
-0.00964355
-0.00905318
-0.0101522
-0.00980592
-0.0079139
-0.00854457
-0.0102336
-0.012146
-0.0104574
-0.00435154
-0.00374151
-0.00209443
-0.00111839
-0.00209443
-0.0034365
-0.00534814
-0.006934
-0.00801497
-0.00878799
-0.010009
-0.010009
-0.0105379
-0.013122
-0.0152582
-0.0163981
-0.0165609
-0.0171216
-0.0173254
-0.0217948
-0.0246811
-0.0283004
-0.0319802
-0.0340553
-0.0367608
-0.0354427
-0.0348733
-0.0359307
-0.0381518
-0.0381518
-0.0381518
-0.0381518
-0.0381518
-0.0381518
-0.0381518
-0.0381518
-0.0381518
-0.038095
-0.0402769
-0.0410116
-0.0420723
-0.0420315
-0.0435013
-0.0426238
-0.0460711
-0.0462341
-0.0473704
-0.0463484
-0.0465932
-0.0467156
-0.0481271
-0.0481883
-0.0477988
-0.0471867
-0.0456122
-0.0375905
-0.0377964
-0.0374882
-0.0368326
-0.0369977
-0.0386141
-0.0390449
-0.0386754
-0.0530458
-0.0548309
-0.0564711
-0.0577639
-0.059982
-0.0619708
-0.0634512
-0.0646606
-0.064561
-0.065832
-0.0488394
-0.0473208
-0.044902
-0.0439365
-0.041046
-0.0419497
-0.0402668
-0.0413546
-0.0403077
-0.030588
-0.0305459
-0.0309957
-0.0298507
-0.0281117
-0.0271292
-0.0248998
-0.0249612
-0.0250225
-0.0207108
-0.0217525
-0.0221405
-0.0228962
-0.0231637
-0.0237784
-0.0231005
-0.0257987
-0.0257374
-0.0348411
-0.0326149
-0.0326379
-0.033514
-0.0332084
-0.0348818
-0.0340233
-0.0333102
-0.0322482
-0.0259378
-0.0243917
-0.0223759
-0.0214199
-0.0190399
-0.0174111
-0.0161907
-0.0141974
-0.0138098
-0.00499796
-0.00414117
-0.00191774
-0.00128519
0.00104039
0.00224417
0.00265198
0.00261118
0.00336597
0.00193846
0.00220372
0.00271384
0.00189765
0.0042034
0.0038157
0.00763203
0.00767222
0.00791707
-0.000286041
-0.000306473
0.000429062
0.002983
0.00286041
0.00232919
0.00243135
0.00273782
0.00204315
0.00559595
0.00663699
0.00812842
0.0106822
0.0115799
0.01154
0.017116
0.0176076
0.0178922
0.020063
0.0188973
0.0205555
0.02121
0.023155
0.0235027
0.022744
0.021314
0.0224131
0.0231902
0.0230061
0.0238037
0.0251554
0.0255236
0.0271005
0.0287982
0.0289209
0.00707759
0.00424213
0.00448687
0.00801517
0.00760728
0.00656714
0.00799478
0.00972834
0.0099331
0.0099331
0.0099331
0.0099331
0.0099331
0.0099331
0.0099331
0.0099331
0.0099331
0.0099331
0.0099331
-0.00095684
-0.00177117
-0.00276873
-0.00317564
-0.00274837
-0.00390879
-0.002443
-0.00401059
-0.00417345
-0.00523208
-0.0062979
-0.00713354
-0.00843796
-0.00843796
-0.00921246
-0.00923284
-0.00821309
-0.00821376
-0.0111478
-0.0109245
-0.011372
-0.0129219
-0.0145728
-0.0140225
-0.0140021
-0.0150823
-0.01549
-0.0165294
-0.0163473
-0.0106521
-0.0120151
-0.0133772
-0.0146174
-0.0148207
-0.0198235
-0.0198235
-0.0197342
-0.018596
-0.0190228
-0.0186773
-0.0184741
-0.0192058
-0.01947
-0.0197342
-0.0197342
-0.0209739
-0.0293685
-0.0302238
-0.0310636
-0.0323325
-0.0298791
-0.0294478
-0.0292256
-0.0291211
-0.0276099
0.0084718
0.0100876
0.0102521
0.00802095
0.00720249
0.00656872
0.00577065
0.00476756
-0.011933
-0.0106466
-0.00993053
-0.0104005
-0.0117082
-0.011933
-0.0108092
-0.00854107
-0.00659992
0.0220191
0.021588
0.0212405
0.0223463
0.0229596
0.0222218
0.0217738
0.0219969
-0.00876549
-0.00766471
-0.00672701
-0.005932
-0.00666585
-0.00792971
-0.00874511
-0.0092955
0.0226288
0.0236509
0.0217889
0.0216885
0.0219951
0.0200924
0.0171899
0.017844
0.00940663
0.00748857
0.00520281
0.00330558
0.00218314
0.00224435
0.00283604
0.00138753
0.000387692
0.00482924
0.00462586
0.00529834
0.00489037
0.00603146
0.00515527
0.00442207
0.00550212
0.00737692
0.0153414
0.0169502
0.0188833
0.0199023
0.0212251
0.0223647
0.021917
0.0225293
0.0221392
0.0242186
0.0263222
0.0271792
0.0289568
0.0295486
0.0304286
0.0315918
0.0444804
0.0436404
0.0421823
0.0423017
0.0431896
0.0444189
0.0431487
0.0458364
0.0374395
0.0366604
0.0358168
0.0358783
0.0361888
0.0374805
0.0376651
0.0374979
0.0376035
0.0376035
0.0376035
0.0376035
0.0376035
0.0376035
0.0376035
0.0376035
0.0376035
0.00982916
0.0117714
0.0119145
0.0126298
0.0132837
0.0139786
0.0123437
0.0119953
0.0202857
0.0208997
0.0193281
0.0186327
0.0204711
0.0216548
0.0221651
0.023308
0.0245754
0.0297391
0.0270871
0.0284526
0.0296959
0.0274766
0.0246597
0.0247616
0.0264531
0.0165513
0.0135168
0.0131097
0.0115626
0.0102394
0.00808093
0.00751099
0.0069207
0.00537416
0.00589027
0.00387249
0.00281265
0.00317952
0.00234388
0.00277189
0.00466737
0.00633866
0.00780613
0.0144635
0.0151979
0.0142595
0.0136883
0.0145247
0.0153011
0.0150551
0.0169115
0.0171155
0.0293444
0.0307588
0.0296513
0.0291806
0.0293853
0.0294876
0.0282598
0.0276254
0.02871
0.0317013
0.0331932
0.0343589
0.0372796
0.0385039
0.0360728
0.0357055
0.0342569
0.0342977
0.0302593
0.0306048
0.0313389
0.0327819
0.0332724
0.0337602
0.0336964
0.0331071
0.0349593
0.0380201
0.0371076
0.0350162
0.0344079
0.0343877
0.0341849
0.0327427
0.0322967
0.0322561
0.0372509
0.0371696
0.0370882
0.0380033
0.0398365
0.0433005
0.0433005
0.0447889
0.045216
0.0464402
0.0428016
0.0423152
0.0414235
0.0426226
0.0402651
0.0387452
0.0388029
0.0403056
0.0422544
0.0525246
0.0519919
0.0536673
0.0529921
0.0514228
0.0526262
0.0545211
0.0549886
0.0572747
0.0643295
0.0665072
0.0652752
0.0631387
0.062827
0.0654592
0.0647588
0.0625204
0.061003
0.0604512
0.0656171
0.0671785
0.0665029
0.0655147
0.0677369
0.066421
0.0650643
0.0651204
0.066769
0.0683922
0.0692169
0.0215124
0.0226958
0.0208401
0.0192104
0.0193922
0.0201271
0.020229
0.0218791
0.0225532
0.0221367
0.021261
0.0227902
0.022831
0.0209148
0.0182455
0.0171662
0.0169015
0.0172681
0.0163517
0.015088
0.0163631
0.0153874
0.0135377
0.0160379
0.0173605
0.0155704
0.0128872
0.0127856
0.0117692
-0.0568451
-0.0549199
-0.0542661
-0.0543025
-0.0536283
-0.0528885
-0.0534649
-0.0538983
-0.0534445
-0.0433761
-0.0440095
-0.0438629
-0.0431887
-0.0455418
-0.048635
-0.0498242
-0.0481854
-0.0474702
-0.0491294
-0.051095
-0.0520186
-0.0534123
-0.0532489
-0.0512014
-0.0513648
-0.0527585
-0.0547245
-0.0538414
-0.0528768
-0.0534941
-0.0480384
-0.0480384
-0.0482427
-0.0467064
-0.0464204
-0.0330015
-0.0322265
-0.0307758
-0.0293254
-0.0284281
-0.0284689
-0.0307146
-0.0308574
-0.0297944
-0.028061
-0.0264405
-0.0278731
-0.0283023
-0.0265631
-0.0272601
-0.0294671
-0.0310431
-0.0311044
-0.0278323
-0.0273623
-0.0253017
-0.0229418
-0.0227776
-0.0243988
-0.0255089
-0.025981
-0.0251601
-0.0231246
-0.0221807
-0.0207819
-0.0206552
-0.0220564
-0.0202236
-0.0202442
-0.0187027
-0.0202236
-0.0198537
-0.0159281
-0.00127028
-0.0032377
-0.0029918
-0.00245902
-0.00241803
-0.00315522
-0.00237666
-0.00139321
-0.000819672
0.00607909
0.00579253
0.00673408
0.0070411
0.0044409
0.0039702
0.00466601
0.00687735
-0.00407787
-0.00520492
-0.00581967
-0.00446648
-0.0021308
-0.00157761
-0.00270492
-0.0046099
-0.00274096
-0.00237277
-0.00173867
-0.00286369
-0.0016773
-0.000184094
-8.18197e-05
0.000163639
0.00206595
0.00265914
-0.00226494
-0.00342745
-0.00293782
-0.00153011
-0.00144851
-0.00218296
-0.00281541
-0.00344842
-0.00283581
0.00312551
0.00113094
-0.000822639
-0.00100773
0.000719691
0.00145994
-0.000514065
-0.00209738
-0.00332041
-0.00061871
0.00179426
0.00317604
0.00307242
0.00084557
-0.000247484
0.000474344
0.00115492
0.00208299
0.00371938
0.00324675
0.00489068
0.00468519
0.00530166
0.00649351
0.00569209
0.00402762
0.0033084
-0.0039715
-0.00356149
-0.00184215
-0.00151466
-0.0012281
-0.00253807
-0.00347961
-0.000654986
6.14049e-05
-0.00811927
-0.0111257
-0.0107593
-0.00799656
-0.00856921
-0.00873282
-0.00873282
-0.00703534
-0.00625818
-0.0153972
-0.0150671
-0.014353
-0.0156224
-0.0172781
-0.016234
-0.014312
-0.0139025
-0.0158041
-0.0369724
-0.0361923
-0.0378408
-0.0392781
-0.0388674
-0.0379578
-0.0390869
-0.0395861
-0.040565
-0.040565
-0.0209528
-0.023513
-0.0241684
-0.0256022
-0.0250123
-0.0235335
-0.0223865
-0.0224033
-0.0181762
-0.018832
-0.0166571
-0.0172951
-0.0184836
-0.0191189
-0.0188903
-0.0188115
-0.019505
-0.0196894
0.0097509
0.00917732
0.00999672
0.0103859
0.00927974
0.00612504
0.00450672
0.00483448
0.00649377
0.007089
-2.05221e-05
-0.00143655
-0.00131341
-0.000738916
-0.00574618
-0.00621921
-0.00630131
-0.00521346
-0.0055624
-0.00749179
-0.0102456
-0.0108839
-0.0123829
-0.0120749
-0.0107401
-0.0115205
-0.0129785
-0.0100671
-0.011172
-0.0094328
-0.00986088
-0.0110493
-0.0103331
-0.010415
-0.0113153
-0.0142413
-0.00739017
-0.00814685
-0.0101258
-0.0128226
-0.0164366
-0.0177463
-0.0183793
-0.0186009
-0.0174808
-0.0201969
-0.0233009
-0.0174617
-0.0179705
-0.0176246
-0.0165256
-0.016238
-0.0155665
-0.0165839
-0.0168484
-0.015915
-0.0174838
-0.0196515
-0.0198339
-0.0190235
-0.0179121
-0.016248
-0.0155794
-0.0166329
-0.0177269
-0.0115166
-0.0132176
-0.0147607
-0.0150827
-0.014558
-0.0133393
-0.0109489
-0.00810898
-0.0098893
-0.0093806
-0.00752889
-0.00553476
-0.00392723
-0.00219798
-0.00160752
-0.00012209
0.00236041
0.00406967
0.00506015
0.0072346
0.00546659
0.00465372
0.000873842
0.000182867
-0.000528369
-0.00221473
-0.00308893
-0.00211382
-0.00191057
-0.00392276
-0.00707317
-0.00957317
-0.0115466
-0.0138415
-0.0150431
-0.0148577
-0.0366868
-0.0345875
-0.0334053
-0.0330942
-0.0325644
-0.0333442
-0.0333646
-0.0346282
-0.0347098
-0.0183541
-0.0165303
-0.016653
-0.0169831
-0.0164894
-0.0162234
-0.0163052
-0.0168167
-0.0178221
-0.0169831
-0.0105203
-0.0128853
-0.01313
-0.0133135
-0.0121717
-0.0124776
-0.0127018
-0.012131
-0.00750244
-0.00803107
-0.00807173
-0.00969828
-0.0113045
-0.013297
-0.0140899
-0.0125651
-0.013602
-0.0191933
-0.0191324
-0.0188687
-0.0176716
-0.0161297
-0.014608
-0.0147906
-0.0155413
-0.0162691
-0.0162691
-0.0184989
-0.018072
-0.01547
-0.0149415
-0.0162018
-0.0164661
-0.0149008
-0.0133762
-0.011687
-0.00367707
-0.000365675
-0.000406306
-0.00101576
-0.00081248
-0
0.00030468
0.000406306
0.00235657
-0.00419791
-0.00464623
-0.00607271
-0.00866074
-0.0102502
-0.0102095
-0.0103725
-0.00939436
-0.0107801
-0.0147694
-0.0151157
-0.0145477
-0.0135086
-0.0123655
-0.0118563
-0.0129563
-0.0118155
-0.0114692
-0.0168732
-0.016774
-0.0173447
-0.0171001
-0.017039
-0.0177116
-0.0194848
-0.0205242
-0.0181485
-0.020456
-0.0219617
-0.0230054
-0.0220636
-0.0227606
-0.0239232
-0.0224918
-0.0203545
-0.0175224
-0.0168297
-0.015546
-0.0133026
-0.0122433
-0.0117951
-0.0111229
-0.0105932
-0.00900882
-0.00749714
-0.00310458
-0.00404478
-0.00218546
-0.003125
-0.00451463
-0.0037234
-0.00644435
-0.00691489
-0.00638298
-0.00552373
-0.0059329
-0.00707856
-0.00918576
-0.0181195
-0.0184694
-0.0178367
-0.0164259
-0.0188163
-0.0190581
-0.0207551
-0.0212449
-0.0217959
-0.0195835
-0.0192778
-0.0183608
-0.01724
-0.0179328
-0.0183404
-0.0197293
-0.0210915
-0.0241278
-0.0245598
-0.0338487
-0.0355021
-0.0375163
-0.0359439
-0.0348714
-0.0329129
-0.0327095
-0.033157
-0.0341538
-0.034642
-0.0221441
-0.0213066
-0.0210819
-0.0205916
-0.0182394
-0.0174661
-0.0162582
-0.0162404
-0.0106426
-0.00778829
-0.00619801
-0.00513699
-0.00413813
-0.00528054
-0.00654354
-0.00872472
-0.0115397
-0.0176473
-0.0186062
-0.0202179
-0.0198711
-0.0189938
-0.0184226
-0.0170325
-0.0161988
-0.0146051
-0.0144419
-0.0141382
-0.0141382
-0.0141382
-0.0141382
-0.0141382
-0.0141382
-0.0141382
-0.0141382
-0.0141382
-0.0141382
-0.00991934
-0.0103454
-0.0107323
-0.0109989
-0.0127709
-0.0137689
-0.0126283
-0.0113636
-0.0123839
-0.0123839
-0.0123839
-0.0123839
-0.0123839
-0.0123839
-0.0123839
-0.0123839
-0.0123839
-0.0123839
-0.0123839
-0.0123839
-0.0123839
-0.0123839
-0.0123839
-0.0123839
-0.0123839
-0.0123839
-0.0123839
-0.0123839
-0.00953287
-0.00969636
-0.00989718
-0.0104841
-0.011498
-0.0134008
-0.0144534
-0.0144534
-0.00345594
-0.00513339
-0.00737672
-0.0101859
-0.0103274
-0.0100849
-0.00889248
-0.00800323
-0.00899353
-0.00704311
-0.00518647
-0.00565063
-0.00587262
-0.00272441
-0.00240152
-0.00411689
-0.00472231
-0.00476267
0.00123322
0.00244583
0.00299159
0.00333576
0.00422461
0.00274903
0.00214263
0.00196071
0.000667152
0.00192028
-0.0106413
-0.010094
-0.0112089
-0.0115332
-0.0121412
-0.0134993
-0.0112089
-0.0118372
-0.0139769
-0.013083
-0.0137941
-0.0124939
-0.0115391
-0.0116
-0.0102389
-0.00839022
-0.00833333
-0.00605134
-0.00580685
-0.00641809
-0.00635697
-0.00680633
-0.00556325
-0.0043806
-0.00169112
-0.00122249
-0.00154874
-0.000203749
0.000162999
0.000550122
-0.00250652
-0.00305673
-0.00537985
-0.0107009
-0.0117647
-0.0135395
-0.0145833
-0.0147467
-0.014951
-0.0167892
-0.0168505
-0.015482
-0.0126613
0.00659507
0.00659507
0.00886148
0.00947403
0.00289041
0.00109917
0.00130272
0.00227976
0.00319573
0.00476307
0.00716496
0.00553656
0.00380638
0.00329751
0.00368425
-0.026074
-0.0274012
-0.0293049
-0.0306935
-0.0291367
-0.0301168
-0.0288509
-0.0309335
-0.0270336
-0.0243141
-0.00650147
-0.00699329
-0.0091608
-0.0109807
-0.0118804
-0.0129621
-0.010858
-0.00850507
-0.00828153
-0.0097947
-0.0118415
-0.0102888
-0.0089388
-0.0102258
-0.00983881
-0.00977745
-0.011107
-0.0103502
-0.0100638
-0.0157479
-0.0155405
-0.0161984
-0.0166694
-0.0163213
-0.0178367
-0.0188842
-0.0192497
-0.0126207
-0.0127639
-0.0145049
-0.0158756
-0.0184912
-0.0194526
-0.0198854
-0.0194117
-0.0159843
-0.0135378
-0.011864
-0.0109688
-0.00909313
-0.00715626
-0.00682893
-0.0072691
-0.00808356
-0.0090202
-0.00863333
-0.00645358
-0.00657573
-0.00712657
-0.00653608
-0.00651466
-0.0216612
-0.0236767
-0.0261808
-0.0273049
-0.0254437
-0.0241614
-0.0240189
-0.0246539
-0.025688
-0.026934
-0.0283388
-0.0296872
-0.0296262
-0.0317438
-0.0309904
-0.0326193
-0.0334541
-0.034763
-0.0358016
-0.0358423
-0.0341057
-0.0311533
-0.0299267
-0.0302574
-0.026649
-0.02443
-0.0212913
-0.0211895
-0.0232085
-0.022842
-0.0235507
-0.02408
-0.02408
-0.0236767
-0.0231067
-0.0229235
-0.0242224
-0.0242224
-0.0242224
-0.0242224
-0.0242224
-0.0242224
-0.0242224
-0.0242224
-0.0242224
-0.0242224
-0.0242224
-0.0242224
-0.0242224
-0.0242224
-0.0242224
-0.0242224
-0.0242224
-0.0242224
-0.0242224
-0.0242224
-0.0242224
-0.0242224
-0.0242224
-0.0242224
-0.0242224
-0.0242224
-0.0242224
-0.0242224
-0.0242224
-0.0242224
-0.0242224
-0.0242224
-0.0242224
-0.0242224
-0.0242224
-0.0242224
-0.0242224
-0.0242224
-0.0242224
-0.0242224
-0.0242224
-0.0242224
-0.0242224
-0.0242224
-0.0242224
-0.0242224
-0.0242224
-0.0242224
-0.0242224
-0.0242224
-0.0242224
-0.0242224
-0.0242224
-0.0242224
-0.0242224
-0.0242224
-0.0242224
-0.0242224
-0.0242224
-0.0242224
-0.0242224
-0.0242224
-0.0242224
-0.0242224
-0.0242224
-0.0242224
-0.0242224
-0.0242224
-0.0242224
-0.0242224
-0.0242224
-0.0242224
-0.0242224
-0.0242224
-0.0242224
-0.0242224
-0.0242224
-0.0242224
-0.0242224
-0.0242224
-0.0242224
-0.0242224
-0.0242224
-0.0242224
-0.0242224
-0.0242224
-0.0242224
-0.0242224
-0.0242224
-0.0242224
-0.0242224
-0.0242224
-0.0242224
-0.0242224
-0.0242224
-0.0242224
-0.0242224
-0.0242224
-0.0242224
-0.0242224
-0.0242224
-0.0242224
-0.0242224
-0.0242224
-0.0242224
-0.0242224
-0.0242224
-0.0242224
-0.0242224
-0.0242224
-0.0242224
-0.0242224
-0.0242224
-0.0242224
-0.0242224
-0.0242224
-0.0242224
-0.0242224
-0.0242224
-0.0242224
-0.0242224
-0.0242224
-0.0242224
-0.0242224
-0.0242224
-0.0242224
-0.0242224
-0.0242224
-0.0242224
-0.0242224
-0.0242224
-0.0242224
-0.0242224
-0.0242224
-0.0242224
-0.0242224
-0.0242224
-0.0242224
-0.0242224
-0.0242224
-0.0242224
-0.0242224
-0.0242224
-0.0242224
-0.0242224
-0.0242224
-0.0242224
-0.0242224
-0.0242224
-0.0242224
-0.0242224
-0.0242224
-0.0242224
-0.0242224
-0.0242224
-0.0242224
-0.0242224
-0.0242224
-0.0242224
-0.0242224
-0.0242224
-0.0242224
-0.0242224
-0.0242224
-0.0242224
-0.0242224
-0.0242224
-0.0242224
-0.0242224
-0.0242224
-0.0242224
-0.0242224
-0.0242224
-0.0242224
-0.0242224
-0.0242224
-0.0242224
-0.0242224
-0.0242224
-0.0242224
-0.0242224
-0.0242224
-0.0242224
-0.0242224
-0.0242224
-0.0242224
-0.0242224
-0.0242224
-0.0242224
-0.0242224
-0.0242224
-0.0242224
-0.0242224
-0.0242224
-0.0242224
-0.0242224
-0.0242224
-0.0242224
-0.0242224
-0.0242224
-0.0242224
-0.0242224
-0.0242224
-0.0242224
-0.0242224
-0.0242224
-0.0242224
-0.0242224
-0.0242224
-0.0242224
-0.0242224
-0.0242224
-0.0242224
-0.0242224
-0.0242224
-0.0242224
-0.0242224
-0.0242224
-0.0242224
-0.0242224
-0.0242224
-0.0242224
-0.0242224
-0.0242224
-0.0242224
-0.0242224
-0.0818814
-0.082964
-0.0847087
-0.0845115
-0.0826994
-0.0719873
-0.0694151
-0.0689057
-0.0686962
-0.0682013
-0.0670094
-0.0655252
-0.0649301
-0.0651322
-0.0660734
-0.0666991
-0.0716574
-0.0703878
-0.0724805
-0.0742376
-0.0743642
-0.074398
-0.0737702
-0.0737442
-0.0725341
-0.0705526
-0.0704865
-0.0599105
-0.0634254
-0.0639421
-0.0623501
-0.0595853
-0.0604845
-0.0608512
-0.0599212
-0.0595125
-0.0593114
-0.0594458
-0.0661115
-0.0698596
-0.0719204
-0.06991
-0.0682165
-0.0663901
-0.0663695
-0.0647285
-0.0638719
-0.0608479
-0.0597007
-0.0592119
-0.0600815
-0.0616302
-0.0642604
-0.0662634
-0.0654392
-0.0638896
-0.0641523
-0.0650531
-0.0642604
-0.0637766
-0.0632926
-0.0611518
-0.0609663
-0.0628448
-0.0648987
-0.0662885
-0.0647957
-0.0193156
-0.0217979
-0.0209303
-0.0210171
-0.0217112
-0.0218219
-0.0194196
-0.0190419
-0.0198024
-0.0200729
-0.0162498
-0.0173521
-0.0163565
-0.0178368
-0.0179718
-0.0154726
-0.0149088
-0.0162346
-0.017474
-0.0168492
-0.0153609
-0.014463
-0.0157089
-0.0144704
-0.0136414
-0.0160344
-0.0162276
-0.0180889
-0.017334
-0.0172475
-0.0535568
-0.0538927
-0.0532349
-0.0531276
-0.0523048
-0.0511415
-0.0504312
-0.049813
-0.0411783
-0.0416224
-0.0414387
-0.0410762
-0.0390957
-0.037747
-0.038381
-0.0378808
-0.0371397
-0.0289033
-0.0292345
-0.0287765
-0.0291986
-0.0304101
-0.0317336
-0.0301354
-0.029112
-0.0295956
-0.0357892
-0.0359113
-0.0359367
-0.0357383
-0.0379417
-0.0377789
-0.0380995
-0.0398144
-0.0495845
-0.0489756
-0.0488169
-0.0487066
-0.0474583
-0.046742
-0.0451355
-0.0454425
-0.0473048
-0.0300302
-0.029688
-0.0291524
-0.0291013
-0.0301833
-0.0301629
-0.0285599
-0.0274171
-0.0295607
-0.0237579
-0.0222931
-0.0223948
-0.0217896
-0.0223454
-0.0230815
-0.0231018
-0.0216945
-0.0209707
-0.021305
-0.0205721
-0.0211268
-0.0222007
-0.0230914
-0.0221229
-0.0227236
-0.0220989
-0.020455
-0.0142489
-0.0160294
-0.0152638
-0.0168637
-0.0191478
-0.0187999
-0.0178484
-0.0181333
-0.0315259
-0.032471
-0.0329819
-0.0321491
-0.0305246
-0.0294568
-0.0318835
-0.0334774
-0.0310757
-0.0286095
-0.0280717
-0.0306912
-0.0299377
-0.0282711
-0.0288556
-0.0307322
-0.0255957
-0.027984
-0.0283229
-0.0296401
-0.0308962
-0.0286659
-0.0281076
-0.0292607
-0.0317363
-0.029571
-0.0297553
-0.0310708
-0.029382
-0.0293458
-0.0302007
-0.0292796
-0.0259225
-0.0277102
-0.0296206
-0.0285275
-0.0273278
-0.0272505
-0.027843
-0.0279299
-0.0280535
-0.0263948
-0.0299888
-0.0310662
-0.030479
-0.0301777
-0.0299326
-0.0289471
-0.0459795
-0.030409
-0.0297973
-0.0283095
-0.0287015
-0.0283248
-0.0272138
-0.026469
-0.0258742
-0.0249867
-0.023375
-0.0256345
-0.0270823
-0.0273788
-0.0281536
-0.0301226
-0.0276503
-0.0281602
-0.0260238
-0.0240812
-0.023333
-0.0229252
-0.0240353
-0.0254885
-0.039984
-0.0406035
-0.0410899
-0.0414226
-0.0439128
-0.0451184
-0.0455718
-0.0465191
-0.046258
-0.0237442
-0.0220618
-0.0220978
-0.0229653
-0.0231347
-0.0204141
-0.0180602
-0.0161511
-0.0164001
-0.0164658
-0.0157999
-0.0156379
-0.0140077
-0.0116268
-0.0109635
-0.0107629
-0.00813518
-0.00504464
0.00930938
0.00947343
0.0108883
0.0123442
0.0131746
0.0139641
0.0152149
0.0178733
0.0187859
0.0198934
0.00845245
0.00986034
0.00887738
0.00736198
0.00620495
0.00576466
0.00623567
0.00424926
0.00569299
-0.00526386
-0.00402928
-0.00364481
-0.0054125
-0.00616695
-0.00648991
-0.00651042
-0.00632587
-0.00460855
-0.00311167
-0.00876762
-0.00805064
-0.00838864
-0.00911586
-0.00625307
-0.00656547
-0.00835792
-0.0105567
-0.0103296
-0.00914147
-0.00857301
-0.00885468
-0.00963823
-0.00933096
-0.00794821
-0.00704059
-0.00778306
-0.00982392
-0.0083429
-0.0073026
-0.00673377
-0.00550385
-0.00751783
-0.00611368
-0.00618543
-0.00714769
-0.00887586
-0.00935552
-0.0097384
-0.0102919
-0.0116111
-0.0128978
-0.01177
-0.0102919
-0.00844678
-0.00624897
-0.0126259
-0.0128101
-0.0130916
-0.012759
-0.012808
-0.011413
-0.0106299
-0.0100516
-0.0101693
-0.00770075
-0.00729438
-0.00641455
-0.00605396
-0.00762455
-0.00800423
-0.0078417
-0.0093298
-0.00808041
-0.0107925
-0.0102864
-0.0137547
-0.0192058
-0.025397
-0.0283611
-0.0315547
-0.030067
-0.029539
-0.0316054
-0.0329511
-0.0350554
-0.0356785
-0.0368482
-0.0376195
-0.0376359
-0.0375633
-0.042106
-0.0431686
-0.0421929
-0.0123537
-0.0122667
-0.0117808
-0.0113511
-0.0109572
-0.0104763
-0.011479
-0.0130647
-0.0141952
-0.0111362
-0.0206087
-0.0194342
-0.0194393
-0.0190155
-0.019567
-0.0207006
-0.021201
-0.0215431
-0.0229013
-0.0237388
-0.010279
-0.0102892
-0.0116455
-0.0130527
-0.0113497
-0.009504
-0.00928985
-0.010126
-0.010177
-0.0219699
-0.0228666
-0.0229072
-0.0220851
-0.0234299
-0.0237242
-0.0253329
-0.0274085
-0.0269257
-0.0265233
-0.0275765
-0.0295913
-0.0307717
-0.030151
-0.0293067
-0.0302629
-0.0308582
-0.030095
-0.0153041
-0.0170255
-0.0159255
-0.0152711
-0.0148281
-0.0166663
-0.0178149
-0.0153424
-0.0157218
-0.0178644
-0.016592
-0.0162333
-0.0157548
-0.0136706
-0.0145562
-0.0159406
-0.0160144
-0.0141338
-0.0116474
-0.0122942
-0.0143949
-0.0175909
-0.0181286
-0.0185615
-0.0172474
-0.0191932
-0.0199776
-0.0270724
-0.0276495
-0.0276949
-0.0271439
-0.02767
-0.0295494
-0.0292375
-0.0289876
-0.0286407
-0.0272621
-0.0243782
-0.0218357
-0.0217744
-0.0205287
-0.0185989
-0.0154106
-0.0109628
-0.00874918
0.00477119
0.00796048
0.0121755
0.0145075
0.0183784
0.0220327
0.0229347
0.0234873
0.0225073
0.0196772
0.0187235
0.0199374
0.0203352
0.0198303
0.0185144
0.0175453
0.0169945
0.0163083
0.0110456
0.00967226
0.0107804
0.0149519
0.0152476
0.0169866
0.0186694
0.0188561
0.0206684
0.0233023
0.0233074
0.0233329
0.0244694
0.0260502
0.0280505
0.0301274
0.0305152
0.0326178
0.0378712
0.037544
0.0372321
0.0344144
0.031848
0.0302429
0.0282446
0.026195
0.0135718
0.011915
0.011465
0.0124642
0.0103758
0.00928142
0.00794674
0.00675524
0.00767571
-0.00125469
-0.000102008
0.00108128
0.00335095
0.0054421
0.00588073
0.0189647
0.0189647
0.0202924
0.0178404
0.0153097
0.0141449
0.0158389
0.0128167
0.0104184
0.00917441
0.00990916
0.0122362
0.0137995
0.0156072
0.0179626
0.0165432
0.0185658
0.0206519
0.0206773
0.0196953
0.0200006
0.0220867
0.0203849
0.0198192
0.0210678
0.0211748
0.0221787
0.0212716
0.0200944
0.0206397
0.0232806
0.0235816
0.0241531
0.0257398
0.0255705
0.0246786
0.0240498
0.023361
0.0166636
0.0161022
0.0157705
0.0139229
0.0151631
0.0157449
0.0187204
0.0186387
0.0201323
0.0311632
0.0306069
0.0278816
0.0262433
0.024254
0.020983
0.0170969
0.0147626
0.0147626
-0.0030265
-0.000980072
-0.000770786
-0.000597231
8.6763e-05
0.00223068
0.00135248
0.000321586
-0.00487212
-0.00578117
-0.00756477
-0.00906648
-0.00977648
-0.0108831
-0.0104354
-0.0109155
-0.00910735
-0.000849435
-0.00198031
-0.00288603
-0.00487658
-0.00542322
-0.00596651
-0.00715879
-0.00821668
-0.00701437
-0.00511977
-0.00308566
-0.0011137
-0.00130293
-0.00223798
0.000750981
0.000970656
0.00114946
0.00111881
0.00179827
0.0029407
0.0042674
0.00477275
0.00576397
0.00533512
0.00588043
0.00633474
0.00587118
0.00558947
0.0162176
0.0143835
0.0122192
0.0122517
0.00806304
0.00821565
0.00821565
0.00734576
0.00729489
-0.00143958
-0.000998743
-0.00180454
-0.00280819
-0.00263078
-0.002616
-0.00103406
-0.00155616
-0.00137368
-0.00688929
-0.00671705
-0.0051467
-0.00604839
-0.00634726
-0.0053392
-0.00515641
-0.00543544
-0.00682343
-0.00957837
0.00314635
0.00112832
0.00068106
-0.000823439
-0.000482881
0.00248556
0.00161638
0.000243982
-0.00250081
-0.0027143
0.000295364
0.00293812
0.00455268
0.00261753
0.00206755
0.000896276
0.00224051
0.00287216
0.00438462
0.0126203
0.0122634
0.0108968
0.0101269
0.0108968
0.0131099
0.0144458
0.0144572
0.012809
0.0252431
0.0226209
0.0215619
0.0248733
0.0249346
0.0240408
0.0258029
0.026229
0.0243728
0.0328383
0.0330657
0.035078
0.0368155
0.034708
0.0340491
0.0363936
0.0386596
0.0382203
0.0490629
0.0459724
0.0458279
0.0479298
0.0490987
0.0500092
0.0507867
0.0498363
0.0495028
0.0490998
0.0493607
0.0206261
0.0204444
0.0218865
0.0219731
0.0204376
0.0209471
0.0222839
0.0230279
0.0221922
0.0209879
0.0183292
0.0174814
0.0171801
0.0174187
0.0191667
0.0198919
0.0229683
0.0211227
0.0194578
0.029379
0.0284997
0.0281345
0.0260949
0.0249857
0.0253486
0.0247863
0.0248681
0.0259722
0.0259722
0.0259722
0.0259722
0.0259722
0.0259722
0.0259722
0.0259722
0.0259722
0.0259722
0.0259722
0.0259722
0.0259722
0.0259722
0.0259722
0.0259722
0.0259722
0.0259722
0.0259722
0.0259722
0.0259722
0.0259722
0.0259722
0.0259722
0.0259722
0.0259722
0.0259722
0.0259722
0.0259722
0.0259722
0.0259722
0.0259722
0.0259722
0.0259722
0.0259722
0.0259722
0.0259722
0.0912904
0.0898353
0.0883449
0.0889144
0.087763
0.0878872
0.0894965
0.0897502
0.0888109
0.0788178
0.0802022
0.0811652
0.0795118
0.0784669
0.0777472
0.0774696
0.07643
0.0781944
0.0715803
0.0734494
0.07535
0.0755542
0.0753489
0.0756989
0.0770447
0.0752207
0.0678479
0.0673444
0.0669283
0.0676424
0.0695181
0.0697858
0.0711173
0.0730563
0.0738304
0.0748652
0.0754475
0.0773944
0.0776208
0.0779501
0.0778472
0.0765804
0.0684008
0.0683701
0.0673521
0.0663957
0.0653321
0.0634508
0.0628118
0.0630367
0.0558676
0.057025
0.058975
0.0606561
0.0591172
0.0616262
0.0631046
0.0574856
0.0572321
0.0554942
0.0555601
0.054602
0.0523824
0.0522109
0.053016
0.0546394
0.056488
0.0579916
0.0579966
0.058412
0.0566091
0.0568371
0.0596883
0.0586552
0.0473548
0.0448512
0.0430808
0.0412701
0.0395965
0.0382501
0.028462
0.0270026
0.0306356
0.0236952
0.0235022
0.0278528
0.0271143
0.024279
0.0244212
0.0257311
0.0234
0.0224502
0.0212244
0.0197008
0.0192691
0.0187256
0.0205489
0.0211804
0.0343714
0.0296641
0.0288203
0.0296184
0.0308662
0.0322133
0.0302792
0.0278292
0.028914
0.0280455
0.0271569
0.0279589
0.0283665
0.02667
0.0267544
0.0260973
0.0281161
0.0297912
0.0314588
0.0298497
0.0288493
0.0285998
0.0285081
0.0276426
0.0271029
0.0423176
0.0424198
0.0416343
0.0412714
0.0370103
0.0375112
0.0392932
0.0438437
0.0438811
0.0447863
0.0464703
0.0466189
0.0470133
0.0471414
0.0463422
0.017409
0.0184089
0.0195661
0.0203291
0.0194002
0.0186069
0.0199992
0.0211565
0.0208401
0.0653078
0.0648004
0.0658253
0.0650107
0.0657024
0.0658715
0.0636169
0.0628227
0.0627049
0.0567257
0.0571144
0.0568842
0.0554073
0.0550749
0.0571297
0.0581475
0.0567052
0.0568075
0.0618893
0.062772
0.0628951
0.0645736
0.0640961
0.0624897
0.061756
0.0621972
0.0631877
0.0472811
0.0473438
0.0475937
0.0452855
0.0453213
0.0508251
0.0545702
0.0540583
0.0547394
0.0929671
0.0962241
0.0955782
0.0947924
0.0950465
0.0961124
0.0973421
0.132299
0.13341
0.13593
0.134829
0.133373
0.131315
0.133537
0.136438
0.125961
0.127064
0.128121
0.129876
0.131828
0.131418
0.130313
0.12985
0.130366
0.0567587
0.0537182
0.0521344
0.0505765
0.0482574
0.0481563
0.0494675
0.0528543
0.00576548
0.00528799
0.00657895
0.00711845
0.00847604
0.0116082
0.0118421
0.0122285
0.0111801
-0.0499407
-0.0487162
-0.0484249
-0.0495135
-0.0508659
-0.0526849
-0.0549534
-0.0553476
-0.0565532
-0.0547904
-0.00944655
-0.00843315
-0.00596839
-0.00385501
-0.00237819
-0.0033152
-0.0028261
-0.00260735
-0.00348326
-0.00592255
-0.0128771
-0.0140491
-0.0142235
-0.0147841
-0.0164812
-0.0163334
-0.017847
-0.0161754
-0.015997
-0.0135668
-0.0125988
-0.0126865
-0.0144482
-0.015141
-0.015141
-0.0141527
-0.0133783
-0.01239
-0.0112437
-0.0111061
-0.0137065
-0.0138081
-0.0137929
-0.0185665
-0.0189477
-0.0200929
-0.0207774
-0.0201624
-0.0200354
-0.0183743
-0.017303
-0.0163891
-0.0176584
-0.0187211
-0.0197096
-0.0200108
-0.0195436
-0.0202173
-0.0518048
-0.0537094
-0.0544249
-0.0527341
-0.0533166
-0.0550638
-0.0538635
-0.0535517
-0.0554976
-0.0421012
-0.0413849
-0.0424322
-0.0454592
-0.0455101
-0.0444217
-0.0455712
-0.0477752
-0.0429608
-0.0413262
-0.040952
-0.0454915
-0.0451547
-0.0418259
-0.0430437
-0.0446784
-0.044526
-0.0453594
-0.0416565
-0.0423693
-0.041984
-0.0419025
-0.0440697
-0.044725
-0.0442377
-0.0426035
-0.0461303
-0.0447737
-0.0425773
-0.0418718
-0.0423128
-0.0451298
-0.0448347
-0.0447686
-0.0460952
-0.046945
-0.0556575
-0.0561517
-0.0560956
-0.0551276
-0.0537272
-0.0526123
-0.0512632
-0.0506927
-0.052108
-0.0551225
-0.0408478
-0.0411608
-0.0400205
-0.0410085
-0.0424535
-0.0414112
-0.0413046
-0.0415618
-0.0420643
-0.0351861
-0.0355675
-0.0348019
-0.0340239
-0.0335533
-0.0332967
-0.0334035
-0.0360659
-0.0366914
-0.0365033
-0.0367707
-0.0349192
-0.0357977
-0.0377255
-0.0389273
-0.0393946
-0.0389984
-0.0389374
-0.0385889
-0.0370921
-0.0366659
-0.037914
-0.0400481
-0.0399771
-0.0398604
-0.0380338
-0.0386579
-0.0317551
-0.0306231
-0.0285498
-0.0278319
-0.0271924
-0.0274231
-0.0284737
-0.0300674
-0.0319327
-0.0337689
-0.0314713
-0.0300645
-0.029861
-0.0293827
-0.0278439
-0.0281644
-0.0289096
-0.0237009
-0.0238381
-0.0253362
-0.0267937
-0.0270549
-0.0269562
-0.0268343
-0.0268924
-0.0258563
-0.0321038
-0.0325079
-0.0316667
-0.0317582
-0.0335878
-0.0343275
-0.0337633
-0.0322995
-0.0338565
-0.0346683
-0.0348879
-0.0326591
-0.0325978
-0.0330651
-0.0326693
-0.0316227
-0.0324804
-0.0277698
-0.0286463
-0.0293997
-0.0289203
-0.0292767
-0.0280386
-0.0275443
-0.0285745
-0.0306723
-0.0306928
-0.0316917
-0.0311473
-0.0297634
-0.0288469
-0.0257794
-0.0260669
-0.0272144
-0.0276549
-0.0255018
-0.0235969
-0.0232519
-0.0231751
-0.0213317
-0.0204254
-0.026836
-0.0272851
-0.0266348
-0.026091
-0.0260042
-0.0258695
-0.0231805
-0.0219745
-0.0289953
-0.0289699
-0.0286034
-0.0286289
-0.0278756
-0.0270765
-0.0293923
-0.0311151
-0.019438
-0.0176353
-0.0172774
-0.0198301
-0.0183584
-0.0167033
-0.015012
-0.013606
-0.0160329
-0.0173103
-0.0176051
-0.0175035
-0.0170249
-0.0152965
-0.0145333
-0.0171977
-0.0142718
-0.013208
-0.0137628
-0.0137928
-0.0135439
-0.0148723
-0.0170515
-0.0169293
-0.0149293
-0.0171727
-0.0201562
-0.0199158
-0.0191053
-0.0193449
-0.0162917
-0.0162917
-0.0141526
-0.0140811
-0.0149743
-0.0144129
-0.0140448
-0.0137897
-0.00983048
-0.01051
-0.01275
-0.0128829
-0.0110574
-0.0101525
-0.0109398
-0.0122557
-0.0115013
-0.0104641
-0.0103666
-0.00943774
-0.0109932
-0.0109158
-0.0162716
-0.0152719
-0.0147689
-0.0154661
-0.0145177
-0.0126205
-0.0120976
-0.0121545
-0.0158037
-0.0160189
-0.0155315
-0.0155885
-0.0155834
-0.0167985
-0.0177005
-0.016721
-0.0177356
-0.0170893
-0.0180586
-0.0181561
-0.0200297
-0.0214454
-0.0211727
-0.0209889
-0.0222516
-0.0176816
-0.0174348
-0.0186181
-0.0193233
-0.0161751
-0.0157786
-0.0155267
-0.0138038
-0.0205218
-0.0205423
-0.0186678
-0.0175476
-0.0174038
-0.0162374
-0.0168382
-0.0187852
-0.0201409
-0.0212972
-0.0135701
-0.0119619
-0.0106085
-0.0107106
-0.0111348
-0.0115892
-0.0103839
-0.0107055
-0.0101593
-0.0121535
-0.0142342
-0.015717
-0.0166619
-0.0164428
-0.0160077
-0.0167341
-0.0174855
-0.0162179
-0.0149942
-0.0146496
-0.014269
-0.0131013
-0.0122526
-0.0122114
-0.0133425
-0.0142432
-0.0154623
-0.0219769
-0.0229123
-0.0222801
-0.0211803
-0.0190972
-0.0189335
-0.01957
-0.0192719
-0.0183982
-0.0183982
0.00133887
0.0017068
0.00115485
0.00218707
0.00217693
0.0023608
0.00370984
0.00544745
0.00111
-0.000363179
-0.00139128
-0.00016368
0.00300773
0.00194377
0.00123271
0.000557556
-0.000496174
-0.00346626
-0.0027454
-0.00107362
-0.00247434
-0.00216258
-0.000199387
-0.00111959
-0.0018047
-0.0111214
-0.0101517
-0.010412
-0.0121014
-0.0140715
-0.0152664
-0.0147101
-0.0149347
-0.0153198
-0.0154976
-0.015207
-0.0149725
-0.014585
-0.0135298
-0.0105879
-0.0114239
-0.0128453
-0.0127737
-0.0131471
-0.0138019
-0.0151377
-0.0169948
-0.0183921
-0.0182796
-0.0110064
-0.00933317
-0.00944613
-0.0103412
-0.0108636
-0.0100802
-0.00854517
-0.00734782
-0.00753203
-0.0127235
-0.0112046
-0.00847856
-0.00749161
-0.0107495
-0.0119717
-0.0113887
-0.00845811
-0.0080081
0.00698732
0.00844919
0.00868432
0.00820384
0.0057248
0.00380786
0.00270895
0.00522388
0.0109395
0.0106176
0.0098972
0.0082417
0.00679059
0.00615164
0.00484876
0.00427652
-0.00220642
0.000265577
0.00362119
0.00416769
0.00476546
0.00613406
0.00390721
0.00395828
0.00988908
0.0102459
0.00983301
0.00858923
0.0070396
0.00571912
0.0044499
0.00512274
0.00869117
0.0103371
0.009857
0.0110981
0.0122523
0.011665
0.0136369
0.0133713
0.00852691
0.00906368
0.00862148
0.0095566
0.0100554
0.00866714
0.00792336
0.00770898
0.00665307
0.00540802
0.00300417
0.00274116
0.00417416
0.00385755
0.00306803
0.0029352
0.00453158
0.00555278
0.00637739
0.0083815
0.00943117
0.0120634
0.0107435
0.0102456
0.0177215
0.0185794
0.018855
0.0172724
0.0157915
0.016486
0.0181503
0.0204888
0.0213673
0.0213162
0.0213673
0.0233526
0.0233935
0.022943
0.0229537
0.0214181
0.0255923
0.0261403
0.0268379
0.0283519
0.0290164
0.0296125
0.0313982
0.0333171
0.0127778
0.0138415
0.0137085
0.0149562
0.0140076
0.0167306
0.0172115
0.0167587
0.0163983
0.0110138
0.0106196
0.0105658
0.0104839
0.0111113
0.0115568
0.0111805
0.0111856
0.00910376
0.00424023
0.00286343
0.000975744
-0.00210475
-0.00161943
-0.00043934
8.17394e-05
0.00129503
0.00296816
0.00269639
0.00409811
0.00466144
0.00362662
0.00366995
0.00395539
0.00513283
0.00512773
0.00497992
0.0029556
0.00159164
-0.000916088
-0.00289412
-0.00603402
-0.00849574
-0.00917149
-0.00875182
-0.00255369
-0.00042817
0.000638422
0.00206398
0.00363055
0.00293572
0.0033639
0.00228447
0.00391258
0.00197171
-0.000712636
-2.0434e-05
-0.00123626
-4.85318e-05
-0.0024342
-0.00408141
-0.00408141
-0.00657094
-0.00847733
-0.01045
-0.0112966
-0.00729583
-0.00723499
-0.00631224
-0.0107007
-0.00896854
-0.00861388
-0.00800113
-0.00736813
-0.0066641
-0.00664398
-0.00877104
-0.00967245
-0.00939899
0.0106195
0.0128782
0.011764
0.0114993
0.0100193
0.00948022
0.00844251
0.00796444
0.00594015
0.0252966
0.027801
0.0299896
0.0301635
0.0298985
0.0297245
0.0304745
0.0127185
0.0122448
0.014145
0.0162035
