0
0
0
0
0
0
0
0
0
0
0
0
0
0
0
0
0
0
0
0
0
0
0
0
0
0
0
0
0
0
0
0
0
0
0
0
0
0
0
0
0
0
0
0
0
0
0
0
0
0
0
0
0
0
0
0
0
0
0
0
0
0
0
0
0
0
0
0
0
0
0
0
0
0
0
0
0
0
0
0
0
0
0
0
0
0
0
0
0
0
0
0
0
0
0
0
0
0
0
0
0
0
0
0
0
0
0
0
0
0
0
0
0
0
0
0
0
0
0
0
0
0
0
0
0
0
0
0
0
0
0
0
0
0
0
0
0
0
0
0
0
0
0
0
0
0
0
0
0
0
0
0
0
0
0
0
0
0
0
0
0
0
0
0
0
0
0
0
0
0
0
0
0
0
0
0
0
0
0
0
0
0
0
0
0
0
0
0
0
0
0
0
0
0
0
0
0
0
0
0
0
0
0
0
0
0
0
0
0
0
0
0
0
0
0
0
0
0
0
0
0
0
0
0
0
0
0
0
0
0
0
0
0
0
0
2.24
1.90917
1.90778
1.90744
1.90759
1.90774
1.90802
1.90801
1.90814
1.91203
1.91511
1.91769
1.91996
1.92202
1.92391
1.92565
1.92754
1.92919
1.93059
1.93177
1.93279
1.93353
1.93414
1.93467
1.93776
1.94057
1.94307
1.94537
1.9475
1.94945
1.95125
1.95298
1.95462
1.95693
1.95915
1.96129
1.96338
1.96539
1.96731
1.96918
1.97098
1.97271
1.97451
1.97625
1.97793
1.9795
1.98098
1.9824
1.9838
1.98515
1.98647
1.988
1.9895
1.99098
1.99236
1.99368
1.99493
1.99605
1.99704
1.99794
1.99877
1.99945
2.00004
2.00056
2.00106
2.00153
2.00198
2.00234
2.00268
2.003
2.00319
2.00336
2.00352
2.00365
2.00376
2.00385
2.00392
2.00396
2.00398
2.00394
2.00388
2.00381
2.0037
2.00359
2.00349
2.00336
2.00315
2.00292
2.00269
2.00239
2.00209
2.00176
2.0014
2.00104
2.00067
2.00027
1.99984
1.99943
1.99905
1.99867
1.99834
1.99799
1.99762
1.99723
1.99685
1.99646
1.99605
1.99566
1.99545
1.99524
1.99506
1.99484
1.99463
1.99443
1.99425
1.99407
1.99386
1.99343
1.99299
1.99256
1.99212
1.99168
1.99125
1.99077
1.99029
1.98982
1.98929
1.98879
1.98827
1.98774
1.98719
1.98665
1.98611
1.98556
1.98499
1.98461
1.98423
1.98385
1.98349
1.98313
1.98274
1.98234
1.98193
1.98153
1.98108
1.98063
1.98018
1.97973
1.9793
1.9789
1.9785
1.97809
1.97769
1.97737
1.97709
1.97685
1.97661
1.97639
1.97618
1.97597
1.97575
1.97556
1.97542
1.97531
1.97522
1.97512
1.97512
1.97512
1.97514
1.97519
1.97525
1.97531
1.97539
1.97548
1.97556
1.97564
1.97573
1.97584
1.97596
1.97607
1.97618
1.97623
1.97626
1.97628
1.97634
1.97643
1.97653
1.97666
1.97681
1.97699
1.97717
1.97734
1.9775
1.97768
1.97787
1.97808
1.9783
1.97852
1.97868
1.97883
1.97896
1.9791
1.97922
1.97934
1.97947
1.9796
1.97975
1.9798
1.97987
1.97997
1.98005
1.98013
1.98022
1.98032
1.98043
1.98054
1.98067
1.98078
1.98089
1.98098
1.98107
1.98117
1.98127
1.98138
1.98152
1.98166
1.98187
1.98212
1.98238
1.98265
1.98295
1.98325
1.98357
1.98391
1.98391
1.98391
1.98391
1.98391
1.98391
1.98391
1.98391
1.98391
1.98391
1.98424
1.98459
1.98495
1.9853
1.98565
1.98601
1.98637
1.98672
1.9871
1.98749
1.9877
1.98793
1.98815
1.98837
1.9886
1.98885
1.98911
1.98938
1.98947
1.98956
1.98964
1.98973
1.9898
1.98988
1.98998
1.99006
1.99015
1.99011
1.99007
1.99002
1.98997
1.98991
1.98983
1.98975
1.98967
1.98961
1.98959
1.98961
1.98962
1.98964
1.98966
1.98969
1.98974
1.98979
1.98988
1.98997
1.99008
1.99018
1.9903
1.99044
1.99059
1.99075
1.99092
1.99111
1.99131
1.99149
1.99168
1.99187
1.99207
1.99228
1.99251
1.99274
1.99307
1.9934
1.99373
1.99405
1.99437
1.99466
1.99495
1.99505
1.99513
1.9952
1.99526
1.99532
1.99535
1.99537
1.99539
1.99539
1.99541
1.99545
1.99549
1.99554
1.99558
1.99563
1.99567
1.9957
1.99572
1.99576
1.99578
1.99579
1.9958
1.99581
1.99582
1.99583
1.99584
1.99588
1.99593
1.996
1.99607
1.99616
1.99626
1.99638
1.99649
1.9966
1.99669
1.99677
1.99684
1.9969
1.99696
1.99703
1.9971
1.99717
1.99724
1.99732
1.99739
1.99747
1.99754
1.99761
1.99766
1.99768
1.99768
1.99768
1.99765
1.99759
1.99753
1.99745
1.99737
1.99728
1.99719
1.99709
1.99698
1.99685
1.99675
1.99665
1.99656
1.99648
1.9964
1.99633
1.99625
1.99616
1.99617
1.99616
1.99614
1.99611
1.9961
1.9961
1.99611
1.99613
1.99614
1.99614
1.99613
1.99611
1.99608
1.99605
1.99601
1.99599
1.99598
1.99599
1.99596
1.99592
1.99589
1.99586
1.99583
1.99579
1.99575
1.99572
1.99567
1.99563
1.99559
1.99556
1.99553
1.99547
1.99541
1.99533
1.99525
1.99517
1.99509
1.995
1.99492
1.99484
1.99477
1.99468
1.99458
1.99447
1.99435
1.99421
1.99406
1.99392
1.99375
1.99358
1.9934
1.99325
1.99324
1.99323
1.99322
1.99321
1.99318
1.99316
1.99315
1.99316
1.99315
1.99309
1.99302
1.99294
1.99285
1.99276
1.99269
1.99262
1.99257
1.99252
1.99249
1.99246
1.99243
1.99241
1.99241
1.99242
1.99245
1.99247
1.99251
1.99254
1.99261
1.99271
1.99283
1.99299
1.99316
1.99336
1.99355
1.99373
1.99393
1.99414
1.99414
1.99414
1.99414
1.99414
1.99414
1.99414
1.99414
1.99435
1.99457
1.99481
1.99505
1.9953
1.99555
1.99582
1.99607
1.99636
1.99665
1.99695
1.99724
1.99753
1.99782
1.99812
1.99843
1.99873
1.99902
1.9993
1.99952
1.99974
1.99996
2.00017
2.00038
2.00061
2.00084
2.00106
2.00141
2.00177
2.00215
2.00253
2.00293
2.00335
2.00377
2.0042
2.00463
2.00507
2.00536
2.00564
2.00589
2.00614
2.00636
2.00659
2.0068
2.00702
2.00723
2.00736
2.00749
2.00763
2.00775
2.00786
2.00796
2.00805
2.00813
2.00822
2.00828
2.00834
2.00841
2.00849
2.00857
2.00866
2.00874
2.00884
2.00894
2.00911
2.00927
2.00943
2.00959
2.00975
2.00992
2.01008
2.01024
2.01039
2.01048
2.01056
2.01063
2.01068
2.01072
2.01074
2.01075
2.01074
2.01073
2.01065
2.01055
2.01044
2.01032
2.01019
2.01004
2.00989
2.00973
2.00957
2.00942
2.00927
2.00911
2.00896
2.00879
2.00862
2.00842
2.00821
2.008
2.00786
2.00771
2.00756
2.00738
2.00721
2.00704
2.00686
2.00669
2.00651
2.00631
2.0061
2.00588
2.00563
2.00538
2.00513
2.00484
2.00454
2.00424
2.00392
2.0036
2.00328
2.00294
2.0026
2.00224
2.0019
2.00156
2.00122
2.00087
2.00052
2.00017
1.9998
1.99943
1.99905
1.99866
1.99826
1.99805
1.99785
1.99765
1.99742
1.9972
1.99698
1.99675
1.99651
1.99651
1.99651
1.99651
1.99651
1.99651
1.99651
1.99651
1.99651
1.99651
1.99651
1.99627
1.99612
1.99597
1.99583
1.9957
1.99556
1.99544
1.9953
1.99518
1.99506
1.99494
1.99484
1.99475
1.99466
1.99458
1.9945
1.99442
1.99433
1.99425
1.99419
1.99412
1.99406
1.99401
1.99398
1.99394
1.9939
1.99387
1.99385
1.99383
1.99381
1.99374
1.99369
1.99365
1.99362
1.99358
1.99359
1.9936
1.99361
1.99362
1.99362
1.99363
1.99363
1.99363
1.99364
1.99365
1.99366
1.99368
1.99378
1.99387
1.99398
1.9941
1.9942
1.99429
1.99438
1.99447
1.99455
1.99435
1.99413
1.99392
1.99372
1.99353
1.99335
1.99317
1.993
1.99296
1.99292
1.99286
1.99282
1.99278
1.99274
1.99269
1.99263
1.99255
1.99223
1.99191
1.9916
1.99127
1.99095
1.99063
1.99031
1.98999
1.98993
1.98985
1.98978
1.98969
1.98962
1.98955
1.9895
1.98944
1.98913
1.98882
1.98852
1.98822
1.98792
1.98764
1.98738
1.98711
1.98692
1.98674
1.98658
1.98644
1.98631
1.98618
1.98605
1.98592
1.98581
1.98566
1.98552
1.98536
1.98522
1.98506
1.98491
1.98477
1.98462
1.98445
1.98422
1.98398
1.98373
1.98346
1.98319
1.98291
1.98263
1.98235
1.98207
1.98177
1.98146
1.98114
1.9808
1.98047
1.98012
1.97977
1.97932
1.97887
1.97844
1.97801
1.97758
1.97713
1.9767
1.97624
1.97585
1.97547
1.97509
1.97472
1.97434
1.97395
1.97356
1.97318
1.97318
1.97318
1.97318
1.97318
1.97318
1.97318
1.97318
1.97318
1.97279
1.97261
1.97243
1.97224
1.97204
1.97185
1.97164
1.97145
1.97127
1.97102
1.97076
1.97052
1.97029
1.97004
1.96978
1.96952
1.96925
1.96897
1.96866
1.96837
1.96806
1.96775
1.96746
1.96719
1.96692
1.96664
1.96644
1.96626
1.96608
1.96592
1.96577
1.96563
1.9655
1.96538
1.96527
1.96516
1.96507
1.96499
1.9649
1.96483
1.96475
1.96465
1.96455
1.96443
1.96425
1.96408
1.9639
1.96374
1.96356
1.96338
1.9632
1.96301
1.96281
1.96251
1.96221
1.96191
1.96161
1.96132
1.96102
1.96073
1.96045
1.96016
1.95985
1.95952
1.95919
1.95883
1.95847
1.95812
1.95778
1.95744
1.95711
1.95682
1.95652
1.95621
1.9559
1.95558
1.95526
1.95493
1.95462
1.95429
1.95393
1.95359
1.95326
1.95293
1.95261
1.95229
1.95198
1.95167
1.95137
1.95103
1.95069
1.95035
1.95
1.94964
1.94925
1.94886
1.94845
1.94804
1.94763
1.94724
1.94685
1.94648
1.94609
1.94572
1.94537
1.94501
1.94465
1.94426
1.94381
1.94335
1.94289
1.94243
1.94198
1.94153
1.94106
1.94059
1.9401
1.93957
1.93902
1.93848
1.93796
1.93744
1.9369
1.93637
1.93586
1.93536
1.93487
1.93434
1.93379
1.93326
1.93273
1.93219
1.93166
1.93114
1.93062
1.93009
1.92955
1.929
1.92881
1.92861
1.92842
1.92825
1.92808
1.92789
1.92771
1.92751
1.92731
1.92711
1.92692
1.92671
1.92651
1.92632
1.92615
1.92599
1.92583
1.92567
1.92552
1.92538
1.92523
1.92509
1.92496
1.92481
1.92466
1.92451
1.92439
1.92427
1.92416
1.92461
1.92505
1.92548
1.9259
1.92633
1.92674
1.92717
1.92759
1.92801
1.92836
1.9287
1.92905
1.92939
1.92975
1.93013
1.93053
1.93091
1.93129
1.93169
1.9321
1.93253
1.93297
1.9334
1.93382
1.93425
1.93468
1.93513
1.93558
1.93602
1.93646
1.93686
1.93726
1.93767
1.93806
1.93845
1.93872
1.93899
1.93924
1.93949
1.93972
1.93996
1.94022
1.94048
1.94073
1.94096
1.94118
1.94142
1.94165
1.94188
1.94211
1.94235
1.94261
1.94287
1.94311
1.94334
1.94355
1.94374
1.94393
1.94413
1.94434
1.94456
1.94477
1.94496
1.94515
1.94532
1.9455
1.94568
1.94585
1.94602
1.94618
1.94635
1.94651
1.94664
1.94666
1.94669
1.94671
1.94674
1.94676
1.94679
1.94681
1.94682
1.94683
1.94678
1.94673
1.94668
1.94663
1.94659
1.94656
1.94653
1.94647
1.94651
1.94655
1.9466
1.94663
1.94665
1.94666
1.94668
1.94671
1.94673
1.94674
1.94674
1.94675
1.94675
1.94674
1.94673
1.94671
1.94667
1.94663
1.94662
1.94662
1.94662
1.9466
1.94658
1.94657
1.94656
1.94655
1.94654
1.94648
1.94643
1.94639
1.94636
1.94631
1.94625
1.94621
1.94618
1.94617
1.94613
1.94607
1.94601
1.94594
1.94589
1.94585
1.9458
1.94574
1.94568
1.94561
1.94554
1.94546
1.94538
1.94529
1.94519
1.9451
1.94502
1.94495
1.94494
1.94492
1.94488
1.94484
1.9448
1.94477
1.94474
1.94469
1.94463
1.94464
1.94467
1.94469
1.9447
1.94471
1.94472
1.94473
1.94473
1.94472
1.94478
1.94484
1.94489
1.94495
1.94503
1.94509
1.94514
1.94519
1.94525
1.94548
1.9457
1.94594
1.94618
1.94642
1.94666
1.9469
1.94714
1.94714
1.94739
1.94749
1.9476
1.94772
1.94785
1.94798
1.94809
1.9482
1.9483
1.94838
1.94845
1.94851
1.94858
1.94865
1.94873
1.94881
1.94889
1.94897
1.94906
1.94892
1.94879
1.94865
1.94851
1.94838
1.94827
1.94818
1.94809
1.94798
1.94788
1.94782
1.94778
1.94774
1.9477
1.94769
1.9477
1.9477
1.9477
1.9477
1.94772
1.94776
1.9478
1.94786
1.94792
1.94796
1.94802
1.94808
1.94812
1.94817
1.9482
1.94824
1.94829
1.94834
1.94838
1.94843
1.94851
1.94853
1.94855
1.94859
1.94866
1.94875
1.94885
1.94895
1.94906
1.94916
1.94929
1.94944
1.949
1.94858
1.94815
1.94772
1.94729
1.94685
1.94642
1.946
1.94557
1.94568
1.94581
1.94595
1.94607
1.94619
1.9463
1.9464
1.94651
1.94662
1.94669
1.94677
1.94687
1.94697
1.94706
1.94715
1.94721
1.94726
1.94732
1.94738
1.94742
1.94744
1.94746
1.94746
1.94746
1.94744
1.94741
1.94736
1.94731
1.94724
1.94718
1.94713
1.94711
1.94709
1.94708
1.94708
1.94709
1.94709
1.94709
1.9471
1.94714
1.9472
1.94727
1.94736
1.94746
1.94756
1.94782
1.94807
1.94831
1.94855
1.94878
1.94901
1.94925
1.94949
1.94974
1.94985
1.94995
1.95006
1.95016
1.95026
1.95036
1.95045
1.95055
1.95066
1.95076
1.9508
1.95087
1.95093
1.95099
1.95104
1.9511
1.95115
1.9512
1.95121
1.95123
1.95124
1.95127
1.95131
1.95136
1.95142
1.95147
1.95152
1.95162
1.95172
1.95182
1.9519
1.95198
1.95204
1.9521
1.95216
1.95216
1.95224
1.95233
1.95242
1.95248
1.95255
1.95262
1.95269
1.95275
1.9528
1.95284
1.95281
1.95276
1.9527
1.95266
1.95261
1.95255
1.95249
1.95243
1.95236
1.95234
1.95232
1.95231
1.95232
1.95234
1.95237
1.95239
1.9524
1.95243
1.95248
1.95253
1.95258
1.95263
1.95266
1.95268
1.95272
1.95274
1.95277
1.95283
1.95289
1.95296
1.95302
1.95308
1.95315
1.95323
1.95332
1.95339
1.95348
1.95358
1.95368
1.95378
1.95389
1.95401
1.95411
1.9542
1.95427
1.95434
1.9544
1.95444
1.95448
1.95452
1.95455
1.95458
1.9546
1.95461
1.95459
1.95458
1.95456
1.95454
1.95454
1.95453
1.95454
1.95456
1.95457
1.95458
1.95459
1.95461
1.95465
1.95476
1.95486
1.95497
1.95506
1.95517
1.95529
1.95542
1.95556
1.9557
1.95582
1.95594
1.95605
1.95616
1.95627
1.95638
1.95651
1.95665
1.95681
1.95698
1.95722
1.95748
1.95775
1.95801
1.95826
1.95851
1.95875
1.959
1.95925
1.95951
1.95968
1.95984
1.96
1.96015
1.96029
1.96043
1.96056
1.96069
1.96078
1.96084
1.9609
1.96095
1.96099
1.96104
1.9611
1.96118
1.96129
1.96144
1.96159
1.96176
1.96193
1.96209
1.96225
1.9624
1.96254
1.96267
1.9628
1.9628
1.9628
1.9628
1.9628
1.9628
1.9628
1.9628
1.9628
1.9628
1.96293
1.96303
1.96312
1.96323
1.96333
1.96345
1.96358
1.9637
1.96382
1.96382
1.96382
1.96382
1.96382
1.96382
1.96382
1.96382
1.96382
1.96382
1.96382
1.96382
1.96382
1.96382
1.96382
1.96382
1.96382
1.96382
1.96382
1.96382
1.96394
1.96402
1.9641
1.96419
1.96427
1.96437
1.96448
1.9646
1.96471
1.96474
1.96479
1.96485
1.96493
1.96501
1.96508
1.96515
1.96521
1.96528
1.96533
1.96537
1.96541
1.96545
1.96547
1.96548
1.96551
1.96555
1.96558
1.96557
1.96554
1.96552
1.96549
1.96545
1.96543
1.96541
1.96539
1.96538
1.96536
1.96544
1.96552
1.96561
1.9657
1.96579
1.9659
1.96598
1.96607
1.96618
1.96628
1.96638
1.96648
1.96656
1.96665
1.96673
1.96679
1.96685
1.96689
1.96694
1.96698
1.96702
1.96707
1.9671
1.96713
1.96714
1.96714
1.96715
1.96714
1.96713
1.96712
1.96713
1.96715
1.96718
1.96726
1.96734
1.96744
1.96755
1.96765
1.96776
1.96788
1.96801
1.96812
1.96821
1.96816
1.9681
1.96803
1.96795
1.96792
1.9679
1.96788
1.96786
1.96782
1.96777
1.96771
1.96766
1.96762
1.96758
1.96754
1.96772
1.9679
1.9681
1.96831
1.96851
1.96871
1.96891
1.96912
1.9693
1.96946
1.9695
1.96955
1.96961
1.96968
1.96976
1.96985
1.96993
1.96998
1.97004
1.9701
1.97018
1.97025
1.97031
1.97038
1.97045
1.97051
1.97058
1.97065
1.97072
1.97083
1.97094
1.97105
1.97117
1.97128
1.97141
1.97154
1.97168
1.97177
1.97186
1.97196
1.97207
1.9722
1.97234
1.97248
1.97262
1.97273
1.97282
1.9729
1.97297
1.97302
1.97307
1.9731
1.97315
1.9732
1.97325
1.9733
1.97334
1.97338
1.97342
1.97346
1.97349
1.97364
1.97381
1.974
1.97419
1.97437
1.97454
1.97471
1.97488
1.97506
1.97525
1.97545
1.97566
1.97587
1.9761
1.97631
1.97655
1.97678
1.97703
1.97729
1.97754
1.97779
1.97801
1.97822
1.97844
1.97863
1.97881
1.97896
1.97911
1.97928
1.97945
1.97962
1.9798
1.97997
1.98015
1.98032
1.98048
1.98048
1.98048
1.98048
1.98048
1.98048
1.98048
1.98048
1.98048
1.98048
1.98048
1.98048
1.98048
1.98048
1.98048
1.98048
1.98048
1.98048
1.98048
1.98048
1.98048
1.98048
1.98048
1.98048
1.98048
1.98048
1.98048
1.98048
1.98048
1.98048
1.98048
1.98048
1.98048
1.98048
1.98048
1.98048
1.98048
1.98048
1.98048
1.98048
1.98048
1.98048
1.98048
1.98048
1.98048
1.98048
1.98048
1.98048
1.98048
1.98048
1.98048
1.98048
1.98048
1.98048
1.98048
1.98048
1.98048
1.98048
1.98048
1.98048
1.98048
1.98048
1.98048
1.98048
1.98048
1.98048
1.98048
1.98048
1.98048
1.98048
1.98048
1.98048
1.98048
1.98048
1.98048
1.98048
1.98048
1.98048
1.98048
1.98048
1.98048
1.98048
1.98048
1.98048
1.98048
1.98048
1.98048
1.98048
1.98048
1.98048
1.98048
1.98048
1.98048
1.98048
1.98048
1.98048
1.98048
1.98048
1.98048
1.98048
1.98048
1.98048
1.98048
1.98048
1.98048
1.98048
1.98048
1.98048
1.98048
1.98048
1.98048
1.98048
1.98048
1.98048
1.98048
1.98048
1.98048
1.98048
1.98048
1.98048
1.98048
1.98048
1.98048
1.98048
1.98048
1.98048
1.98048
1.98048
1.98048
1.98048
1.98048
1.98048
1.98048
1.98048
1.98048
1.98048
1.98048
1.98048
1.98048
1.98048
1.98048
1.98048
1.98048
1.98048
1.98048
1.98048
1.98048
1.98048
1.98048
1.98048
1.98048
1.98048
1.98048
1.98048
1.98048
1.98048
1.98048
1.98048
1.98048
1.98048
1.98048
1.98048
1.98048
1.98048
1.98048
1.98048
1.98048
1.98048
1.98048
1.98048
1.98048
1.98048
1.98048
1.98048
1.98048
1.98048
1.98048
1.98048
1.98048
1.98048
1.98048
1.98048
1.98048
1.98048
1.98048
1.98048
1.98048
1.98048
1.98048
1.98048
1.98048
1.98048
1.98048
1.98048
1.98048
1.98048
1.98048
1.98048
1.98048
1.98048
1.98048
1.98048
1.98048
1.98048
1.98048
1.98048
1.98048
1.98048
1.98048
1.98048
1.98048
1.98048
1.98048
1.98048
1.98048
1.98048
1.98048
1.98048
1.98048
1.98048
1.98048
1.98048
1.98048
1.98048
1.98048
1.98048
-1.03418
0.531477
0.662592
0.714869
0.741071
0.751435
0.73855
0.724205
0.712193
0.702151
0.693167
0.684136
0.674718
0.665944
0.658356
0.652301
0.646994
0.646535
0.645046
0.644736
0.645326
0.645733
0.645898
0.645586
0.645155
0.644033
0.641923
0.639828
0.633717
0.629247
0.625177
0.62067
0.615315
0.610481
0.605997
0.601359
0.59673
0.592212
0.587899
0.586093
0.585366
0.585207
0.584326
0.582934
0.581028
0.579111
0.576753
0.57421
0.571264
0.568077
0.564802
0.561789
0.55918
0.557178
0.555606
0.553871
0.551832
0.549862
0.548302
0.546578
0.544781
0.542907
0.540645
0.538389
0.536504
0.534996
0.533747
0.532217
0.522896
0.514218
0.505618
0.497249
0.489199
0.481359
0.473326
0.465428
0.457832
0.450447
0.442786
0.43546
0.428135
0.421182
0.41441
0.407424
0.40051
0.393913
0.387611
0.381354
0.375031
0.368816
0.362873
0.356893
0.350926
0.345342
0.339895
0.334752
0.329611
0.324547
0.323672
0.322835
0.321923
0.320997
0.319974
0.318834
0.317623
0.316359
0.314282
0.31229
0.310316
0.308341
0.306204
0.303974
0.30185
0.299718
0.297551
0.294675
0.291881
0.289088
0.28638
0.283828
0.281438
0.278935
0.276369
0.273886
0.272018
0.270189
0.268388
0.266598
0.265027
0.263468
0.261963
0.260628
0.260144
0.259619
0.25909
0.258562
0.257943
0.257277
0.256493
0.255742
0.255144
0.253223
0.251298
0.249352
0.247423
0.245597
0.243793
0.241893
0.239935
0.238161
0.235979
0.23372
0.231497
0.229257
0.227084
0.224982
0.222907
0.220754
0.218577
0.216459
0.214319
0.212243
0.210267
0.208377
0.20645
0.204593
0.202724
0.200778
0.19849
0.196351
0.194197
0.192177
0.190333
0.188494
0.186625
0.184801
0.183808
0.182887
0.182012
0.181103
0.180111
0.179072
0.178193
0.17742
0.176522
0.175498
0.174456
0.173579
0.172673
0.171688
0.17075
0.169935
0.168827
0.16787
0.166946
0.166109
0.165355
0.164497
0.163623
0.162824
0.162151
0.161377
0.160622
0.159946
0.159191
0.158445
0.15775
0.157017
0.156119
0.155322
0.15463
0.153893
0.153105
0.152321
0.151576
0.150843
0.150116
0.149317
0.148702
0.148146
0.147568
0.146984
0.146395
0.145769
0.145947
0.145399
0.144832
0.144207
0.143608
0.143002
0.142354
0.14168
0.140979
0.140244
0.139445
0.138752
0.138128
0.137523
0.136956
0.13648
0.135894
0.135336
0.134691
0.133972
0.133227
0.132473
0.131773
0.131142
0.131124
0.131134
0.131165
0.131212
0.131363
0.131563
0.131782
0.13204
0.132287
0.131624
0.130901
0.130185
0.12951
0.128846
0.128079
0.127226
0.126303
0.125395
0.124495
0.123576
0.122655
0.121678
0.120619
0.119539
0.118459
0.117286
0.116005
0.116564
0.117109
0.117593
0.118017
0.118404
0.118755
0.119053
0.119247
0.119403
0.11951
0.117735
0.115919
0.114147
0.112438
0.11078
0.109146
0.107504
0.105938
0.104331
0.103117
0.101866
0.100608
0.0994161
0.098255
0.0971097
0.0959695
0.0948261
0.0936284
0.092386
0.0913531
0.0902974
0.0892583
0.0882475
0.0871437
0.0860566
0.0850315
0.0840784
0.0831228
0.0821356
0.0811343
0.0801455
0.0791853
0.0782207
0.077218
0.0761924
0.0751953
0.0742775
0.0733179
0.0723279
0.0713257
0.0702901
0.0693196
0.0683072
0.0673003
0.0663263
0.0654075
0.0645131
0.0636347
0.0627774
0.0619636
0.061192
0.0603916
0.0595526
0.0586646
0.0577174
0.0569697
0.0562305
0.0555008
0.0547645
0.0540322
0.053263
0.0524754
0.0516756
0.0508833
0.0500331
0.0491768
0.0483016
0.0474221
0.0465914
0.0457766
0.0449619
0.0441909
0.0433889
0.0426627
0.0419283
0.0412896
0.0407983
0.0404725
0.0402263
0.0400644
0.0398623
0.0396463
0.0394838
0.0393552
0.0392861
0.0392316
0.0392056
0.0391968
0.0391855
0.039171
0.039268
0.03939
0.0394858
0.038857
0.0382293
0.0375927
0.0369487
0.036298
0.035638
0.0350046
0.0344122
0.0338494
0.0332117
0.0327743
0.0323089
0.0318443
0.0313711
0.0309128
0.0304833
0.0300667
0.0296582
0.0292822
0.0289262
0.0298611
0.030789
0.0317431
0.0327238
0.0336589
0.0345457
0.035423
0.0363156
0.0372059
0.0367977
0.0364132
0.0360329
0.0356371
0.0352763
0.0349243
0.0346119
0.0343481
0.0340754
0.0338032
0.0335557
0.0333535
0.0331779
0.0329888
0.0327814
0.032595
0.0324212
0.0322308
0.0317329
0.0312736
0.03079
0.0302943
0.0297892
0.0293241
0.0288835
0.0283912
0.0279078
0.027463
0.0269916
0.0265138
0.0260268
0.0254974
0.0249882
0.0245094
0.0240339
0.0235215
0.0229597
0.0224139
0.0219139
0.0214821
0.0210632
0.0206546
0.0202209
0.0198281
0.0194527
0.0192257
0.0190116
0.0188
0.0185788
0.0183699
0.0181997
0.0180268
0.01785
0.0176683
0.0174614
0.0172007
0.0168936
0.0165889
0.0162631
0.0159034
0.0154865
0.0149895
0.0144548
0.0136696
0.0128307
0.0119199
0.0109718
0.00996042
0.00888841
0.0078081
0.00672478
0.00566768
0.0046662
0.00368909
0.00269636
0.0017036
0.000728035
-0.000216996
-0.00113803
-0.00204291
-0.00292906
-0.0037182
-0.00447763
-0.00525193
-0.00609268
-0.00693481
-0.00780084
-0.00869107
-0.00957833
-0.010492
-0.0114484
-0.0123987
-0.0133428
-0.0143012
-0.0152814
-0.0162907
-0.01733
-0.0183696
-0.0194399
-0.0206005
-0.0217482
-0.0228858
-0.0239681
-0.0250008
-0.0260002
-0.0269604
-0.0278806
-0.0285902
-0.0292678
-0.0299335
-0.0306115
-0.0312503
-0.0318663
-0.0324565
-0.0330219
-0.0335987
-0.0340303
-0.0344782
-0.0349429
-0.0354419
-0.0359719
-0.0365063
-0.0372509
-0.0379928
-0.0387535
-0.0394731
-0.0401509
-0.0408081
-0.0414942
-0.0421301
-0.0427258
-0.0432998
-0.0438834
-0.0445014
-0.0451415
-0.0458073
-0.0465068
-0.0471849
-0.0478912
-0.0486261
-0.0493578
-0.0500713
-0.0507868
-0.051532
-0.0522452
-0.0529477
-0.0536675
-0.0543866
-0.0551186
-0.0558345
-0.05653
-0.0572311
-0.0579692
-0.058709
-0.0594542
-0.0602197
-0.0609797
-0.0617237
-0.0624558
-0.0631755
-0.063795
-0.0644046
-0.0650073
-0.0655811
-0.0661701
-0.0667651
-0.0673998
-0.0680309
-0.0686811
-0.069485
-0.0702784
-0.0710312
-0.0717587
-0.0724563
-0.0731061
-0.0736994
-0.0736994
-0.0742582
-0.0745682
-0.074905
-0.0752433
-0.0755824
-0.0759285
-0.0763023
-0.0766621
-0.0770061
-0.0772761
-0.0775322
-0.0777625
-0.0779712
-0.0781691
-0.0783503
-0.0785364
-0.0787152
-0.0789177
-0.0792305
-0.0795282
-0.0798144
-0.0800744
-0.0803276
-0.0805741
-0.0808056
-0.0810242
-0.0812596
-0.0815196
-0.0818061
-0.0821188
-0.0824285
-0.0827256
-0.0830607
-0.0833973
-0.0837345
-0.084069
-0.0844093
-0.0847636
-0.0851302
-0.0855001
-0.0858793
-0.0862502
-0.0866251
-0.0870024
-0.0873702
-0.0877319
-0.0882241
-0.0886905
-0.0891269
-0.0895618
-0.0899419
-0.0903217
-0.0906996
-0.0910648
-0.0914278
-0.0916791
-0.0919349
-0.0921801
-0.0924125
-0.0926466
-0.0928806
-0.0931332
-0.0933788
-0.0936253
-0.0938093
-0.0939948
-0.0941985
-0.0943911
-0.0945797
-0.0947797
-0.0949813
-0.095179
-0.0953598
-0.0955078
-0.0958114
-0.0960905
-0.0963637
-0.0966188
-0.0968772
-0.09717
-0.0974524
-0.0977191
-0.0979546
-0.0981878
-0.0984561
-0.0987544
-0.099071
-0.0993659
-0.0996543
-0.0999291
-0.100219
-0.100516
-0.100829
-0.101238
-0.101642
-0.102031
-0.102411
-0.102799
-0.103212
-0.103639
-0.104067
-0.104477
-0.105029
-0.105552
-0.106063
-0.106612
-0.107161
-0.107699
-0.108257
-0.10882
-0.109362
-0.110002
-0.110644
-0.111307
-0.111988
-0.112647
-0.113297
-0.113971
-0.114667
-0.115358
-0.116165
-0.116937
-0.117705
-0.118494
-0.119292
-0.120098
-0.12091
-0.121711
-0.122506
-0.123296
-0.124086
-0.124549
-0.125009
-0.125483
-0.125956
-0.126412
-0.126873
-0.127346
-0.127826
-0.128296
-0.128753
-0.12918
-0.129598
-0.130012
-0.130429
-0.130863
-0.131303
-0.131775
-0.132227
-0.132661
-0.132625
-0.132581
-0.132533
-0.132465
-0.132386
-0.132311
-0.132231
-0.132151
-0.132151
-0.132151
-0.132151
-0.132151
-0.132151
-0.132151
-0.132151
-0.132151
-0.132151
-0.132151
-0.132151
-0.132151
-0.132151
-0.132151
-0.132151
-0.132151
-0.132151
-0.132151
-0.132151
-0.132151
-0.132151
-0.132151
-0.132151
-0.132151
-0.132151
-0.132151
-0.132151
-0.132151
-0.132151
-0.132151
-0.132151
-0.132151
-0.132151
-0.132151
-0.132151
-0.132151
-0.132082
-0.133164
-0.13423
-0.135278
-0.136329
-0.137366
-0.138401
-0.139448
-0.140494
-0.141529
-0.142468
-0.143418
-0.144373
-0.145309
-0.146232
-0.147145
-0.148051
-0.148943
-0.149848
-0.150693
-0.151552
-0.152425
-0.153295
-0.154161
-0.155026
-0.155901
-0.156756
-0.157546
-0.158328
-0.159105
-0.159886
-0.160681
-0.161477
-0.162282
-0.163102
-0.163931
-0.164767
-0.165606
-0.166459
-0.167312
-0.168165
-0.169016
-0.169853
-0.17062
-0.171385
-0.17214
-0.172884
-0.173618
-0.174334
-0.175042
-0.175751
-0.176397
-0.177052
-0.177721
-0.178402
-0.179069
-0.179754
-0.180449
-0.181097
-0.181741
-0.182369
-0.182996
-0.183613
-0.184211
-0.184806
-0.185406
-0.186016
-0.186639
-0.187271
-0.187901
-0.188531
-0.189142
-0.189754
-0.190384
-0.191004
-0.191531
-0.192037
-0.192527
-0.193
-0.19346
-0.193906
-0.194274
-0.19463
-0.195014
-0.195343
-0.19567
-0.196029
-0.196382
-0.196711
-0.197041
-0.19738
-0.197702
-0.198016
-0.19832
-0.198611
-0.198898
-0.199179
-0.199474
-0.199772
-0.200173
-0.200538
-0.200894
-0.201255
-0.201623
-0.202
-0.20236
-0.2027
-0.203049
-0.20339
-0.203722
-0.204058
-0.204396
-0.204719
-0.20504
-0.205355
-0.205685
-0.206025
-0.206376
-0.206714
-0.207044
-0.207371
-0.207697
-0.208015
-0.208329
-0.208742
-0.209154
-0.209559
-0.20996
-0.21033
-0.210702
-0.211085
-0.211512
-0.211938
-0.212368
-0.212808
-0.213248
-0.21369
-0.214131
-0.214565
-0.214805
-0.215051
-0.215304
-0.215562
-0.215813
-0.216058
-0.216312
-0.216573
-0.21683
-0.217388
-0.21794
-0.218497
-0.219046
-0.219598
-0.22015
-0.220685
-0.221214
-0.22174
-0.222229
-0.222718
-0.223205
-0.223681
-0.224153
-0.224637
-0.225125
-0.225603
-0.226078
-0.226586
-0.227097
-0.227607
-0.228125
-0.228638
-0.229139
-0.229633
-0.230128
-0.230626
-0.231027
-0.231426
-0.231826
-0.232209
-0.232591
-0.233005
-0.23344
-0.233869
-0.2343
-0.23497
-0.235655
-0.236332
-0.237001
-0.237667
-0.238336
-0.239007
-0.23989
-0.240775
-0.241668
-0.24255
-0.243419
-0.244272
-0.245134
-0.246009
-0.246824
-0.247641
-0.248462
-0.249289
-0.250125
-0.250955
-0.251775
-0.25259
-0.253404
-0.253784
-0.254144
-0.254494
-0.254832
-0.255156
-0.255477
-0.255803
-0.256146
-0.256211
-0.256272
-0.25634
-0.256411
-0.256488
-0.256582
-0.256676
-0.256771
-0.25686
-0.256604
-0.256355
-0.256108
-0.255855
-0.255595
-0.255326
-0.255045
-0.254762
-0.254473
-0.254194
-0.254179
-0.254169
-0.254172
-0.254187
-0.25421
-0.254229
-0.254249
-0.254271
-0.254288
-0.254292
-0.254258
-0.254218
-0.254176
-0.25413
-0.254075
-0.25402
-0.253957
-0.253902
-0.253848
-0.253809
-0.253773
-0.253737
-0.253692
-0.253643
-0.253594
-0.25355
-0.253509
-0.253473
-0.253443
-0.253412
-0.253368
-0.253323
-0.253279
-0.253209
-0.253138
-0.253062
-0.252981
-0.252904
-0.252828
-0.252761
-0.2527
-0.252644
-0.252581
-0.252514
-0.252442
-0.252369
-0.252299
-0.252225
-0.252012
-0.251791
-0.251567
-0.251352
-0.251135
-0.250912
-0.250697
-0.250484
-0.250264
-0.250106
-0.249953
-0.249797
-0.249628
-0.249459
-0.249297
-0.249131
-0.248955
-0.248802
-0.248658
-0.248516
-0.248355
-0.248196
-0.248053
-0.247905
-0.247751
-0.247599
-0.247444
-0.247304
-0.247162
-0.247023
-0.246885
-0.24674
-0.246593
-0.246449
-0.246314
-0.246166
-0.246022
-0.24589
-0.245764
-0.245637
-0.2455
-0.245365
-0.245232
-0.245096
-0.244958
-0.244782
-0.244606
-0.244434
-0.244268
-0.24411
-0.24396
-0.243818
-0.243681
-0.243539
-0.243387
-0.243295
-0.243203
-0.243119
-0.243032
-0.242941
-0.242856
-0.242773
-0.242691
-0.242608
-0.242552
-0.242495
-0.242442
-0.242393
-0.242347
-0.242303
-0.242259
-0.242204
-0.242148
-0.242093
-0.242034
-0.241983
-0.241928
-0.241866
-0.2418
-0.241732
-0.241666
-0.241602
-0.241539
-0.241477
-0.241418
-0.241353
-0.241281
-0.241209
-0.241137
-0.241074
-0.241008
-0.240966
-0.240929
-0.240901
-0.240876
-0.240854
-0.24083
-0.240804
-0.240771
-0.240731
-0.240685
-0.240648
-0.240617
-0.240587
-0.240559
-0.240538
-0.240516
-0.240491
-0.240485
-0.24048
-0.240469
-0.240454
-0.240438
-0.240423
-0.240409
-0.240395
-0.240386
-0.240354
-0.24032
-0.240289
-0.240258
-0.24022
-0.240179
-0.24014
-0.240105
-0.240062
-0.240016
-0.239968
-0.23993
-0.239891
-0.239851
-0.239813
-0.239779
-0.239742
-0.239722
-0.2397
-0.239676
-0.239654
-0.239632
-0.239615
-0.239599
-0.23958
-0.239556
-0.239531
-0.239503
-0.239477
-0.239455
-0.239437
-0.239429
-0.23942
-0.239407
-0.239392
-0.239385
-0.239384
-0.239385
-0.239386
-0.239394
-0.239404
-0.239393
-0.239381
-0.239371
-0.239363
-0.239356
-0.239349
-0.239352
-0.23936
-0.239344
-0.239328
-0.239315
-0.239303
-0.239294
-0.239288
-0.239276
-0.239259
-0.23928
-0.239308
-0.239337
-0.239359
-0.239386
-0.239419
-0.239458
-0.239501
-0.239536
-0.239567
-0.239597
-0.239627
-0.239659
-0.239697
-0.239738
-0.23977
-0.23981
-0.239853
-0.239895
-0.239937
-0.23998
-0.24002
-0.240053
-0.240087
-0.240126
-0.240159
-0.240182
-0.240206
-0.240232
-0.240257
-0.240288
-0.240319
-0.240355
-0.240391
-0.240424
-0.240457
-0.240491
-0.240526
-0.240572
-0.240616
-0.240653
-0.240689
-0.240731
-0.240775
-0.240816
-0.240853
-0.240892
-0.240933
-0.240974
-0.241016
-0.241053
-0.24109
-0.241111
-0.241134
-0.241158
-0.24118
-0.241203
-0.241231
-0.241259
-0.241287
-0.241304
-0.24132
-0.241336
-0.241353
-0.241369
-0.241382
-0.241391
-0.241403
-0.241413
-0.241426
-0.241436
-0.241447
-0.241452
-0.241454
-0.241457
-0.24146
-0.241461
-0.241476
-0.241492
-0.241506
-0.241518
-0.241539
-0.241561
-0.241584
-0.241612
-0.241622
-0.241631
-0.241646
-0.241663
-0.241681
-0.241703
-0.241723
-0.241739
-0.241752
-0.241763
-0.241792
-0.241825
-0.241861
-0.241897
-0.241931
-0.241963
-0.241998
-0.242032
-0.242068
-0.242097
-0.242122
-0.242144
-0.242163
-0.242183
-0.242205
-0.242225
-0.242243
-0.242265
-0.242289
-0.242315
-0.242341
-0.242371
-0.242402
-0.242434
-0.242463
-0.24249
-0.242515
-0.242525
-0.242534
-0.242544
-0.242556
-0.242573
-0.242591
-0.242607
-0.242624
-0.242624
-0.242643
-0.242221
-0.241801
-0.24138
-0.240961
-0.240543
-0.240126
-0.239711
-0.2393
-0.239355
-0.239406
-0.239453
-0.239502
-0.239555
-0.239605
-0.239653
-0.239698
-0.239739
-0.239774
-0.239809
-0.239846
-0.23988
-0.239913
-0.239949
-0.239984
-0.240016
-0.240031
-0.240048
-0.240065
-0.240077
-0.240086
-0.240093
-0.240101
-0.240109
-0.24012
-0.24013
-0.240142
-0.240153
-0.240166
-0.240179
-0.240198
-0.240214
-0.24023
-0.240244
-0.240258
-0.24027
-0.24028
-0.240286
-0.240289
-0.240292
-0.240308
-0.240327
-0.240345
-0.240362
-0.240378
-0.240395
-0.240415
-0.240437
-0.240459
-0.240473
-0.240489
-0.24051
-0.240533
-0.24055
-0.240565
-0.240581
-0.240601
-0.240623
-0.240669
-0.240718
-0.240766
-0.240812
-0.240853
-0.24089
-0.240924
-0.240962
-0.241006
-0.241049
-0.241089
-0.241125
-0.241157
-0.241187
-0.241214
-0.241238
-0.241251
-0.241267
-0.241287
-0.241307
-0.241328
-0.24135
-0.241367
-0.241384
-0.241413
-0.241441
-0.241468
-0.241492
-0.241514
-0.241532
-0.241548
-0.241565
-0.241586
-0.241613
-0.241639
-0.241665
-0.241693
-0.241719
-0.241746
-0.241771
-0.241791
-0.24181
-0.241827
-0.241846
-0.241865
-0.24188
-0.241894
-0.241908
-0.241919
-0.24193
-0.241936
-0.241942
-0.241949
-0.241955
-0.24196
-0.241965
-0.241973
-0.241982
-0.241992
-0.242004
-0.242017
-0.242033
-0.242047
-0.24206
-0.241639
-0.241219
-0.240799
-0.240376
-0.239952
-0.239528
-0.239106
-0.238688
-0.238272
-0.237857
-0.237441
-0.237028
-0.236616
-0.236203
-0.23579
-0.235375
-0.235404
-0.235433
-0.235462
-0.235492
-0.235523
-0.235554
-0.235586
-0.235619
-0.23563
-0.235642
-0.235653
-0.235666
-0.235677
-0.23569
-0.235704
-0.235716
-0.235728
-0.235734
-0.235739
-0.235743
-0.235748
-0.235753
-0.235759
-0.235764
-0.23577
-0.235773
-0.235772
-0.23577
-0.235767
-0.235759
-0.235753
-0.235748
-0.235744
-0.235741
-0.23574
-0.235739
-0.23574
-0.235741
-0.235742
-0.235743
-0.235744
-0.235747
-0.235749
-0.235751
-0.23575
-0.235748
-0.235743
-0.235735
-0.235725
-0.235712
-0.235699
-0.235687
-0.235681
-0.235677
-0.235675
-0.235675
-0.235678
-0.23568
-0.235683
-0.235686
-0.235692
-0.235697
-0.2357
-0.235705
-0.23571
-0.235717
-0.235722
-0.23573
-0.235738
-0.235744
-0.235748
-0.235751
-0.235753
-0.23576
-0.235766
-0.235775
-0.235777
-0.235782
-0.235788
-0.235794
-0.235802
-0.235811
-0.23582
-0.235829
-0.235837
-0.235846
-0.235872
-0.235901
-0.23593
-0.235959
-0.235988
-0.236018
-0.236047
-0.236077
-0.236107
-0.236154
-0.236204
-0.236256
-0.236309
-0.236362
-0.236416
-0.23647
-0.236508
-0.236545
-0.236584
