0
0
0
0
0
0
0
0
0
0
0
0
0
0
0
0
0
0
0
0
0
0
0
0
0
0
0
0
0
0
0
0
0
0
0
0
0
0
0
0
0
0
0
0
0
0
0
0
0
0
0
0
0
0
0
0
0
0
0
0
0
0
0
0
0
0
0
0
0
0
0
0
0
0
0
0
0
0
0
0
0
0
0
0
0
0
0
0
0
0
0
0
0
0
0
0
0
0
0
0
0
0
0
0
0
0
0
0
0
0
0
0
0
0
0
0
0
0
0
0
0
0
0
0
0
0
0
0
0
0
0
0
0
0
0
0
0
0
0
0
0
0
0
0
0
0
0
0
0
0
0
0
0
0
0
0
0
0
0
0
0
0
0
0
0
0
0
0
0
0
0
0
0
0
0
0
0
0
0
0
0
0
0
0
0
0
0
0
0
0
0
0
0
0
0
0
0
0
0
0
0
0
0
0
0
0
0
0
0
0
0
0
0
0
0
0
0
0
0
0
0
0
0
0
0
0
0
0
0
0
0
0
0
0
0
1.90479
1.90637
1.90677
1.90803
1.90836
1.90939
1.90796
1.90909
1.94313
1.94288
1.94354
1.94503
1.94676
1.94851
1.95
1.95594
1.95557
1.9544
1.95307
1.95209
1.94836
1.94708
1.94631
2.0089
2.0079
2.00559
2.0053
2.00514
2.00397
2.00345
2.00487
2.00565
2.03093
2.03241
2.03385
2.03668
2.03769
2.03842
2.0402
2.04112
2.04199
2.04836
2.04923
2.05037
2.04878
2.04741
2.04766
2.04967
2.05016
2.0511
2.06442
2.06623
2.068
2.06544
2.06492
2.06366
2.05888
2.05322
2.05035
2.04776
2.03998
2.03605
2.0332
2.03242
2.03181
2.03065
2.02662
2.02561
2.02441
2.01598
2.01531
2.01543
2.01246
2.01183
2.01095
2.00883
2.00698
2.00551
2.00104
1.99948
1.99767
1.99518
1.99431
1.99561
1.99204
1.98533
1.98337
1.98216
1.97616
1.97525
1.97214
1.96892
1.96803
1.96624
1.9623
1.95943
1.96009
1.96138
1.96153
1.96578
1.96301
1.96013
1.95813
1.95753
1.95594
1.95264
1.95413
1.97303
1.97324
1.97456
1.97126
1.97097
1.97258
1.97397
1.97314
1.96988
1.94365
1.94154
1.94144
1.93967
1.93954
1.9382
1.93212
1.93174
1.93129
1.92357
1.9249
1.92322
1.91948
1.91592
1.9167
1.9152
1.91257
1.91037
1.93339
1.93315
1.93178
1.93354
1.93327
1.92908
1.92646
1.92393
1.92486
1.91697
1.9159
1.91414
1.91495
1.91625
1.91849
1.91906
1.91722
1.91639
1.93016
1.93403
1.93904
1.93904
1.94349
1.94301
1.94166
1.94093
1.94537
1.95387
1.95719
1.95933
1.9602
1.97503
1.97503
1.97801
1.9828
1.98558
1.98616
1.98916
1.9908
1.98878
1.98965
1.99266
1.99507
1.9964
1.99535
1.99704
1.98414
1.98244
1.98024
1.98622
1.99355
1.99485
2.00075
2.00555
2.01005
2.01145
2.01002
2.00844
2.0107
2.01531
2.0195
2.02067
2.02221
2.00912
2.00899
2.0057
2.00595
2.00328
2.00337
2.00559
2.0079
2.00847
1.99096
1.99537
1.99935
1.99747
1.99655
1.99963
2.00147
2.00387
2.00377
2.0078
2.00637
2.00378
2.00067
2.00177
2.00327
2.0031
2.00588
2.01085
2.01509
2.0273
2.03902
2.04082
2.04441
2.05168
2.05383
2.05764
2.06244
2.06
2.06
2.06
2.06
2.06
2.06
2.06
2.06
2.06
2.06
2.06806
2.06829
2.06866
2.06912
2.06984
2.07251
2.07169
2.07808
2.08251
2.03915
2.04303
2.04254
2.04243
2.0458
2.04979
2.05353
2.05678
2.01326
2.01146
2.01066
2.01149
2.00941
2.01046
2.01356
2.01236
2.01275
1.98115
1.97788
1.97752
1.97642
1.9737
1.97028
1.96746
1.96878
1.97198
1.98562
1.99396
1.99244
1.99521
1.99669
1.99812
2.00141
2.00478
2.01391
2.0152
2.02077
2.0184
2.02374
2.03138
2.03185
2.03747
2.03827
2.04584
2.04731
2.04557
2.04514
2.04605
2.05045
2.05552
2.05849
2.06039
2.09122
2.08967
2.09178
2.09055
2.0886
2.08332
2.08258
2.02382
2.02064
2.0166
2.01323
2.0121
2.00644
2.00145
2.0002
1.9948
2.0039
2.00646
2.0072
2.01186
2.00988
2.0098
2.00989
2.00525
2.00293
2.00621
2.00267
2.00088
1.99864
1.99855
1.99828
1.99835
1.99848
2.01155
2.0127
2.01634
2.02098
2.02565
2.03122
2.03496
2.03484
2.03041
2.02827
2.02492
2.01982
2.01729
2.01834
2.02074
2.02124
2.02148
2.02183
2.02319
2.02356
2.02407
2.02199
2.02237
2.01339
2.006
1.99809
1.99604
1.98731
1.97673
1.97547
1.9704
1.96686
1.9674
1.96485
1.95909
1.95738
1.95
1.95852
1.9614
1.96407
1.96569
1.96795
1.97003
1.96694
1.96208
1.99879
1.99446
1.9861
1.98716
1.98997
1.99729
2.00112
2.002
2.00143
1.99636
1.99223
1.98871
1.98498
1.98412
1.98088
1.98773
1.99296
1.99798
1.9841
1.98197
1.9848
1.98244
1.98239
1.98161
1.9801
1.98361
1.97683
1.97753
1.97998
1.98512
1.98006
1.97447
1.97149
1.96101
1.96119
1.96585
1.95927
1.95922
1.96088
1.96441
1.9643
1.95743
1.95372
1.94754
1.94375
1.9359
1.93244
1.93331
1.92354
1.92155
1.9193
1.92821
1.98924
1.98683
1.99038
1.98882
1.98176
1.98363
1.98942
1.99589
1.9894
1.96706
1.96419
1.9573
1.95299
1.95558
1.95815
1.96422
1.96942
1.97317
1.97576
1.98018
1.98018
1.98206
1.99144
1.99921
2.00334
2.00394
2.00764
2.00853
2.0253
2.03615
2.04983
2.064
2.07204
2.08265
2.08086
2.07899
2.08322
2.09249
2.09249
2.09249
2.09249
2.09249
2.09249
2.09249
2.09249
2.09249
2.09661
2.10532
2.1083
2.11266
2.1129
2.11932
2.1164
2.13184
2.13268
2.13768
2.13432
2.13589
2.137
2.14294
2.1436
2.14259
2.14086
2.13507
2.10458
2.10609
2.10518
2.10282
2.10371
2.11061
2.11239
2.111
2.17223
2.17954
2.18621
2.19147
2.20045
2.20856
2.21464
2.21957
2.21901
2.22396
2.14998
2.14363
2.13358
2.12952
2.11754
2.12133
2.11448
2.11924
2.11514
2.07425
2.07407
2.076
2.07128
2.06416
2.06036
2.05168
2.05237
2.05312
2.03764
2.04277
2.04485
2.04848
2.05013
2.05327
2.05057
2.06255
2.06234
2.10163
2.09208
2.0921
2.0957
2.09403
2.10097
2.0971
2.09386
2.08911
2.0613
2.05436
2.04535
2.04087
2.02993
2.02231
2.01643
2.00646
2.00445
1.9646
1.95988
1.94909
1.94564
1.9345
1.92812
1.92579
1.92507
1.92075
1.92641
1.92456
1.92162
1.92465
1.91334
1.91401
1.89448
1.89373
1.89025
1.92672
1.92563
1.92092
1.90793
1.90771
1.9094
1.90811
1.90575
1.90834
1.8905
1.88526
1.87799
1.86574
1.86125
1.86102
1.83392
1.83124
1.829
1.81745
1.82168
1.81282
1.80867
1.79845
1.79657
1.79772
1.80317
1.79926
1.79486
1.79497
1.79038
1.78319
1.78105
1.77287
1.76368
1.76206
1.86943
1.88026
1.87858
1.8603
1.86157
1.866
1.85888
1.8504
1.84921
1.84921
1.84921
1.84921
1.84921
1.84921
1.84921
1.84921
1.84921
1.84921
1.84921
1.90324
1.90729
1.91223
1.9144
1.91257
1.91842
1.91141
1.91898
1.91981
1.92498
1.93247
1.93647
1.94256
1.94224
1.9458
1.94579
1.94063
1.9404
1.95528
1.95413
1.95636
1.96408
1.97237
1.96974
1.96962
1.97496
1.97697
1.98211
1.98108
1.95294
1.95969
1.96652
1.97282
1.97395
1.99834
1.99834
2.00287
1.99623
1.99745
1.99522
1.99385
1.99739
1.99882
2.00049
2.00064
2.00726
2.05423
2.05905
2.06364
2.07047
2.05827
2.05624
2.05519
2.0548
2.04728
1.85957
1.85128
1.8506
1.86249
1.86691
1.87031
1.87457
1.87989
1.96832
1.96158
1.95788
1.96039
1.9672
1.96782
1.96121
1.94822
1.93715
1.77538
1.7767
1.77755
1.77106
1.76734
1.77103
1.77345
1.77253
1.94549
1.94019
1.93601
1.9327
1.93713
1.94457
1.94942
1.95288
1.77514
1.76992
1.78016
1.7807
1.77869
1.78887
1.80461
1.80087
1.85071
1.86164
1.87474
1.88583
1.89279
1.89345
1.89106
1.90009
1.90619
1.8793
1.88078
1.87742
1.87964
1.87302
1.87773
1.8815
1.87518
1.86417
1.82073
1.81127
1.79971
1.79332
1.7851
1.77811
1.78011
1.77589
1.77745
1.76515
1.75248
1.74715
1.73627
1.73243
1.72696
1.71975
1.64719
1.65189
1.66019
1.65928
1.65388
1.64643
1.65354
1.63723
1.68594
1.68992
1.6944
1.69362
1.69126
1.68304
1.68169
1.68238
1.68137
1.68137
1.68137
1.68137
1.68137
1.68137
1.68137
1.68137
1.68137
1.84182
1.83044
1.82976
1.82551
1.82166
1.81756
1.82744
1.82941
1.78124
1.77708
1.78648
1.79068
1.77948
1.77228
1.76923
1.76239
1.75485
1.72573
1.74229
1.7341
1.72665
1.74094
1.75865
1.75805
1.74795
1.80668
1.82576
1.82844
1.83822
1.84672
1.86073
1.86472
1.86891
1.87921
1.87944
1.89265
1.89987
1.89807
1.90419
1.90158
1.8897
1.879
1.86952
1.82702
1.82172
1.82721
1.83026
1.82423
1.81829
1.81876
1.80547
1.80329
1.72388
1.71413
1.72068
1.72294
1.72116
1.72017
1.72781
1.73156
1.72437
1.70489
1.69469
1.68672
1.66727
1.65827
1.67368
1.67601
1.68494
1.68432
1.71281
1.71009
1.7048
1.69485
1.69118
1.6876
1.6877
1.69128
1.67855
1.65962
1.66535
1.6787
1.68239
1.68195
1.68271
1.69181
1.69417
1.69406
1.66477
1.66412
1.66404
1.65682
1.64309
1.61748
1.61748
1.60482
1.60145
1.5923
1.61608
1.61923
1.62411
1.61537
1.63093
1.64111
1.64054
1.63018
1.61677
1.54914
1.55266
1.541
1.54556
1.55629
1.54802
1.53505
1.53186
1.51633
1.47524
1.45995
1.46834
1.48296
1.4849
1.46642
1.47125
1.48687
1.49754
1.50168
1.46677
1.45622
1.46157
1.46867
1.45312
1.46228
1.47157
1.47078
1.45851
1.44607
1.43951
1.75974
1.75065
1.76278
1.77355
1.77056
1.76439
1.76279
1.75018
1.74487
1.74748
1.75328
1.74206
1.74165
1.75526
1.77427
1.78185
1.7836
1.78078
1.78716
1.79604
1.78897
1.79581
1.80889
1.79045
1.78069
1.79334
1.81269
1.8134
1.82046
2.34
2.32615
2.3215
2.32196
2.31741
2.31267
2.31804
2.32218
2.31999
2.24464
2.25104
2.25081
2.24716
2.26586
2.29037
2.30035
2.29079
2.28725
2.30158
2.3231
2.33162
2.34404
2.34507
2.33118
2.33375
2.34553
2.36191
2.35716
2.35105
2.35676
2.31905
2.31905
2.32186
2.3118
2.31078
2.19781
2.19325
2.18367
2.17328
2.16814
2.16858
2.18685
2.18855
2.18122
2.1687
2.15492
2.16665
2.17067
2.15803
2.16407
2.18151
2.19419
2.19539
2.17101
2.16798
2.14748
2.13063
2.12949
2.14298
2.15208
2.15639
2.15062
2.13532
2.12826
2.11737
2.11647
2.12754
2.11316
2.11329
2.10108
2.11274
2.10976
2.07839
1.96066
1.97592
1.97359
1.96912
1.96852
1.97422
1.96805
1.96038
1.9561
1.89805
1.90062
1.89335
1.89114
1.91237
1.91619
1.91068
1.89281
1.98096
1.98989
1.99457
1.98309
1.96312
1.9577
1.96538
1.97895
1.96185
1.95772
1.95148
1.95926
1.94788
1.93445
1.93222
1.92674
1.90901
1.90278
1.94019
1.94802
1.94186
1.92892
1.9269
1.93132
1.9348
1.939
1.933
1.88189
1.89551
1.91021
1.91071
1.89548
1.88824
1.90347
1.91516
1.93133
1.90778
1.8866
1.87447
1.8748
1.89272
1.9012
1.89488
1.88893
1.88092
1.86882
1.87246
1.85791
1.85955
1.85365
1.84324
1.84932
1.86238
1.86763
1.92837
1.92354
1.90722
1.90317
1.89944
1.90888
1.91524
1.88952
1.88242
1.95292
1.97735
1.97418
1.95032
1.95507
1.95638
1.9563
1.94174
1.93502
2.01103
2.00803
2.00161
2.01229
2.02626
2.01691
1.99976
1.99572
2.01101
2.19621
2.18897
2.20258
2.21451
2.21049
2.20216
2.21144
2.21531
2.22365
2.22365
2.05144
2.07384
2.07964
2.09214
2.08699
2.07402
2.06389
2.06392
2.02843
2.03414
2.01509
2.02076
2.03142
2.03741
2.03609
2.03647
2.04405
2.04662
1.79336
1.79922
1.79269
1.78998
1.80081
1.83012
1.84551
1.84378
1.83066
1.82726
1.88703
1.90122
1.90216
1.89803
1.94526
1.95011
1.9518
1.94535
1.94871
1.96767
1.9942
2.00059
2.01458
2.01228
2.00098
2.00862
2.02252
1.99262
2.00318
1.98828
1.99297
2.00406
1.99837
2.00017
2.009
2.03667
1.97014
1.97747
1.99562
2.0205
2.05393
2.06636
2.07279
2.07554
2.06619
2.09201
2.12321
1.44506
1.45246
1.45066
1.44218
1.44093
1.43629
1.44636
1.44936
1.44129
2.07882
2.09966
2.10143
2.09494
2.08522
2.07042
2.06494
2.07544
2.08603
2.02757
2.0438
2.05952
2.06283
2.05951
2.04906
2.02804
2.00297
2.01749
2.01352
1.99709
1.97927
1.96479
1.94915
1.94402
1.93046
1.90767
1.89199
1.88123
1.86154
1.87807
1.88565
1.92054
1.92668
1.93304
1.94882
1.95721
1.94603
1.94457
1.96387
1.99384
2.01741
2.03591
2.05721
2.06826
2.06629
2.27193
2.25178
2.24022
2.23669
2.2311
2.23792
2.23791
2.24984
2.25074
2.09192
2.07455
2.07557
2.07837
2.07297
2.06973
2.06957
2.07326
2.08119
2.07111
2.00881
2.02785
2.02984
2.02876
2.01642
2.01773
2.01817
2.01163
1.96632
1.97057
1.97001
1.98483
1.99989
2.01848
2.02583
2.01065
2.02018
2.07687
2.07554
2.07192
2.05954
2.0437
2.02798
2.02923
2.03603
2.04261
2.04261
2.06875
2.06399
2.03793
2.03209
2.0435
2.04588
2.02973
2.01446
1.99755
1.91902
1.88587
1.88598
1.89171
1.88954
1.88146
1.87833
1.87716
1.85751
1.92455
1.92856
1.9414
1.96616
1.98086
1.97978
1.98074
1.97012
1.98273
2.02156
2.02425
2.01753
2.00582
1.99357
1.98774
1.99788
1.9855
1.98161
2.03503
2.03379
2.03856
2.03571
2.0347
2.0409
2.05804
2.06801
2.04603
2.06875
2.08348
2.09392
2.08486
2.09274
2.10568
2.09267
2.0753
2.04848
2.04394
2.03266
2.01172
2.00342
2.00204
1.99736
1.9941
1.98199
1.96914
1.9285
1.94064
1.92306
1.93409
1.94992
1.94164
1.97118
1.97701
1.97279
1.96553
1.97078
1.98362
2.00672
2.09435
2.09906
2.09362
2.08018
2.10793
2.11074
2.13079
2.13718
2.14452
2.11941
2.11791
2.10911
2.0986
2.10706
2.11235
2.12819
2.14402
2.18061
2.18565
2.28416
2.30418
2.32813
2.31462
2.30583
2.28842
2.28989
2.29693
2.30976
2.31785
2.18424
2.17774
2.17763
2.1752
2.15368
2.1477
2.13705
2.14122
2.0795
2.05154
2.03688
2.0274
2.01897
2.03371
2.04838
2.07367
2.10609
2.16711
2.17907
2.19805
2.19543
2.18735
2.18265
2.16842
2.16041
2.14444
2.14341
2.14088
2.14088
2.14088
2.14088
2.14088
2.14088
2.14088
2.14088
2.14088
2.14088
2.09608
2.102
2.10745
2.1118
2.13252
2.1443
2.13363
2.12061
2.13207
2.13207
2.13207
2.13207
2.13207
2.13207
2.13207
2.13207
2.13207
2.13207
2.13207
2.13207
2.13207
2.13207
2.13207
2.13207
2.13207
2.13207
2.13207
2.13207
2.07927
2.08072
2.08269
2.08881
2.09944
2.11972
2.13084
2.13033
2.00727
2.02462
2.04823
2.07806
2.07886
2.07547
2.06156
2.05086
2.06122
2.03986
2.01879
2.0233
2.02555
1.99052
1.98689
2.00562
2.01227
2.01267
1.94718
1.93364
1.9275
1.92356
1.91349
1.92951
1.93608
1.93798
1.95224
1.93828
2.08567
2.07954
2.09168
2.09518
2.10148
2.1162
2.09014
2.09675
2.1206
2.11031
2.11813
2.10363
2.09306
2.09385
2.07867
2.0577
2.05682
2.02965
2.02645
2.0315
2.03012
2.0344
2.01983
2.00609
1.97711
1.97167
1.9752
1.95992
1.95547
1.9509
1.98487
1.99105
2.01707
2.07843
2.09055
2.11089
2.123
2.12522
2.128
2.14934
2.15032
2.135
2.10496
1.88595
1.88595
1.85918
1.8516
1.92302
1.94172
1.93927
1.92764
1.91609
1.89785
1.87011
1.88845
1.90818
1.91398
1.90957
2.23061
2.24584
2.26762
2.28357
2.26588
2.27741
2.26303
2.28709
2.24259
2.21137
2.03091
2.03665
2.06184
2.08317
2.09369
2.10632
2.08195
2.05445
2.05164
2.06894
2.09336
2.07527
2.05964
2.07445
2.06992
2.06921
2.08456
2.07576
2.07248
2.13894
2.13675
2.14467
2.15048
2.14681
2.16492
2.17746
2.18212
2.10521
2.107
2.12816
2.14442
2.17508
2.18622
2.19105
2.18516
2.14295
2.11352
2.09348
2.08265
2.06013
2.03715
2.03307
2.03924
2.0488
2.05983
2.05532
2.02968
2.03111
2.03762
2.03064
2.03033
2.21197
2.23579
2.26529
2.27836
2.25606
2.24055
2.23841
2.24544
2.25743
2.27205
2.2887
2.30482
2.30436
2.32981
2.3211
2.34097
2.35171
2.36804
2.38127
2.3827
2.36329
2.32999
2.31644
2.32238
2.2814
2.25624
2.21999
2.22048
2.24775
2.24436
2.25398
2.26149
2.26211
2.25776
2.25128
2.24952
2.26573
2.26573
2.26573
2.26573
2.26573
2.26573
2.26573
2.26573
2.26573
2.26573
2.26573
2.26573
2.26573
2.26573
2.26573
2.26573
2.26573
2.26573
2.26573
2.26573
2.26573
2.26573
2.26573
2.26573
2.26573
2.26573
2.26573
2.26573
2.26573
2.26573
2.26573
2.26573
2.26573
2.26573
2.26573
2.26573
2.26573
2.26573
2.26573
2.26573
2.26573
2.26573
2.26573
2.26573
2.26573
2.26573
2.26573
2.26573
2.26573
2.26573
2.26573
2.26573
2.26573
2.26573
2.26573
2.26573
2.26573
2.26573
2.26573
2.26573
2.26573
2.26573
2.26573
2.26573
2.26573
2.26573
2.26573
2.26573
2.26573
2.26573
2.26573
2.26573
2.26573
2.26573
2.26573
2.26573
2.26573
2.26573
2.26573
2.26573
2.26573
2.26573
2.26573
2.26573
2.26573
2.26573
2.26573
2.26573
2.26573
2.26573
2.26573
2.26573
2.26573
2.26573
2.26573
2.26573
2.26573
2.26573
2.26573
2.26573
2.26573
2.26573
2.26573
2.26573
2.26573
2.26573
2.26573
2.26573
2.26573
2.26573
2.26573
2.26573
2.26573
2.26573
2.26573
2.26573
2.26573
2.26573
2.26573
2.26573
2.26573
2.26573
2.26573
2.26573
2.26573
2.26573
2.26573
2.26573
2.26573
2.26573
2.26573
2.26573
2.26573
2.26573
2.26573
2.26573
2.26573
2.26573
2.26573
2.26573
2.26573
2.26573
2.26573
2.26573
2.26573
2.26573
2.26573
2.26573
2.26573
2.26573
2.26573
2.26573
2.26573
2.26573
2.26573
2.26573
2.26573
2.26573
2.26573
2.26573
2.26573
2.26573
2.26573
2.26573
2.26573
2.26573
2.26573
2.26573
2.26573
2.26573
2.26573
2.26573
2.26573
2.26573
2.26573
2.26573
2.26573
2.26573
2.26573
2.26573
2.26573
2.26573
2.26573
2.26573
2.26573
2.26573
2.26573
2.26573
2.26573
2.26573
2.26573
2.26573
2.26573
2.26573
2.26573
2.26573
2.26573
2.26573
2.26573
2.26573
2.26573
2.26573
2.26573
2.26573
2.26573
2.26573
2.26573
2.26573
2.26573
2.26573
2.26573
2.26573
2.26573
2.26573
2.26573
2.26573
2.26573
2.26573
2.26573
2.26573
2.26573
2.26573
2.26573
2.26573
2.26573
2.26573
0.808077
0.816871
0.828658
0.824307
0.794721
0.671845
0.635601
0.62599
0.620036
0.610725
0.592232
0.569458
0.559107
0.558369
0.566463
0.566456
0.639104
0.619464
0.639114
0.656628
0.653945
0.649387
0.638681
0.635172
0.616904
0.588794
0.584996
0.467644
0.503287
0.506436
0.48466
0.448373
0.45491
0.457236
0.442844
0.433909
0.42876
0.427568
0.517144
0.556876
0.578818
0.548069
0.524212
0.498742
0.494428
0.470217
0.456758
0.432307
0.414551
0.403728
0.410614
0.425635
0.452741
0.472029
0.459866
0.439304
0.439195
0.459093
0.446323
0.438436
0.430104
0.402266
0.398138
0.417392
0.43823
0.452345
0.431002
-0.103289
-0.0774212
-0.0892692
-0.0900529
-0.0837895
-0.0845373
-0.114499
-0.120393
-0.113244
-0.112076
-0.148486
-0.137299
-0.151797
-0.136261
-0.135383
-0.166608
-0.174557
-0.161431
-0.149215
-0.157816
-0.176195
-0.179231
-0.167028
-0.182393
-0.193104
-0.169434
-0.167621
-0.149599
-0.159669
-0.162508
0.238633
0.240676
0.2315
0.228182
0.216546
0.202298
0.192653
0.184727
0.0958422
0.100746
0.0987192
0.0946806
0.0729523
0.058299
0.0657388
0.0604699
0.0522761
-0.0336197
-0.0299573
-0.0353495
-0.0309503
-0.0177901
-0.00343812
-0.0217742
-0.0345761
-0.0295691
0.0419257
0.043153
0.0429159
0.0407171
0.0652251
0.0636968
0.0675217
0.0868325
0.196655
0.190189
0.188694
0.187705
0.174255
0.166573
0.148934
0.151967
0.171946
-0.0160091
-0.0204715
-0.0272815
-0.0288717
-0.0175984
-0.0181803
-0.0357754
-0.0481836
-0.0247723
-0.0895744
-0.105481
-0.104546
-0.111575
-0.105865
-0.0991279
-0.0990514
-0.115402
-0.123709
-0.118484
-0.126406
-0.120171
-0.108225
-0.0981811
-0.107923
-0.100328
-0.10605
-0.12259
-0.184002
-0.163283
-0.170241
-0.151559
-0.125433
-0.128098
-0.137009
-0.132845
0.0098173
0.0206459
0.0269305
0.0190617
0.00240776
-0.00805527
0.0189688
0.0365084
0.0121038
-0.0131883
-0.0184428
0.010208
0.00322703
-0.0137255
-0.00675446
0.0149319
-0.0429511
-0.0160152
-0.0115646
0.00361124
0.0182193
-0.00381497
-0.0087156
0.00437814
0.0281909
0.00639442
0.00875399
0.0232325
0.00591853
0.00595057
0.0152327
0.00589079
-0.0299547
-0.0106087
0.00999188
-0.00107485
-0.0133859
-0.0138828
-0.00733498
-0.0060302
-0.00650406
-0.0232916
0.0152123
0.0266397
0.0210996
0.0183307
0.0161917
0.0065622
0.185601
0.0227359
0.0171535
0.00276291
0.00762659
0.00457007
-0.00615141
-0.0135041
-0.0210855
-0.0302225
-0.0469887
-0.0235885
-0.00855517
-0.00542566
0.00262919
0.0230365
-0.00416407
0.00117692
-0.0206947
-0.0403875
-0.0478868
-0.0516124
-0.0398146
-0.0242279
0.126667
0.13355
0.139023
0.143035
0.169262
0.182018
0.187051
0.197606
0.19533
-0.0381907
-0.055082
-0.0544956
-0.0455701
-0.0439203
-0.0720704
-0.0964914
-0.11652
-0.114565
-0.114079
-0.121242
-0.123277
-0.140248
-0.164691
-0.171996
-0.174509
-0.201952
-0.233962
0.269695
0.267119
0.251398
0.235576
0.22602
0.216792
0.202542
0.173732
0.163266
0.150063
-0.386939
-0.401958
-0.392875
-0.378189
-0.367176
-0.36342
-0.368972
-0.349832
-0.365339
-0.252817
-0.266172
-0.270591
-0.253669
-0.246802
-0.244384
-0.245162
-0.248376
-0.267106
-0.283024
-0.221792
-0.230839
-0.22786
-0.221223
-0.251906
-0.248988
-0.231878
-0.211569
-0.214217
-0.226073
-0.232452
-0.230487
-0.22346
-0.226776
-0.24081
-0.250111
-0.243049
-0.21961
-0.234854
-0.246627
-0.252591
-0.265418
-0.246256
-0.261934
-0.262114
-0.253321
-0.237036
-0.23081
-0.227277
-0.221982
-0.209167
-0.196658
-0.20789
-0.222507
-0.240757
-0.262599
-0.196609
-0.195232
-0.193456
-0.197176
-0.197291
-0.211493
-0.219378
-0.225195
-0.224173
-0.24598
-0.249819
-0.258187
-0.261453
-0.245937
-0.242021
-0.243571
-0.229659
-0.24227
-0.21669
-0.221114
-0.188124
-0.136178
-0.0771956
-0.0489377
-0.0187158
-0.0337332
-0.0392623
-0.0200163
-0.00786632
0.0138561
0.0191282
0.0295634
0.0359357
0.0349689
0.0337516
0.0755829
0.0851526
0.0755223
-0.198301
-0.199172
-0.203778
-0.207888
-0.21173
-0.216614
-0.2077
-0.193143
-0.182939
-0.213054
-0.136561
-0.148382
-0.148965
-0.15326
-0.148344
-0.137953
-0.133725
-0.131377
-0.1193
-0.112124
0.401174
0.400287
0.412582
0.425195
0.408763
0.391225
0.38913
0.39706
0.397945
-0.129019
-0.120115
-0.119205
-0.126327
-0.11273
-0.109794
-0.094164
-0.074632
-0.0788553
-0.0792259
-0.0694634
-0.0509858
-0.0402517
-0.0462577
-0.0543746
-0.0459343
-0.0409211
-0.0483649
-0.179457
-0.164026
-0.175313
-0.181452
-0.186488
-0.170272
-0.160638
-0.183884
-0.181002
-0.165219
-0.177665
-0.18145
-0.186357
-0.205938
-0.198152
-0.185752
-0.185293
-0.202513
-0.225469
-0.219463
-0.200189
-0.170735
-0.165836
-0.162077
-0.174151
-0.156614
-0.149531
-0.0831854
-0.0778012
-0.0771268
-0.081843
-0.0767509
-0.0594174
-0.0610249
-0.0631624
-0.0657497
-0.0777681
-0.103034
-0.125036
-0.124544
-0.134971
-0.151424
-0.178851
-0.217186
-0.235888
-0.354725
-0.381614
-0.417229
-0.436701
-0.468581
-0.499433
-0.505532
-0.509127
-0.498758
-0.474215
-0.464518
-0.473993
-0.475989
-0.469666
-0.456834
-0.447079
-0.441073
-0.433752
-0.388171
-0.375211
-0.384022
-0.418209
-0.42057
-0.43404
-0.447735
-0.448039
-0.462928
-0.486
-0.484847
-0.483664
-0.492705
-0.505589
-0.522135
-0.5392
-0.54147
-0.559061
-0.606933
-0.602692
-0.599836
-0.573985
-0.550809
-0.535873
-0.517812
-0.499175
-0.392752
-0.37764
-0.372883
-0.380608
-0.361626
-0.351064
-0.338861
-0.327143
-0.334182
-0.259404
-0.268815
-0.278564
-0.297502
-0.314809
-0.318236
-0.430563
-0.430563
-0.442066
-0.421692
-0.400867
-0.391231
-0.407969
-0.382434
-0.36213
-0.351656
-0.357986
-0.37771
-0.390917
-0.406116
-0.42572
-0.415548
-0.432222
-0.449289
-0.448968
-0.440503
-0.443001
-0.460777
-0.444628
-0.44014
-0.451149
-0.452149
-0.460823
-0.453259
-0.443368
-0.447847
-0.469966
-0.472392
-0.476905
-0.489783
-0.48822
-0.480723
-0.475519
-0.469905
-0.414542
-0.410162
-0.407448
-0.3922
-0.401973
-0.406633
-0.43058
-0.429764
-0.441985
-0.53185
-0.527468
-0.505498
-0.492411
-0.476478
-0.450079
-0.418541
-0.399557
-0.399557
-0.255377
-0.271637
-0.273207
-0.274339
-0.279188
-0.296119
-0.288652
-0.280045
-0.236905
-0.229195
-0.214378
-0.201972
-0.195917
-0.186382
-0.189664
-0.185666
-0.200292
-0.266961
-0.258516
-0.25214
-0.236902
-0.233269
-0.229761
-0.221124
-0.213768
-0.22442
-0.239937
-0.25658
-0.273276
-0.271991
-0.264936
-0.288846
-0.29048
-0.291509
-0.290513
-0.294757
-0.304135
-0.312494
-0.315254
-0.321812
-0.317394
-0.320642
-0.322861
-0.317694
-0.314555
-0.397467
-0.382089
-0.364174
-0.364024
-0.33024
-0.330841
-0.330316
-0.323057
-0.322329
-0.251814
-0.255163
-0.248914
-0.241197
-0.242777
-0.243141
-0.255599
-0.25156
-0.252679
-0.212699
-0.214061
-0.226241
-0.219419
-0.217198
-0.225026
-0.226444
-0.224309
-0.213635
-0.192507
-0.29498
-0.279551
-0.276123
-0.264803
-0.267487
-0.290711
-0.284501
-0.274556
-0.254386
-0.253269
-0.277193
-0.297773
-0.31066
-0.296704
-0.292922
-0.284378
-0.29519
-0.300205
-0.311897
-0.377474
-0.375076
-0.365157
-0.360039
-0.366314
-0.383896
-0.394927
-0.395856
-0.384592
-0.482681
-0.463911
-0.456881
-0.483764
-0.484652
-0.478742
-0.493451
-0.497607
-0.484824
-0.553709
-0.556343
-0.572278
-0.586247
-0.57158
-0.567188
-0.585022
-0.602536
-0.599368
-0.682882
-0.659921
-0.658799
-0.67439
-0.683189
-0.690021
-0.696082
-0.689576
-0.687349
-0.684761
-0.687134
-0.454541
-0.45344
-0.464178
-0.464853
-0.453825
-0.45766
-0.467565
-0.473263
-0.467336
-0.458943
-0.438036
-0.43223
-0.430493
-0.432724
-0.446616
-0.452133
-0.475319
-0.462364
-0.450566
-0.106251
-0.0999274
-0.0972879
-0.0825658
-0.0745528
-0.0770423
-0.0727914
-0.0731105
-0.0808084
-0.0808084
-0.0808084
-0.0808084
-0.0808084
-0.0808084
-0.0808084
-0.0808084
-0.0808084
-0.0808084
-0.0808084
-0.0808084
-0.0808084
-0.0808084
-0.0808084
-0.0808084
-0.0808084
-0.0808084
-0.0808084
-0.0808084
-0.0808084
-0.0808084
-0.0808084
-0.0808084
-0.0808084
-0.0808084
-0.0808084
-0.0808084
-0.0808084
-0.0808084
-0.0808084
-0.0808084
-0.0808084
-0.0808084
-0.0808084
-0.0808084
-0.0808084
-0.935562
-0.92518
-0.914404
-0.918201
-0.910071
-0.910769
-0.921706
-0.923275
-0.916636
-0.847176
-0.856553
-0.862721
-0.850456
-0.842617
-0.836188
-0.83316
-0.82485
-0.83587
-0.792275
-0.804299
-0.816531
-0.816973
-0.814546
-0.816415
-0.825152
-0.811796
-0.763489
-0.759584
-0.75661
-0.761319
-0.774011
-0.775848
-0.784916
-0.798057
-0.806371
-0.813452
-0.817485
-0.830607
-0.83185
-0.834031
-0.833113
-0.824594
-0.771435
-0.771392
-0.764687
-0.758358
-0.751184
-0.738435
-0.73408
-0.735486
-0.6882
-0.695653
-0.708376
-0.719322
-0.708964
-0.725264
-0.734883
-0.69822
-0.696369
-0.684833
-0.685195
-0.678938
-0.664474
-0.663244
-0.668298
-0.677956
-0.68962
-0.697901
-0.697455
-0.699128
-0.685089
-0.686114
-0.703049
-0.695559
-0.621501
-0.604686
-0.592775
-0.5807
-0.569531
-0.560394
-0.496328
-0.486722
-0.511597
-0.466621
-0.465294
-0.492803
-0.487996
-0.469771
-0.470359
-0.478474
-0.465678
-0.459439
-0.45134
-0.441279
-0.438345
-0.43476
-0.445969
-0.449894
-0.536826
-0.506558
-0.501037
-0.505033
-0.512282
-0.519856
-0.506609
-0.490434
-0.499085
-0.492569
-0.485678
-0.489779
-0.49142
-0.480053
-0.479073
-0.474774
-0.487471
-0.497279
-0.507122
-0.496941
-0.490583
-0.48886
-0.488076
-0.48253
-0.47902
-0.56538
-0.565647
-0.560341
-0.557891
-0.5313
-0.534261
-0.544216
-0.583543
-0.583522
-0.587994
-0.597652
-0.598273
-0.600462
-0.601046
-0.59599
-0.425617
-0.431574
-0.438528
-0.443142
-0.437607
-0.432714
-0.440878
-0.447574
-0.445259
-0.712945
-0.708726
-0.714048
-0.708603
-0.712267
-0.712834
-0.699265
-0.694441
-0.693574
-0.66034
-0.662528
-0.660895
-0.651991
-0.649664
-0.661039
-0.666208
-0.657348
-0.656767
-0.686314
-0.690701
-0.690677
-0.699426
-0.695586
-0.685503
-0.680436
-0.681868
-0.686172
-0.597701
-0.597403
-0.598246
-0.584012
-0.583932
-0.613794
-0.63389
-0.62967
-0.632275
-0.853875
-0.869855
-0.863318
-0.856945
-0.856325
-0.859595
-0.863168
-1.06208
-1.06602
-1.07513
-1.06655
-1.0561
-1.04248
-1.05309
-1.06705
-1.01173
-1.01639
-1.02085
-1.02896
-1.03791
-1.03454
-1.02738
-1.02341
-1.02424
-0.614603
-0.595978
-0.58647
-0.576902
-0.562831
-0.561466
-0.567135
-0.583756
-0.31837
-0.315158
-0.321546
-0.323878
-0.330644
-0.346692
-0.347306
-0.348672
-0.34242
-0.00964716
-0.0158317
-0.0170593
-0.0110885
-0.00378454
0.00596547
0.0181274
0.0203697
0.0267717
0.0174279
-0.239127
-0.244508
-0.257578
-0.268842
-0.276833
-0.272182
-0.274736
-0.275719
-0.27084
-0.25761
-0.221132
-0.21452
-0.212826
-0.209093
-0.199428
-0.199714
-0.191537
-0.199553
-0.200363
-0.214194
-0.218698
-0.217893
-0.208538
-0.204763
-0.204447
-0.209118
-0.212793
-0.217489
-0.222932
-0.223177
-0.209014
-0.208208
-0.208021
-0.183521
-0.181545
-0.175341
-0.171785
-0.174764
-0.175393
-0.185422
-0.190741
-0.195295
-0.189048
-0.183844
-0.179169
-0.177994
-0.18041
-0.177093
-0.0342909
-0.0250822
-0.0218631
-0.0308007
-0.0285497
-0.0215918
-0.0286973
-0.0315375
-0.0233965
-0.0874362
-0.0919043
-0.0879244
-0.0744862
-0.0749909
-0.0809548
-0.0762903
-0.0665647
-0.0899797
-0.0984455
-0.100786
-0.0800159
-0.0818716
-0.0987061
-0.0934803
-0.0864216
-0.0879326
-0.0847482
-0.100348
-0.0977923
-0.100599
-0.102308
-0.0935677
-0.0914417
-0.0947424
-0.10381
-0.0889461
-0.0940502
-0.105727
-0.111951
-0.110464
-0.0995372
-0.102131
-0.104002
-0.0998365
-0.0973722
-0.0569719
-0.0568184
-0.0598644
-0.0662861
-0.0751525
-0.0831443
-0.0912584
-0.0957305
-0.0909939
-0.0792531
-0.144802
-0.144053
-0.152092
-0.149032
-0.144266
-0.151232
-0.152816
-0.153422
-0.152749
-0.18122
-0.180162
-0.184627
-0.189294
-0.192144
-0.194001
-0.194032
-0.182683
-0.180403
-0.182333
-0.176991
-0.185615
-0.181941
-0.173602
-0.168557
-0.166988
-0.169444
-0.170236
-0.172451
-0.173084
-0.175271
-0.169984
-0.160777
-0.161364
-0.162045
-0.170262
-0.167801
-0.194514
-0.19969
-0.209292
-0.212758
-0.215858
-0.215082
-0.210671
-0.203961
-0.196148
-0.189037
-0.19936
-0.205713
-0.206914
-0.209068
-0.216302
-0.215277
-0.212578
-0.234243
-0.234158
-0.228295
-0.222794
-0.222384
-0.223684
-0.224636
-0.225007
-0.229993
-0.203158
-0.201654
-0.205331
-0.204702
-0.196631
-0.193156
-0.195088
-0.200679
-0.190255
-0.186733
-0.185794
-0.195164
-0.195528
-0.193787
-0.195703
-0.200387
-0.197252
-0.216971
-0.213921
-0.211648
-0.214738
-0.213817
-0.219375
-0.221594
-0.217537
-0.210895
-0.210909
-0.206744
-0.208796
-0.214275
-0.21788
-0.230261
-0.229141
-0.223601
-0.222099
-0.230904
-0.238678
-0.240247
-0.2407
-0.248109
-0.251792
-0.226348
-0.224823
-0.227737
-0.230116
-0.230692
-0.231588
-0.242886
-0.248079
-0.220439
-0.220736
-0.223811
-0.224611
-0.228407
-0.232512
-0.224717
-0.2187
-0.264603
-0.272743
-0.274672
-0.26564
-0.27205
-0.279047
-0.285749
-0.291237
-0.281692
-0.276893
-0.275847
-0.276408
-0.278685
-0.28562
-0.288854
-0.279221
-0.287881
-0.292319
-0.290758
-0.291216
-0.292566
-0.288048
-0.280785
-0.281411
-0.287898
-0.279724
-0.268773
-0.269602
-0.27239
-0.271112
-0.278225
-0.278225
-0.284582
-0.284521
-0.280678
-0.281597
-0.282849
-0.283133
-0.297447
-0.294783
-0.286578
-0.285943
-0.29212
-0.294842
-0.291679
-0.28736
-0.289501
-0.291675
-0.291866
-0.293546
-0.287227
-0.287326
-0.26765
-0.270283
-0.270938
-0.267772
-0.270346
-0.27609
-0.277052
-0.276452
-0.262285
-0.261241
-0.26253
-0.262109
-0.26172
-0.257124
-0.253762
-0.25674
-0.253145
-0.257954
-0.254704
-0.254469
-0.24838
-0.243931
-0.245033
-0.245928
-0.241997
-0.261047
-0.262369
-0.258914
-0.257041
-0.268285
-0.270076
-0.270992
-0.277228
-0.253589
-0.253948
-0.260244
-0.264144
-0.265124
-0.269528
-0.268087
-0.262416
-0.258446
-0.254962
-0.279869
-0.284653
-0.288518
-0.287798
-0.286061
-0.284012
-0.287528
-0.286498
-0.288215
-0.280414
-0.274415
-0.27018
-0.267561
-0.268552
-0.270262
-0.268389
-0.266444
-0.270819
-0.273968
-0.275568
-0.277071
-0.280932
-0.283813
-0.284199
-0.281055
-0.278482
-0.274944
-0.256256
-0.253631
-0.255564
-0.2591
-0.265291
-0.265793
-0.264241
-0.265198
-0.267868
-0.267868
0.318096
0.317041
0.318693
0.316058
0.316667
0.316704
0.313626
0.309787
-0.313277
-0.308058
-0.302703
-0.304381
-0.310919
-0.306563
-0.30328
-0.300179
-0.296077
-0.286122
-0.286472
-0.2901
-0.285485
-0.284679
-0.289281
-0.286368
-0.284231
-0.260385
-0.262877
-0.262072
-0.257558
-0.252319
-0.249179
-0.250777
-0.25058
-0.254825
-0.254643
-0.255663
-0.256255
-0.256729
-0.258914
-0.26567
-0.262901
-0.260898
-0.260548
-0.259079
-0.257041
-0.253306
-0.248373
-0.244709
-0.244893
-0.261853
-0.266126
-0.265874
-0.263758
-0.262467
-0.264415
-0.268069
-0.270843
-0.270165
-0.259533
-0.263161
-0.269755
-0.272117
-0.264257
-0.261307
-0.262693
-0.269619
-0.270327
-0.305734
-0.30861
-0.307327
-0.305976
-0.298391
-0.292695
-0.288607
-0.293361
-0.303807
-0.3011
-0.296969
-0.291501
-0.286582
-0.283555
-0.278642
-0.275211
-0.259379
-0.263983
-0.269529
-0.270314
-0.270783
-0.271902
-0.266208
-0.265421
-0.281886
-0.28147
-0.279749
-0.276245
-0.272043
-0.268132
-0.264261
-0.265155
-0.272255
-0.280003
-0.277842
-0.279628
-0.281153
-0.278894
-0.280301
-0.278627
-0.269493
-0.269274
-0.267425
-0.268445
-0.268596
-0.264688
-0.262177
-0.261191
-0.258463
-0.256821
-0.251225
-0.250281
-0.252288
-0.251195
-0.249138
-0.248357
-0.253606
-0.255281
-0.256382
-0.259619
-0.261318
-0.265828
-0.262153
-0.260356
0.372137
0.371654
0.373576
0.377719
0.381419
0.38093
0.378523
0.374984
0.371592
0.372237
0.372799
0.369805
0.370191
0.371528
0.372786
0.376501
-0.278042
-0.278419
-0.278672
-0.2802
-0.280621
-0.280933
-0.283191
-0.285611
-0.251642
-0.253117
-0.252384
-0.253991
-0.25201
-0.255712
-0.256297
-0.254426
-0.253309
-0.244208
-0.242966
-0.242632
-0.242339
-0.243399
-0.244352
-0.243876
-0.244049
-0.240775
-0.234892
-0.232784
-0.230092
-0.225109
-0.226008
-0.22808
-0.229087
-0.231256
-0.234299
-0.234627
-0.237126
-0.238283
-0.236882
-0.237105
-0.237667
-0.239512
-0.239296
-0.23888
-0.234611
-0.231744
-0.227777
-0.22472
-0.219985
-0.216384
-0.215615
-0.216655
-0.226223
-0.230561
-0.232917
-0.235766
-0.239022
-0.239258
-0.240773
-0.240195
-0.24394
-0.244327
-0.239942
-0.243293
-0.24303
-0.246277
-0.24389
-0.247966
-0.247966
-0.244957
-0.242624
-0.24025
-0.239475
-0.245264
-0.246413
-0.248401
-0.240147
-0.243105
-0.244369
-0.246164
-0.24805
-0.249657
-0.250439
-0.24861
-0.248589
-0.250353
-0.276333
-0.281247
-0.281139
-0.281088
-0.281805
-0.282481
-0.282343
-0.283113
-0.282265
-0.310691
-0.314328
-0.317879
-0.319503
-0.32018
-0.320933
-0.322815
-0.295376
-0.295474
-0.298338
-0.301392
