1.01961
0.319057
0.304176
0.299778
0.307446
0.306312
0.299645
0.299665
0.297332
0.27183
0.277788
0.210256
0.263703
0.24834
0.236829
0.226289
0.229757
0.224693
0.194032
0.213988
0.203396
0.190618
0.202
0.195512
0.173627
0.17298
0.174764
0.175057
0.168065
0.158312
0.148768
0.15394
0.149636
0.14164
0.139039
0.136388
0.135707
0.131629
0.125792
0.120299
0.119799
0.115687
0.10147
0.103724
0.101515
0.102031
0.097633
0.0895155
0.0923015
0.0892904
0.0861237
0.0856132
0.0764004
0.0806132
0.0780074
0.0716762
0.0718695
0.0713011
0.0702708
0.0667581
0.067198
0.0658823
0.0622901
0.0607686
0.056899
0.0556516
0.0578921
0.0549113
0.0505051
0.0488588
0.0471848
0.0490372
0.0470532
0.0425519
0.0445031
0.0376176
0.0408894
0.0359291
0.0382441
0.0368562
0.0350842
0.034507
0.0334596
0.0324353
0.0306193
0.0290564
0.0296304
0.0298102
0.0270012
0.0216964
0.0256893
0.0223029
0.0219284
0.0235936
0.0187159
0.0189938
0.0202386
0.0196562
0.0192578
0.0184831
0.0166425
0.0166861
0.0180283
0.0190818
0.0190009
0.018652
0.0189468
0.0177426
0.0183501
0.0190082
0.0189804
0.0190352
0.0198382
0.0193834
0.0191055
0.0200296
0.0189239
0.0187193
0.0178027
0.0174676
0.0179609
0.0169359
0.0164889
0.0171891
0.0177718
0.0176416
0.0173623
0.0171319
0.0169002
0.01747
0.0170247
0.0175601
0.0188655
0.0175918
0.017797
0.0176323
0.0179528
0.0173878
0.0174323
0.0168486
0.0168281
0.0168791
0.0168176
0.0171013
0.0157826
0.0161318
0.0167864
0.360254
0.124373
0.124721
0.125996
0.126736
0.126402
0.127783
0.127884
0.127768
0.12876
0.12876
0.129163
0.130738
0.130318
0.13044
0.131074
0.131112
0.131329
0.13157
0.131974
0.131815
0.132601
0.132645
0.132733
0.13364
0.133584
0.133296
0.13343
0.133593
0.133799
0.134328
0.134303
0.133968
0.134031
0.134352
0.134288
0.135146
0.134532
0.134534
0.134916
0.134949
0.134708
0.134754
0.134866
0.134921
0.135068
0.135095
0.135031
0.13506
0.135132
0.135124
0.135
0.135019
0.135088
0.135093
0.135275
0.135105
0.135287
0.135242
0.135228
0.135361
0.135367
0.135405
0.135388
0.135293
0.135377
0.135434
0.135238
0.135403
0.13545
0.135421
0.135469
0.135453
0.13539
0.135476
0.135495
0.13539
0.135502
0.13554
0.135581
0.135653
0.135611
0.135635
0.135664
0.135611
0.13557
0.135583
0.135619
0.135602
0.130333
0.133963
0.133963
0.133963
0.133963
0.133963
0.133963
0.136844
0.134859
0.134859
0.134859
0.134859
0.134859
0.134859
0.135167
0.134955
0.134955
0.134955
0.134955
0.134955
0.134955
0.134955
0.136501
0.135436
0.135436
0.135436
0.135436
0.135436
0.135436
0.135436
0.135436
0.134967
0.13529
0.13529
0.13529
0.13529
0.13529
0.13529
0.13529
0.13529
0.135235
0.135273
0.135273
0.135273
0.135273
0.135273
0.135273
0.135273
0.135273
0.134896
0.135156
0.135156
0.135156
0.135156
0.135156
0.135155
0.135156
0.135156
0.135156
0.135319
0.135206
0.135206
0.135206
0.135206
0.135206
0.135206
0.135206
0.135206
0.135335
0.135246
0.135246
0.135246
0.135246
0.135246
0.135246
0.135246
0.135246
0.135446
0.135308
0.135308
0.135308
0.135308
0.135308
0.135308
0.135308
0.135308
0.135308
0.135422
0.135344
0.135344
0.135344
0.135344
0.135344
0.135344
0.135344
0.135344
0.135344
0.135344
0.135229
0.133726
0.134692
0.134682
0.13471
0.134667
0.134568
0.13475
0.134692
0.13471
0.134764
0.134571
0.134667
0.134756
0.134771
0.134685
0.13456
0.134574
0.134556
0.134626
0.134554
0.134616
0.134565
0.134331
0.13452
0.134521
0.134443
0.13458
0.134459
0.134341
0.134297
0.134465
0.134372
0.134294
0.134279
0.134253
0.134315
0.134248
0.134393
0.134324
0.134109
0.134125
0.134099
0.134261
0.134409
0.134244
0.134202
0.134317
0.134366
0.134441
0.134394
0.134284
0.134313
0.134474
0.13459
0.134715
0.13454
0.134772
0.134601
0.134569
0.134631
0.134835
0.135064
0.134949
0.134945
0.134936
0.135603
0.135115
0.135217
0.135319
0.135286
0.135243
0.135331
0.135309
0.136043
0.13549
0.135485
0.135489
0.135486
0.13548
0.135476
0.135475
0.135477
0.135471
0.135441
0.135446
0.135457
0.135425
0.135434
0.135429
0.135427
0.135412
0.135401
0.135408
0.135425
0.135428
0.135424
0.135425
0.135422
0.135415
0.135378
0.135397
0.135367
0.13538
0.135391
0.135393
0.135376
0.13539
0.135419
0.135426
0.135376
0.135372
0.135412
0.135393
0.135407
0.135379
0.135427
0.135367
0.135385
0.135328
0.135356
0.135349
0.135329
0.135367
0.135411
0.13542
0.135301
0.135515
0.13543
0.135458
0.135467
0.135407
0.135368
0.135338
0.135465
0.135507
0.135345
0.135317
0.13535
0.135395
0.135375
0.135318
0.135298
0.135238
0.13525
0.135279
0.13528
0.135277
0.13528
0.13532
0.135246
0.135434
0.135423
0.135366
0.135457
0.135373
0.135376
0.135464
0.135499
0.135439
0.135362
0.135481
0.135481
0.135426
0.135463
0.135398
0.135465
0.135407
0.135455
0.135425
0.135418
0.135483
0.135434
0.135449
0.13544
0.135401
0.135384
0.135454
0.135497
0.135472
0.135283
0.135433
0.135356
0.13537
0.135369
0.135315
0.135292
0.135264
0.135291
0.135184
0.135324
0.135163
0.135076
0.135189
0.135072
0.135142
0.135088
0.135104
0.135168
0.135152
0.135126
0.135044
0.135003
0.13502
0.135031
0.134878
0.135054
0.13499
0.135055
0.135086
0.135164
0.13511
0.135102
0.135165
0.135198
0.135207
0.135184
0.135268
0.135285
0.135247
0.135207
0.135072
0.13514
0.135157
0.135091
0.135194
0.135164
0.135159
0.135234
0.135282
0.135157
0.135248
0.135235
0.135249
0.135225
0.13523
0.135226
0.135227
0.135247
0.135218
0.135175
0.135145
0.135121
0.135086
0.135095
0.135134
0.135202
0.135182
0.135238
0.13526
0.135246
0.135202
0.135174
0.135192
0.135196
0.135194
0.135176
0.135178
0.135183
0.135222
0.135194
0.135337
0.13535
0.135391
0.13534
0.135446
0.13542
0.135392
0.135446
0.135441
0.135402
0.135437
0.135483
0.13545
0.135418
0.135513
0.135422
0.135412
0.135413
0.1354
0.135395
0.135437
0.135461
0.135428
0.135465
0.135502
0.13545
0.135434
0.135393
0.135402
0.135415
0.135424
0.135461
0.135461
0.135463
0.13547
0.13546
0.135476
0.135424
0.13542
0.135409
0.135474
0.135465
0.135432
0.135465
0.135452
0.135458
0.135465
0.135429
0.135458
0.135445
0.13543
0.135403
0.135469
0.135481
0.135473
0.135525
0.135476
0.135501
0.135518
0.135491
0.135481
0.135468
0.135481
0.135513
0.135505
0.135506
0.135508
0.13552
0.13551
0.135498
0.135526
0.135514
0.135514
0.135481
0.135482
0.135497
0.135481
0.13549
0.1355
0.135483
0.135474
0.135466
0.135485
0.13548
0.135473
0.135467
0.135462
0.135452
0.135426
0.135444
0.135447
0.135445
0.135448
0.135451
0.135449
0.13545
0.135452
0.13545
0.13545
0.13545
0.13545
0.13545
0.135441
0.135436
0.135423
0.135406
0.135404
0.135385
0.135394
0.135409
0.135391
0.135378
0.135394
0.135389
0.135393
0.135367
0.13534
0.135326
0.135306
0.135287
0.135259
0.135254
0.135272
0.135258
0.135268
0.135214
0.135256
0.135076
0.135187
0.135069
0.135163
0.135132
0.135129
0.13509
0.135115
0.135122
0.135121
0.135161
0.135165
0.135112
0.135136
0.135152
0.135133
0.13508
0.135109
0.135144
0.135082
0.135067
0.135068
0.135061
0.135033
0.135029
0.135025
0.135031
0.13509
0.135073
0.135083
0.135146
0.135196
0.135177
0.135248
0.135158
0.135231
0.135157
0.135208
0.135241
0.135212
0.1352
0.135237
0.135257
0.135241
0.135256
0.135217
0.135207
0.135162
0.135139
0.135151
0.13513
0.135125
0.135105
0.135147
0.135035
0.135109
0.135222
0.13522
0.135179
0.135162
0.135206
0.135161
0.135216
0.135223
0.135242
0.135313
0.135296
0.135321
0.135317
0.135366
0.135367
0.135373
0.13542
0.135383
0.135439
0.13543
0.135451
0.135439
0.135458
0.135461
0.135454
0.135462
0.135469
0.135473
0.135471
0.135473
0.135478
0.135475
0.135488
0.135471
0.13548
0.135494
0.135487
0.135493
0.135484
0.135437
0.135476
0.135489
0.135479
0.135474
0.135499
0.135503
0.135463
0.13544
0.135391
0.135417
0.135438
0.135238
0.135355
0.135351
0.135327
0.135393
0.135285
0.135302
0.135225
0.135279
0.1353
0.135357
0.135196
0.135229
0.135267
0.135212
0.135162
0.135199
0.135113
0.135061
0.135122
0.137033
0.135626
0.135716
0.135929
0.135759
0.135714
0.135837
0.135877
0.135819
0.13352
0.135193
0.135057
0.135016
0.134957
0.134909
0.134916
0.135037
0.135117
0.135047
0.135041
0.135106
0.135139
0.135122
0.135074
0.135182
0.135018
0.135202
0.135138
0.135206
0.135307
0.135257
0.135304
0.135242
0.135295
0.13526
0.13519
0.135237
0.135219
0.135217
0.13526
0.135346
0.135384
0.135271
0.135294
0.135368
0.135345
0.135394
0.135334
0.135904
0.135432
0.135404
0.135453
0.135473
0.135784
0.135562
0.135519
0.13548
0.135561
0.135518
0.135519
0.135578
0.13556
0.135563
0.135551
0.135634
0.135609
0.135639
0.135654
0.135696
0.135481
0.135562
0.135566
0.135569
0.135473
0.135439
0.135409
0.135469
0.135619
0.135572
0.135577
0.135598
0.135624
0.135588
0.135507
0.135516
0.135575
0.135633
0.135599
0.135523
0.13543
0.1354
0.13545
0.135508
0.135515
0.135422
0.135432
0.135515
0.13551
0.135474
0.135413
0.135389
0.135378
0.135372
0.135454
0.135501
0.135494
0.135493
0.135463
0.135411
0.135559
0.135493
0.135473
0.135592
0.135678
0.135533
0.135665
0.135685
0.135728
0.135734
0.135714
0.135663
0.135633
0.135703
0.135704
0.135681
0.13568
0.13564
0.135684
0.135633
0.135697
0.135704
0.135645
0.135605
0.135513
0.135545
0.135511
0.135525
0.135499
0.135487
0.135546
0.135503
0.135479
0.135411
0.135399
0.135494
0.135551
0.135519
0.135541
0.135569
0.135548
0.135491
0.135447
0.1355
0.135537
0.135564
0.135464
0.135631
0.135544
0.135507
0.135492
0.135521
0.135533
0.135585
0.135548
0.135533
0.135542
0.135487
0.135476
0.135482
0.135402
0.13547
0.135515
0.135566
0.135646
0.134768
0.135215
0.13528
0.135249
0.135242
0.135233
0.13534
0.135298
0.136347
0.135641
0.13556
0.135571
0.135661
0.135652
0.135637
0.135661
0.13567
0.135629
0.135537
0.135643
0.135649
0.135533
0.135499
0.135568
0.135606
0.135514
0.13546
0.135511
0.135472
0.135462
0.135422
0.135451
0.135445
0.135447
0.135513
0.135523
0.13551
0.135482
0.135502
0.135485
0.135449
0.135442
0.135434
0.135439
0.135469
0.135437
0.135467
0.13544
0.135472
0.13545
0.135512
0.135481
0.135531
0.135538
0.135472
0.135482
0.135498
0.135496
0.135452
0.135458
0.135509
0.135567
0.135558
0.135562
0.135628
0.135606
0.135503
0.13554
0.135503
0.135536
0.135498
0.135536
0.135554
0.135585
0.135567
0.135572
0.135558
0.135539
0.135617
0.135586
0.135546
0.135494
0.135523
0.135538
0.135532
0.135484
0.135503
0.135513
0.135512
0.135514
0.13551
0.135555
0.135609
0.135719
0.135601
0.135698
0.135655
0.135703
0.135667
0.135637
0.135619
0.135703
0.135544
0.135545
0.1356
0.13567
0.135711
0.135673
0.135621
0.135712
0.135625
0.135572
0.13567
0.135711
0.135677
0.135736
0.13574
0.135774
0.13567
0.13562
0.135662
0.135765
0.135661
0.135595
0.135592
0.1356
0.135685
0.135675
0.135595
0.135588
0.135667
0.135587
0.135575
0.135605
0.135654
0.135672
0.135666
0.135658
0.135698
0.135631
0.135619
0.135684
0.135702
0.13569
0.135754
0.135734
0.135677
0.135673
0.13575
0.13571
0.135634
0.13558
0.135609
0.135628
0.135651
0.135604
0.135578
0.135612
0.135573
0.135524
0.135685
0.135667
0.135553
0.135487
0.135562
0.135522
0.134837
0.135221
0.135254
0.135281
0.135242
0.135231
0.135297
0.135299
0.135266
0.13526
0.135323
0.135288
0.135273
0.135401
0.135461
0.135417
0.135336
0.135357
0.135434
0.135379
0.135421
0.135443
0.13542
0.135381
0.135417
0.135442
0.135458
0.135428
0.135424
0.135442
0.135475
0.135445
0.135453
0.135455
0.135459
0.135462
0.135469
0.135479
0.135478
0.135495
0.135478
0.135478
0.135482
0.135496
0.135507
0.135511
0.135495
0.135501
0.135526
0.135507
0.135485
0.135484
0.135501
0.135554
0.135529
0.13549
0.135567
0.135532
0.135511
0.135507
0.135516
0.13554
0.135571
0.135561
0.135561
0.135553
0.135522
0.135573
0.135549
0.135572
0.135518
0.135548
0.135591
0.135562
0.135525
0.135542
0.135546
0.135539
0.135531
0.135549
0.135558
0.135562
0.135565
0.135562
0.13558
0.135577
0.135547
0.135555
0.135575
0.135595
0.135553
0.135546
0.135544
0.135557
0.135549
0.135529
0.13549
0.135461
0.135473
0.135465
0.135457
0.13544
0.135412
0.135402
0.13539
0.13531
0.135284
0.135295
0.135857
0.135554
0.135591
0.135598
0.135607
0.135622
0.135639
0.135627
0.135656
0.135698
0.135704
0.135661
0.135691
0.135752
0.135756
0.13569
0.135697
0.135794
0.135867
0.135902
0.135889
0.135854
0.135779
0.135801
0.135854
0.135865
0.135885
0.135838
0.135838
0.135941
0.135868
0.135924
0.135954
0.135897
0.135865
0.135888
0.1359
0.135967
0.136076
0.136033
0.136057
0.135999
0.136011
0.136253
0.136172
0.136044
0.135933
0.136068
0.136256
0.136079
0.136096
0.136105
0.136221
0.136194
0.136171
0.136192
0.136237
0.136114
0.136065
0.136227
0.136331
0.136272
0.136148
0.136272
0.136319
0.136171
0.136146
0.136264
0.136322
0.136196
0.136226
0.136166
0.136368
0.136248
0.136044
0.136137
0.136057
0.136193
0.136288
0.136302
0.136237
0.136056
0.136123
0.136352
0.136165
0.136094
0.136102
0.136148
0.136119
0.136034
0.136062
0.135871
0.135949
0.13604
0.136015
0.135892
0.135695
0.135738
0.135836
0.135913
0.135848
0.133124
0.135162
0.135098
0.135053
0.135475
0.135235
0.135228
0.135206
0.135236
0.13536
0.135315
0.135323
0.135378
0.135308
0.135257
0.135345
0.135392
0.1354
0.135412
0.135302
0.135379
0.135413
0.135352
0.135381
0.135415
0.135503
0.135495
0.135471
0.135516
0.135554
0.135596
0.135557
0.135544
0.135534
0.1355
0.135567
0.135538
0.135524
0.135466
0.135467
0.135451
0.135444
0.135432
0.135431
0.135426
0.13543
0.135424
0.135399
0.13542
0.13541
0.135421
0.135426
0.135418
0.135394
0.135389
0.135372
0.135356
0.135317
0.135347
0.135328
0.135353
0.135376
0.135396
0.135363
0.135366
0.1354
0.135416
0.135423
0.135437
0.135424
0.135447
0.135483
0.135448
0.13544
0.135389
0.13547
0.13546
0.135378
0.135408
0.135404
0.135371
0.135376
0.1354
0.135396
0.135336
0.135277
0.135265
0.135258
0.135235
0.13525
0.135287
0.135262
0.135358
0.13535
0.135344
0.13536
0.135336
0.135345
0.135318
0.135334
0.135395
0.135395
0.135368
0.135368
0.135395
0.135397
0.1354
0.135405
0.135417
0.135457
0.135437
0.135494
0.135453
0.135522
0.135504
0.135524
0.135539
0.135529
0.13554
0.135549
0.135556
0.135583
0.135587
0.135615
0.135603
0.135579
0.135617
0.135627
0.135631
0.135647
0.135625
0.135618
0.135613
0.135639
0.135661
0.135672
0.135693
0.135644
0.135661
0.135591
0.135636
0.135705
0.135673
0.135627
0.1356
0.135575
0.135532
0.135455
0.135553
0.135579
0.13555
0.13552
0.135533
0.135538
0.135452
0.135499
0.135531
0.135594
0.135679
0.135675
0.135621
0.135632
0.135581
0.1357
0.135714
0.135692
0.135658
0.135626
0.135594
0.135613
0.135709
0.135592
0.135616
0.135684
0.135643
0.135697
0.135651
0.135658
0.135713
0.135817
0.135806
0.135845
0.135962
0.135961
0.135955
0.135819
0.135906
0.135937
0.13576
0.135698
0.135576
0.135644
0.135597
0.135508
0.13553
0.135534
0.135517
0.135511
0.135481
0.135442
0.135367
0.135443
0.135491
0.135434
0.135457
0.135495
0.135518
0.135483
0.135465
0.135454
0.135469
0.135475
0.135477
0.135465
0.135457
0.13545
0.135445
0.135413
0.135438
0.13539
0.135398
0.135381
0.135397
0.135402
0.137847
0.135995
0.136173
0.136158
0.136281
0.136309
0.13644
0.136322
0.136538
0.136448
0.136486
0.136158
0.136151
0.135995
0.136049
0.136105
0.13613
0.136059
0.135842
0.135892
0.135896
0.135837
0.135683
0.135742
0.135695
0.135658
0.135617
0.135534
0.135546
0.135546
0.135525
0.135562
0.13558
0.135579
0.135568
0.135548
0.135528
0.135515
0.135507
0.135489
0.135477
0.135484
0.135475
0.135463
0.135466
0.135461
0.13544
0.135442
0.135438
0.135432
0.135422
0.135392
0.135386
0.135378
0.135376
0.135362
0.135347
0.135338
0.135322
0.135267
0.135271
0.135301
0.135331
0.135272
0.135293
0.135257
0.135304
0.135299
0.135295
0.13534
0.135317
0.135322
0.135358
0.135345
0.135331
0.135374
0.135411
0.135404
0.135385
0.135424
0.135399
0.135419
0.135405
0.135417
0.135417
0.135415
0.135414
0.135417
0.135413
0.135419
0.135434
0.135466
0.135461
0.135469
0.135479
0.135495
0.135505
0.135521
0.135534
0.135531
0.135537
0.135543
0.135556
0.135546
0.135537
0.135539
0.135558
0.135551
0.13555
0.13555
0.135545
0.135547
0.135549
0.135548
0.135571
0.135565
0.135564
0.135573
0.135555
0.135569
0.135563
0.135586
0.135578
0.135601
0.135614
0.135593
0.135617
0.135616
0.135609
0.135624
0.135595
0.135591
0.1356
0.135583
0.13558
0.135587
0.135595
0.135599
0.135659
0.135631
0.135653
0.135616
0.135605
0.135581
0.135597
0.135617
0.135572
0.135592
0.135588
0.135698
0.135644
0.135707
0.135719
0.135704
0.135727
0.135717
0.135696
0.135691
0.135726
0.1357
0.135666
0.135635
0.135112
0.1355
0.135423
0.135454
0.135425
0.135531
0.13547
0.135437
0.135425
0.13538
0.135315
0.135471
0.135498
0.135466
0.135434
0.135419
0.135498
0.135543
0.135547
0.135432
0.135525
0.135439
0.135571
0.135327
0.135321
0.135301
0.1354
0.13549
0.135503
0.135486
0.135505
0.135375
0.135329
0.135395
0.135476
0.135436
0.135351
0.135336
0.135448
0.135383
0.135394
0.135462
0.13538
0.135389
0.135449
0.135407
0.135445
0.135446
0.135415
0.135497
0.135499
0.13548
0.135289
0.13542
0.135495
0.1355
0.135572
0.135538
0.135528
0.135496
0.135449
0.135376
0.135373
0.135384
0.135316
0.135282
0.135332
0.135368
0.135395
0.135415
0.135361
0.135257
0.135346
0.13537
0.135317
0.135337
0.135241
0.135417
0.135478
0.135442
0.135299
0.135295
0.135333
0.135373
0.13541
0.135442
0.135473
0.135495
0.135438
0.135564
0.135435
0.135557
0.135539
0.135577
0.13558
0.13554
0.135448
0.135359
0.135406
0.135462
0.135294
0.135315
0.135254
0.135354
0.135449
0.135373
0.135409
0.135412
0.135398
0.135386
0.135378
0.135385
0.135429
0.123663
0.122788
0.118609
0.118612
0.115795
0.112799
0.0976154
0.106958
0.0887951
0.0894778
0.0815876
0.0849986
0.0764116
0.0685959
0.0687976
0.0651766
0.0589314
0.0521268
0.0527602
0.0495427
0.0459146
0.0302963
0.041124
0.025188
0.0287326
0.0255806
0.0205465
0.0158181
0.0167585
0.0142961
0.00173998
0.00449971
0.00425316
0.000692307
-0.00311675
-0.00207144
-0.0035686
-0.00636643
-0.00945015
-0.00920255
-0.0103283
-0.0122901
-0.0152955
-0.0151402
-0.0170762
-0.0192843
-0.0192203
-0.0208958
-0.0221432
-0.0217782
-0.0226467
-0.0245929
-0.0261281
-0.0256496
-0.0286708
-0.0284234
-0.0285355
-0.02863
-0.0290266
-0.0290013
-0.0294055
-0.0297035
-0.0298643
-0.0298787
-0.0299438
-0.0303902
-0.030561
-0.0302193
-0.0303447
-0.0306733
-0.0300437
-0.0299699
-0.0303351
-0.0304613
-0.0305837
-0.0308116
-0.0305851
-0.0303007
-0.0304777
-0.0305886
-0.0300391
-1.17069
-0.343685
-0.317588
-0.330699
-0.324537
-0.31053
-0.292475
-0.277637
-0.24546
-0.24485
-0.235677
-0.225595
-0.203446
-0.13923
-0.16079
-0.163779
-0.155402
-0.136968
-0.119797
-0.127691
-0.123177
-0.117062
-0.104435
-0.0850382
-0.0912966
-0.0870927
-0.0546771
-0.0811291
-0.05165
-0.0580132
-0.0490223
-0.0408985
-0.0388581
-0.0286948
-0.0304806
-0.0264142
-0.0205939
-0.0105571
-0.010588
-0.00850334
-0.00806715
0.0012227
0.00179832
0.010828
0.00643189
0.00266787
0.00534094
0.0127442
0.0210293
0.0116639
0.0142935
0.024983
0.0183045
0.0198263
0.023158
0.0219407
0.0218759
0.023907
0.0280099
0.0280624
0.0268336
0.0288547
0.030774
0.0283488
0.0282641
0.0292245
0.0266014
0.0264794
0.029424
0.0299263
0.029863
0.0297906
0.0305768
0.0307828
0.0309365
0.0300296
0.0291821
0.0283285
0.0292239
0.0274405
0.0280395
0.0296229
0.0288724
0.0281941
0.0273187
0.0251402
0.0242856
0.0251417
0.0259309
0.0189537
0.0217136
0.0229838
0.022122
0.0219401
0.0222548
0.0223909
0.0215587
0.0203133
0.0204779
0.0222799
0.0199543
0.0203772
0.0199398
0.0195462
0.0174404
0.0172686
0.0169482
0.0164815
0.014618
0.0134525
0.014104
0.0105911
0.0108054
0.011514
0.0101797
0.00909892
0.00857661
0.00809108
0.00717521
0.00710594
0.00640311
0.00354844
0.00480812
0.00461801
0.00267645
0.00185309
-0.000130615
0.000291577
-0.00162141
-0.00108545
-0.00211924
-0.00275526
-0.00372812
-0.00556453
-0.00540945
-0.00541773
-0.0064698
-0.00803688
-0.00793161
-0.00821155
-0.00935178
-0.0085715
-0.00979188
-0.0115576
0.457815
0.136086
0.13624
0.13596
0.135535
0.135859
0.146858
0.13928
0.139282
0.13928
0.139281
0.139281
0.13928
0.139281
0.139281
0.13928
0.138531
0.139048
0.139048
0.139047
0.139048
0.139048
0.139048
0.139048
0.139048
0.139048
0.139048
0.136414
0.138229
0.138229
0.138228
0.138229
0.138229
0.138228
0.138229
0.138229
0.138228
0.13823
0.137453
0.137988
0.137987
0.137987
0.137987
0.137988
0.137987
0.137988
0.137988
0.136419
0.1375
0.137501
0.137499
0.137499
0.1375
0.1375
0.1375
0.1375
0.137499
0.136299
0.137127
0.137126
0.137127
0.137126
0.137127
0.137126
0.137127
0.137126
0.137127
0.129868
0.134869
0.134869
0.134869
0.134869
0.134868
0.134869
0.134868
0.134869
0.134869
0.135427
0.135043
0.135043
0.135042
0.135042
0.135043
0.135042
0.135043
0.135042
0.135043
0.135043
0.137391
0.135773
0.135773
0.135773
0.135773
0.135773
0.135773
0.135773
0.135773
0.12995
0.133962
0.133962
0.141196
0.136333
0.136309
0.136341
0.136313
0.136298
0.136215
0.13622
0.136203
0.136232
0.136196
0.136115
0.136126
0.13613
0.136067
0.136072
0.136103
0.136068
0.136032
0.136011
0.136104
0.13617
0.13606
0.13602
0.136025
0.136051
0.136022
0.135922
0.135958
0.135926
0.13586
0.13586
0.135884
0.13586
0.135849
0.135861
0.135846
0.135868
0.135848
0.135814
0.135961
0.135908
0.135938
0.135949
0.135897
0.135907
0.135931
0.135915
0.135835
0.135829
0.13588
0.13586
0.135892
0.135859
0.13592
0.135863
0.135968
0.135932
0.135933
0.13592
0.135866
0.13583
0.13581
0.135817
0.135745
0.135744
0.135727
0.135565
0.135579
0.135583
0.135531
0.135498
0.135504
0.135471
0.135457
0.135453
0.135445
0.135426
0.135393
0.135377
0.135349
0.135362
0.135371
0.135345
0.135277
0.135302
0.135334
0.135263
0.135229
0.135255
0.135237
0.135262
0.135255
0.13523
0.135236
0.135231
0.135105
0.135137
0.135184
0.135149
0.135041
0.135118
0.135155
0.135044
0.135087
0.135126
0.135052
0.135056
0.135141
0.135169
0.135054
0.135032
0.135063
0.135091
0.135068
0.13715
0.135791
0.135667
0.135692
0.135749
0.135746
0.135753
0.135793
0.135805
0.135793
0.135829
0.13589
0.135837
0.135875
0.135919
0.135911
0.135831
0.135902
0.13594
0.135796
0.135801
0.135831
0.135805
0.135741
0.135722
0.135754
0.135872
0.135899
0.13587
0.135874
0.135812
0.135788
0.135898
0.135836
0.135837
0.135845
0.135732
0.135756
0.13578
0.135759
0.135807
0.135892
0.135925
0.135851
0.135798
0.135819
0.135973
0.135991
0.13599
0.135892
0.135913
0.135934
0.13591
0.135979
0.136038
0.135963
0.135946
0.136034
0.136074
0.135933
0.135793
0.135735
0.135687
0.135606
0.13553
0.13543
0.135306
0.135259
0.135099
0.135268
0.135222
0.13524
0.135268
0.135256
0.135236
0.135194
0.135235
0.135135
0.135172
0.135096
0.135121
0.135161
0.135143
0.135121
0.135091
0.135044
0.134945
0.134941
0.134914
0.134828
0.13494
0.134944
0.134655
0.134872
0.134908
0.134886
0.134855
0.13482
0.13479
0.134806
0.134832
0.134807
0.134732
0.134729
0.134811
0.134803
0.134674
0.134594
0.134663
0.134577
0.134749
0.13447
0.134574
0.134639
0.134699
0.134767
0.134704
0.13473
0.134795
0.134822
0.134682
0.134641
0.13458
0.134504
0.134465
0.134567
0.134531
0.134515
0.134519
0.134399
0.13443
0.134429
0.13447
0.134588
0.134487
0.134455
0.134484
0.13463
0.134581
0.134547
0.134628
0.134453
0.134704
0.139313
0.13594
0.135819
0.135704
0.135744
0.135691
0.13588
0.135853
0.135737
0.135748
0.135779
0.135763
0.135725
0.135736
0.135773
0.135772
0.135511
0.135624
0.13573
0.135711
0.135697
0.13572
0.135725
0.135732
0.135749
0.135672
0.13561
0.135608
0.135875
0.135825
0.135845
0.135792
0.135816
0.135759
0.135706
0.135731
0.135738
0.135658
0.135666
0.13408
0.135166
0.13529
0.135332
0.135074
0.134996
0.135096
0.135194
0.135142
0.135065
0.135225
0.135168
0.135085
0.135289
0.135218
0.135361
0.13545
0.135267
0.135335
0.135408
0.135527
0.135505
0.135374
0.135336
0.135476
0.13547
0.135361
0.135621
0.135313
0.135526
0.135516
0.135516
0.135309
0.135316
0.135635
0.135431
0.135331
0.135543
0.135491
0.135514
0.135691
0.135455
0.135374
0.135464
0.135659
0.135603
0.135483
0.135313
0.135135
0.135305
0.135298
0.13546
0.135169
0.135227
0.135264
0.135221
0.13526
0.135319
0.135229
0.135081
0.135254
0.135249
0.135565
0.135466
0.135639
0.135682
0.135526
0.135628
0.135712
0.135848
0.136001
0.135918
0.135942
0.136032
0.136121
0.136068
0.136127
0.136163
0.136034
0.136026
0.135928
0.136019
0.135912
0.135968
0.135918
0.135852
0.13582
0.135804
0.135793
0.135766
0.135793
0.135732
0.135772
0.135771
0.135766
0.135726
0.135735
0.13569
0.135706
0.135689
0.135651
0.135622
0.135634
0.135621
0.135606
0.135587
0.135569
0.135568
0.135561
0.135541
0.13556
0.135516
0.135517
0.135496
0.135498
0.135485
0.135458
0.135459
0.135441
0.135419
0.135421
0.135402
0.135409
0.135375
0.135363
0.135371
0.135351
0.135344
0.135312
0.135292
0.135311
0.135198
0.135282
0.135287
0.135382
0.135422
0.135389
0.135223
0.135366
0.135374
0.135364
0.135328
0.13529
0.135292
0.135278
0.135259
0.135289
0.135261
0.135254
0.135293
0.135311
0.13528
0.135196
0.135253
0.135249
0.135163
0.135216
0.135155
0.135221
0.135236
0.135194
0.135173
0.135187
0.135181
0.135152
0.135181
0.135194
0.135194
0.135192
0.135178
0.135162
0.135188
0.13523
0.135168
0.13518
0.135111
0.135167
0.135111
0.135138
0.135135
0.135187
0.135179
0.135197
0.135246
0.135293
0.135286
0.135273
0.135227
0.135201
0.135235
0.135241
0.135245
0.135199
0.135267
0.135279
0.135284
0.135302
0.135336
0.135342
0.13534
0.135367
0.135339
0.135353
0.135303
0.135328
0.135325
0.135311
0.135341
0.135315
0.135309
0.135319
0.135311
0.135252
0.135248
0.135208
0.135156
0.135227
0.135244
0.135122
0.135197
0.135209
0.135234
0.135238
0.135258
0.135281
0.135289
0.135292
0.135329
0.135324
0.135352
0.135394
0.135388
0.135404
0.135435
0.13545
0.135424
0.135479
0.13545
0.135453
0.135461
0.135458
0.135456
0.135451
0.135456
0.135455
0.135446
0.135443
0.135431
0.135446
0.135449
0.135444
0.135443
0.135431
0.135442
0.135441
0.135431
0.135435
0.135439
0.135449
0.135458
0.135457
0.135456
0.135452
0.135451
0.13545
0.135424
0.135437
0.135436
0.13544
0.135432
0.135416
0.135398
0.135388
0.135413
0.135409
0.135417
0.135381
0.135389
0.13537
0.135394
0.135388
0.1354
0.135389
0.13537
0.135322
0.135312
0.135325
0.135349
0.135374
0.135402
0.135381
0.135239
0.135322
0.135342
0.135239
0.135267
0.135341
0.135359
0.1353
0.135218
0.13519
0.13533
0.135302
0.13517
0.13512
0.135234
0.135391
0.135424
0.135329
0.13522
0.13523
0.135227
0.135212
0.135282
0.135273
0.135277
0.135244
0.135246
0.135263
0.135172
0.135229
0.135313
0.135227
0.135169
0.135175
0.135257
0.135288
0.135294
0.135307
0.135287
0.135259
0.135145
0.135186
0.134999
0.135266
0.135294
0.135298
0.135298
0.135281
0.135403
0.135384
0.135305
0.135365
0.135331
0.135258
0.136155
0.135522
0.135599
0.135646
0.135573
0.135677
0.135576
0.135567
0.135544
0.135665
0.135518
0.13565
0.13571
0.135798
0.135783
0.135728
0.135771
0.135938
0.13594
0.135929
0.136117
0.136037
0.136002
0.136048
0.136102
0.136026
0.136023
0.136038
0.13598
0.135952
0.136115
0.136153
0.136194
0.136169
0.136198
0.136034
0.136095
0.135976
0.135947
0.136083
0.135943
0.136021
0.136165
0.136091
0.135981
0.13607
0.136178
0.136172
0.135941
0.135943
0.135928
0.135941
0.135854
0.136078
0.136071
0.136157
0.136202
0.136095
0.136058
0.136102
0.136196
0.135963
0.136052
0.136023
0.136013
0.136105
0.136236
0.136142
0.136246
0.136343
0.13641
0.136378
0.13637
0.136508
0.136427
0.136415
0.136411
0.136293
0.136165
0.136321
0.13622
0.136194
0.136153
0.136038
0.136099
0.136165
0.136331
0.136323
0.136432
0.136464
0.136199
0.136554
0.136527
0.136252
0.136345
0.136189
0.136315
0.136214
0.136055
0.136193
0.136281
0.136333
0.136437
0.136427
0.136326
0.136345
0.136094
0.136266
0.136492
0.136212
0.136104
0.135981
0.135973
0.135915
0.135871
0.135847
0.134977
0.135493
0.135409
0.134836
0.135298
0.135749
0.135371
0.135135
0.135347
0.135467
0.135389
0.135284
0.135226
0.135159
0.13522
0.135194
0.135414
0.135349
0.135416
0.134872
0.13511
0.135253
0.135319
0.135367
0.135095
0.134991
0.135031
0.135043
0.135026
0.135156
0.135145
0.134971
0.135096
0.135021
0.1349
0.135161
0.135202
0.134963
0.134972
0.135009
0.135016
0.134947
0.134949
0.135109
0.135029
0.134958
0.134972
0.134626
0.134923
0.135054
0.134993
0.134963
0.135046
0.135128
0.135038
0.13506
0.135047
0.134972
0.135065
0.135115
0.135151
0.135148
0.135027
0.135017
0.135175
0.135192
0.135103
0.135048
0.135061
0.135169
0.135046
0.135143
0.135115
0.13492
0.134978
0.13501
0.135033
0.135046
0.135004
0.134898
0.134956
0.135144
0.135111
0.134937
0.135031
0.135025
0.135094
0.135057
0.135184
0.135064
0.134967
0.134999
0.135078
0.135135
0.135115
0.135099
0.135113
0.134943
0.135055
0.135447
0.135432
0.135232
0.135302
0.135432
0.135511
0.135351
0.135334
0.135379
0.135426
0.135448
0.135414
0.135451
0.135506
0.135412
0.135397
0.135374
0.135467
0.135491
0.135454
0.135439
0.135431
0.135417
0.135409
0.135438
0.13545
0.135447
0.135439
0.135441
0.135471
0.135443
0.13544
0.13544
0.135448
0.135457
0.135454
0.13545
0.135453
0.13545
0.135454
0.13546
0.135476
0.135467
0.135472
0.135463
0.135478
0.135488
0.135487
0.135473
0.135465
0.135452
0.135436
0.135453
0.135439
0.135481
0.135328
0.135396
0.135356
0.135347
0.135347
0.135394
0.135364
0.135364
0.135384
0.135425
0.135427
0.135423
0.135405
0.135414
0.13545
0.135414
0.135461
0.135378
0.135407
0.135419
0.135378
0.135403
0.135461
0.135443
0.135426
0.135389
0.135384
0.135364
0.135344
0.135366
0.135847
0.135521
0.135526
0.135342
0.135452
0.13543
0.135481
0.135433
0.135446
0.135487
0.135509
0.135517
0.135436
0.135427
0.135447
0.135467
0.135437
0.13548
0.135561
0.135573
0.135546
0.13545
0.135523
0.135572
0.135472
0.13549
0.135567
0.135497
0.135484
0.135533
0.135598
0.135534
0.1355
0.135552
0.135584
0.135525
0.135494
0.135512
0.135624
0.135543
0.135466
0.135548
0.135561
0.135529
0.135545
0.13556
0.135546
0.135523
0.135516
0.135535
0.135524
0.135506
0.135482
0.135505
0.135486
0.135464
0.135429
0.13546
0.135414
0.135426
0.135409
0.135374
0.135369
0.135351
0.135322
0.135292
0.135314
0.135309
0.13529
0.135314
0.135296
0.135227
0.135127
0.135148
0.13518
0.13518
0.135113
0.13505
0.135129
0.135112
0.135068
0.13504
0.134974
0.135014
0.135067
0.135073
0.135073
0.135066
0.13505
0.134874
0.134952
0.134976
0.13492
0.135091
0.134945
0.134853
0.13486
0.134879
0.134922
0.134907
0.134923
0.13507
0.134993
0.134885
0.134796
0.134908
0.134916
0.135043
0.134913
0.134957
0.135027
0.135111
0.135062
0.135072
0.135027
0.134967
0.134906
0.13485
0.134983
0.135114
0.135102
0.135053
0.135077
0.135152
0.135059
0.135019
0.135183
0.135081
0.134978
0.13494
0.134989
0.135002
0.135012
0.134995
0.135076
0.135033
0.135003
0.135094
0.135053
0.134935
0.134979
0.135066
0.135151
0.135088
0.135027
0.135053
0.135213
0.135113
0.135079
0.135125
0.135175
0.135071
0.135108
0.135045
0.135026
0.135084
0.135042
0.135146
0.135126
0.135031
0.135058
0.135078
0.135018
0.135106
0.135177
0.135175
0.135337
0.135176
0.135029
0.13511
0.135272
0.135298
0.135235
0.135227
0.135341
0.135319
0.135253
0.135242
0.135302
0.135308
0.13529
0.135294
0.135452
0.135413
0.135176
0.135306
0.135317
0.135302
0.135353
0.135371
0.135167
0.135156
0.135153
0.135338
0.135276
0.135057
0.135305
0.135356
0.1354
0.135419
0.135381
0.13526
0.135305
0.135328
0.135357
0.135464
0.135432
0.135186
0.135308
0.135403
0.135302
0.135328
0.13535
0.135229
0.135119
0.135257
0.135462
0.135131
0.135011
0.135206
0.135263
0.135201
0.135544
0.135314
0.135485
0.135375
0.135309
0.135399
0.135393
0.135396
0.13538
0.135337
0.135219
0.135315
0.135445
0.135421
0.13533
0.135376
0.135418
0.135453
0.135412
0.135465
0.135342
0.135405
0.13537
0.135448
0.135439
0.135388
0.135457
0.135504
0.135426
0.135444
0.135455
0.135455
0.135429
0.135445
0.135443
0.135439
0.135409
0.135469
0.135407
0.135368
0.135378
0.135399
0.135331
0.135325
0.135373
0.135372
0.135318
0.135303
0.135343
0.135287
0.135289
0.135433
0.135363
0.135365
0.135425
0.135368
0.135373
0.135454
0.135446
0.135419
0.135463
0.135404
0.135335
0.135333
0.135324
0.135394
0.135445
0.135455
0.135411
0.135397
0.135393
0.135453
0.135407
0.135437
0.135451
0.135348
0.135344
0.135346
0.135382
0.135393
0.135349
0.135338
0.135413
0.135424
0.135404
0.135411
0.13545
0.135452
0.135429
0.135378
0.135373
0.135346
0.135296
0.135315
0.135374
0.135403
0.135463
0.135406
0.135372
0.135406
0.135435
0.135518
0.135527
0.135485
0.13545
0.135512
0.13548
0.135488
0.13554
0.13557
0.135456
0.135437
0.135436
0.135504
0.135562
0.135464
0.135465
0.13546
0.135447
0.135439
0.135468
0.135486
0.135443
0.135459
0.13548
0.135454
0.135454
0.135467
0.13547
0.135461
0.135448
0.135439
0.13544
0.135455
0.135448
0.135461
0.135452
0.135456
0.135457
0.135457
0.135463
0.135473
0.135453
0.135455
0.135454
0.135451
0.135451
0.135449
0.135447
0.135447
0.13545
0.135449
0.135453
0.13545
0.135449
0.135449
0.135451
0.135452
0.135451
0.135449
0.13545
0.13545
0.135447
0.135446
0.135453
0.13545
0.135449
0.135444
0.135444
0.135441
0.135433
0.135423
0.135438
0.135436
0.135321
0.135335
0.135543
0.135556
0.135448
0.135423
0.135365
0.135355
0.135378
0.135345
0.13537
0.135471
0.135507
0.135556
0.135491
0.135495
0.135513
0.135427
0.135471
0.135504
0.135484
0.135469
0.135448
0.135434
0.135429
0.135425
0.135455
0.135506
0.135478
0.135457
0.135475
0.135473
0.135457
0.135454
0.13545
0.135445
0.135444
0.135444
0.135439
0.135435
0.135441
0.13544
0.13544
0.135446
0.13545
0.135463
0.135453
0.135437
0.135449
0.135456
0.135452
0.135433
0.135431
0.135427
0.135401
0.135405
0.135363
0.135417
0.135409
0.135395
0.135371
0.135361
0.135417
0.13543
0.135378
0.135338
0.135292
0.135253
0.135316
0.135308
0.135229
0.13528
0.135297
0.135268
0.135332
0.135385
0.135294
0.135271
0.135214
0.135231
0.135219
0.135141
0.135095
0.135115
0.13509
0.135133
0.135051
0.135156
0.134937
0.13503
0.135052
0.135063
0.135012
0.135052
0.135043
0.135047
0.135007
0.135014
0.135059
0.135044
0.135178
0.135102
0.135178
0.13524
0.135334
0.135185
0.135139
0.135156
0.13511
0.135068
0.135071
0.135037
0.135064
0.135149
0.135104
0.13509
0.135032
0.135072
0.135079
0.135136
0.135153
0.135255
0.135268
0.135367
0.135381
0.135327
0.135283
0.135225
0.135184
0.135207
0.135178
0.135162
0.135265
0.135222
0.135294
0.135207
0.135389
0.135293
0.135316
0.135367
0.135317
0.135405
0.135632
0.135434
0.135475
0.135475
0.135482
0.135474
0.135413
0.135449
0.135439
0.135451
0.135432
0.135443
0.135442
0.135444
0.135443
0.135448
0.135456
0.135453
0.135453
0.135454
0.135472
0.135461
0.135459
0.135458
0.135456
0.135445
0.135447
0.135411
0.135447
0.135497
0.135513
0.135489
0.135479
0.13548
0.135509
0.135516
0.135485
0.135566
0.135598
