3
0.586075
0.59396
0.591331
0.579371
0.567969
0.553475
0.553189
0.545641
0.498754
0.513713
0.293866
0.521788
0.478178
0.463745
0.447945
0.459837
0.4553
0.404682
0.460054
0.438416
0.380469
0.439557
0.416856
0.365688
0.3953
0.386168
0.389361
0.376311
0.373386
0.359959
0.368813
0.365039
0.35312
0.347224
0.332005
0.343471
0.339886
0.327796
0.314562
0.325064
0.321557
0.278685
0.301958
0.297479
0.300349
0.290066
0.280252
0.288263
0.285215
0.282331
0.278636
0.242753
0.26107
0.257419
0.25478
0.256545
0.253081
0.243338
0.233494
0.240985
0.23142
0.222296
0.230575
0.222425
0.212942
0.225522
0.212589
0.210302
0.20737
0.199264
0.210819
0.199323
0.192342
0.197893
0.173317
0.200428
0.173065
0.18592
0.179476
0.172859
0.178224
0.176216
0.1744
0.168566
0.161858
0.166564
0.164326
0.15868
0.140697
0.163396
0.138201
0.145862
0.159299
0.125369
0.137071
0.133931
0.135573
0.13361
0.131897
0.126413
0.120692
0.125789
0.124137
0.119
0.113163
0.103188
0.110583
0.10819
0.10929
0.107555
0.105924
0.101068
0.0966095
0.100877
0.0992721
0.0830674
0.0914011
0.0895441
0.0906217
0.0861429
0.0814926
0.0853217
0.0839537
0.0799546
0.0761039
0.0795558
0.0784487
0.0747964
0.0704141
0.0734296
0.0719851
0.0577733
0.0652004
0.0632843
0.0642803
0.06068
0.0575268
0.0608481
0.0581986
0.0591279
0.058227
0.0574684
0.0547239
0.0521168
0.0472393
0.0526773
-0.0322426
0.0370332
0.0418181
0.0398868
0.0378963
0.0404099
0.0388376
0.0356518
0.0370783
0.038147
0.0344488
0.0316843
0.0298177
0.0332537
0.0299331
0.0282714
0.0301393
0.0294753
0.0289222
0.0273166
0.0252822
0.0248526
0.0264991
0.0254839
0.0194269
0.023683
0.021231
0.0221304
0.0218582
0.0216
0.0213416
0.0182301
0.0181283
0.0176795
0.0169126
0.0151883
0.0131374
0.0173325
0.0141592
0.00972074
0.0136171
0.0113571
0.012442
0.0118438
0.0104836
0.0126404
0.0120939
0.00968855
0.00807855
0.00993711
0.00945681
0.00711462
0.0065468
0.00875019
0.00870468
0.0100221
0.00757231
0.00904615
0.00948122
0.00888137
0.0098453
0.00966831
0.00957404
0.00893156
0.00687178
0.00760088
0.00909478
0.00509634
0.00848264
0.00905216
0.00870435
0.0097763
0.00931815
0.00795421
0.00928134
0.00891827
0.00633794
0.00868488
0.00871248
0.00903859
0.0102203
0.00928295
0.00920458
0.00924829
0.00786532
0.00628668
0.0064866
0.00691414
0.00805092
-0.0907166
-0.00488777
-0.00488777
-0.00488777
-0.00488777
-0.00488777
-0.0048875
-0.00144753
-0.00443679
-0.0044373
-0.00443706
-0.00443706
-0.00443706
-0.00443734
0.000609208
-0.00377602
-0.0037763
-0.00377579
-0.00377602
-0.00377575
-0.00377626
-0.00377602
0.0267778
0.000226576
0.000226576
0.000226576
0.000226576
0.000226576
0.000226576
0.000226576
0.000226576
0.00363084
0.000672539
0.000672539
0.000672539
0.000672814
0.000672301
0.000672539
0.000672265
0.000672503
-0.000635646
0.000501682
0.000501206
0.000501206
0.000500657
0.000501134
0.000501408
0.000501444
0.000500657
-0.000253631
0.000402258
0.000402533
0.00040202
0.000402258
0.000401984
0.000402497
0.000402258
0.000402258
0.000402258
0.00206159
0.000619633
0.000619633
0.000619633
0.000619633
0.000619633
0.000619633
0.000619633
0.000619633
0.00278818
0.000903716
0.000903716
0.000903716
0.000903716
0.000903716
0.000903716
0.000903716
0.000903716
-0.01423
-0.00107882
-0.00107882
-0.00107882
-0.00107882
-0.00107882
-0.00107882
-0.00107882
-0.00107882
-0.00107882
-0.00539177
-0.00164383
-0.00164383
-0.00164383
-0.00164383
-0.00164383
-0.00164383
-0.00164383
-0.00164383
-0.00164383
-0.00164383
-0.00197553
0.0396262
0.00494739
0.00664616
0.00853442
0.0066148
0.00560475
0.00820739
0.0074153
0.0064239
0.00752458
0.00467356
0.00612516
0.0068757
0.00697978
0.00646547
0.0055539
0.00562625
0.00581368
0.00706577
0.00635703
0.00629482
0.0055012
0.00333092
0.00539664
0.00587659
0.00735824
0.00834944
0.00740887
0.00623564
0.00653835
0.00902361
0.00728947
0.00788851
0.00831196
0.00962851
0.00884673
0.00965371
0.0117509
0.0100937
0.00835198
0.0102963
0.0082553
0.00924841
0.00992472
0.00814039
0.00777046
0.00899713
0.00937224
0.0102017
0.010126
0.00887104
0.00939584
0.0107833
0.0120668
0.0108731
0.00942616
0.00813756
0.00647819
0.00478273
0.0055953
0.00556816
0.00542238
0.00474869
0.0039892
0.00201276
-0.0123297
0.00364605
0.000190309
-0.00476382
-0.00121752
0.00114644
-0.00330293
-0.000958754
0.0346484
0.00359644
0.00281338
0.00330514
0.00346849
0.00402844
0.00301172
0.00227397
0.00427835
0.00433677
-0.0006099
-0.00114301
0.00206466
-0.0026643
-0.00170065
-0.00244118
-0.00100702
-0.00019052
-0.000237808
-0.00188197
-0.00265573
-0.00270411
-0.00116034
-0.00150006
-0.00160096
-0.00124303
-0.00128831
-0.00184604
-0.00115297
-0.00189871
-0.0029951
-0.00331219
-0.00308213
-0.00419851
-0.00451495
-0.00457793
-0.00297133
-0.00358946
-0.00466217
-0.00551022
-0.00547302
-0.00507376
-0.00632543
-0.00518892
-0.00662703
-0.00489151
-0.00705066
-0.00811854
-0.00709922
-0.00840338
-0.00941881
-0.00962383
-0.00829535
-0.0151137
-0.00941155
-0.0109358
-0.0132877
-0.00922865
-0.00952688
-0.0109888
-0.0122851
-0.0139675
-0.0109944
-0.012003
-0.0130109
-0.0137558
-0.0129428
-0.0122302
-0.0119062
-0.011212
-0.0109579
-0.0115564
-0.0117267
-0.0118837
-0.012093
-0.0132373
-0.0118804
-0.0139887
-0.0136513
-0.0126364
-0.0133152
-0.0120324
-0.0121635
-0.0132505
-0.0136769
-0.0128806
-0.01196
-0.0136193
-0.0132961
-0.0129483
-0.0132477
-0.0116875
-0.0123739
-0.0116255
-0.0121899
-0.0114415
-0.0108821
-0.0108995
-0.00975061
-0.0104395
-0.00971198
-0.00803291
-0.00932584
-0.0104579
-0.0114487
-0.0107468
-0.00809541
-0.0107858
-0.0100638
-0.0111721
-0.0120108
-0.0107512
-0.0105474
-0.0103248
-0.0108746
-0.00925511
-0.0106327
-0.00725896
-0.00652671
-0.0081554
-0.00695922
-0.00850253
-0.008257
-0.00900028
-0.0102261
-0.00965849
-0.00909501
-0.00767335
-0.00647286
-0.00647489
-0.0062355
-0.0022893
-0.00582476
-0.00514724
-0.00567637
-0.00549858
-0.00686969
-0.00594097
-0.00547857
-0.00570536
-0.00638009
-0.00653488
-0.00634178
-0.00774188
-0.00799508
-0.00706925
-0.00629991
-0.00346358
-0.0043128
-0.00550078
-0.00350833
-0.00326243
-0.0047555
-0.0050891
-0.00650437
-0.0075324
-0.00589195
-0.00769687
-0.00775827
-0.00843272
-0.00802255
-0.00732359
-0.0068928
-0.00617523
-0.00635811
-0.00562291
-0.00477548
-0.00410239
-0.00414487
-0.00371974
-0.00352882
-0.00518456
-0.00640894
-0.0069757
-0.00782917
-0.00840748
-0.00769257
-0.00691538
-0.00687667
-0.00722315
-0.00673378
-0.00656922
-0.00609748
-0.00605041
-0.00599884
-0.00643346
-0.00594383
-0.0086488
-0.00920081
-0.00963392
-0.00864093
-0.00967954
-0.00834043
-0.00734839
-0.00777294
-0.0069876
-0.00646116
-0.00708954
-0.00768196
-0.00637535
-0.00510384
-0.00656528
-0.00530737
-0.00462977
-0.00441965
-0.00342806
-0.00293885
-0.00484071
-0.00540711
-0.00419756
-0.00481371
-0.00532118
-0.00449599
-0.00433371
-0.00242415
-0.00319224
-0.00322728
-0.00297617
-0.00390784
-0.00422888
-0.00440274
-0.00436955
-0.00425695
-0.00503851
-0.00346298
-0.00447686
-0.00433811
-0.00659923
-0.00743397
-0.00549338
-0.00612939
-0.00543381
-0.00575077
-0.00575489
-0.00455454
-0.0043836
-0.005397
-0.00437975
-0.00403295
-0.00551497
-0.00576849
-0.00499199
-0.00631295
-0.00468271
-0.00481981
-0.0056781
-0.00450386
-0.00419351
-0.00381051
-0.00435876
-0.00535897
-0.00498828
-0.00486621
-0.00460282
-0.00480975
-0.00448203
-0.00381765
-0.00553483
-0.00490798
-0.00481606
-0.00235246
-0.00276582
-0.00389855
-0.00274194
-0.0035118
-0.00440321
-0.00277735
-0.00229149
-0.00160065
-0.00343594
-0.00307525
-0.00227996
-0.0021803
-0.0020068
-0.000287322
0.00325022
0.00126211
0.000787849
0.000251257
-7.14878e-06
-4.21162e-05
-0.000782589
-0.000316546
0.00117735
0.00111275
0.000963989
-0.000214081
-0.0006539
-0.000587036
0.00265886
0.00187748
0.00253286
0.00243685
0.00178735
0.00204405
0.00105784
0.000409536
0.00150152
0.00286398
0.00125093
0.00102711
0.00113588
0.00159565
0.00268966
0.00245155
0.00294703
0.00311693
0.00347087
0.00342587
0.00270627
0.0029385
0.0019869
0.00231421
0.000930676
0.00104188
0.00176729
0.0006271
9.25816e-05
0.000947939
0.000859955
0.00196669
0.00103965
0.000537188
1.76359e-05
-0.000579776
-0.00114202
-0.000302113
-8.49553e-05
-0.000293506
0.000260855
0.00123828
0.000803916
0.000700512
0.00186818
0.00239443
0.00283683
0.00247329
0.00369385
0.00393073
0.00355227
0.00363798
0.0034457
0.00495825
0.00391457
0.00258521
0.00193127
0.00276309
0.00135028
0.00345471
0.00192698
0.00319876
0.00183917
0.00150422
0.00259481
0.00287206
0.00170487
0.000999298
0.00106368
-0.000842238
0.000863587
0.000609528
0.000784617
0.000639317
0.000640624
0.000920401
0.000313699
0.000487001
0.000132488
0.00215132
0.000919336
-0.00154124
-0.000747076
0.000987336
0.00184555
0.0015783
0.00316761
0.00112042
0.00117725
0.000860003
-0.000453664
0.000391769
-8.15534e-05
0.000816921
0.000231219
0.000556126
0.000965887
0.00201255
0.00123059
0.00232636
0.00248252
0.00167818
0.00219633
0.00141771
0.00267021
0.00232668
0.00350094
0.00331199
0.00347477
0.00339843
0.00334581
0.00438203
0.00307246
0.00533794
0.0052978
0.00460772
0.00843025
0.00716811
0.00713148
0.0073655
0.00633916
0.00705208
0.00744314
0.00741895
0.00771226
0.00789261
0.00775302
0.00668974
0.00629048
0.00559277
0.00647754
0.00710967
0.00533122
0.00682075
0.00800851
0.0105826
0.0102187
0.0086512
0.00936333
0.00887719
0.00822442
0.0132907
0.0120643
0.00991616
0.010134
0.0108024
0.0105255
0.0101575
0.0101114
0.0099593
0.0107866
0.0117548
0.0352695
0.0167465
0.0150239
0.0196569
0.0155449
0.0148543
0.0162857
0.0164148
0.0154394
-0.00871137
0.0139174
0.0122118
0.0118279
0.0115455
0.010864
0.0112449
0.0124291
0.012897
0.0122123
0.0118719
0.0120754
0.0122373
0.0117049
0.0109771
0.0119254
0.0104308
0.0125636
0.0116518
0.0122565
0.0132025
0.0126141
0.0134357
0.0128537
0.0132483
0.0125743
0.0120295
0.0128163
0.013104
0.0124043
0.0126294
0.013295
0.0133439
0.0120739
0.0125659
0.013327
0.012969
0.0134917
0.0129287
0.019066
0.0127139
0.0124294
0.0129143
0.0132011
0.0190913
0.0139295
0.0149723
0.0154255
0.0168531
0.0155315
0.0153632
0.0158254
0.0150038
0.0145144
0.0145313
0.0151556
0.0146129
0.0147758
0.0150002
0.0152995
0.0126418
0.0140449
0.0142751
0.0142647
0.0128441
0.0124974
0.0122302
0.0128531
0.0142393
0.0136281
0.0136471
0.013697
0.0140096
0.0135998
0.0126485
0.0128132
0.013659
0.0145676
0.015048
0.0144056
0.0143311
0.0141229
0.0149689
0.0159757
0.0160088
0.014434
0.0146965
0.0148203
0.0141852
0.0130765
0.0115137
0.0115976
0.0108633
0.0102143
0.0122677
0.0124659
0.0120687
0.0118362
0.0115853
0.00738281
0.0147273
0.0120584
0.0117637
0.0135041
0.0141888
0.011927
0.013393
0.0126908
0.0128855
0.0123541
0.0114436
0.00978307
0.00928533
0.0102164
0.0108092
0.0103635
0.0103376
0.00901743
0.0110451
0.0101662
0.0116099
0.0118545
0.0105116
0.0101658
0.00897678
0.00989283
0.00988522
0.0104562
0.0103794
0.0102309
0.011416
0.0109952
0.0104316
0.00941771
0.00923077
0.0111814
0.0120737
0.0113287
0.0114757
0.0118228
0.0111485
0.0101225
0.00923951
0.00994095
0.0107796
0.0111694
0.00964862
0.0125277
0.0114379
0.0106978
0.010587
0.0110441
0.0112496
0.0118995
0.0109244
0.0105682
0.0106939
0.0101941
0.0103006
0.0105476
0.00944891
0.0103872
0.0105749
0.0112292
0.0111082
-0.00184972
0.00654174
0.00772288
0.00760054
0.00741351
0.00717511
0.00891204
0.00849505
0.024885
0.0111535
0.00945162
0.00954757
0.0109262
0.0103538
0.0100337
0.010098
0.00982554
0.0092317
0.0070143
0.00923834
0.00938809
0.00556638
0.00592347
0.00847309
0.00791224
0.0061355
0.00527545
0.00680676
0.00602136
0.00565128
0.00422567
0.00519963
0.00487805
0.00450755
0.00571653
0.00615945
0.0054388
0.00442076
0.00415876
0.00502242
0.00362195
0.00416368
0.00428215
0.00466339
0.00665424
0.00547034
0.00677139
0.00613098
0.00804913
0.00781848
0.0100778
0.00842038
0.0103758
0.0090975
0.00743345
0.00817239
0.00822008
0.00792955
0.00687079
0.00712682
0.00822131
0.00922179
0.00904251
0.00901456
0.010354
0.00999034
0.00725392
0.00816641
0.00748373
0.0083539
0.00786152
0.00897169
0.00931298
0.00972159
0.00911346
0.00922939
0.00888252
0.00850297
0.0103236
0.0095166
0.00849773
0.00761662
0.00858695
0.00932547
0.00929487
0.00839886
0.00907193
0.00922705
0.00975823
0.0107214
0.0101456
0.0116161
0.013132
0.0162609
0.0108638
0.0163265
0.0126332
0.0137977
0.0140174
0.0120929
0.0130603
0.0136572
0.0110788
0.0110904
0.0119669
0.0127382
0.0130304
0.0120294
0.011002
0.0122421
0.0107958
0.0100184
0.0112737
0.0116953
0.0116264
0.010942
0.0116697
0.012156
0.0101953
0.00958548
0.0106744
0.0122696
0.00962521
0.00861901
0.00869263
0.00841414
0.00935486
0.00941804
0.00628731
0.00728316
0.00917159
0.00750917
0.00761852
0.00875926
0.0101302
0.010773
0.0103996
0.0102012
0.0114976
0.0102381
0.0102065
0.0132677
0.0126428
0.012264
0.0134306
0.0124017
0.0112219
0.0113085
0.0124553
0.0113773
0.00997695
0.00931131
0.0103422
0.0107865
0.0111866
0.0104684
0.010192
0.0108573
0.0103705
0.0098845
0.0127267
0.0119568
0.010036
0.00910538
0.010603
0.0103128
0.00106589
0.00874771
0.00933387
0.00961675
0.00892622
0.00813087
0.00800215
0.00778412
0.00657797
0.00540998
0.00540496
0.00615522
0.00476771
0.00650524
0.00640236
0.00578855
0.00110722
0.00234799
0.003007
4.14831e-05
0.00218416
0.00153655
-0.00024342
-0.000532825
0.00056317
0.00113216
0.000866821
-0.00161253
-0.000843983
5.50633e-05
-0.010825
-0.000316629
-0.00222021
-0.00415504
-0.00315999
-0.00291343
-0.00453051
-0.00559967
-0.00456747
-0.00621713
-0.00326576
-0.00337938
-0.00405494
-0.00534238
-0.00598062
-0.00600488
-0.00445916
-0.00511111
-0.00670835
-0.00513243
-0.00373066
-0.0042439
-0.00557858
-0.00837564
-0.00645541
-0.00464145
-0.00938926
-0.00601761
-0.00604866
-0.00569341
-0.00646402
-0.00740398
-0.00832439
-0.00736868
-0.0071715
-0.00659815
-0.00540298
-0.00722959
-0.00623451
-0.0069657
-0.00412827
-0.00620973
-0.00756977
-0.00623995
-0.00426321
-0.00533826
-0.00575227
-0.00533834
-0.00496685
-0.00630702
-0.00682903
-0.00702617
-0.00714663
-0.00674899
-0.00765767
-0.00734666
-0.00595121
-0.0062941
-0.00731641
-0.00797381
-0.00578172
-0.0054232
-0.0053662
-0.0058761
-0.00525523
-0.00429839
-0.00178049
0.000260799
-0.00156836
-0.00180654
-0.00183427
0.000278679
6.78395e-05
-0.000793668
0.000694174
0.00571408
0.00264362
0.00218885
0.0365417
0.00768816
0.010313
0.00987088
0.00942061
0.00983876
0.0105209
0.00941631
0.0104062
0.0117658
0.0135438
0.0110872
0.0116919
0.0130599
0.0131975
0.0116752
0.0129039
0.0143724
0.0158474
0.016193
0.0148849
0.0139354
0.0128089
0.013569
0.0141425
0.0142326
0.0144325
0.0136269
0.0137507
0.0161775
0.0138478
0.0157133
0.0156925
0.0150558
0.0152371
0.0157392
0.0164356
0.0183417
0.0206057
0.0191501
0.0196
0.0196562
0.0202474
0.0235395
0.021151
0.0194456
0.0194691
0.0192909
0.0217763
0.019252
0.0194064
0.0195322
0.0206895
0.0202129
0.0198905
0.020412
0.0210719
0.0195886
0.0194074
0.0215503
0.0229527
0.0219764
0.0220208
0.0225669
0.0232027
0.0221635
0.0219111
0.023266
0.0238245
0.022828
0.0234691
0.0222311
0.0246048
0.0224771
0.0208561
0.0219086
0.0215636
0.0228688
0.0236506
0.0236937
0.0230253
0.0215876
0.0222769
0.0241791
0.0222744
0.02136
0.0211983
0.0210575
0.0199305
0.018254
0.0192384
0.017308
0.0181006
0.019049
0.0184594
0.0164486
0.0137243
0.0149517
0.0155975
0.0152027
0.013427
-0.0120187
0.0103232
0.00795775
0.00952157
0.00886695
0.0103058
0.00909896
0.00281171
0.00960458
0.00720057
0.00802508
0.00824429
0.00894832
0.00797671
0.00671522
0.00781098
0.00779024
0.00843184
0.00781037
0.00562466
0.00646516
0.00770906
0.00566604
0.00525371
0.00628154
0.00631535
0.00721271
0.00646771
0.00762324
0.00782478
0.00809423
0.00698029
0.00621803
0.00564594
0.00445057
0.00591956
0.00214502
0.00421229
-0.00130199
0.000383339
-0.00105357
-0.000865635
-0.00194883
0.000100663
-0.000219023
-0.00102509
0.00153383
0.00100394
0.00129144
-0.00101016
-0.000623358
-0.00122068
-0.0012666
-0.000661201
-0.000133128
6.69661e-05
9.28472e-05
-0.00200735
-0.000640898
-0.00377676
-0.0032115
-0.00494059
-0.00607804
-0.00409291
-0.0043064
-0.00547135
-0.00582912
-0.00543171
-0.00570009
-0.00511812
-0.00567903
-0.006636
-0.00522345
-0.00530626
-0.00475694
-0.00619679
-0.00554257
-0.00228456
-0.00341797
-0.00340441
-0.00323407
-0.00407894
-0.00505377
-0.00545593
-0.00408826
-0.00320538
-0.00270181
-0.00255074
-0.00148132
-0.00198289
-0.00272693
-0.00191171
-0.00298626
-0.00248495
-0.00129323
-0.00124188
-0.000102621
-0.00133262
-0.000274351
-0.00158102
-0.00323579
-0.00298762
-0.00153375
-0.000846917
-0.000356729
-4.80395e-05
0.000867033
0.00208943
0.0040233
0.00430657
0.00325412
0.0109697
0.00315127
0.00915565
0.005684
0.00757455
0.00829993
0.006707
0.0072113
0.00752629
0.00774507
0.00897618
0.00839781
0.00962397
0.00830822
0.00711147
0.00908153
0.00922793
0.00947481
0.0103375
0.00919409
0.00934953
0.00964327
0.0100072
0.010619
0.0108407
0.0116758
0.0107517
0.0109689
0.0096166
0.0111697
0.0133656
0.0111639
0.0115543
0.0103806
0.0102533
0.00995474
0.00934476
0.0109475
0.011402
0.0106682
0.0100498
0.0104813
0.0107061
0.00981068
0.0112967
0.0117781
0.0147223
0.015204
0.0154078
0.0137967
0.0141068
0.0140531
0.0166153
0.0159512
0.0157798
0.0160687
0.0166663
0.0156729
0.016066
0.0177162
0.0166921
0.0161831
0.0189325
0.0164891
0.0188912
0.0172797
0.017489
0.0185888
0.0200447
0.0193666
0.0197224
0.0209983
0.0207282
0.0197624
0.0173602
0.0173708
0.01678
0.0138919
0.0132446
0.010729
0.0101107
0.0105075
0.00891025
0.00764943
0.00559499
0.00673471
0.00623118
0.00531629
0.00307212
-0.00284009
0.00140088
0.00441906
0.00256563
0.00237103
0.00328894
0.00337893
0.00302672
0.00150066
8.87758e-05
0.00166366
0.00186632
0.0016046
0.000641598
0.000608521
-0.000304938
-0.0013761
-0.00328825
0.000523461
-0.00325586
-0.00207845
-0.00300267
-0.00449607
-0.000886813
0.238139
0.0273269
0.0279389
0.027846
0.0275448
0.0266741
0.0204379
0.0269289
0.0210059
0.0222296
0.0215491
0.018278
0.0186799
0.0158446
0.0149223
0.0171069
0.016827
0.0146273
0.0109051
0.0130257
0.0128446
0.0109387
0.00760551
0.00994334
0.00913637
0.00427369
0.00653476
0.0048489
0.00492978
0.00542517
0.00392012
0.0035928
0.00604521
0.00450835
0.00366153
0.00424852
0.00339001
0.00332686
0.00326609
0.00216957
0.00175402
0.00243079
0.00195799
0.000783674
0.00202154
0.0016599
-0.00226031
-0.000993402
0.00079156
-0.00012071
-0.00124551
-0.0013129
-0.00125206
-0.00226845
-0.0042155
-0.00554754
-0.00369931
-0.00398971
-0.00478335
-0.00450757
-0.0039852
-0.00683465
-0.00536016
-0.00363373
-0.00367199
-0.00207956
-0.00277767
-0.00184482
-0.000739992
-0.000649443
-0.000562928
0.000380913
0.000493477
0.000259788
0.000768803
-0.000144504
-0.000605671
-0.000622848
0.00054594
0.00195528
0.000540025
0.00356049
0.00299768
0.00213387
0.00183889
0.00170777
0.00224451
0.00307799
0.00418909
0.00362712
0.00339244
0.00628729
0.00634923
0.00717081
0.00809
0.00628052
0.00618453
0.00593002
0.0065564
0.00715272
0.00673727
0.00581622
0.00738312
0.00650261
0.00459269
0.005704
0.00743713
0.00652373
0.00621839
0.00607537
0.00553775
0.00583548
0.00601009
0.00584712
0.00768398
0.00693512
0.00665289
0.00739061
0.00571104
0.00697233
0.00630045
0.0080297
0.00715914
0.00842513
0.00895366
0.00706179
0.00862942
0.00828751
0.00778048
0.00847008
0.00685728
0.00679023
0.00735001
0.00656396
0.00690027
0.00746159
0.0096228
0.00851465
0.0124207
0.00996679
0.0106812
0.00948273
0.00924214
0.00838153
0.00899902
0.00944526
0.00839724
0.00938971
0.0091864
0.0121752
0.00984009
0.0115571
0.0112976
0.0105385
0.0107745
0.0102305
0.00951647
0.00928615
0.0101853
0.00952113
0.00871085
0.00809755
-0.00212523
0.00801638
0.00870146
0.0090192
0.00920905
0.0134467
0.00923234
0.009576
0.0108741
0.00906732
0.00834571
0.0107828
0.0107288
0.00844531
0.0105457
0.00914767
0.0107781
0.0113301
0.01116
0.00911316
0.0105166
0.00918777
0.0113799
0.00718335
0.00841694
0.00801845
0.00959179
0.0104493
0.0100453
0.0101494
0.0101528
0.00867197
0.00885001
0.00994742
0.0110959
0.0106311
0.00923573
0.00894272
0.0110445
0.00981893
0.0098324
0.0111644
0.0096512
0.00981361
0.0105479
0.0096604
0.0099984
0.00977243
0.00904247
0.0100466
0.0101445
0.00947891
0.00494615
0.00904532
0.00883147
0.00990924
0.0111869
0.0106696
0.0107714
0.0104788
0.010499
0.0101754
0.00995722
0.0102336
0.0100375
0.00925843
0.0103436
0.0106271
0.0107912
0.0109306
0.00999579
0.00865313
0.0102032
0.0105346
0.00976495
0.010361
0.00934656
0.0117586
0.0127349
0.0123691
0.0103058
0.0108384
0.0120023
0.0129481
0.0128901
0.0130354
0.013021
0.012889
0.0122239
0.0133143
0.0114522
0.0126947
0.0116183
0.0118305
0.0113593
0.0102951
0.00793579
0.00509341
0.00748407
0.00583337
0.00240163
0.00398327
0.00280345
0.00360213
0.00196896
0.0038374
0.00418115
0.00380229
0.00427191
0.00406208
0.00407248
0.00412256
0.00493348
0.00407161
0.00358136
-0.0143067
-0.0242031
-0.0274079
-0.0299027
-0.0602797
-0.0260215
-0.0577881
-0.0445712
-0.0503228
-0.0389379
-0.0458453
-0.0498666
-0.0453068
-0.0454331
-0.0475348
-0.0490942
-0.0461581
-0.0468057
-0.0479861
-0.0539945
-0.0459788
-0.0504966
-0.0472604
-0.0468891
-0.0462266
-0.0450728
-0.0446846
-0.0443345
-0.0421763
-0.0428126
-0.0426562
-0.0418993
-0.0413614
-0.0421881
-0.0421982
-0.0418859
-0.0415696
-0.0417694
-0.0416662
-0.0412926
-0.0403795
-0.0405241
-0.0399877
-0.0390099
-0.039011
-0.0376779
-0.0362826
-0.0367991
-0.0360131
-0.0342139
-0.033031
-0.034576
-0.0317268
-0.0333331
-0.0335696
-0.0330946
-0.0321634
-0.0326828
-0.0322146
-0.0320768
-0.0315341
-0.030822
-0.0312878
-0.0305547
-0.0296585
-0.0294963
-0.0300006
-0.0277208
-0.0292765
-0.0287804
-0.0287968
-0.0285474
-0.0283831
-0.0275402
-0.0263433
-0.0266572
-0.0258021
-0.0251651
-0.0200141
3
0.632618
0.64204
0.621085
0.614537
0.611742
0.601944
0.592034
0.57998
0.581068
0.571894
0.563898
0.54799
0.48836
0.521601
0.521955
0.515896
0.499356
0.480175
0.492083
0.485655
0.48014
0.463707
0.447527
0.460134
0.454345
0.383428
0.467819
0.390768
0.423612
0.408078
0.391292
0.404714
0.389971
0.393446
0.37814
0.37207
0.356389
0.368742
0.364039
0.349952
0.335405
0.347064
0.297192
0.32343
0.35352
0.325899
0.31318
0.266258
0.331482
0.305483
0.252418
0.29128
0.279295
0.266835
0.277177
0.273585
0.269904
0.258925
0.247754
0.256978
0.253264
0.242682
0.238822
0.227647
0.236043
0.22643
0.21609
0.224247
0.190391
0.209508
0.206697
0.209143
0.206673
0.198944
0.19081
0.202673
0.195643
0.187767
0.184662
0.176016
0.0637998
0.184566
0.163372
0.160943
0.153945
0.146666
0.153108
0.150948
0.127831
0.136103
0.141557
0.139878
0.138047
0.136231
0.130534
0.124761
0.129972
0.124639
0.11134
0.11557
0.120122
0.118603
0.113669
0.10893
0.113249
0.111789
0.110194
0.105743
0.100737
0.104233
0.0908696
0.0967343
0.0946292
0.0926039
0.0937239
0.0892812
0.084476
0.088346
0.0871164
0.0834885
0.0798646
0.0855302
0.0794261
0.075491
0.0788419
0.0686034
0.0732493
0.0692478
0.0720143
0.0708761
0.0696601
0.0662535
0.0625711
0.0652984
0.0639513
0.0601347
0.0557315
0.0583635
0.0569272
0.0431711
0.0578369
0.052021
0.0381956
0.0157585
0.0435315
0.0315711
0.0441043
0.0298289
0.0456752
0.0634361
0.0480019
0.0480019
0.0480019
0.0480019
0.0480019
0.0480019
0.0480019
0.0480019
0.0480019
0.0115087
0.0432212
0.0432212
0.0432212
0.0432212
0.0432212
0.0432212
0.0432212
0.0432212
0.0432212
0.0432212
0.0101487
0.0388887
0.0388887
0.0388887
0.0388887
0.0388887
0.0388887
0.0388887
0.0388887
0.0388887
0.0388887
0.00841164
0.0348961
0.0348961
0.0348961
0.0348961
0.0348961
0.0348961
0.0348961
0.0348961
0.000214811
0.0303528
0.0303528
0.0303528
0.0303528
0.0303528
0.0303528
0.0303529
0.0303528
0.0303528
0.000948
0.0265007
0.0265007
0.0265007
0.0265007
0.0265007
0.0265007
0.0265007
0.0265007
0.0265007
-0.00963578
0.0217668
0.0217668
0.0217668
0.0217668
0.0217668
0.0217668
0.0217668
0.0217668
0.0217668
0.00203921
0.0191825
0.0191825
0.0191825
0.0191825
0.0191825
0.0191825
0.0191825
0.0191825
0.0191825
0.0191825
0.0164652
0.0188265
0.0188265
0.0188265
0.0188265
0.0188265
0.0188265
0.0188265
0.0188265
-0.00686569
0.0154608
0.0154608
-0.236033
-0.0209752
-0.0188984
-0.0199015
-0.018556
-0.0178619
-0.0159797
-0.0161626
-0.0157713
-0.0160294
-0.0153574
-0.0139507
-0.0144922
-0.0148746
-0.013747
-0.0141894
-0.0152348
-0.0144361
-0.0137996
-0.0136085
-0.016064
-0.0180906
-0.0143922
-0.0146802
-0.0139093
-0.0150687
-0.0139245
-0.0117181
-0.0126668
-0.01207
-0.0105621
-0.0108152
-0.0117486
-0.0112344
-0.011054
-0.011576
-0.0112958
-0.0122741
-0.0116646
-0.0106526
-0.0159482
-0.0134205
-0.0143039
-0.0143875
-0.0124965
-0.0128292
-0.0134288
-0.0128794
-0.0103853
-0.0106266
-0.0125147
-0.0119305
-0.0131278
-0.0118344
-0.0143188
-0.0118176
-0.0155596
-0.0136734
-0.0136134
-0.0129554
-0.0112615
-0.0103907
-0.010026
-0.0105284
-0.008266
-0.00884817
-0.00891944
-0.00308953
-0.00433244
-0.00614024
-0.00357675
-0.00222097
-0.00453026
-0.00418573
-0.00334731
-0.0017865
-0.00266751
-0.00240315
-0.0025513
-0.00354372
-0.00254105
0.0005712
-0.000675103
-0.000359422
-0.00194349
-0.00154879
0.00142029
0.000132034
-0.000802436
0.000884716
0.00419697
0.000615451
0.00506362
0.00284207
0.00464722
0.0053196
0.00396781
0.00416739
0.00541006
0.00553828
0.0042118
0.00456792
0.00591682
0.00387672
0.00482939
0.00533578
0.00445884
0.00600578
0.00704206
0.0074356
0.00543808
0.00512966
0.0059599
0.00659155
0.00654536
0.0434404
0.0130607
0.0103993
0.0105831
0.0125833
0.0121999
0.0123871
0.0135879
0.0140536
0.0131851
0.0143931
0.0159751
0.0144239
0.0153057
0.015991
0.0151102
0.0137748
0.0146196
0.0148815
0.0124168
0.0129061
0.0136287
0.0132027
0.012363
0.0123509
0.0131517
0.0152184
0.0156189
0.0147969
0.0151072
0.0141159
0.0144501
0.0166695
0.015357
0.0154909
0.0159873
0.014793
0.0150687
0.015617
0.0165146
0.0164859
0.0175247
0.0174966
0.0162555
0.0153403
0.0154138
0.0167143
0.0165643
0.015896
0.0141764
0.0148608
0.0150557
0.0145386
0.0153773
0.0163762
0.0142167
0.0141327
0.0149166
0.0155873
0.0096751
0.00655895
0.00521934
0.00515851
0.00366395
0.0024443
0.000784496
-0.000319579
-0.000720529
-0.00398488
0.00313828
0.00339788
0.0014544
0.00155464
0.00136102
0.00148606
0.00144156
-0.000488899
0.000966427
0.000941369
0.000560166
0.000925724
-0.00125072
-0.000547015
-0.000791212
-0.00120451
-0.00229425
-0.00213795
-0.00108732
-0.00136967
-0.0043136
-0.00168607
-0.00261944
-0.00434719
-0.00186731
-0.00435734
-0.0071814
-0.0030529
-0.00687559
-0.00434137
-0.00535043
-0.00580062
-0.00405422
-0.00361733
-0.00393107
-0.00485719
-0.00501859
-0.00439288
-0.0070713
-0.00464604
-0.00515686
-0.00745964
-0.00853012
-0.00743184
-0.00772419
-0.00862722
-0.00867077
-0.00721842
-0.00713287
-0.00768912
-0.0077625
-0.00642511
-0.00594792
-0.0056992
-0.00573989
-0.00640402
-0.00734679
-0.00898235
-0.00751931
-0.00819477
-0.00746067
-0.00701475
-0.00698746
-0.00735709
-0.00820429
-0.00672922
-0.00605988
-0.00612463
-0.00727076
-0.00665874
-0.00660519
-0.00909113
-0.00740264
-0.0104138
-0.0666959
-0.013779
-0.0125523
-0.0118069
-0.0126232
-0.0127333
-0.0161285
-0.0151956
-0.0138822
-0.0146682
-0.0158491
-0.015219
-0.0150846
-0.0159267
-0.0168279
-0.0158289
-0.0149156
-0.0150911
-0.01594
-0.015611
-0.0152783
-0.0154669
-0.0154349
-0.0156067
-0.0162558
-0.0160899
-0.0153647
-0.0157108
-0.0202366
-0.0184604
-0.0185444
-0.0178495
-0.017467
-0.0168444
-0.0164552
-0.0172813
-0.0183383
-0.0173804
-0.0177392
-0.00779385
-0.0221016
-0.0221509
-0.0232563
-0.0215789
-0.0214485
-0.0225521
-0.0231734
-0.022464
-0.0177445
-0.0188567
-0.0181481
-0.0173484
-0.0173552
-0.0182927
-0.0180522
-0.0191453
-0.0174648
-0.0181663
-0.0188436
-0.0198995
-0.0195185
-0.018557
-0.018511
-0.0198697
-0.0198672
-0.0190035
-0.0211717
-0.0187787
-0.0224979
-0.0200414
-0.0221243
-0.0200491
-0.020927
-0.0228682
-0.0212207
-0.0212425
-0.0228705
-0.0223831
-0.0222862
-0.0238206
-0.0213049
-0.0206818
-0.0216157
-0.0227403
-0.0217096
-0.0205577
-0.0193592
-0.0176364
-0.0198338
-0.020467
-0.0216029
-0.0191505
-0.0195996
-0.0196697
-0.019054
-0.0190464
-0.0193492
-0.0182709
-0.0169923
-0.0163121
-0.0184163
-0.0190661
-0.0186074
-0.0189721
-0.0186172
-0.0161771
-0.0173726
-0.0175151
-0.0177571
-0.017944
-0.0170531
-0.0167344
-0.0165572
-0.0163632
-0.0161899
-0.0147038
-0.0160613
-0.0135393
-0.0139951
-0.011914
-0.0131929
-0.0118711
-0.0129409
-0.0116912
-0.0100421
-0.0101072
-0.00990297
-0.00988406
-0.00924309
-0.0100333
-0.00884088
-0.0100802
-0.00934728
-0.0104187
-0.00875462
-0.00974241
-0.00808308
-0.00949236
-0.00927269
-0.00766937
-0.00707281
-0.00846217
-0.00863722
-0.00892251
-0.00885677
-0.00765567
-0.00929333
-0.0091791
-0.00737388
-0.0081156
-0.00472284
-0.00480795
-0.00479999
-0.00451362
-0.0039075
-0.00398924
-0.0033288
-0.00369385
-0.00444943
-0.00187991
-0.00188668
-0.00206387
-0.000471138
-0.00268518
-0.00118436
-0.00312664
-0.00332575
-0.00400565
-0.00387377
-0.00315213
-0.00726598
-0.00367061
-0.00570661
-0.00389566
-0.00445225
-0.00404375
0.0503284
0.000435081
0.000907493
0.00132349
0.00220625
0.00324581
0.00315668
0.00353971
0.00433993
0.00383566
0.00481552
0.00524085
0.00417948
0.00314318
0.00356284
0.0033316
0.00311115
0.00221674
0.00194939
0.0028589
0.00227654
0.00204594
0.00182629
0.00268147
0.00326147
0.00277657
0.00315283
0.00399228
0.00263725
0.00187178
0.00195907
0.00162181
0.0016498
0.000569388
0.00184111
0.000638883
0.00296716
0.00269499
0.0045842
0.00232934
0.00314625
0.00180526
0.00110214
-0.00105862
-0.000392407
-0.000927079
-0.00218378
-0.00276923
-0.00163575
-0.00114673
0.000780878
0.0019851
0.000779281
0.00103665
0.00211149
0.00295057
0.000995661
0.000788478
0.00090904
0.00113156
0.000683763
0.000652152
0.00124672
0.00161871
0.00212322
0.0012247
0.00219141
-0.000217134
-0.00115455
-0.00192057
-0.00246737
-0.00197219
-0.00244395
-0.00327167
-0.00402453
-0.00288359
-0.00185259
-0.00113517
-0.00268132
-0.00216716
-0.00320481
-0.000576291
-0.00125649
-0.000694178
7.18798e-05
0.00156035
0.000764482
0.00464136
0.00298917
0.00376567
0.00281203
0.00373186
0.00465012
0.00477191
0.0040442
0.00371545
0.00332127
0.00302303
0.00356507
0.0017586
0.00392016
0.0038248
0.00325512
0.00359543
0.0039476
0.00353719
0.00266139
0.00226247
0.00262048
0.00234543
0.0033763
0.00254091
0.00344282
0.00396127
0.00313168
0.00397862
0.00232674
0.00272844
0.00354071
0.00313585
0.00291347
0.00222928
0.00114751
0.000687292
0.00100833
0.00194881
0.00057501
0.00213052
0.00255315
0.00053587
-0.000257657
-0.00197108
-0.000114331
0.000967318
0.00166795
0.000695917
-0.00208779
-0.000660011
-0.00112528
-0.000492713
-1.80798e-05
0.000504973
-0.000766315
-0.00107814
-0.00213461
-0.00271311
-0.0012517
-0.00151637
-0.00238079
-0.00313027
-0.00525969
-0.00727683
-0.0066724
-0.00610617
-0.00666805
-0.00483741
-0.00661484
-0.00732287
-0.00695104
-0.009017
-0.00893661
-0.00821116
-0.00729323
-0.00796868
-0.010884
-0.00900986
-0.00694885
-0.00817734
-0.0079814
-0.0112883
-0.0103533
-0.00877931
-0.00752542
-0.00850958
-0.00814498
-0.00905433
-0.010946
-0.00972728
-0.0105833
-0.010665
-0.0101571
-0.0101963
-0.00941804
-0.00948116
-0.0115338
-0.00975562
-0.00930729
-0.0100689
-0.0107757
-0.0118365
-0.0122548
-0.0119526
-0.0119607
-0.0118426
-0.0129019
-0.0111847
-0.0114431
-0.0137196
-0.0134366
-0.0144609
-0.0143051
-0.0142369
-0.0157205
-0.015234
-0.014526
-0.0148382
-0.0144599
-0.013895
-0.0219871
-0.0143246
-0.0152541
-0.0156915
-0.014993
-0.0166031
-0.0153947
-0.0155365
-0.0158161
-0.0177422
-0.0159426
-0.0189316
-0.0186109
-0.0195445
-0.0189244
-0.0183498
-0.0192401
-0.0211169
-0.0213931
-0.0210864
-0.0232515
-0.0216626
-0.0214834
-0.0224883
-0.0234269
-0.0222122
-0.0223619
-0.0227528
-0.0221662
-0.0215265
-0.0230968
-0.0235056
-0.0240619
-0.0231754
-0.0232964
-0.022099
-0.0226811
-0.021991
-0.0232905
-0.0238919
-0.0229804
-0.0234596
-0.0247931
-0.0245522
-0.0233352
-0.0241257
-0.0247223
-0.0242258
-0.0218964
-0.0219961
-0.021204
-0.0212324
-0.0203863
-0.022251
-0.0220936
-0.022634
-0.0227109
-0.0214564
-0.0211693
-0.022016
-0.0228791
-0.0213424
-0.0218262
-0.0223602
-0.022177
-0.0232643
-0.0247785
-0.0235347
-0.0244862
-0.0253359
-0.0259285
-0.0252476
-0.0251561
-0.0260782
-0.0260142
-0.0245826
-0.0257255
-0.02444
-0.0242185
-0.0260572
-0.0249109
-0.024869
-0.0247402
-0.0240797
-0.02462
-0.0252543
-0.0264869
-0.0262514
-0.0266403
-0.0267073
-0.0248306
-0.0276474
-0.0270766
-0.0256906
-0.0260052
-0.0250893
-0.0261364
-0.0256465
-0.0249987
-0.026069
-0.0262181
-0.0263342
-0.0266748
-0.0249462
-0.0248102
-0.0240991
-0.0203145
-0.0240073
-0.024423
-0.022789
-0.0222016
-0.0213895
-0.0217297
-0.0216063
-0.0214755
-0.0212615
-0.0140989
-0.0200228
-0.0193611
-0.0158314
-0.0200135
-0.0219379
-0.0213127
-0.0186304
-0.0200622
-0.0208918
-0.0202386
-0.0193331
-0.0188393
-0.0182995
-0.0191359
-0.0190768
-0.020699
-0.0200083
-0.0203596
-0.0159423
-0.018233
-0.0181175
-0.0188318
-0.0183946
-0.0154287
-0.0149871
-0.0152727
-0.014866
-0.0139838
-0.0156067
-0.0151595
-0.013565
-0.0134957
-0.0147409
-0.012902
-0.0156204
-0.0159193
-0.0139732
-0.0142379
-0.0146759
-0.014657
-0.0141159
-0.0144103
-0.0157327
-0.0147384
-0.0138264
-0.0141459
-0.011139
-0.0142896
-0.0145534
-0.0139551
-0.0137227
-0.0135443
-0.0147143
-0.0142221
-0.0146159
-0.0143008
-0.0136252
-0.0144402
-0.0148589
-0.0152311
-0.0151402
-0.0139676
-0.0136911
-0.0150118
-0.0149819
-0.013738
-0.0133707
-0.0127006
-0.0139621
-0.0128651
-0.0140625
-0.0139137
-0.0126495
-0.0134013
-0.0138036
-0.0141944
-0.0145907
-0.0140298
-0.0127494
-0.0131798
-0.0145885
-0.0138892
-0.0122726
-0.0127342
-0.0128612
-0.0133535
-0.0127534
-0.0133882
-0.0114747
-0.0106657
-0.0109634
-0.0112802
-0.0111602
-0.0112566
-0.0111011
-0.0112752
-0.00900874
-0.0109456
-0.0135825
-0.0126475
-0.00913206
-0.00966131
-0.0103149
-0.00940401
-0.0054221
-0.00611029
-0.00610455
-0.0050177
-0.00349801
-0.00422113
-0.00452133
-0.00118497
-0.00188704
-0.00113178
-0.000379862
-0.00351528
-0.00341162
-0.00158194
-0.00137274
-0.00125218
-0.000439395
0.000168024
-0.0016957
-0.00207391
-0.00125991
0.000410347
0.000226349
0.000148835
0.000991192
0.00200172
0.00371893
0.00165784
0.00199092
0.00121402
0.00204202
0.00245521
0.00198285
0.00289346
0.00344875
0.00538872
0.00369181
0.00413943
0.00330972
0.00473674
0.00549446
0.00532339
0.00404084
0.00380138
0.00346028
0.00349232
0.00488315
0.00375403
0.00575576
0.000135742
0.00298106
0.00168302
0.00152759
0.0015663
0.00312713
0.0026912
0.00323739
0.00443718
0.00630056
0.00599783
0.00619281
0.00645827
0.00712186
0.0085086
0.0065984
0.00771901
0.00664617
0.00618403
0.00685753
0.00696425
0.00738464
0.00873967
0.00796845
0.00789744
0.00753084
0.00736092
0.00739585
0.00747356
0.0084249
0.0167995
0.00947159
0.0095989
0.00726018
0.00867322
0.00973596
0.0100237
0.00906549
0.0103481
0.00891673
0.010329
0.0102793
0.00883238
0.00868854
0.00895691
0.00927129
0.00914002
0.00990341
0.0115406
0.0112732
0.0105107
0.00828487
0.0093902
0.00851704
0.00665667
0.00673178
0.00786642
0.00652185
0.00617631
0.00692894
0.00794132
0.00685042
0.00604701
0.00700985
0.00760672
0.00556993
0.00532777
0.00604427
0.00873601
0.00669605
0.00384777
0.00679262
0.00677648
0.00553103
0.00604315
0.00628663
0.00558264
0.00439008
0.00366174
0.00453511
0.00440101
0.00341874
0.00167867
0.00387615
0.00297997
0.000391763
-0.00220031
0.00236876
0.000695769
0.000288606
-0.000562774
-0.000949142
-0.000655355
-0.00128892
-0.00279433
-0.00495276
-0.00460121
-0.00634709
-0.00779904
-0.00690326
-0.00689324
-0.00597859
-0.00591464
-0.0107026
-0.00596083
-0.0113751
-0.00807397
-0.00880858
-0.0114831
-0.00928095
-0.0106604
-0.0105208
-0.0103913
-0.0093346
-0.010747
-0.0113141
-0.0106457
-0.0105769
-0.0100883
-0.00871637
-0.00980261
-0.0112662
-0.00971625
-0.0110943
-0.00934614
-0.00871568
-0.00912337
-0.00985651
-0.0107506
-0.0104806
-0.0109906
-0.0123371
-0.0107728
-0.0096138
-0.00880688
-0.0100213
-0.00998273
-0.0110795
-0.00942021
-0.0100767
-0.0108283
-0.0118895
-0.0111128
-0.0111184
-0.0105245
-0.00984448
-0.00943868
-0.00918329
-0.0107824
-0.0120754
-0.0115238
-0.01061
-0.0108233
-0.0122063
-0.0109865
-0.0109806
-0.0130395
-0.0117974
-0.011078
-0.0113971
-0.0121232
-0.0128033
-0.012221
-0.012453
-0.0131341
-0.0120733
-0.0115871
-0.0116955
-0.0106106
-0.00896999
-0.0094474
-0.00982145
-0.00993257
-0.00971146
-0.00926567
-0.00963619
-0.0113588
-0.0102904
-0.0101009
-0.0107989
-0.0113751
-0.0102644
-0.0109067
-0.0107387
-0.0113481
-0.0127965
-0.011426
-0.0124015
-0.0115614
-0.0104429
-0.0107656
-0.0107407
-0.00946827
-0.0103795
-0.0109632
-0.0107316
-0.0120031
-0.0106374
-0.00944972
-0.0105175
-0.0120708
-0.0121147
-0.011276
-0.0110393
-0.0120317
-0.0115393
-0.0108033
-0.0109835
-0.0118048
-0.0117055
-0.0114856
-0.0117555
-0.0142965
-0.0132912
-0.0135528
-0.0124264
-0.0154185
-0.0142065
-0.0148349
-0.0153869
-0.0139224
-0.0133768
-0.0146778
-0.0170858
-0.0152799
-0.0139067
-0.0164722
-0.016627
-0.0161262
-0.0158479
-0.015027
-0.0140215
-0.0145531
-0.0149789
-0.0158706
-0.0168071
-0.0162692
-0.0141726
-0.0160244
-0.0167787
-0.0160115
-0.0165149
-0.016549
-0.0156059
-0.0157539
-0.0160214
-0.0183615
-0.0145423
-0.0136602
-0.0152538
-0.015348
-0.0140697
-0.0115394
-0.0147127
-0.0125334
-0.0136093
-0.0121178
-0.0113951
-0.0136724
-0.0119928
-0.0126056
-0.0121348
-0.0108805
-0.0122316
-0.0130714
-0.0120927
-0.0111312
-0.0113913
-0.0114853
-0.00918841
-0.0114174
-0.00847793
-0.00804088
-0.0104484
-0.00685462
-0.00876857
-0.00756068
-0.00732789
-0.00823269
-0.00843811
-0.00653207
-0.00772763
-0.00828278
-0.00780615
-0.00671243
-0.00759699
-0.00694309
-0.00635605
-0.00620546
-0.00725809
-0.00601807
-0.00572785
-0.0059529
-0.00674467
-0.00557991
-0.00591733
-0.00695474
-0.00708048
-0.00600616
-0.00609277
-0.00751168
-0.00651421
-0.00684505
-0.0106816
-0.00833667
-0.00763991
-0.00974753
-0.0081319
-0.00829246
-0.00946769
-0.00926019
-0.00917308
-0.0103181
-0.0089449
-0.00809546
-0.00793635
-0.00755504
-0.00829352
-0.0086355
-0.00826844
-0.00718124
-0.00670869
-0.00586131
-0.00784344
-0.00724267
-0.00794856
-0.00842204
-0.00693374
-0.00707333
-0.00727262
-0.00814961
-0.00848891
-0.00773015
-0.0076828
-0.0094734
-0.00935757
-0.00938126
-0.00915598
-0.00989852
-0.0098108
-0.0091595
-0.00829704
-0.0079822
-0.00765272
-0.00705629
-0.00740855
-0.00849058
-0.00909806
-0.00978907
-0.00856303
-0.00823171
-0.00861173
-0.00918742
-0.0106796
-0.0114426
-0.0105845
-0.00995616
-0.0105565
-0.00936467
-0.0094905
-0.00995309
-0.00954716
-0.00548182
-0.00546803
-0.00211679
-0.00462177
-0.00438792
-0.00293037
-0.00289526
-0.00259094
-0.00200882
-0.000846405
-0.00124253
-0.00306224
-0.00106757
2.95981e-05
-0.00285263
-0.0014157
-0.00169113
-0.00269821
-0.00294403
-0.00211584
-0.00129786
-0.000874909
-0.00128015
-0.00269653
-0.00277014
-0.00354611
-0.00265819
-0.00296674
-0.00253949
-0.001205
-0.00164475
-0.00214745
-0.000120833
-0.000526154
-0.000406618
7.24563e-05
9.02023e-05
0.000687283
0.00107388
0.000864319
-5.70374e-05
0.000279114
-0.00145502
-0.000478455
8.3435e-05
0.000157043
-5.0293e-05
-0.0015938
-0.000728039
0.000255882
0.00153125
-0.000498398
-0.00180865
-0.00088772
0.00184091
0.000887924
-0.000308548
-0.00164472
0.000395813
0.000439325
0.000222481
0.00365397
0.00127825
0.000538291
-0.105431
-0.00918233
-0.0120261
-0.011082
-0.00785024
-0.00661084
-0.00571005
-0.00594056
-0.00596166
-0.00413177
-0.00348141
-0.00666352
-0.00717351
-0.00531493
-0.00677096
-0.00579034
-0.0037091
-0.00359417
-0.0043131
-0.00502122
-0.00353806
-0.00356345
-0.00284238
-0.00220198
-0.00188892
-0.000581886
-0.00304875
-0.00469049
-0.00290767
-0.000997028
-0.00225819
-0.0019576
-0.00049485
0.00199839
0.000490242
0.00196972
0.0012897
0.00138734
0.000786682
0.00114744
0.00291837
0.00275182
0.001807
0.0025643
0.00330208
0.00412183
0.00288364
0.00283855
0.00311703
0.00306274
0.00389392
0.00221837
0.00254195
0.00299932
0.00272405
0.0026047
0.0022112
0.005619
0.00500124
0.00490738
0.00524809
0.00851855
0.00758534
0.0074998
0.00631041
0.00561982
0.0054147
0.0053605
0.00633318
0.00655878
0.00541368
0.00630318
0.00684697
0.00820446
0.00891179
0.0102767
0.00783506
0.00858199
0.00862214
0.00848414
0.00862576
0.00828565
0.00828291
0.00821332
0.00800138
0.00893883
0.00832293
0.00930782
0.0084484
0.00843671
0.0106917
0.0097936
0.00947636
0.0102322
0.00951413
0.00938967
0.00859109
0.0081329
0.00871058
0.00840765
0.0095989
0.00804233
0.00929341
0.00908881
0.0107765
0.00862791
0.00798766
0.00822961
0.00758277
0.00674714
0.00716268
0.00670457
0.00702691
0.00797355
0.00749701
0.00738524
0.00696768
0.00808423
0.00823113
0.00961322
0.0106392
0.0103419
0.0100798
0.0109483
0.0105758
0.00930608
0.00820482
0.0064105
0.00467213
0.00575139
0.00521232
0.00425495
0.00466743
0.00442268
0.00493455
0.00189785
-0.000324526
0.00427424
-0.00107916
0.00159543
-0.000721287
0.00269734
0.00189069
0.00293974
0.00395816
0.00412669
0.00410668
0.00334604
-0.0131045
0.0112917
0.000395599
0.000470749
-0.000830379
-0.000375446
-0.0012698
-0.00177287
-0.00140991
-0.00126756
-7.02782e-05
-0.00160263
-0.00332288
-0.00276282
-0.00789477
-0.00397663
-0.00250523
-0.00709757
-0.0055407
-0.00490558
-0.00615863
-0.00596478
-0.00654016
-0.00838148
-0.00947243
-0.00956588
-0.00850397
-0.00884817
-0.010178
-0.0108839
-0.00883004
-0.0113066
-0.0120586
