0.472348
0.427379
0.397114
0.36722
0.340511
0.304177
0.261847
0.234163
0.207456
0.212246
0.182372
0.137474
0.137474
0.119246
0.0981228
0.0740712
0.127652
0.113281
0.0840915
0.0777719
0.0655596
0.0973401
0.0923805
0.0827817
0.0615515
0.0505459
-0.0952764
-0.102451
-0.110256
-0.115992
-0.120358
-0.0113566
-0.0125997
-0.013537
-0.0146471
-0.0157986
-0.0465849
-0.0475115
-0.0484049
-0.0493558
-0.0494559
-0.0758767
-0.075823
-0.0745817
-0.073153
-0.0716248
0.0223834
0.0243085
0.0251986
0.0256728
0.0255931
-0.0699072
-0.0714833
-0.0721667
-0.0727615
-0.0725287
-0.0140738
-0.013498
-0.0123175
-0.0117256
-0.0116176
0.0878732
0.0869637
0.0859674
0.0839521
0.0807911
-0.0681326
-0.0725128
-0.0771341
-0.0809006
-0.0843746
-0.0489998
-0.0503638
-0.0508531
-0.05121
-0.0511127
0.0164014
0.0177647
0.0183455
0.018927
0.019256
-0.0438135
-0.0438965
-0.0441283
-0.0443893
-0.0448664
-0.0088903
-0.00892821
-0.00826088
-0.00762788
-0.00753561
0.073595
0.0731416
0.0730464
0.0701639
0.0680997
0.0343857
0.0319567
0.0293704
0.02646
0.0225998
-0.0806336
-0.0839874
-0.0872547
-0.0905263
-0.0930304
-0.150202
-0.150125
-0.148653
-0.147164
-0.145391
-0.0908315
-0.0870993
-0.0812836
-0.0773025
-0.0734473
0.0299824
0.034957
0.0390332
0.0418828
0.045012
-0.0101943
-0.00929305
-0.00875232
-0.00802275
-0.00681326
0.00868827
0.00987094
0.0112764
0.0132781
0.0144475
0.00439815
0.00466709
0.00450294
0.00456409
0.00446002
-0.0396829
-0.0398349
-0.040122
-0.0400219
-0.0397726
-0.0468434
-0.0466113
-0.0459851
-0.0453682
-0.0441422
-0.0174454
-0.0168629
-0.0159094
-0.0156201
-0.0153369
-0.0200946
-0.0200549
-0.0199462
-0.0196837
-0.0192517
0.0562001
0.0566728
0.0568728
0.0552395
0.0539577
0.10783
0.104468
0.10138
0.0978391
0.0938222
0.0128437
0.00684197
-0.000711844
-0.00527804
-0.009252
-0.0407698
-0.0447703
-0.0481327
-0.0501562
-0.0515788
-0.100209
-0.101368
-0.102531
-0.102726
-0.102655
-0.0286288
-0.027174
-0.0229404
-0.0218532
-0.0196502
-0.140506
-0.137723
-0.133909
-0.129781
-0.123975
-0.0182254
-0.0125026
-0.00650594
0.000341914
0.00737788
0.0860044
0.0893686
0.0928769
0.0962325
0.0978991
-0.0329239
-0.0325158
-0.033519
-0.03479
-0.0348844
0.0253822
0.0259759
0.0262108
0.0262491
0.0261082
0.0535181
0.0541825
0.0543606
0.0546929
0.0551592
0.107341
0.106543
0.10473
0.102399
0.0999011
-0.063612
-0.0665896
-0.0696723
-0.0704226
-0.0707381
0.0220401
0.0229517
0.0239645
0.0247345
0.0251816
0.137221
0.137807
0.138282
0.137478
0.136158
-0.0873669
-0.0901171
-0.0938579
-0.095302
-0.0959003
-0.00290889
0.00054401
0.00167376
0.00395256
0.00809532
-0.0226581
-0.0210073
-0.0196633
-0.0178955
-0.0155037
0.0488767
0.0512854
0.0537974
0.0561859
0.0585635
0.0180511
0.0184892
0.018521
0.0184992
0.018261
-0.0275284
-0.027463
-0.0268389
-0.0257088
-0.0251044
-0.0254319
-0.0244621
-0.0238791
-0.0230852
-0.0220313
0.0449267
0.0459577
0.047257
0.0488924
0.0492726
0.0438547
0.0439781
0.0437957
0.0435318
0.0428852
0.127253
0.126115
0.124876
0.122267
0.119883
0.0554597
0.0512887
0.0451164
0.0410076
0.0367479
-0.0836733
-0.0893024
-0.0921212
-0.0940739
-0.0950674
-0.0046333
-0.00395953
-0.00300252
-0.00254619
-0.00258409
-0.0426145
-0.0428154
-0.0433884
-0.0437102
-0.0435479
-0.0505706
-0.0496844
-0.0488897
-0.0479967
-0.0467361
-0.0695475
-0.0689027
-0.0683616
-0.0670759
-0.0655124
0.0358676
0.0375778
0.0395798
0.0414498
0.0425924
-0.0117601
-0.0128801
-0.0140678
-0.0151543
-0.0162351
0.095156
0.0944347
0.0936826
0.0918541
0.089031
-0.0802196
-0.0832812
-0.0878932
-0.0916182
-0.0942797
-0.0140816
-0.0154571
-0.0165035
-0.0169569
-0.0170886
-0.0140689
-0.0147255
-0.0154372
-0.0170823
-0.0180493
-0.0517846
-0.0524447
-0.0528832
-0.0528324
-0.0521536
-0.0778768
-0.0776758
-0.0769606
-0.0753956
-0.0738084
-0.0306351
-0.0262671
-0.0252543
-0.0232687
-0.020231
0.0767862
0.0781659
0.078417
0.0781917
0.076548
-0.110174
-0.112361
-0.114276
-0.115586
-0.115832
0.0164874
0.0185015
0.0200944
0.0214041
0.0229211
0.053333
0.0539424
0.054104
0.053519
0.0525612
-0.00562645
-0.00650478
-0.00808836
-0.00982071
-0.0108957
-0.0833844
-0.084812
-0.0865444
-0.0850716
-0.0850716
-0.0859495
-0.0830663
-0.0793162
-0.0764009
-0.0720464
0.0319684
0.0358058
0.0391879
0.0430424
0.0743092
0.0743092
0.0757912
0.0383953
0.0387361
0.0387658
0.0390776
0.0391702
-0.0218363
-0.0222512
-0.0228216
-0.0223549
-0.0216203
0.027436
0.0280819
0.0287017
0.0287886
0.0290168
-0.00283703
-0.00322684
-0.00329122
-0.0029622
-0.00194296
0.0995717
0.100596
0.101306
0.101605
0.101518
-0.043605
-0.0457457
-0.0469706
-0.0483228
-0.0486658
0.0556917
0.0577867
0.0588424
0.0601285
0.060456
0.0745097
0.0744404
0.0738757
0.0724763
0.0710583
0.0466625
0.0444706
0.0410356
0.0391548
0.0357477
0.0732303
0.0720741
0.0709983
0.0692638
0.0669868
0.0388815
0.0366434
0.0334233
0.031141
0.0289684
0.0869054
0.0850464
0.0833023
0.0789063
0.0776675
-0.0418634
-0.0484244
-0.0498221
-0.0519771
-0.0547137
-0.0586914
-0.059529
-0.0598601
-0.0596713
-0.0587207
0.032291
0.034456
0.0367942
0.0387354
0.0405801
0.0267308
0.0275691
0.0284653
0.0289574
0.0297678
-0.0987929
-0.0981112
-0.0967901
-0.0951032
-0.0930558
0.046737
0.0500336
0.0513593
0.0530788
0.0546863
-0.0251101
-0.0253361
-0.0264337
-0.0273381
-0.0281271
0.00910484
0.00852369
0.00785171
0.00772654
0.00723516
-0.0494726
-0.0505012
-0.0520136
-0.0529076
-0.0538425
0.0234302
0.0223251
0.0213202
0.0195846
0.0171742
-0.0593259
-0.0624316
-0.0644164
-0.0656144
-0.0665994
-0.080146
-0.0798635
-0.0794494
-0.0789709
-0.0780904
-0.0605704
-0.0595404
-0.0572323
-0.0548955
-0.0526174
-0.0544699
-0.0519458
-0.0495443
-0.0468599
-0.0435762
0.0893694
0.0913106
0.0930312
0.0933466
0.0924772
0.111036
0.105995
0.102091
0.0987267
0.0937768
-0.059823
-0.0648127
-0.0697722
-0.074779
-0.0794239
0.0176019
0.0159868
0.0138325
0.0112711
0.00759615
-0.0594937
-0.0614435
-0.0640342
-0.0650527
-0.0651965
0.0121043
0.0138767
0.0141814
0.0142329
0.0146013
-0.0249688
-0.0255754
-0.0260031
-0.0264179
-0.0271253
-0.0689243
-0.0699857
-0.0704521
-0.0708948
-0.0710686
-0.0368921
-0.0357763
-0.0336892
-0.0324618
-0.0316071
-0.0628689
-0.062758
-0.0624948
-0.0610736
-0.0602618
-0.025414
-0.0244555
-0.0236101
-0.0227325
-0.0212176
-0.0155298
-0.0149068
-0.0141308
-0.0139012
-0.0135657
-0.0265449
-0.0263117
-0.0252317
-0.0251001
-0.0254627
0.00693989
0.0070293
0.00659013
0.00609517
0.00568104
-0.0264805
-0.0271214
-0.0276779
-0.028175
-0.0291134
0.00844232
0.00630657
0.0051972
0.00401918
0.00260369
-0.0668743
-0.0688971
-0.0699342
-0.070756
-0.0718797
-0.0451788
-0.0456459
-0.045663
-0.0458883
-0.0460471
-0.0869262
-0.0868132
-0.0865486
-0.0859385
-0.0852046
-0.0821292
-0.0800278
-0.0774386
-0.0758979
-0.0740733
-0.0340822
-0.0325916
-0.0311589
-0.0272651
-0.0255356
-0.0993687
-0.0983995
-0.0971664
-0.0949856
-0.0927111
0.0149949
0.0174475
0.0201461
0.0225651
0.0240657
0.0219777
0.0226257
0.0231486
0.0230985
0.0225285
-0.0210421
-0.022876
-0.0242786
-0.0254323
-0.0266161
-0.0124546
-0.0128538
-0.0131399
-0.0138687
-0.0146018
-0.0288788
-0.0291899
-0.029682
-0.0298065
-0.0300633
-0.0348498
-0.0345851
-0.0347117
-0.0345501
-0.0340337
0.0198532
0.0208181
0.021313
0.0216478
0.0218903
0.000937223
-2.62269e-05
-0.00212622
-0.00337505
-0.00427055
-0.0168092
-0.018244
-0.0189721
-0.0200808
-0.0209126
-0.0408169
-0.040666
-0.0405887
-0.040279
-0.0393799
-0.0124112
-0.0119069
-0.0108605
-0.00987486
-0.00819044
-0.00614011
-0.00582754
-0.00621807
-0.00629961
-0.00649702
-0.0366024
-0.0363313
-0.0358578
0.00102636
0.00102636
0.00197407
0.00217077
-0.0617824
-0.0613289
-0.0603927
-0.0592046
-0.0580702
0.00911542
0.0112877
0.0124292
0.0139055
0.0154161
-0.036353
-0.035333
-0.0333525
-0.0330413
-0.0307042
0.0642549
0.0657884
0.0672136
0.0674514
0.0673022
-0.0819345
-0.0835628
-0.0846142
-0.0854189
-0.0855143
0.0576753
0.0592067
0.0607545
0.0628459
0.0630988
0.0238833
0.023506
0.0225847
0.0214246
0.0210723
0.0294741
0.0293761
0.0291665
0.0288965
0.028703
0.023246
0.0227872
0.0218681
0.0199823
0.0186713
-0.0417617
-0.0427223
-0.0450583
-0.0457743
-0.0455962
0.0714639
0.0720776
0.0725411
0.0724381
0.0721971
0.0645019
0.0618068
0.0603927
0.058654
0.0562106
-0.0712502
-0.0736063
-0.0759823
-0.0781546
-0.0799255
-0.0217434
-0.0215446
-0.0215031
-0.0207084
-0.0194103
-0.045835
-0.0445941
-0.0427151
-0.0402975
-0.0391402
0.0316596
0.033221
0.034929
0.0363273
0.0365884
-0.0222383
-0.0219979
-0.0221145
-0.0223112
-0.0220752
-0.0643082
-0.0630301
-0.0618392
-0.0606204
-0.0590912
0.00409134
0.00689013
0.00791581
0.0089912
0.00951548
0.00567943
0.00552851
0.00519091
0.00475603
0.00452107
0.0064041
0.00530153
0.00494534
0.00433451
0.00373369
-0.0550072
-0.0560343
-0.0563691
-0.0558233
-0.0547018
0.00497613
0.00716732
0.00862358
0.00952802
0.0101807
0.0172727
0.0180151
0.0180602
0.0179525
0.0174626
0.0300814
0.030056
0.0288876
0.0281381
0.026921
-0.0314551
-0.0333655
-0.0337424
-0.0359662
-0.0371506
0.0175572
0.0175872
0.0176988
0.0176623
0.0175894
0.022263
0.0222773
0.0223545
0.021964
0.0214683
0.0224736
0.0220151
0.0198807
0.0187506
0.0174124
-0.0521596
-0.0533169
-0.0543711
-0.0547946
-0.0542338
-0.0109506
-0.0102096
-0.00851156
-0.00756099
-0.00695016
0.00110787
0.00125522
0.00154346
0.00226158
0.00315064
0.00322387
0.00370666
0.00385186
0.00344917
0.00299641
0.00562249
0.00526057
0.00482498
0.00437794
0.00393663
0.00920103
0.00798366
0.00623772
0.00529859
0.00427577
-0.0229602
-0.0270215
-0.0279477
-0.0312379
-0.033659
-0.0684642
-0.0698117
-0.0702294
-0.070464
-0.0697237
-0.062975
-0.061822
-0.0600968
-0.0590389
-0.0568938
-0.0375517
-0.0353702
-0.0383275
-0.0383275
-0.0359571
-0.0325876
0.0303297
0.0326982
0.0348165
0.0364247
0.0368675
-0.077112
-0.0773448
-0.0781448
-0.078569
-0.0785718
0.0545157
0.0552124
0.0568282
0.0568486
0.0559491
0.0139434
0.011508
0.00943481
0.00748467
0.00541114
-0.0472186
-0.0487986
-0.0503443
-0.0510295
-0.0507098
0.0106058
0.0111866
0.0118761
0.0122359
0.0120893
0.0103426
-0.050767
-0.0522848
-0.0530065
-0.0533534
-0.0381238
-0.0376882
-0.0374701
-0.0372104
-0.0366826
0.0503709
0.0511963
0.0523486
0.0525839
0.0522148
-0.0424578
-0.0432467
-0.0443647
-0.0452423
-0.0460455
-0.00606465
-0.00651741
-0.0068028
-0.00696802
-0.008111
0.00249843
0.00124959
-3.4295e-05
-0.00217148
-0.00461622
-0.00657459
-0.0398457
-0.041676
-0.0437653
-0.0451829
-0.0688299
-0.0697697
-0.070206
-0.0705079
-0.0687655
-0.0610786
-0.0590266
-0.0569888
-0.0544017
-0.0533288
0.00787373
0.0106761
0.0119915
0.013884
0.0156185
-0.0290184
-0.0282388
-0.0271301
-0.0251818
-0.0237741
-0.0246842
-0.0218468
-0.0202904
-0.0184371
-0.0168489
-0.0156788
0.027998
0.0296202
0.0301362
0.0308787
0.0534867
0.0537588
0.0533804
0.0523415
0.0499139
-0.111135
-0.113709
-0.115036
-0.115523
-0.114708
0.0380075
0.0398747
0.0422572
0.0433737
0.0436387
0.059127
0.0593001
0.0589071
0.0576925
0.0557517
-0.0174986
-0.0210781
-0.0230015
-0.0245593
-0.0255385
0.0200565
0.0194742
0.0185501
0.0167498
0.0155854
-0.00706168
-0.00903293
-0.00980111
-0.0105772
-0.0114455
0.00401131
0.00406209
0.00399772
0.00383607
0.00388828
-0.056479
-0.0559947
-0.0556893
-0.0547945
-0.0534828
-0.007355
-0.00564268
-0.00446823
-0.00353482
-0.00326946
0.0140299
0.0142616
0.014841
0.0151106
0.0153431
-0.0548243
-0.0548772
-0.0544731
-0.0539059
-0.0533816
0.0191011
0.0197412
0.0224592
0.0238203
0.0255359
0.0549574
0.0558261
0.0559591
0.055575
0.0546616
0.0512315
0.04882
0.0450385
0.0422676
0.0365048
-0.00147999
-0.0051657
-0.00915683
-0.0110844
-0.0124649
0.0844052
0.0827108
0.0818954
0.0796509
0.075526
-0.136517
-0.139843
-0.146873
-0.149482
-0.149822
-0.128746
-0.127955
-0.125626
-0.123951
-0.121804
0.0217628
0.0260557
0.0284018
0.0297422
0.03024
0.0201591
0.019564
0.0186142
0.0161608
0.0150293
0.0256738
0.0236103
0.0213608
0.0178668
0.0162303
-0.10446
-0.106777
-0.107741
-0.108572
-0.108227
-0.0616675
-0.0616675
-0.0588552
-0.0584203
-0.0576557
-0.0894713
-0.0890715
-0.0855174
-0.0827908
-0.0792446
0.00881318
0.0114367
0.0140682
0.0164586
0.0194133
-0.0273318
-0.0251102
-0.0235431
-0.0222806
-0.0218179
-0.073339
-0.0733297
-0.0730894
-0.0727518
-0.0717325
-0.0190444
-0.0177162
-0.0165575
-0.0154553
-0.0144518
0.0205799
0.020665
0.0204003
0.0198989
0.0190578
-0.0581298
-0.0593908
-0.0602727
-0.0608227
-0.060993
0.00170688
0.00258092
0.00378756
0.00419526
0.00441412
-0.00985799
-0.0108615
-0.0119945
-0.0135387
-0.0143491
-0.00188758
-0.00277306
-0.00373437
-0.00462128
-0.00615551
0.00152907
0.000428288
-0.000747593
-0.0023984
-0.00335756
-0.0765104
-0.0781934
-0.0799722
-0.0814907
-0.0819721
-0.0474048
-0.0470057
-0.0458227
-0.0447956
-0.0418022
0.0551363
0.0555755
0.0591968
0.0601789
0.0607446
0.0383235
0.0379129
0.0375031
0.0369023
0.0360754
0.000273221
-0.000570781
-0.00146199
-0.001889
-0.00192834
-0.0120737
-0.0119192
-0.011322
-0.0105552
-0.00964828
-0.0235193
-0.0224256
-0.0212991
-0.0201797
-0.0188093
0.0483855
0.0494384
0.0502552
0.0508074
0.0513681
-0.00119685
-0.00167678
-0.00231121
-0.0604348
-0.0604348
-0.059932
-0.0582611
-0.0056311
-0.00287737
0.000330552
0.00374375
0.00542603
-0.0611842
-0.0605877
-0.0560011
-0.0528861
-0.0489208
0.0360581
0.0406386
0.0430301
0.0451043
0.0475548
0.0435712
0.0446402
0.0453104
0.0458897
0.0459842
0.0362715
0.0363069
0.0347588
0.0346829
0.0333136
0.055524
0.0544401
0.0531565
0.0511613
0.0497072
-0.013659
-0.0148939
-0.0166552
-0.0182584
-0.0186944
-0.0260835
-0.0268342
-0.026935
-0.026685
-0.0264497
0.0269747
0.0280412
0.0285544
0.0293161
0.0302298
0.0346015
0.0348919
0.0349695
0.0347814
0.0345561
0.0758117
0.0759687
0.0747542
0.0742389
0.0717888
0.0516727
0.0493177
0.0471015
0.0448531
0.0415783
-0.0448125
-0.0471828
-0.0497248
-0.0517497
-0.0520537
-0.122839
-0.122261
-0.120484
-0.116544
-0.112894
-0.0104602
0.000735699
0.00839144
0.0135127
0.0179866
0.0316267
0.036995
0.039796
0.0422558
0.0450993
0.139298
0.140511
0.141152
0.140921
0.137512
0.00308892
0.00059232
-0.00172761
-0.004491
-0.00717071
0.0553496
0.0543007
0.0531517
0.0513864
0.0494674
0.0986475
0.0964992
0.0940874
0.0921115
0.089715
-0.0256915
-0.029908
-0.0346251
-0.0415609
-0.0419525
-0.0536058
-0.0540879
-0.0544166
-0.0545861
-0.0541287
0.0600309
0.0612221
0.0630271
0.0638303
0.0645084
0.130753
0.13102
0.130565
0.129736
0.128738
-0.0123489
-0.0128481
-0.0169587
-0.0181231
-0.0187933
-0.00131515
-0.00110701
-0.000737221
-0.000265867
-0.000186474
0.00587148
0.00611538
0.0062663
0.00708169
0.00840062
0.0207846
0.0224168
0.0231356
0.0233434
0.0235372
-0.00781557
-0.00721475
-0.00673732
-0.00566336
-0.00398036
0.00732383
0.00955149
0.00977966
0.0115714
0.0132805
0.0251042
0.0264221
0.0278447
0.0292545
0.0304436
-0.0355056
-0.0345983
-0.0338852
-0.032808
-0.0320123
-0.0119159
-0.0110901
-0.00966248
-0.00725028
-0.00602254
-0.0342523
-0.0343607
-0.0344894
-0.0344555
-0.0341944
0.0289216
0.0298364
0.0308839
0.0315101
0.0314257
0.0783283
0.0777225
0.0761608
0.0751208
0.0698325
-0.0349438
-0.037145
-0.0438552
-0.0441885
-0.0461819
0.00789063
0.00735419
0.0064898
0.0052052
0.00366025
-0.0135685
-0.0158902
-0.0169384
-0.0183972
-0.0196414
0.0344898
0.0336944
0.0321287
0.0293871
0.0272192
-0.0219209
-0.0250566
-0.0289268
-0.0305233
-0.0325861
0.0609345
0.0599246
0.0588846
0.0575821
0.0558648
-0.0617106
-0.0696721
-0.0703073
-0.074975
-0.0763655
-0.123711
-0.124624
-0.124887
-0.124246
-0.122707
-0.0604922
-0.0583779
-0.0517367
-0.0510701
-0.0459231
-0.00488778
-0.0029473
-0.000404561
0.00225691
0.0038133
0.100984
0.102523
0.104854
0.10486
0.103061
-0.0346427
-0.0369472
-0.0393812
-0.0408389
-0.0417559
-0.040655
-0.0414225
-0.0422078
-0.0427686
-0.0430168
-0.00249168
-0.00134799
-0.00024149
0.000579624
0.00134995
-0.098596
-0.0984894
-0.0984644
-0.0978886
-0.0966233
-0.073913
-0.0720713
-0.0700793
-0.0672841
-0.0639824
-0.0444489
-0.0413146
-0.0374415
-0.0333363
-0.0311716
0.0662035
0.0687172
0.0710132
0.0715296
0.0710833
0.0679131
0.0656146
0.0638168
0.0584202
0.0544684
-0.0513868
-0.0540955
-0.0564287
-0.0588419
-0.0615127
0.0373555
0.0365122
0.0356868
0.0342205
0.0319846
-0.0233187
-0.0286967
-0.0290987
-0.0324776
-0.0338358
-0.034153
-0.0353432
-0.0357015
-0.035846
-0.0360856
-0.112382
-0.11297
-0.112675
-0.110217
-0.108381
0.013058
0.015841
0.0176549
0.0194588
0.021066
0.00213787
0.00189326
0.00131962
0.000777457
-0.000248935
-0.132104
-0.133508
-0.134677
-0.134616
-0.133679
-0.00401439
0.00148307
0.00289999
0.00755773
0.00900899
-0.00135003
-0.000206332
0.000915904
0.00177993
0.00240006
0.0104401
0.0103743
0.00988648
0.00927351
0.00867484
-0.031872
-0.0325286
-0.0335636
-0.0334448
-0.0333075
-0.036575
-0.036522
-0.0362009
-0.0356179
-0.0350865
-0.0325786
-0.031608
-0.0305631
-0.0299644
-0.0297083
-0.0125814
-0.0125278
-0.0124205
-0.0117925
-0.0118376
0.0452079
0.044949
0.0444412
0.0436859
0.0426859
-0.0864772
-0.0871724
-0.0877911
-0.0874006
-0.0863599
-0.055789
-0.0533342
-0.0507106
-0.048356
-0.046368
-0.0318856
-0.0289888
-0.0272408
-0.0257148
-0.0242045
0.0449687
0.0458192
0.0461847
0.0458367
0.0451318
-0.0231724
-0.0266285
-0.0287474
-0.0308188
-0.0329978
-0.0203798
-0.0222366
-0.023366
-0.0242672
-0.0254223
0.021088
0.0207733
0.0204429
0.0193607
0.0185403
-0.00756367
-0.00874599
-0.0133444
-0.0137299
-0.0170337
-0.156248
-0.157875
-0.158952
-0.158465
-0.157958
-0.02041
-0.0165261
-0.0134784
-0.0106432
-0.0078458
0.0449005
0.0456
0.0496895
0.050933
0.0512502
0.0109807
0.0101256
0.00833642
0.00590419
0.0046904
-0.0643756
-0.0662002
-0.068238
-0.0690312
-0.0692887
-0.00149132
-0.000992785
-0.000237475
0.000138749
0.00189184
-0.054873
-0.0541055
-0.0532987
-0.0530284
-0.0525005
0.00292208
0.00342705
0.00438692
0.0056447
0.00629773
0.105995
0.106718
0.106488
0.105608
0.103941
-0.0730805
-0.0761203
-0.0800836
-0.0821592
-0.0840747
-0.11807
-0.118108
-0.117882
-0.117028
-0.115052
0.0728023
0.0753228
0.0777039
0.0796001
0.0808339
-0.00555458
-0.00649371
-0.00846281
-0.010723
-0.0123044
0.0829636
0.0808222
0.0783331
0.0757839
0.0725588
0.00165103
-0.00195815
-0.00624038
-0.0106557
-0.0130074
-0.0136949
-0.0169436
-0.0187768
-0.0204283
-0.0224961
-0.0219355
-0.0234125
-0.0250239
-0.0269651
-0.0273178
0.0125155
0.0110121
0.00889705
0.00712107
0.00545954
-0.0384406
-0.0403188
-0.0423866
-0.0428751
-0.0430003
-0.05812
-0.0580428
-0.0575278
-0.0562339
-0.0549557
0.039365
0.0413076
0.0429141
0.0434112
0.0435464
-0.162249
-0.163337
-0.163971
-0.162857
-0.162131
0.00604583
0.00943972
0.0139723
0.0184755
0.0211434
-0.0432129
-0.0413031
-0.0395472
-0.037651
-0.0367877
-0.0785338
-0.0774037
-0.0759439
-0.0745563
-0.0730528
-0.0283561
-0.027138
-0.0222428
-0.019939
-0.0175572
0.0105067
0.0118164
0.0128621
0.0129836
0.0129264
-0.0762303
-0.0768926
-0.07764
-0.07761
-0.0773632
-0.0426872
-0.0421014
-0.0394042
-0.0377219
-0.0357163
-0.01901
-0.0169301
-0.0157985
-0.0148025
-0.013956
0.0264475
0.0276416
0.0280185
0.0274957
0.0272564
0.0400729
0.0390261
0.0374525
0.0353053
0.0334879
0.00797264
0.00600569
0.00353376
0.0020117
0.000529689
-0.124324
-0.0184909
-0.0184909
-0.0163308
-0.0151149
-0.0132223
-0.0104121
-0.00213775
-0.00109848
0.00242702
0.0040392
0.00584343
-0.010178
-0.00914839
-0.00824681
-0.00718465
-0.0056422
0.058524
0.0597764
0.0607509
0.0617173
0.0622315
0.0370854
0.0367904
0.035362
0.0348384
0.0341218
0.00966149
0.0089373
0.00897556
0.0092445
0.00980633
-0.036321
-0.0354838
-0.0350672
-0.0344978
-0.0330684
0.044137
0.0453984
0.046992
0.0465185
0.0464405
0.0504697
0.0493982
0.0479659
0.0457765
0.043561
0.0613888
0.0599504
0.0581944
0.0554139
0.053124
-0.0141739
-0.0199804
-0.0203223
-0.0231082
-0.0240294
0.000686093
-0.000192956
-0.00107058
-0.00176866
-0.00242384
0.0475681
0.0472677
0.0469516
0.0454095
0.0440734
-0.00346313
-0.00492225
-0.00598727
-0.00663601
-0.00690351
0.0195076
0.0195033
0.0196178
0.0193667
0.0190813
-0.043214
-0.0433442
-0.043347
-0.0425474
-0.0413422
0.016762
0.018146
0.0192389
0.0200593
0.0210299
-0.00255306
-0.00182207
-0.00158389
-0.00133069
-0.000701265
-0.029846
-0.0291336
-0.0281951
-0.0267339
-0.0251117
0.00347859
0.00514299
0.00589043
0.00718004
0.00787455
-0.148075
-0.147885
-0.147491
-0.144186
-0.141393
0.0720094
0.0777089
0.0808571
0.0827375
0.0838819
-0.00907655
-0.00849826
-0.00845928
-0.008043
-0.00726981
0.11412
0.113922
0.113702
0.110388
0.10918
-0.0573037
-0.0606851
-0.06409
-0.0655635
-0.0674657
0.0158351
0.0152035
0.0146549
0.0135291
0.0121672
-0.0310269
-0.0315898
-0.0324159
-0.0326727
-0.032584
0.0208342
0.0211454
0.0214157
0.0213142
0.0210431
-0.16003
-0.160277
-0.160528
-0.159375
-0.15737
0.00207698
0.00685203
0.00962257
0.0116332
0.0136559
0.0587787
0.0591152
0.0587408
0.0576096
0.0559942
0.0398985
0.0380281
0.0355197
0.0332309
0.0301957
-0.0615291
-0.0639631
-0.0664808
-0.0687446
-0.0702552
-0.0223971
-0.0228978
-0.0234113
-0.0242024
-0.0249398
-0.0759934
-0.075866
-0.0754397
-0.0749591
-0.0741702
-0.0461956
-0.0449839
-0.0434011
-0.0413383
-0.0389307
0.037502
0.0416512
0.0430677
0.0443416
0.0452611
0.0490705
0.0496005
0.0497175
0.0497672
0.0495165
0.0333306
0.0320267
0.0271018
0.0250783
0.0229018
-0.07035
-0.0717598
-0.0726216
-0.0727847
-0.0727769
0.0730847
0.0747884
0.076455
0.0778097
0.0789512
-0.101553
-0.100544
-0.0997057
-0.0980949
-0.0957335
0.0305473
0.0352712
0.0382899
0.04098
0.0435624
0.027108
0.0298364
0.0315573
0.0333053
0.0368283
0.0699671
0.0720295
0.0723074
0.0724251
0.0727709
0.002591
0.00150525
0.000326146
-0.000477443
-0.000680934
0.0106383
0.0112041
0.0121389
0.0132025
0.0145658
0.0302985
0.0324811
0.0332178
0.0331924
0.0332289
0.0430215
0.044064
0.0440404
0.0441734
0.0454648
0.094026
0.0937381
0.0921473
0.0904526
0.0888675
0.0166661
0.0142307
0.0108411
0.0087951
0.00693722
0.0375218
0.0359958
0.0350825
0.0343268
0.0334864
0.0399997
0.0399403
0.0386704
0.0379294
0.0366763
0.00216241
0.00164563
0.00100834
0.000565955
0.000452945
-0.0243793
-0.0244659
-0.0241597
-0.0237971
-0.033005
-0.033005
-0.0322726
0.0175409
0.0196262
0.0227605
0.0244985
0.02582
-0.0276476
-0.0259875
-0.0241972
-0.0224284
-0.0207572
0.079371
0.0811198
0.0836143
0.0846585
0.0850133
0.0584034
0.0566539
0.0554981
0.0539899
0.0523298
0.101849
0.100249
0.098663
0.0970147
0.0942924
0.0388327
0.0366293
0.0314884
0.0287318
0.0257982
0.00890632
0.00664074
0.00398965
0.00113828
-0.000232864
-0.146024
-0.147425
-0.148607
-0.148497
-0.147281
0.0294483
0.0329205
0.0400627
0.0441089
0.0481132
0.0507795
0.0531957
0.0552492
0.0571396
0.0585676
0.0386102
0.0391567
0.0391342
0.0387579
0.0382093
-0.0611664
-0.0616052
-0.0616828
-0.0613902
-0.0584842
0.027236
0.0290592
0.0337813
0.0346496
0.0370955
0.0423763
0.0426477
0.0427264
0.0427082
0.0423763
0.110116
0.109342
0.108847
0.107713
0.106388
0.0643862
0.0616128
0.0587307
0.0547807
0.0523087
-0.0274068
-0.0306701
-0.0321153
-0.0333073
-0.0342207
0.0531275
0.0535037
0.0540473
0.0543635
0.0544579
0.0887763
0.0884555
0.087192
0.0866208
0.0853141
-0.0137859
-0.0154929
-0.0170375
-0.0182108
-0.0194003
0.014746
0.01539
0.016125
0.0162426
0.0158131
-0.00149403
-0.00116644
-0.000579217
0.000235102
0.00144102
0.0531052
0.0535061
0.0535129
0.0523868
0.0513865
0.160216
0.158612
0.156237
0.151667
0.147525
-0.183843
-0.19241
-0.198256
-0.203574
-0.206471
-0.033075
-0.0308999
-0.0286211
-0.0265726
-0.0259296
-0.0751202
-0.0750537
-0.0750236
-0.074131
-0.0734215
0.0145409
0.0160887
0.0174591
0.0180342
0.0182474
-0.0826459
-0.0827654
-0.0829821
-0.0830873
-0.0827525
-0.00308469
-0.00206044
-0.000863819
0.000285597
0.000683994
-0.0882066
-0.088336
-0.0896664
-0.0895605
-0.0886371
-0.0236351
-0.022726
-0.0212712
-0.0208592
-0.0207856
0.0129449
0.0122217
0.011769
0.0105817
0.00931066
-0.0436205
-0.0451611
-0.0487918
-0.0491258
-0.0516943
-0.118258
-0.11974
-0.120605
-0.120164
-0.118837
-0.0504538
-0.0476042
-0.045992
-0.0442175
-0.0422691
-0.0380538
-0.0322996
-0.0309249
-0.0264595
-0.0259302
0.0774437
0.0796946
0.0815836
0.0816991
0.0809541
0.0461144
0.042679
0.0403022
0.0376908
0.0350065
-0.106558
-0.109284
-0.112479
-0.115304
-0.116596
-0.0525918
-0.0515225
-0.0498187
-0.0483989
-0.0472917
0.0697794
0.0707786
0.0715125
0.0712815
0.0704189
-0.0664923
-0.0688326
-0.071728
-0.0728381
-0.0741813
-0.0572862
-0.0557227
-0.054461
-0.0525412
-0.0499813
0.0355126
0.0378329
0.0401382
0.0425049
0.0451249
-0.0559073
-0.0544117
-0.050884
-0.0486875
-0.0463075
0.0122211
0.0161897
0.0186098
0.0216142
0.0239867
0.03856
0.0400424
0.0414561
0.0422089
0.042608
0.0578024
0.0581075
0.0579383
0.0574684
0.0569362
0.0549374
0.0540015
0.0524916
0.0512091
0.0500515
0.0192582
0.0188501
0.0156915
0.014462
0.0133766
0.0639646
0.0628982
0.0617073
0.0603712
0.0583584
-0.0252697
-0.0261638
-0.0273511
-0.0277423
-0.0276007
0.122072
0.122474
0.123046
0.122341
0.121166
-0.0149769
-0.0170332
-0.0190424
-0.0204478
-0.02151
-0.00728347
-0.0076318
-0.00755527
-0.0072098
-0.00552466
0.0611276
0.0621325
0.0629415
0.0634185
0.0634099
-0.0319865
-0.0327675
-0.0335772
-0.0341029
-0.0348017
-0.00695871
-0.00569915
-0.00438379
-0.00285672
-0.00209211
-0.125695
-0.123981
-0.121178
-0.118356
-0.114801
0.103343
0.108965
0.115656
0.119005
0.12305
-0.015744
-0.0154006
-0.01522
-0.0145609
-0.0133529
0.05008
0.0525451
0.0543086
0.0558675
0.0583344
0.0890994
0.0895736
0.0890368
0.0882854
0.0870916
0.0631916
0.0606141
0.0588432
0.0566366
0.0534702
0.0352175
0.0332616
0.0308834
0.0274845
0.0250644
-0.0786631
-0.0805661
-0.0815374
-0.0810085
-0.079535
0.0518071
0.0559595
0.0582326
0.0596302
0.0604556
0.0447168
0.0452354
0.0449597
0.0437255
0.0426927
0.0340967
0.0324033
0.0315443
0.0308369
0.0301252
0.0181284
0.0173656
0.0170312
0.0169389
0.0165649
0.0375971
0.0385591
0.0388527
0.0390723
0.0391542
0.0489147
0.0484169
0.0483307
0.0481837
0.0473372
-0.0368054
-0.0372346
-0.0374892
-0.0375107
-0.0372735
0.055092
0.0556195
0.0578264
0.0584458
0.058807
-0.00408901
-0.00430466
-0.00459755
-0.00451744
-0.0040561
0.0623998
0.0633257
0.0641511
0.0641561
0.0643245
0.0930756
0.0911856
0.0897286
0.0878654
0.0846689
0.126061
0.122505
0.119546
0.1163
0.111712
0.110775
0.106588
0.102289
0.0969139
0.0909337
-0.0922366
-0.0992161
-0.102038
-0.104274
-0.104644
-0.0357926
-0.0346697
-0.0329938
-0.0311935
-0.0288704
-0.0420728
-0.039985
-0.0366669
-0.0320227
-0.0288298
0.015899
0.0196341
0.0239736
0.0263489
0.0282293
-0.0928087
-0.0916171
-0.0909669
-0.0896759
-0.0875341
0.10073
0.103729
0.106643
0.108522
0.109247
0.00128769
0.000171172
-0.00231077
-0.00350596
-0.00768377
0.059954
0.0598188
0.059376
0.0584702
0.0571555
-0.0141145
-0.0156308
-0.0173117
-0.0185927
-0.0191091
0.140887
0.140996
0.139994
0.138076
0.134003
-0.0539866
-0.0577689
-0.0616663
-0.0658406
-0.0697287
-0.0348588
-0.036187
-0.0367513
-0.0381819
-0.0381289
-0.0915265
-0.0907018
-0.0892662
-0.0868015
-0.0845921
0.0710353
0.0752023
0.0775183
0.0794467
0.0810074
-0.0238279
-0.0240775
-0.0248743
-0.0249273
-0.0242907
0.0727112
0.0741632
0.0755958
0.0762353
0.0764813
0.00504443
0.00398728
0.00239798
0.00136014
0.00025865
0.00785198
0.00690284
0.00693931
0.00636568
0.00660744
-0.0152512
-0.0146218
-0.0135861
-0.0117893
-0.00962284
-0.0189628
-0.0167412
-0.0138265
-0.0120742
-0.0106558
0.0280025
0.0297799
0.0306618
0.0312298
0.0314078
-0.0160566
-0.0163799
-0.0173724
-0.0179367
-0.017858
0.0478042
0.0481586
0.0480892
0.0473629
0.0465975
-0.0203913
-0.0211766
-0.0225421
-0.0225328
-0.0221966
-9.69238e-05
0.000554674
0.000812166
0.000862949
0.000762814
0.0319949
0.0321551
0.0321458
0.0314456
0.0305036
-0.0606366
-0.0627101
-0.0638037
-0.0644217
-0.063602
0.037071
0.0378378
0.0383492
0.0386947
0.0383506
-0.0542647
-0.0554842
-0.0565056
-0.0566451
-0.0561873
-0.0277773
-0.0267703
-0.0250644
-0.0239958
-0.0228578
0.0375523
0.0380172
0.0407874
0.041866
0.0431481
-0.0765688
-0.0766113
-0.0766685
-0.0765548
-0.075994
0.0169622
0.0177379
0.0185694
0.0192786
0.0199137
0.0719788
0.072251
0.0720296
0.0702082
0.0681876
0.0459781
0.0441811
0.0415922
0.0376637
0.0349936
-0.00595163
-0.00824546
-0.0114212
-0.0145111
-0.0160246
-0.0314095
-0.0318652
-0.0316506
-0.0315612
-0.0309654
0.0241505
0.02641
0.0276195
0.0197953
0.0197953
0.0192331
0.0181989
-0.0404834
-0.0413038
-0.042155
-0.0423674
-0.0421478
-0.0513479
-0.0502794
-0.0488767
-0.0476022
-0.0461445
-0.00448739
-0.00258624
-0.00126016
0.000377778
0.00227964
-0.00793931
-0.00712964
-0.00626561
-0.00640079
-0.00681135
-0.0415115
-0.0414206
-0.0409285
-0.0408806
-0.0407161
0.0189959
0.0193629
0.0192627
0.0186247
0.0180361
-0.048408
-0.0492391
-0.0492927
-0.0490209
-0.0486519
0.0115665
0.0118927
0.0127152
0.0130553
0.0129283
-0.0896826
-0.0906875
-0.0911246
-0.0909286
-0.0898428
0.0450899
0.0464972
0.0476724
0.0483483
0.0485024
-0.097268
-0.0978631
-0.0991434
-0.100378
-0.1002
-0.0257548
-0.0218985
-0.0201604
-0.0182639
-0.0163552
0.0460538
0.0478702
0.0490071
0.0491716
0.0485743
0.00245783
0.000609968
-0.00133589
-0.00294664
-0.00408175
-0.000454405
-0.00140319
-0.00194857
-0.00231943
-0.002946
0.00025071
-0.000288235
-0.000466334
-0.000599371
-0.00114118
0.042712
0.042413
0.0418065
0.0386272
0.0377975
0.0666643
0.0646515
0.0616253
0.0591634
0.0521903
-0.0910964
-0.0955853
-0.098736
-0.101145
-0.103532
0.0282266
0.0278017
0.0274906
0.02654
0.0254199
-0.0374812
-0.0399267
-0.0413715
-0.0421733
-0.0421712
-0.128522
-0.128444
-0.127627
-0.12664
-0.12459
0.00680095
0.0100904
0.0145479
0.0168596
0.0204852
-0.0295294
-0.0280796
-0.0266111
-0.0251842
-0.0239654
0.0517873
0.0539974
0.0554465
0.0562655
0.0568349
-0.0288554
-0.0288547
-0.0292288
-0.0290027
-0.0290135
-0.119102
-0.119225
-0.118953
-0.117251
-0.115145
0.110289
0.113331
0.117565
0.120763
0.121978
0.0746777
0.0737508
0.072154
0.0699749
0.0683785
-0.0323469
-0.0348646
-0.0373172
-0.0380096
-0.0386977
0.0431876
0.0430603
0.0434387
0.0431168
0.0427906
0.0161968
0.0147399
0.0145968
0.0144888
0.0139674
-0.0295979
-0.0309762
-0.0319568
-0.0328173
-0.0335483
-0.00928071
-0.00882366
-0.00857404
-0.00805405
-0.00735167
-0.0218582
-0.0209698
-0.0209326
-0.0206272
-0.0198776
-0.046949
-0.0466564
-0.0464412
-0.0453826
-0.0443912
0.0215949
0.024845
0.0268821
0.028691
0.0312341
0.00732274
0.00692542
0.00626309
0.00589044
0.00628169
0.0464726
0.0460814
0.0454319
0.0446909
0.043769
0.111263
0.108118
0.107193
0.102553
0.0991318
-0.0680522
-0.0715977
-0.0754165
-0.0792824
-0.0825354
0.000401097
-0.000828427
-0.000758332
-0.000646037
-0.000742597
-0.0277295
-0.0279298
-0.028095
-0.0279677
-0.0279698
-0.0721263
-0.0716528
-0.0712837
-0.0699712
-0.0677689
-0.0472542
-0.041309
-0.0377621
-0.0344719
-0.0323512
-0.0355904
-0.0329604
-0.0308046
-0.0282962
-0.0265045
-0.047996
-0.0472743
-0.0466967
-0.0457583
-0.0440249
0.0510439
0.0519809
0.0525892
0.0521283
0.0512692
0.0403735
0.0384305
0.0352197
0.0331276
0.0304511
-0.118593
-0.121735
-0.124768
-0.129534
-0.130719
-0.0739247
-0.0742166
-0.0738418
-0.0728161
-0.0722539
-0.0773612
-0.0758942
-0.0739301
-0.0712994
-0.069733
-0.0151042
-0.0126051
-0.0101389
-0.00838438
-0.00709549
-0.0542747
-0.0538548
-0.053362
-0.0523574
-0.0517781
0.0989026
0.100694
0.100655
0.0991197
0.0973208
0.000573452
-0.00403494
-0.00729079
-0.0104
-0.0140321
0.0295925
0.0266757
0.0235078
0.0198965
0.0105588
-0.0743391
-0.0808036
-0.0836238
-0.086198
-0.0876414
0.0306208
0.0304577
0.0303419
0.0293384
0.0283964
-0.0100537
-0.0118061
-0.0140813
-0.0153967
-0.0164538
-0.056399
-0.0573381
-0.0577036
-0.057974
-0.0578481
-0.0380441
-0.037218
-0.0364534
-0.0356208
-0.0346538
-0.111669
-0.11119
-0.110606
-0.107865
-0.10692
-0.0296434
-0.0247732
-0.0235644
-0.0193924
-0.0174047
-0.00978302
-0.00779103
-0.00651144
-0.00585054
-0.00555371
0.0120623
0.011955
0.011862
0.0114837
0.0109687
-0.00140902
-0.00304624
-0.00355764
-0.00428148
-0.00494524
-0.111049
-0.111119
-0.110868
-0.110108
-0.108828
0.0389594
0.0408004
0.045986
0.0466727
0.0475117
0.010913
0.0107206
0.00983729
0.00896468
0.0076858
-0.0742084
-0.0750502
-0.0756553
-0.0761338
-0.076063
-0.0290474
-0.0280103
-0.0266763
-0.0240191
-0.0235321
-0.122318
-0.122368
-0.121996
-0.121336
-0.120537
0.110502
0.112459
0.114991
0.115991
0.115228
0.0189193
0.0154654
0.0133797
0.00699245
0.00649106
-0.0698165
-0.072116
-0.073209
-0.0761529
-0.0774232
-0.0975439
-0.098483
-0.0988628
-0.0985788
-0.0969788
0.0376956
0.0393378
0.0409614
0.0421259
0.04201
-0.117198
-0.118118
-0.120745
-0.120851
-0.119918
-0.0321756
-0.030047
-0.0283068
-0.0268326
-0.0256968
-0.041333
-0.0408995
-0.0401227
-0.0389218
-0.037746
-0.0987734
-0.0977463
-0.0969109
-0.0952701
-0.0937659
0.0598576
0.0628989
0.0653686
0.0662455
0.0663414
-0.078698
-0.0796393
-0.0806335
-0.0812393
-0.0808552
-0.0904369
-0.0892667
-0.0875279
-0.0835804
-0.0826556
0.0661438
0.0697773
0.0728687
0.0747902
0.0759793
0.00408082
0.00263064
0.00161927
0.000732355
-6.37249e-05
0.0316526
0.0305139
0.0290655
0.0261294
0.0235223
-0.0934784
-0.0963022
-0.0982914
-0.0997741
-0.100195
-0.0280996
-0.0277105
-0.026908
-0.0266247
-0.0269681
-0.00392708
-0.00427112
-0.00498638
-0.00536618
-0.00659284
-0.0478072
-0.049433
-0.0515215
-0.0523255
-0.0530965
-0.0722176
-0.0725867
-0.0725517
-0.0721068
-0.0716397
-0.0706519
-0.0687193
-0.0666414
-0.0647288
-0.0622212
-0.00909133
-0.00666446
-0.00421042
-0.00290651
-0.00204677
0.00865022
0.00926248
0.00908724
0.00892917
0.00813381
-0.052697
-0.0535997
-0.0540789
-0.0539852
-0.0535811
0.0163222
0.0171805
0.0179172
0.0178028
0.0167414
0.0336847
0.032659
0.0308923
0.029107
0.026927
-0.0420664
-0.044087
-0.0476876
-0.0483385
-0.0492819
-0.0411949
-0.0417106
-0.0416727
-0.0411691
-0.0403452
0.0535028
0.0533633
0.0529127
0.0517425
0.0491919
-0.16784
-0.170443
-0.172902
-0.174447
-0.174393
-0.0317641
-0.0280805
-0.0243026
-0.020825
-0.0185448
0.0527607
0.0545696
0.0552284
0.0548693
0.0535597
0.00034327
-0.000989251
-0.00330024
-0.00572281
-0.00739508
-0.0230515
-0.0246386
-0.0259518
-0.0280483
-0.0291254
-0.0906327
-0.0910569
-0.0909825
-0.0904274
-0.0892709
-0.0329121
-0.031257
-0.0297264
-0.0280548
-0.0260435
0.030676
0.0317596
0.0329591
0.0340985
0.034007
-0.0685408
-0.0700686
-0.0710013
-0.071856
-0.0718346
-0.010225
-0.00958554
-0.00891749
-0.00855414
-0.00827877
0.0301949
0.0302049
0.0304195
0.0306534
0.0301298
-0.00412902
-0.00686058
-0.00754007
-0.0101593
-0.0118481
-0.0577643
-0.0592155
-0.0601246
-0.0606489
-0.0603771
-0.0736598
-0.0728537
-0.0717343
-0.0699769
-0.0684184
-0.0449954
-0.0429605
-0.0407104
-0.0376376
-0.0372213
0.102408
0.103216
0.10368
0.103273
0.102454
-0.0291754
-0.0315657
-0.035092
-0.0365818
-0.0387004
-0.0480247
-0.0489638
-0.0500289
-0.0509229
-0.0513177
-0.0487522
-0.0485841
-0.0483316
-0.0474583
-0.0465155
-0.0388852
-0.0385948
-0.0383523
-0.0378202
-0.0374139
-0.0589363
-0.0577232
-0.0569658
-0.0558457
-0.0538372
0.0341984
0.0363119
0.0383154
0.0411971
0.0415519
0.0211904
0.0195417
0.0183415
0.0171227
0.0158503
-0.00798344
-0.00908851
-0.0102644
-0.0109703
-0.0115046
-0.0791337
-0.0808724
-0.0810978
-0.0810699
-0.0808317
-0.0745835
-0.0731658
-0.0717403
-0.0701954
-0.0679824
-0.0933372
-0.0900156
-0.0881488
-0.0844838
-0.0803203
-0.0531787
-0.0504858
-0.0440521
-0.040391
-0.0370966
-0.052227
-0.0489876
-0.0455995
-0.0431197
-0.0407508
0.0173843
0.0203454
0.0219279
0.0232229
0.023891
0.00712271
0.00734587
0.00766416
0.00740023
0.0072654
0.0398171
0.038309
0.0354694
0.0330315
0.0307323
0.0198156
0.0170132
0.0131909
0.0105312
0.0078029
0.0046837
-3.37418e-06
-0.000626362
-0.0050073
-0.00778679
0.00374063
0.00201901
-0.000157511
-0.00222746
-0.00435463
-0.123513
-0.124755
-0.126394
-0.127005
-0.126643
0.0526242
0.05432
0.0571152
0.0581724
0.0596837
0.0215816
0.0207004
0.020086
0.0193843
0.0180525
-0.0974155
-0.0989591
-0.10109
-0.102274
-0.102292
-0.0135008
-0.0118492
-0.00963839
-0.00861844
-0.00737604
-0.0329287
-0.0318844
-0.0311577
-0.0303152
-0.0290649
-0.0749463
-0.0742282
-0.0733778
-0.071757
-0.0702871
0.0440961
0.0479571
0.0501264
0.0517662
0.0524682
-0.0628656
-0.0650017
-0.0663421
-0.0663943
-0.0662384
0.00463082
0.00583817
-0.053052
-0.053052
-0.0480902
-0.0469022
-0.0443698
0.0663339
0.0669662
0.0715764
0.0729608
0.0737529
0.0614434
0.0610743
0.0598359
0.0577148
0.0562281
-0.015539
-0.0171598
-0.0213204
-0.0214449
-0.0223447
0.000914648
0.00098832
0.00216706
0.00296207
0.0035779
-0.00836017
-0.00787129
-0.00718071
-0.00591149
-0.00505068
-0.062298
-0.0620405
-0.0615864
-0.0610403
-0.0597739
0.0547675
0.0568968
0.0601888
0.0628574
0.0640368
0.11326
0.113632
0.113218
0.112385
0.111471
0.0771917
0.0759285
0.0739949
0.0713552
0.069139
0.0935947
0.088069
0.0843593
0.0834778
0.076287
-0.0231264
-0.0287551
-0.0316987
-0.0339203
-0.0356298
-0.160583
-0.160709
-0.159836
-0.157366
-0.153219
-0.0017192
0.00273398
0.00764958
0.0122633
0.018186
0.0427656
0.0462496
0.0489676
0.0514177
0.053886
0.0704844
0.0713058
0.0720619
0.0723909
0.07177
0.179185
0.178497
0.175944
0.172776
0.16793
-0.0255327
-0.0301311
-0.0347009
-0.038638
-0.0426788
-0.0468852
-0.0486007
-0.049964
-0.0499375
-0.0490309
0.0864225
0.0886895
0.0890854
0.0912508
0.091318
-0.0110229
-0.0122689
-0.0132162
-0.0137631
-0.0139655
0.0754932
0.0757746
0.0759828
0.0758683
0.0755862
0.0247256
0.0236331
0.020747
0.0191119
0.0175695
0.0926366
0.0922597
0.0920133
0.0912555
0.0895671
-0.00740802
-0.00917041
-0.0109242
-0.0130972
-0.013786
-0.0419592
-0.0425349
-0.0427653
-0.0419863
-0.0397383
-0.0382603
-0.0364014
-0.0345531
-0.0319224
-0.0283791
0.069665
0.0722439
0.0774191
0.0776612
0.0787638
0.0165413
0.0157251
0.015183
0.0148053
0.0148382
0.05169
0.051853
0.0516445
0.0511424
0.0506153
0.0450201
0.0444296
0.042664
0.042458
0.0405765
-0.0118959
-0.012403
-0.0128139
-0.0128579
-0.0126308
0.0610991
0.0619145
0.0625993
0.0630521
0.0627131
0.00803016
0.00748264
0.00628566
0.00527679
0.00468169
0.0491069
0.0504498
0.0504383
0.0506972
0.0506711
0.0860532
0.0855679
0.0847726
0.0829748
0.0805651
-0.0779523
-0.0801817
-0.0825099
-0.0844561
-0.0855933
-0.0279205
-0.0274749
-0.0262268
-0.0257833
-0.0246368
0.0371926
0.0392247
0.0414255
0.0425832
0.0435065
-0.0472829
-0.0474678
-0.0474195
-0.0466234
-0.045233
0.0254066
0.0269852
0.0282802
0.0289479
0.0290941
0.00701898
0.00715345
0.00596934
0.00497978
0.00420766
0.00221175
0.00153083
0.000805558
0.000395359
0.00029415
0.0229818
0.0229139
0.0225763
0.0216132
0.020075
-0.134485
-0.138044
-0.139075
-0.139325
-0.138186
0.0174108
0.0191882
0.0217531
0.0240806
0.0251513
0.0252649
0.0264866
0.0272548
0.0281048
0.0289421
0.010461
0.00991094
0.00932372
0.00892031
0.00830913
-0.0502253
-0.051934
-0.0525227
-0.0526571
-0.0522241
-0.00769096
-0.00703722
-0.00608092
-0.00521367
-0.00338727
-0.0356782
-0.0344733
-0.0327936
-0.0313405
-0.0299222
-0.00253414
-0.00183998
-0.00157426
-0.0015925
-0.00203167
0.0369556
0.0364278
0.0343146
0.0336465
0.0306167
-0.000917566
-0.00422384
-0.00811375
-0.0108214
-0.0137639
-0.0872459
-0.0902499
-0.0914466
-0.0919937
-0.0918743
-0.034407
-0.0337547
-0.0296456
-0.0270907
-0.0250422
-0.0801807
-0.0781898
-0.0751946
-0.0712872
-0.068472
0.0274849
0.0307944
0.0349647
0.0369284
0.038462
0.0613314
0.0621414
0.0624926
0.0623546
0.0598283
0.0555018
0.0534508
0.0501042
0.0478915
0.0453774
0.066894
0.0639518
0.060147
0.0574012
0.0548116
0.103516
0.0987832
0.094938
0.0905013
0.0847785
-0.0946956
-0.0958622
-0.104439
-0.108424
-0.111732
0.0265277
-0.0434657
-0.0434657
-0.0397957
-0.0373838
-0.0348783
-0.0493338
-0.0457912
-0.0405147
-0.0373662
-0.0350544
0.0212633
0.023266
0.025288
0.0265168
0.0271205
-0.0297984
-0.0297791
-0.030337
-0.0305344
-0.0307153
-0.00312665
-0.00307086
-0.00308659
-0.00346282
-0.00298932
-0.11743
-0.117144
-0.115938
-0.114795
-0.113022
-0.0147482
-0.0103838
-0.0076572
-0.00532046
-0.00295976
-0.0477528
-0.0472836
-0.0469217
-0.046082
