-0.0261609
-0.0270663
-0.0275445
-0.0266395
-0.0235266
-0.0163422
-0.00320224
0.00809679
0.021132
0.0558131
0.0778653
0.196823
0.196823
0.217144
0.242272
0.271646
0.290841
0.309831
0.352009
0.361268
0.379729
0.420952
0.43006
0.448185
0.488405
0.51053
0.53243
0.549715
0.571054
0.592142
0.617029
0.633426
0.64965
0.66965
0.689414
0.712905
0.728368
0.7437
0.762672
0.785151
0.800013
0.814741
0.84729
0.864906
0.882054
0.895378
0.911716
0.930944
0.943526
0.955983
0.968261
0.980352
1.00712
1.02176
1.03626
1.05065
1.06213
1.07348
1.08751
1.10422
1.11535
1.12918
1.14543
1.15606
1.1691
1.18447
1.19204
1.20445
1.2166
1.22845
1.24227
1.24901
1.25996
1.27289
1.2814
1.30002
1.30403
1.31974
1.32751
1.33713
1.34845
1.35596
1.36339
1.37068
1.37963
1.39038
1.39757
1.40473
1.4136
1.42944
1.43296
1.44717
1.45615
1.45798
1.47459
1.48385
1.49314
1.50052
1.50779
1.51488
1.52349
1.53338
1.53967
1.54578
1.5533
1.56236
1.57451
1.58197
1.58943
1.5954
1.60134
1.6072
1.61433
1.62248
1.62776
1.63296
1.64456
1.65106
1.65759
1.6628
1.66921
1.67686
1.68187
1.68674
1.69264
1.69944
1.70389
1.70826
1.71364
1.72014
1.72455
1.72894
1.73876
1.74425
1.74983
1.75427
1.75964
1.76572
1.76956
1.77409
1.77762
1.78105
1.78436
1.78838
1.79315
1.79934
1.80229
1.80596
1.81033
1.81251
1.81608
1.8203
1.82244
1.82597
1.83001
1.83264
1.83533
1.83879
1.84307
1.84894
1.85191
1.85566
1.86011
1.86307
1.86598
1.86885
1.87229
1.87566
1.87969
1.88238
1.88506
1.8909
1.89397
1.89692
1.89927
1.9016
1.90396
1.90692
1.91045
1.91276
1.91503
1.91791
1.92083
1.926
1.92713
1.92933
1.93391
1.9363
1.93849
1.94009
1.94201
1.94432
1.94586
1.94739
1.94936
1.95176
1.95334
1.95479
1.95646
1.95822
1.95919
1.96003
1.96097
1.96189
1.96293
1.96335
1.96384
1.96449
1.96504
1.96567
1.9663
1.96712
1.96805
1.96853
1.96934
1.96978
1.97014
1.97032
1.9703
1.97029
1.97039
1.97056
1.97093
1.97153
1.97199
1.97249
1.97308
1.97361
1.97394
1.97445
1.97518
1.97576
1.9766
1.97752
1.97878
1.97961
1.98041
1.98144
1.98275
1.98356
1.98427
1.98502
1.98623
1.9865
1.98708
1.98841
1.98902
1.98957
1.98989
1.99009
1.99008
1.98978
1.98946
1.98901
1.98832
1.98745
1.98691
1.98646
1.98571
1.98558
1.98529
1.98478
1.98462
1.98451
1.98462
1.98482
1.98524
1.9859
1.9864
1.98711
1.98799
1.98854
1.98897
1.98932
1.9897
1.98972
1.98987
1.98999
1.99004
1.9899
1.98964
1.98939
1.98914
1.98908
1.9892
1.98942
1.9897
1.99013
1.9907
1.99099
1.99113
1.99073
1.99017
1.98975
1.98928
1.98875
1.98809
1.98726
1.98675
1.98622
1.98556
1.9847
1.98402
1.98332
1.98247
1.98114
1.98086
1.97985
1.9794
1.97894
1.97857
1.97836
1.97819
1.97799
1.97772
1.97728
1.97692
1.97645
1.97571
1.97464
1.97322
1.97246
1.97172
1.97089
1.97016
1.96907
1.96742
1.96617
1.96487
1.96318
1.96126
1.96007
1.95889
1.95744
1.95609
1.95449
1.95332
1.95175
1.94986
1.9487
1.94767
1.9466
1.94564
1.94518
1.94449
1.94413
1.94373
1.94342
1.94307
1.94254
1.94192
1.9415
1.94104
1.94045
1.93986
1.93962
1.93946
1.93919
1.9391
1.9388
1.93771
1.93692
1.93608
1.93539
1.93461
1.93364
1.93307
1.93211
1.93112
1.92977
1.9291
1.92799
1.9267
1.92589
1.92515
1.92392
1.92355
1.92337
1.92328
1.92324
1.92319
1.92305
1.92288
1.92256
1.92207
1.92173
1.92133
1.92094
1.92034
1.92049
1.92049
1.92159
1.92247
1.9237
1.9247
1.92621
1.92826
1.92967
1.93105
1.93281
1.94213
1.94213
1.94382
1.94739
1.94902
1.94932
1.95153
1.95249
1.95347
1.95415
1.95469
1.95499
1.95531
1.95573
1.95612
1.95643
1.95659
1.95683
1.95806
1.95905
1.95926
1.96095
1.96203
1.9633
1.96409
1.96489
1.96568
1.96654
1.9672
1.96778
1.96798
1.96823
1.96853
1.96882
1.96963
1.9701
1.97065
1.97111
1.9717
1.97233
1.97301
1.97376
1.97424
1.97466
1.97514
1.97574
1.97615
1.97707
1.97774
1.9785
1.97913
1.97993
1.9809
1.98162
1.98271
1.98409
1.98505
1.98608
1.9871
1.98811
1.98936
1.99163
1.99212
1.99304
1.99479
1.99511
1.99571
1.9969
1.99768
1.99877
1.99956
2.00065
2.00175
2.00274
2.00338
2.00389
2.00422
2.00442
2.0045
2.00464
2.00484
2.00507
2.00534
2.00586
2.00614
2.00639
2.00666
2.0068
2.00681
2.00672
2.00672
2.00675
2.00688
2.007
2.00709
2.00726
2.00745
2.00755
2.00756
2.00747
2.00715
2.00692
2.00667
2.00637
2.00586
2.00493
2.00425
2.00358
2.00291
2.00169
2.00127
2.001
2.00081
2.00072
2.00065
2.00065
2.00081
2.00126
2.00198
2.00237
2.00267
2.00292
2.00316
2.00318
2.00302
2.00227
2.00168
2.00115
2.00074
2.00059
2.0006
2.00077
2.00106
2.00123
2.00129
2.00114
2.00065
2.00009
1.99943
1.99801
1.99722
1.99663
1.99599
1.99525
1.99481
1.99443
1.99398
1.99334
1.99294
1.99267
1.99252
1.99247
1.9925
1.9925
1.99245
1.99199
1.99144
1.99132
1.9908
1.98957
1.9893
1.98926
1.98921
1.98938
1.98974
1.99014
1.99065
1.99128
1.99181
1.99202
1.99204
1.99176
1.9915
1.99119
1.9908
1.99032
1.99
1.98969
1.98916
1.98911
1.98912
1.98945
1.98982
1.99029
1.99061
1.99088
1.99122
1.9915
1.99155
1.99152
1.9914
1.99123
1.99104
1.99082
1.99063
1.99058
1.99087
1.99118
1.99148
1.99149
1.9913
1.99097
1.99049
1.98982
1.98938
1.98896
1.98852
1.9879
1.98708
1.98611
1.98561
1.98502
1.9843
1.98334
1.9823
1.98175
1.9813
1.98076
1.98012
1.97936
1.9791
1.97883
1.97851
1.9782
1.97772
1.97706
1.97638
1.97603
1.97572
1.97547
1.97533
1.97534
1.97557
1.97599
1.9764
1.97681
1.97771
1.97803
1.97823
1.97835
1.97841
1.9784
1.97825
1.97799
1.97786
1.97778
1.97773
1.97752
1.9773
1.97695
1.97653
1.9763
1.97565
1.97528
1.97496
1.97469
1.97446
1.9742
1.97382
1.97354
1.97324
1.97278
1.97208
1.97162
1.97127
1.97073
1.97061
1.97041
1.97004
1.96968
1.96928
1.96891
1.96852
1.96808
1.96765
1.96742
1.96703
1.96645
1.96608
1.96536
1.96433
1.9635
1.96259
1.9603
1.95945
1.95889
1.95838
1.9581
1.95804
1.95798
1.95788
1.95775
1.9576
1.95746
1.95737
1.95736
1.95735
1.95737
1.95739
1.95743
1.95762
1.95777
1.95801
1.95815
1.95821
1.95822
1.95769
1.95769
1.95776
1.95779
1.95791
1.95802
1.95819
1.9583
1.95841
1.95852
1.95851
1.95849
1.95846
1.95854
1.95889
1.95919
1.96052
1.96065
1.96165
1.962
1.96225
1.96244
1.96253
1.96265
1.96282
1.96308
1.96327
1.96358
1.96394
1.96404
1.96408
1.96409
1.96402
1.96395
1.96361
1.96342
1.96311
1.96264
1.9624
1.96192
1.96139
1.96105
1.96066
1.96003
1.9592
1.95873
1.95834
1.95793
1.95753
1.95714
1.95694
1.9566
1.95654
1.95644
1.95628
1.95609
1.95595
1.95585
1.95581
1.95588
1.95629
1.95657
1.95691
1.9574
1.9579
1.9582
1.95846
1.95879
1.95909
1.95919
1.95926
1.95925
1.95916
1.959
1.95869
1.95831
1.95773
1.95709
1.95675
1.95642
1.95612
1.95576
1.95539
1.9551
1.95467
1.95406
1.95354
1.95297
1.95165
1.95133
1.94999
1.94905
1.94812
1.94748
1.94671
1.9457
1.9452
1.94432
1.9434
1.9424
1.94175
1.94113
1.94049
1.93959
1.93853
1.93631
1.93575
1.93344
1.9319
1.93072
1.92935
1.928
1.92723
1.9265
1.9257
1.92475
1.92417
1.92371
1.92327
1.92289
1.92241
1.92209
1.92172
1.92044
1.92005
1.9192
1.91722
1.91614
1.91507
1.91405
1.91295
1.91271
1.91052
1.90941
1.90838
1.90769
1.90703
1.90628
1.90555
1.90521
1.90455
1.9035
1.90258
1.90153
1.89906
1.89855
1.89697
1.89637
1.89592
1.8956
1.89538
1.89522
1.89495
1.8945
1.89424
1.89405
1.89377
1.89375
1.89369
1.89365
1.89365
1.89363
1.89362
1.89374
1.89386
1.89405
1.89428
1.8945
1.89456
1.89451
1.89453
1.89453
1.89448
1.89439
1.89409
1.89373
1.89344
1.8933
1.89309
1.89282
1.89231
1.89224
1.89216
1.89217
1.89222
1.89221
1.89212
1.89201
1.89187
1.89175
1.89151
1.89126
1.89115
1.89108
1.89105
1.89107
1.88951
1.88951
1.88875
1.88771
1.88656
1.88596
1.88549
1.88514
1.88506
1.88517
1.88523
1.88533
1.88547
1.88561
1.88569
1.88575
1.88577
1.88576
1.88569
1.88562
1.88573
1.88592
1.88613
1.88637
1.88666
1.88684
1.88696
1.88708
1.88715
1.88715
1.88714
1.88714
1.88707
1.88689
1.88618
1.88546
1.88444
1.88368
1.88293
1.88213
1.88134
1.88093
1.88066
1.88057
1.88076
1.88121
1.88195
1.88256
1.8834
1.88435
1.88476
1.88527
1.88561
1.88599
1.8863
1.88698
1.88717
1.88719
1.88712
1.88699
1.8869
1.88687
1.88697
1.88736
1.88783
1.88842
1.88916
1.89018
1.89111
1.89208
1.89259
1.89302
1.8934
1.89391
1.89387
1.89373
1.89354
1.89322
1.89305
1.89272
1.89234
1.89211
1.8917
1.89129
1.89082
1.89049
1.89009
1.8896
1.88931
1.88911
1.88889
1.88872
1.88839
1.88816
1.88797
1.88776
1.88767
1.88768
1.88784
1.88803
1.88809
1.88811
1.88807
1.88788
1.8874
1.88711
1.88687
1.8867
1.88649
1.88631
1.88631
1.88633
1.88634
1.88626
1.88613
1.88598
1.88589
1.88589
1.88603
1.8862
1.8868
1.88729
1.88771
1.88801
1.88816
1.88834
1.88856
1.88864
1.88857
1.88842
1.88821
1.88814
1.88822
1.88841
1.88866
1.88888
1.88923
1.88971
1.88999
1.89045
1.89096
1.89136
1.89232
1.89277
1.89285
1.89356
1.89396
1.89426
1.8945
1.89471
1.89503
1.89562
1.89609
1.89662
1.89726
1.898
1.89853
1.89909
1.89962
1.9005
1.90061
1.90079
1.90073
1.90061
1.90038
1.89989
1.89949
1.89897
1.89837
1.8975
1.89651
1.89527
1.8945
1.89337
1.89295
1.8926
1.8921
1.89183
1.89169
1.89163
1.89155
1.89154
1.89153
1.89136
1.89121
1.89105
1.89061
1.89042
1.8904
1.89026
1.89018
1.88996
1.8897
1.88944
1.88926
1.88912
1.88897
1.88885
1.88873
1.88854
1.88832
1.88823
1.88809
1.88794
1.88763
1.8873
1.88703
1.8867
1.88649
1.88602
1.8852
1.88474
1.88397
1.88295
1.88122
1.88122
1.87922
1.87887
1.87828
1.87727
1.87717
1.87647
1.87621
1.87607
1.8761
1.87616
1.87631
1.87648
1.87675
1.87709
1.87748
1.87781
1.87813
1.87861
1.87911
1.87923
1.88016
1.88054
1.88089
1.88112
1.88126
1.88138
1.88163
1.88211
1.88247
1.8829
1.8836
1.88464
1.88537
1.88675
1.88741
1.88805
1.88838
1.88856
1.88859
1.88848
1.88815
1.88787
1.88751
1.88697
1.88615
1.88548
1.88401
1.88321
1.88248
1.8818
1.88144
1.88112
1.88084
1.88076
1.88078
1.88082
1.88085
1.88078
1.88073
1.88068
1.88059
1.88048
1.88041
1.88029
1.88009
1.87989
1.87981
1.87968
1.87963
1.87962
1.87943
1.87915
1.87881
1.87858
1.87843
1.8784
1.87865
1.8793
1.87993
1.88075
1.88191
1.88325
1.8839
1.88491
1.88589
1.8871
1.88799
1.88996
1.89137
1.89298
1.89498
1.89629
1.89789
1.89965
1.90074
1.90178
1.90283
1.90407
1.90546
1.90627
1.90703
1.91204
1.91204
1.9129
1.91398
1.9148
1.91565
1.91671
1.91786
1.91836
1.91959
1.91968
1.92042
1.92084
1.9214
1.92193
1.92262
1.92318
1.92371
1.92423
1.92465
1.9249
1.92524
1.92572
1.92636
1.92678
1.92721
1.92828
1.92837
1.92894
1.92922
1.92963
1.93004
1.93038
1.93054
1.93061
1.93057
1.93047
1.93027
1.93014
1.92989
1.92924
1.92915
1.92852
1.92823
1.9279
1.92749
1.92723
1.92694
1.92675
1.92676
1.9269
1.92718
1.92766
1.92798
1.92827
1.92857
1.92905
1.92911
1.92924
1.92919
1.92913
1.92896
1.92865
1.92804
1.9269
1.92594
1.92448
1.9226
1.92141
1.92025
1.91915
1.91777
1.91602
1.91474
1.91334
1.90986
1.90767
1.9063
1.90497
1.90327
1.90109
1.89968
1.89832
1.89669
1.89496
1.89394
1.89296
1.89196
1.88916
1.88773
1.88669
1.88574
1.88464
1.88353
1.88208
1.8811
1.87995
1.87883
1.8782
1.87768
1.87707
1.87645
1.87615
1.87589
1.87564
1.87536
1.87507
1.87435
1.87427
1.87361
1.87323
1.87263
1.87172
1.87094
1.86997
1.86857
1.86674
1.86544
1.86413
1.86247
1.86084
1.85904
1.85802
1.85721
1.85595
1.85587
1.85543
1.85526
1.85511
1.85498
1.85485
1.85475
1.85463
1.85435
1.85394
1.85365
1.85333
1.85283
1.85207
1.85148
1.85023
1.84959
1.84883
1.84792
1.84723
1.84654
1.84586
1.84511
1.84431
1.84401
1.84341
1.84338
1.84328
1.84322
1.84305
1.84286
1.84266
1.84241
1.84216
1.84195
1.84178
1.84164
1.84158
1.84173
1.84204
1.84261
1.84353
1.84482
1.84565
1.84654
1.8474
1.84814
1.84891
1.85004
1.85154
1.85264
1.85383
1.85543
1.85734
1.85859
1.86022
1.86224
1.86321
1.86592
1.86655
1.86749
1.87065
1.87089
1.87259
1.87343
1.87407
1.87459
1.87498
1.87556
1.87614
1.8769
1.87727
1.87786
1.87851
1.87928
1.87965
1.88034
1.88132
1.88198
1.88315
1.88367
1.88411
1.88435
1.88479
1.88543
1.88593
1.88654
1.8872
1.88791
1.88899
1.89175
1.89207
1.89469
1.89595
1.89735
1.89862
1.89997
1.90069
1.90118
1.90155
1.90185
1.90261
1.90269
1.90343
1.90381
1.90418
1.90475
1.90546
1.90591
1.9064
1.90692
1.90827
1.90858
1.90993
1.91066
1.91164
1.91274
1.91348
1.91417
1.91483
1.91544
1.91585
1.91623
1.91657
1.91681
1.91709
1.91733
1.91762
1.91824
1.91833
1.91833
1.91799
1.91768
1.9174
1.91741
1.91762
1.91789
1.91832
1.91876
1.91916
1.91924
1.91916
1.9188
1.91847
1.91815
1.91776
1.91705
1.91643
1.91557
1.91471
1.91384
1.91343
1.91296
1.91281
1.91265
1.91251
1.91225
1.91178
1.91091
1.9101
1.90906
1.90778
1.90597
1.90374
1.90264
1.89886
1.89849
1.8955
1.89403
1.8923
1.89047
1.88934
1.88833
1.88743
1.88642
1.88545
1.88492
1.88411
1.88368
1.88317
1.88254
1.88191
1.88104
1.87981
1.87896
1.878
1.87695
1.87635
1.87574
1.87512
1.87427
1.8732
1.8725
1.87179
1.87101
1.86985
1.86958
1.8686
1.86823
1.86782
1.86738
1.86682
1.86654
1.86625
1.86608
1.86602
1.8659
1.86574
1.8654
1.86486
1.8644
1.86302
1.86202
1.86084
1.86011
1.85938
1.85843
1.85715
1.8563
1.85544
1.85429
1.85285
1.85196
1.85116
1.85019
1.84914
1.84867
1.84728
1.84698
1.84581
1.84532
1.84482
1.84411
1.8432
1.84256
1.84193
1.8412
1.84051
1.84026
1.84048
1.84114
1.84213
1.84349
1.84481
1.84665
1.84903
1.85073
1.85255
1.85496
1.85806
1.86018
1.86226
1.86431
1.86684
1.87105
1.87354
1.87499
1.87637
1.87792
1.87937
1.88093
1.88189
1.8831
1.88463
1.88564
1.88666
1.88799
1.88958
1.89058
1.89157
1.89261
1.89541
1.89569
1.89796
1.89916
1.90063
1.90204
1.90355
1.9042
1.90521
1.90633
1.90727
1.90854
1.91007
1.91468
1.91518
1.91914
1.92164
1.92428
1.92698
1.92923
1.93212
1.93547
1.93764
1.93983
1.94256
1.9458
1.94798
1.95012
1.95271
1.95582
1.9579
1.95989
1.96405
1.96623
1.96839
1.9705
1.97222
1.97435
1.97694
1.9782
1.9803
1.98277
1.98429
1.98595
1.98766
1.98864
1.98979
1.99104
1.99156
1.99233
1.99324
1.99387
1.99452
1.99597
1.99706
1.99794
1.99885
2.00002
2.00162
2.00285
2.00416
2.00582
2.00784
2.00913
2.01037
2.01179
2.01335
2.01432
2.01581
2.01636
2.01674
2.01686
2.01667
2.01632
2.01579
2.01498
2.0139
2.01317
2.01221
2.01105
2.01031
2.00966
2.00897
2.00817
2.00765
2.00713
2.00576
2.00541
2.00399
2.0032
2.00258
2.0022
2.00193
2.00159
2.00109
2.00047
2
1.99942
1.99789
1.99683
1.9958
1.99475
1.99394
1.99317
1.99232
1.99135
1.99078
1.99023
1.98957
1.98894
1.98872
1.98836
1.98829
1.98807
1.98801
1.98794
1.98778
1.98764
1.98755
1.98744
1.98723
1.98692
1.98678
1.98668
1.98661
1.98656
1.98648
1.98638
1.98602
1.9859
1.98533
1.98487
1.98423
1.98379
1.98339
1.983
1.9828
1.98275
1.98279
1.98285
1.98282
1.98245
1.9821
1.9804
1.97993
1.97807
1.97734
1.97655
1.97589
1.97539
1.9752
1.97501
1.97487
1.97472
1.97439
1.97418
1.97371
1.97369
1.97348
1.97342
1.97348
1.97369
1.97395
1.97427
1.97466
1.97512
1.97533
1.97544
1.97548
1.97476
1.97476
1.97379
1.9732
1.97238
1.97073
1.9706
1.9701
1.96902
1.96867
1.96838
1.96818
1.96816
1.96817
1.9682
1.9682
1.96803
1.96786
1.96774
1.96768
1.96772
1.96771
1.96769
1.96763
1.96754
1.96752
1.96757
1.96775
1.96803
1.96814
1.9682
1.96804
1.96765
1.96739
1.96714
1.96686
1.96666
1.96661
1.96641
1.9663
1.96628
1.96612
1.96606
1.96605
1.96606
1.96617
1.96636
1.9666
1.96689
1.96721
1.96745
1.96775
1.96871
1.96881
1.96947
1.96958
1.96949
1.96927
1.96891
1.96846
1.96778
1.96693
1.96647
1.96609
1.96552
1.96527
1.96499
1.96484
1.96476
1.9647
1.9647
1.96473
1.96469
1.96464
1.96461
1.96447
1.96428
1.96412
1.9638
1.96334
1.96299
1.96257
1.96198
1.96128
1.96085
1.96052
1.96032
1.96022
1.96015
1.96017
1.96026
1.96047
1.96094
1.96144
1.96205
1.96279
1.96392
1.96569
1.96671
1.96848
1.97054
1.97187
1.97317
1.97475
1.97745
1.97835
1.9793
1.98026
1.98076
1.98116
1.98143
1.98173
1.9821
1.98243
1.98292
1.98354
1.98391
1.98432
1.9848
1.98626
1.98666
1.98833
1.98932
1.99026
1.9906
1.99105
1.99129
1.99132
1.99122
1.99098
1.99063
1.99042
1.99028
1.9902
1.99004
1.98997
1.98965
1.98947
1.98938
1.9893
1.98913
1.98901
1.98897
1.98915
1.98924
1.98921
1.98909
1.98888
1.98864
1.98826
1.98769
1.98697
1.98642
1.98581
1.98507
1.98422
1.98366
1.983
1.9822
1.98163
1.98097
1.98017
1.97961
1.97909
1.9785
1.97777
1.97727
1.97609
1.97539
1.97468
1.97367
1.97236
1.9715
1.97066
1.96982
1.96876
1.96738
1.96644
1.96554
1.96449
1.96324
1.96242
1.96066
1.95949
1.95816
1.95738
1.95671
1.95607
1.95536
1.95468
1.95439
1.95424
1.95417
1.95406
1.95394
1.95383
1.95312
1.95006
1.94432
1.93587
1.92157
1.90345
1.87757
1.85823
1.83752
1.81573
1.78738
1.72824
1.6983
1.67437
1.65063
1.62121
1.58633
1.56331
1.54055
1.51817
1.49074
1.45857
1.43748
1.41666
1.3656
1.36056
1.32073
1.3013
1.27733
1.24903
1.23043
1.20757
1.18955
1.16719
1.14504
1.1188
1.10155
1.08457
1.06375
1.03928
1.02319
0.987668
0.968276
0.964427
0.949178
0.930504
0.8942
0.89061
0.876341
0.841351
0.827503
0.810375
0.790245
0.777144
0.764207
0.751448
0.735807
0.71742
0.705309
0.69328
0.678384
0.663653
0.646105
0.634512
0.620245
0.60349
0.592553
0.568765
0.556156
0.543988
0.53449
0.525194
0.51386
0.500513
0.493863
0.485055
0.474116
0.463169
0.45004
0.391232
0.391232
0.38223
0.373336
0.362543
0.350102
0.342082
0.334258
0.317182
0.306059
0.298807
0.291732
0.284811
0.278064
0.269791
0.260066
0.253746
0.245984
0.233652
0.22461
0.218768
0.213029
0.205945
0.197669
0.192348
0.18713
0.181934
0.175473
0.167733
0.162539
0.152198
0.145714
0.139244
0.132699
0.127459
0.121016
0.113359
0.108324
0.103438
0.0976347
0.0909666
0.0876603
0.0821752
0.0756695
0.0714516
0.0633642
0.058354
0.0522576
0.04816
0.0441021
0.0400457
0.0350345
0.0290835
0.0251004
0.0210426
0.0158656
0.00947862
0.00507372
0.000618662
-0.00926077
-0.0114489
-0.0158528
-0.0256882
-0.0278016
-0.0319788
-0.041045
-0.0429645
-0.0503495
-0.0546154
-0.0594905
-0.0626598
-0.0657621
-0.0687752
-0.0724991
-0.0768963
-0.0797234
-0.0824952
-0.085278
-0.0918532
-0.0957275
-0.0996129
-0.104235
-0.107189
-0.110733
-0.114886
-0.117563
-0.120201
-0.123374
-0.127112
-0.129591
-0.132126
-0.137248
-0.139763
-0.142258
-0.145315
-0.148795
-0.150495
-0.153401
-0.156918
-0.159307
-0.161696
-0.1647
-0.16842
-0.170377
-0.176513
-0.179948
-0.183463
-0.187008
-0.191369
-0.194388
-0.197499
-0.201345
-0.205864
-0.208721
-0.211349
-0.214349
-0.2177
-0.2198
-0.221872
-0.224477
-0.227048
-0.229935
-0.23176
-0.233918
-0.236309
-0.237875
-0.239815
-0.242052
-0.243536
-0.246758
-0.248864
-0.251383
-0.253098
-0.254738
-0.256311
-0.258148
-0.260321
-0.261755
-0.263196
-0.264962
-0.266955
-0.268268
-0.271135
-0.272397
-0.273004
-0.275514
-0.276946
-0.27881
-0.280583
-0.281972
-0.283329
-0.28491
-0.286722
-0.287937
-0.289156
-0.292377
-0.292727
-0.295551
-0.29697
-0.298695
-0.300753
-0.302165
-0.303598
-0.3053
-0.307191
-0.308113
-0.309377
-0.309959
-0.310067
-0.309946
-0.309213
-0.309121
-0.30811
-0.307346
-0.306661
-0.305946
-0.305616
-0.30535
-0.305137
-0.305137
-0.30524
-0.30535
-0.305496
-0.305821
-0.306815
-0.307069
-0.307877
-0.307941
-0.307977
-0.307677
-0.307112
-0.306581
-0.306027
-0.305272
-0.304343
-0.30377
-0.303189
-0.302639
-0.301975
-0.301397
-0.301038
-0.300912
-0.301003
-0.301727
-0.302261
-0.302996
-0.303765
-0.304107
-0.304282
-0.30424
-0.303996
-0.303677
-0.303347
-0.303208
-0.303208
-0.303474
-0.303688
-0.304568
-0.304678
-0.305546
-0.305907
-0.306156
-0.305995
-0.305629
-0.305142
-0.304574
-0.303747
-0.302451
-0.301351
-0.300121
-0.296837
-0.295142
-0.293817
-0.292203
-0.290435
-0.289289
-0.287915
-0.286705
-0.285625
-0.284769
-0.283776
-0.28255
-0.281734
-0.280645
-0.279292
-0.278627
-0.277613
-0.276435
-0.275864
-0.274901
-0.273656
-0.272767
-0.271871
-0.269753
-0.269555
-0.267654
-0.266666
-0.265275
-0.2638
-0.262062
-0.26094
-0.259906
-0.258701
-0.257442
-0.256928
-0.256154
-0.255498
-0.254887
-0.25447
-0.253987
-0.252936
-0.252235
-0.25155
-0.250987
-0.250593
-0.250167
-0.24972
-0.249211
-0.248493
-0.247773
-0.246635
-0.246419
-0.24558
-0.245082
-0.244542
-0.243738
-0.242681
-0.242142
-0.241193
-0.239897
-0.238997
-0.237977
-0.236958
-0.23645
-0.235757
-0.23554
-0.235421
-0.23536
-0.235226
-0.235013
-0.234785
-0.234619
-0.234455
-0.234242
-0.233847
-0.23327
-0.232921
-0.232217
-0.231758
-0.231011
-0.23002
-0.229347
-0.228712
-0.227915
-0.227023
-0.22647
-0.225904
-0.22463
-0.223983
-0.223344
-0.222899
-0.222585
-0.222443
-0.222402
-0.222589
-0.222867
-0.223297
-0.223774
-0.224084
-0.224377
-0.224662
-0.224918
-0.225058
-0.225508
-0.225919
-0.226597
-0.227194
-0.227859
-0.228827
-0.230281
-0.231413
-0.232621
-0.233923
-0.235612
-0.237681
-0.239021
-0.241239
-0.242061
-0.242936
-0.243831
-0.244449
-0.245119
-0.245822
-0.246673
-0.247534
-0.24857
-0.249189
-0.250116
-0.25066
-0.251426
-0.252093
-0.252881
-0.253839
-0.255172
-0.256699
-0.257643
-0.258559
-0.260374
-0.260749
-0.261338
-0.263409
-0.263596
-0.264303
-0.265778
-0.266144
-0.267613
-0.268305
-0.269086
-0.269766
-0.27
-0.270278
-0.270538
-0.270789
-0.27112
-0.271668
-0.273077
-0.273408
-0.274067
-0.274737
-0.276493
-0.27734
-0.277985
-0.278649
-0.27908
-0.279256
-0.279351
-0.279436
-0.279482
-0.279577
-0.279663
-0.279802
-0.280091
-0.280545
-0.280911
-0.281761
-0.282169
-0.282683
-0.283192
-0.283389
-0.28352
-0.283578
-0.283578
-0.28341
-0.283198
-0.282933
-0.282611
-0.282317
-0.282255
-0.282665
-0.283141
-0.283711
-0.284121
-0.284566
-0.285131
-0.285693
-0.285901
-0.286246
-0.286694
-0.286983
-0.287398
-0.287961
-0.28872
-0.289241
-0.289827
-0.290593
-0.291408
-0.291774
-0.292801
-0.293072
-0.29315
-0.293198
-0.293156
-0.293041
-0.293
-0.293039
-0.293279
-0.293798
-0.294225
-0.294667
-0.295653
-0.296259
-0.296833
-0.297301
-0.297484
-0.297665
-0.297856
-0.298196
-0.298884
-0.299462
-0.300026
-0.3005
-0.301331
-0.301703
-0.302195
-0.302572
-0.302746
-0.302762
-0.302599
-0.302114
-0.301273
-0.300609
-0.299956
-0.299302
-0.297936
-0.29767
-0.296706
-0.29625
-0.295805
-0.295523
-0.295323
-0.295249
-0.295261
-0.295363
-0.295518
-0.295699
-0.295928
-0.296175
-0.296482
-0.296809
-0.297765
-0.297871
-0.298682
-0.299221
-0.299972
-0.300481
-0.300984
-0.301648
-0.302328
-0.302749
-0.303184
-0.303644
-0.303855
-0.303986
-0.304096
-0.304101
-0.303977
-0.303787
-0.30352
-0.302879
-0.302809
-0.302786
-0.302832
-0.302797
-0.302702
-0.302498
-0.302143
-0.301662
-0.301273
-0.300777
-0.300211
-0.298613
-0.298465
-0.297395
-0.296888
-0.296123
-0.295193
-0.293982
-0.293156
-0.292258
-0.2911
-0.289637
-0.288549
-0.287415
-0.285922
-0.284075
-0.282855
-0.280468
-0.278974
-0.277235
-0.276046
-0.274515
-0.272764
-0.271611
-0.270452
-0.269068
-0.267366
-0.266248
-0.265134
-0.264071
-0.262899
-0.261679
-0.260853
-0.259977
-0.257708
-0.257495
-0.255897
-0.254976
-0.253803
-0.252951
-0.252136
-0.251097
-0.249883
-0.249149
-0.248405
-0.24769
-0.246898
-0.246066
-0.245585
-0.245182
-0.244349
-0.244251
-0.243215
-0.242473
-0.241631
-0.240984
-0.240216
-0.239229
-0.238448
-0.237627
-0.236824
-0.23586
-0.23477
-0.234062
-0.232633
-0.23184
-0.230992
-0.230547
-0.230193
-0.229772
-0.229279
-0.228998
-0.228296
-0.228296
-0.228655
-0.229221
-0.230005
-0.230303
-0.230573
-0.230685
-0.23069
-0.230761
-0.230953
-0.231146
-0.231252
-0.231308
-0.231204
-0.230906
-0.230682
-0.230364
-0.229981
-0.229842
-0.229879
-0.230426
-0.230592
-0.230923
-0.231722
-0.23188
-0.232392
-0.232489
-0.232522
-0.232616
-0.23269
-0.232741
-0.232675
-0.232569
-0.232588
-0.232684
-0.232814
-0.233025
-0.233295
-0.233754
-0.23382
-0.233878
-0.233629
-0.233547
-0.23324
-0.233216
-0.23331
-0.233548
-0.233914
-0.234466
-0.234913
-0.235363
-0.235814
-0.236122
-0.236249
-0.2363
-0.236223
-0.235818
-0.235686
-0.235405
-0.234704
-0.234281
-0.233934
-0.233665
-0.233399
-0.232985
-0.232495
-0.232142
-0.231754
-0.231012
-0.230629
-0.230419
-0.230475
-0.230854
-0.231459
-0.232313
-0.232974
-0.233685
-0.234489
-0.235339
-0.236376
-0.237392
-0.237901
-0.238334
-0.239325
-0.239539
-0.239901
-0.240091
-0.239987
-0.239605
-0.238859
-0.237742
-0.236952
-0.234882
-0.233687
-0.23247
-0.231457
-0.230443
-0.229132
-0.227652
-0.226752
-0.225956
-0.225049
-0.224186
-0.22383
-0.222905
-0.222368
-0.221899
-0.221469
-0.221175
-0.220926
-0.220839
-0.220845
-0.220905
-0.221092
-0.221323
-0.221518
-0.22151
-0.221203
-0.221031
-0.221017
-0.221058
-0.221146
-0.221188
-0.221228
-0.2212
-0.221178
-0.221115
-0.221044
-0.22108
-0.221099
-0.221094
-0.221263
-0.221347
-0.22194
-0.222361
-0.222873
-0.223589
-0.224083
-0.224612
-0.225115
-0.225753
-0.226507
-0.226906
-0.227247
-0.227893
-0.228141
-0.228414
-0.228634
-0.229003
-0.229463
-0.230223
-0.230729
-0.231711
-0.232765
-0.233676
-0.234881
-0.236415
-0.237434
-0.238447
-0.24075
-0.241234
-0.242118
-0.24388
-0.244982
-0.246178
-0.247176
-0.248249
-0.249325
-0.250537
-0.251776
-0.252421
-0.252965
-0.253976
-0.254145
-0.254681
-0.254824
-0.255011
-0.255293
-0.255755
-0.256022
-0.256618
-0.257463
-0.257862
-0.258527
-0.259314
-0.25977
-0.260097
-0.26045
-0.260535
-0.260946
-0.261135
-0.261364
-0.261759
-0.262012
-0.262531
-0.263175
-0.26363
-0.264165
-0.264733
-0.26608
-0.266364
-0.267375
-0.267942
-0.268314
-0.268562
-0.26872
-0.268863
-0.269044
-0.269145
-0.269209
-0.269111
-0.268959
-0.268821
-0.26865
-0.268601
-0.268557
-0.268537
-0.26859
-0.26884
-0.26907
-0.269345
-0.26976
-0.270371
-0.270837
-0.271872
-0.27246
-0.273088
-0.273566
-0.274027
-0.274641
-0.275356
-0.276258
-0.27706
-0.278022
-0.278673
-0.279372
-0.280269
-0.281308
-0.282031
-0.282728
-0.283425
-0.283956
-0.284198
-0.284454
-0.284804
-0.285273
-0.285458
-0.285579
-0.285764
-0.286016
-0.286346
-0.28718
-0.287677
-0.288219
-0.288586
-0.289024
-0.289643
-0.290038
-0.2904
-0.290649
-0.290719
-0.290517
-0.290304
-0.289675
-0.28908
-0.288444
-0.287898
-0.287482
-0.287118
-0.286762
-0.286343
-0.285965
-0.285882
-0.285881
-0.286048
-0.286084
-0.286389
-0.286627
-0.28698
-0.287561
-0.28798
-0.288431
-0.288961
-0.289591
-0.290087
-0.290594
-0.291011
-0.291743
-0.291817
-0.29244
-0.292833
-0.293462
-0.294197
-0.294672
-0.295105
-0.295497
-0.295842
-0.296108
-0.296391
-0.296688
-0.29697
-0.297129
-0.297314
-0.297579
-0.297867
-0.298114
-0.298665
-0.298901
-0.299185
-0.29943
-0.299758
-0.30019
-0.300501
-0.300577
-0.300583
-0.300481
-0.299654
-0.299334
-0.29862
-0.296998
-0.2967
-0.295792
-0.295392
-0.295086
-0.294752
-0.294506
-0.294334
-0.294168
-0.293912
-0.29315
-0.292987
-0.292746
-0.292559
-0.292533
-0.29254
-0.292601
-0.292629
-0.292515
-0.292441
-0.292393
-0.292314
-0.292146
-0.291912
-0.291822
-0.291783
-0.291748
-0.291754
-0.291744
-0.291515
-0.291381
-0.290732
-0.290353
-0.289747
-0.288883
-0.288184
-0.28748
-0.286605
-0.285511
-0.284815
-0.284114
-0.283437
-0.282335
-0.282182
-0.28164
-0.281374
-0.281217
-0.281166
-0.281134
-0.281123
-0.281081
-0.281049
-0.281095
-0.281139
-0.28111
-0.280958
-0.280895
-0.280702
-0.280684
-0.280361
-0.280168
-0.28005
-0.279599
-0.27947
-0.279554
-0.279729
-0.279829
-0.279907
-0.279959
-0.280049
-0.280212
-0.280399
-0.280549
-0.280554
-0.280539
-0.280529
-0.280379
-0.280315
-0.279895
-0.279668
-0.279516
-0.279505
-0.279571
-0.279815
-0.280025
-0.280228
-0.280486
-0.280843
-0.281095
-0.281159
-0.28113
-0.281032
-0.280887
-0.280776
-0.280481
-0.28032
-0.280157
-0.279963
-0.279617
-0.279076
-0.278633
-0.278193
-0.277641
-0.276943
-0.276516
-0.276189
-0.275939
-0.27551
-0.275382
-0.274794
-0.2742
-0.273308
-0.272435
-0.271397
-0.269825
-0.267785
-0.266383
-0.264906
-0.262918
-0.260461
-0.258927
-0.25746
-0.25435
-0.252862
-0.251429
-0.250123
-0.249175
-0.248042
-0.246813
-0.246099
-0.245449
-0.244791
-0.244105
-0.243699
-0.243308
-0.242759
-0.241838
-0.241083
-0.239595
-0.238978
-0.238212
-0.237115
-0.236495
-0.23541
-0.234167
-0.233426
-0.232814
-0.232289
-0.231768
-0.23131
-0.230691
-0.230139
-0.229528
-0.228951
-0.228435
-0.227756
-0.227029
-0.226556
-0.226139
-0.225729
-0.225196
-0.224589
-0.224244
-0.224004
-0.223783
-0.223781
-0.223879
-0.224048
-0.224293
-0.224513
-0.224498
-0.224326
-0.223985
-0.223395
-0.222906
-0.222296
-0.221407
-0.220471
-0.219439
-0.218871
-0.218393
-0.217597
-0.217445
-0.217168
-0.21655
-0.216103
-0.215644
-0.21532
-0.214902
-0.21443
-0.2141
-0.213715
-0.213272
-0.212733
-0.212382
-0.212016
-0.211678
-0.210983
-0.210897
-0.21023
-0.209966
-0.209731
-0.209591
-0.209512
-0.209395
-0.209283
-0.2092
-0.209192
-0.209274
-0.209413
-0.209406
-0.209273
-0.209071
-0.208959
-0.208918
-0.20916
-0.209504
-0.210578
-0.211498
-0.212504
-0.213538
-0.214375
-0.215177
-0.216056
-0.217016
-0.217563
-0.218052
-0.218693
-0.21936
-0.220106
-0.220507
-0.22086
-0.221479
-0.221609
-0.222066
-0.222421
-0.222916
-0.22342
-0.223935
-0.224555
-0.225192
-0.225968
-0.227043
-0.228277
-0.229043
-0.229828
-0.230911
-0.232386
-0.233479
-0.234612
-0.237096
-0.237585
-0.239481
-0.240487
-0.241799
-0.243529
-0.244821
-0.246208
-0.248045
-0.25045
-0.252116
-0.254163
-0.256618
-0.258255
-0.259865
-0.261447
-0.263337
-0.2663
-0.266909
-0.269378
-0.27069
-0.272339
-0.274258
-0.275216
-0.276764
-0.278147
-0.279533
-0.280087
-0.280863
-0.281757
-0.282321
-0.282837
-0.283179
-0.283664
-0.284061
-0.284831
-0.285138
-0.285237
-0.285319
-0.285475
-0.285656
-0.285967
-0.286395
-0.286744
-0.28719
-0.287559
-0.28769
-0.287793
-0.287856
-0.287867
-0.287853
-0.287808
-0.287716
-0.287707
-0.287745
-0.287917
-0.288069
-0.288206
-0.288314
-0.288373
-0.288462
-0.288576
-0.288716
-0.288872
-0.288955
-0.288936
-0.288938
-0.289205
-0.289417
-0.289744
-0.290156
-0.290529
-0.290966
-0.291534
-0.292054
-0.292703
-0.293022
-0.293452
-0.293801
-0.2939
-0.293925
-0.29363
-0.293165
-0.292581
-0.292034
-0.291361
-0.290538
-0.290075
-0.289767
-0.289518
-0.289325
-0.289265
-0.289297
-0.289395
-0.289523
-0.289682
-0.289888
-0.290262
-0.290853
-0.291654
-0.292006
-0.292271
-0.292325
-0.29233
-0.29232
-0.292218
-0.291875
-0.291558
-0.29127
-0.291013
-0.290647
-0.290654
-0.290783
-0.290875
-0.290871
-0.29089
-0.290937
-0.290944
-0.290863
-0.290784
-0.290779
-0.290872
-0.291005
-0.291095
-0.291192
-0.291386
-0.291887
-0.292242
-0.293782
-0.293939
-0.295256
-0.295994
-0.296691
-0.297489
-0.298448
-0.298984
-0.299888
-0.300903
-0.301378
-0.302054
-0.302652
-0.303119
-0.303263
-0.303283
-0.303179
-0.30316
-0.303147
-0.303212
-0.303547
-0.303857
-0.30413
-0.304449
-0.304914
-0.305275
-0.305703
-0.306159
-0.306504
-0.306871
-0.307535
-0.307662
-0.308025
-0.308049
-0.308
-0.307808
-0.307507
-0.30698
-0.30413
-0.30413
-0.302502
-0.30214
-0.301441
-0.300101
-0.300003
-0.299189
-0.298844
-0.29853
-0.29821
-0.29799
-0.297582
-0.296997
-0.29656
-0.296061
-0.295469
-0.293823
-0.293656
-0.29194
-0.290968
-0.290778
-0.289249
-0.288283
-0.287049
-0.286188
-0.285396
-0.284512
-0.283564
-0.28308
-0.282704
-0.282271
-0.281759
-0.28146
-0.280936
-0.280296
-0.279866
-0.279421
-0.27907
-0.278914
-0.278675
-0.278618
-0.278591
-0.278657
-0.278719
-0.278835
-0.278913
-0.279039
-0.279386
-0.279679
-0.279985
-0.280762
-0.281153
-0.281234
-0.281741
-0.28201
-0.282252
-0.28243
-0.282641
-0.283028
-0.283563
-0.283922
-0.28427
-0.284423
-0.284377
-0.284158
-0.283821
-0.283381
-0.282912
-0.282407
-0.281581
-0.281285
-0.281177
-0.281146
-0.281256
-0.28149
-0.28168
-0.281833
-0.282032
-0.282281
-0.282506
-0.282726
-0.283094
-0.283372
-0.283808
-0.284088
-0.284393
-0.284678
-0.28487
-0.284973
-0.28493
-0.284885
-0.284829
-0.284721
-0.284665
-0.28469
-0.284695
-0.284694
-0.284743
-0.284732
-0.284763
-0.284875
-0.284954
-0.28497
-0.284895
-0.284616
-0.284053
-0.28351
-0.282809
-0.281803
-0.280432
-0.279334
-0.276831
-0.275095
-0.272862
-0.271458
-0.270144
-0.268908
-0.267699
-0.266217
-0.26457
-0.263632
-0.262816
-0.261133
-0.260429
-0.259989
-0.259687
-0.259455
-0.259279
-0.259086
-0.259004
-0.258922
-0.25887
-0.2589
-0.259177
-0.25944
-0.259643
-0.259697
-0.259658
-0.258964
-0.258318
-0.257371
-0.256698
-0.256068
-0.255446
-0.254824
-0.254381
-0.253965
-0.253656
-0.253406
-0.253148
-0.253042
-0.252967
-0.252983
-0.252986
-0.252932
-0.252863
-0.252642
-0.252419
-0.252141
-0.251921
-0.251768
-0.25166
-0.251564
-0.251524
-0.251464
-0.251382
-0.251193
-0.250756
-0.250285
-0.249714
-0.247988
-0.247788
-0.246134
-0.244983
-0.243501
-0.242387
-0.241064
-0.239178
-0.236801
-0.235216
-0.233691
-0.232172
-0.230291
-0.228208
-0.227019
-0.225981
-0.223925
-0.223483
-0.222623
-0.220735
-0.220061
-0.219186
-0.218331
-0.217203
-0.216452
-0.215748
-0.215005
-0.214041
-0.212992
-0.212444
-0.21182
-0.211089
-0.210047
-0.209213
-0.208317
-0.207383
-0.204747
-0.203711
-0.202561
-0.20128
-0.200411
-0.199515
-0.198672
-0.197727
-0.196829
-0.196329
-0.195827
-0.1952
-0.194584
-0.194195
-0.193311
-0.192884
-0.192453
-0.191964
-0.191662
-0.191313
-0.190803
-0.190101
-0.189748
-0.189109
-0.188138
-0.187379
-0.186572
-0.185509
-0.183314
-0.182348
-0.181588
-0.180844
-0.180181
-0.179424
-0.178668
-0.178246
-0.177747
-0.177227
-0.176896
-0.17652
-0.175481
-0.174733
-0.173812
-0.173282
-0.172428
-0.1714
-0.170758
-0.170138
-0.169361
-0.168579
-0.168144
-0.167788
-0.167387
-0.166899
-0.166657
-0.165752
-0.165538
-0.164636
-0.164232
-0.163779
-0.163301
-0.163111
-0.16301
-0.163061
-0.163334
-0.16355
-0.163767
-0.164067
-0.164494
-0.164705
-0.165184
-0.165303
-0.165389
-0.165514
-0.165666
-0.165856
-0.166193
-0.166417
-0.166673
-0.166954
-0.167245
-0.167419
-0.167547
-0.167559
-0.167393
-0.167228
-0.166826
-0.166109
-0.166017
-0.165986
-0.166011
-0.166112
-0.166311
-0.166662
-0.167396
-0.168546
-0.169318
-0.170067
-0.17104
-0.172324
-0.173236
-0.17424
-0.175663
-0.178871
-0.179194
-0.18156
-0.182999
-0.184583
-0.185497
-0.189285
-0.189285
-0.189559
-0.18972
-0.189904
-0.19016
-0.190621
-0.191596
-0.192339
-0.193203
-0.193894
-0.194652
-0.195611
-0.196633
-0.197321
-0.198035
-0.198773
-0.199781
-0.201124
-0.201802
-0.204194
-0.205507
-0.205788
-0.208404
-0.209788
-0.210908
-0.212296
-0.21382
-0.214789
-0.21579
-0.217135
-0.218859
-0.22002
-0.221155
-0.222462
-0.223928
-0.224593
-0.225552
-0.226597
