3.50972
3.5397
3.55988
3.5798
3.59936
3.62358
3.6518
3.67026
3.68806
3.72549
3.74541
3.82856
3.82856
3.84071
3.85479
3.87083
3.88096
3.89054
3.91
3.91422
3.92236
3.93903
3.94234
3.94874
3.96289
3.97023
3.9769
3.98169
3.98689
3.99071
3.99363
3.99496
3.99579
3.99641
3.99715
3.99792
3.99849
3.99911
3.9997
4.00034
4.0004
4.00046
4.00043
3.9996
3.99865
3.99763
3.9964
3.99511
3.99452
3.9942
3.99426
3.99466
3.99571
3.99616
3.99656
3.9964
3.99628
3.9959
3.99511
3.99472
3.99464
3.99484
3.99544
3.99611
3.99745
3.99956
4.00104
4.00396
4.00704
4.00955
4.01187
4.01255
4.01346
4.01379
4.01403
4.01396
4.01386
4.01296
4.01257
4.01218
4.01196
4.01183
4.01189
4.01204
4.01222
4.01253
4.01257
4.01259
4.01215
4.01173
4.01167
4.01193
4.01224
4.0123
4.01422
4.0156
4.01756
4.01918
4.02091
4.02285
4.02542
4.02854
4.03078
4.03296
4.03514
4.03681
4.03761
4.03756
4.03658
4.03559
4.03441
4.03296
4.03047
4.0266
4.02394
4.02137
4.01512
4.0118
4.00908
4.00718
4.0051
4.00341
4.00281
4.00245
4.00197
4.00116
4.00037
3.99958
3.99864
3.99731
3.99653
3.99603
3.99585
3.99596
3.99592
3.99599
3.99602
3.99613
3.99632
3.99625
3.99608
3.99602
3.99586
3.99545
3.99503
3.99422
3.99383
3.99344
3.99281
3.99261
3.99243
3.99246
3.99244
3.99236
3.99219
3.9919
3.99178
3.99146
3.99133
3.99242
3.99327
3.99459
3.99683
3.99889
4.00125
4.00393
4.00769
4.01169
4.01673
4.01977
4.02242
4.02774
4.0304
4.03264
4.03399
4.03494
4.03555
4.03632
4.0371
4.03723
4.03718
4.03633
4.03536
4.03254
4.03182
4.03035
4.02757
4.02571
4.02317
4.02042
4.01655
4.01156
4.00774
4.00374
3.99918
3.99449
3.99184
3.9896
3.98726
3.98503
3.98391
3.98305
3.98278
3.98345
3.9843
3.98436
3.98421
3.98381
3.98366
3.98363
3.98372
3.9836
3.98316
3.98304
3.98282
3.98251
3.98261
3.98314
3.98435
3.98591
3.98757
3.98904
3.99102
3.99308
3.99358
3.99379
3.99382
3.99321
3.99253
3.99202
3.99172
3.99158
3.99118
3.99087
3.9914
3.99228
3.99356
3.99539
3.99789
3.99885
3.99925
3.99876
3.99646
3.99571
3.99419
3.99143
3.98997
3.98887
3.98797
3.98679
3.9852
3.98314
3.98154
3.97986
3.97827
3.97668
3.97605
3.97576
3.97574
3.97575
3.97591
3.97607
3.97603
3.97561
3.97486
3.97446
3.97406
3.97341
3.97302
3.9725
3.97179
3.97127
3.97058
3.96972
3.96863
3.96837
3.96794
3.96786
3.96798
3.96816
3.96859
3.96916
3.96991
3.97074
3.97248
3.97407
3.97593
3.97871
3.98282
3.98556
3.9884
3.99434
3.99809
3.99997
4.00127
4.00193
4.00218
4.00173
4.00109
4.00079
4.00081
4.00078
4.00091
4.0013
4.00151
4.0014
4.00132
4.00073
4.0002
3.9996
3.99876
3.99818
3.99775
3.99739
3.99653
3.99549
3.99461
3.99347
3.99213
3.99088
3.99012
3.99011
3.99086
3.99165
3.99237
3.99309
3.99408
3.99456
3.99506
3.99628
3.99817
3.99969
4.00173
4.00481
4.00729
4.00906
4.01006
4.01098
4.01168
4.01198
4.01207
4.01256
4.01299
4.01347
4.01457
4.01521
4.01564
4.01608
4.01637
4.01633
4.01588
4.01572
4.01558
4.01511
4.01406
4.01301
4.01169
4.00878
4.00811
4.00678
4.00476
4.00367
4.00275
4.00258
4.00273
4.00383
4.00461
4.00606
4.00734
4.00821
4.00838
4.00792
4.00658
4.00552
4.00464
4.00363
4.0032
4.00279
4.00269
4.00308
4.00371
4.00411
4.00469
4.00575
4.0069
4.00762
4.0085
4.00945
4.01061
4.00963
4.00963
4.0072
4.00527
4.00277
4.00083
3.99793
3.99389
3.99133
3.98908
3.98651
3.97722
3.97722
3.97623
3.97456
3.97433
3.97431
3.9741
3.97404
3.97404
3.97432
3.9747
3.97439
3.9739
3.97343
3.973
3.97258
3.97253
3.97237
3.97273
3.97299
3.97303
3.97281
3.97213
3.97094
3.97026
3.96978
3.96958
3.96964
3.97019
3.97161
3.97243
3.97333
3.97356
3.97336
3.97197
3.97126
3.97041
3.97019
3.97012
3.97017
3.97055
3.97148
3.97243
3.97328
3.97474
3.97703
3.97829
3.98056
3.98167
3.98244
3.98316
3.98431
3.98583
3.98705
3.98854
3.99068
3.99221
3.99365
3.99502
3.99626
3.99742
4.00035
4.00118
4.00302
4.00739
4.00832
4.00976
4.01159
4.01221
4.01277
4.01299
4.01286
4.01223
4.01074
4.00929
4.00773
4.00644
4.00521
4.00464
4.00408
4.00348
4.00315
4.00261
4.0015
4.00104
4.00016
3.99904
3.99767
3.99587
3.99367
3.99279
3.99164
3.99057
3.99025
3.99041
3.99114
3.99174
3.99227
3.99278
3.99317
3.99361
3.9937
3.99403
3.99448
3.99517
3.99618
3.99677
3.9974
3.99798
3.99872
3.99939
4.00055
4.00215
4.00424
4.00631
4.00764
4.00843
4.00909
4.00923
4.00904
4.00877
4.00845
4.00786
4.00718
4.0065
4.00496
4.0034
4.00188
4.00002
3.99834
3.99673
3.99495
3.99276
3.99125
3.98996
3.98881
3.9886
3.98918
3.99032
3.99368
3.99629
3.99853
4.00183
4.00622
4.00954
4.01285
4.01619
4.01928
4.02081
4.02189
4.02332
4.02503
4.02748
4.02903
4.03033
4.03206
4.03274
4.03284
4.03293
4.03175
4.03154
4.03151
4.03126
4.03125
4.03166
4.03194
4.03222
4.03269
4.03374
4.03445
4.03476
4.03505
4.03517
4.03498
4.03424
4.03284
4.03203
4.03146
4.03116
4.03109
4.03091
4.02996
4.02942
4.0285
4.02786
4.0273
4.02672
4.02571
4.0251
4.02468
4.02417
4.02401
4.02379
4.02347
4.02332
4.0226
4.02251
4.02275
4.02298
4.02293
4.02322
4.02355
4.02382
4.02431
4.02473
4.0251
4.02544
4.02606
4.02709
4.02852
4.02926
4.03004
4.03099
4.03209
4.03344
4.03413
4.03468
4.03543
4.03595
4.03626
4.03627
4.03642
4.03653
4.0364
4.03632
4.03614
4.03574
4.03525
4.03447
4.03307
4.03134
4.03032
4.0291
4.02781
4.02681
4.02586
4.02326
4.02211
4.02155
4.0209
4.02008
4.01863
4.01711
4.0148
4.01316
4.01136
4.00975
4.00875
4.0083
4.00786
4.00752
4.00755
4.00793
4.00859
4.00981
4.01075
4.01152
4.01231
4.01317
4.01344
4.01363
4.01411
4.0146
4.01496
4.01517
4.0155
4.01558
4.01575
4.01566
4.01548
4.01556
4.01546
4.01511
4.01459
4.01395
4.01362
4.0134
4.01324
4.01332
4.01396
4.01536
4.01619
4.01679
4.01847
4.01943
4.01991
4.02065
4.02121
4.02114
4.02104
4.02099
4.02078
4.02018
4.01978
4.01944
4.01874
4.01808
4.01696
4.01665
4.01644
4.01671
4.01676
4.01689
4.01704
4.01686
4.01655
4.01398
4.01398
4.01335
4.01322
4.01214
4.01183
4.01121
4.01042
4.00966
4.00873
4.00728
4.00652
4.00554
4.00453
4.00341
4.00273
4.00141
4.00121
3.99965
3.99889
3.99787
3.99692
3.99676
3.99686
3.99738
3.99846
3.99916
3.9997
3.99976
3.99912
3.9981
3.99707
3.99568
3.99551
3.99565
3.9959
3.99651
3.99729
3.99752
3.99767
3.99774
3.99788
3.99806
3.99818
3.9988
3.9991
3.99972
4.00097
4.00185
4.00312
4.00376
4.00532
4.0058
4.00568
4.00536
4.00495
4.00464
4.00471
4.00487
4.00555
4.00735
4.00829
4.00945
4.01108
4.01328
4.01485
4.01644
4.01789
4.01907
4.01927
4.01913
4.01911
4.01858
4.01771
4.01648
4.01565
4.0144
4.01278
4.01201
4.01111
4.01007
4.00893
4.008
4.00782
4.00767
4.00751
4.00759
4.00772
4.00756
4.00743
4.00658
4.00579
4.00497
4.00395
4.00235
4.00048
3.9998
3.99908
3.99873
3.99846
3.99856
3.99879
3.99908
3.99923
3.99914
3.99988
4.00011
4.00052
4.00092
4.0015
4.00218
4.0024
4.00204
4.00129
4.00013
3.99867
3.9977
3.9971
3.99666
3.99621
3.99571
3.99568
3.99575
3.99608
3.99608
3.99609
3.99687
3.99737
3.99818
3.99953
4.00081
4.00106
4.00254
4.00333
4.00355
4.00353
4.00346
4.00348
4.00353
4.0036
4.00359
4.00354
4.0038
4.00413
4.00575
4.00606
4.00748
4.00823
4.00913
4.00977
4.01054
4.01124
4.01152
4.01115
4.01067
4.01017
4.00904
4.00841
4.008
4.00777
4.00768
4.00748
4.007
4.00641
4.00589
4.00557
4.00547
4.00574
4.00604
4.00638
4.00662
4.00691
4.00721
4.0075
4.00827
4.00908
4.01024
4.01087
4.01155
4.01239
4.0151
4.01572
4.01791
4.01953
4.02066
4.02155
4.02183
4.02199
4.0215
4.02092
4.02015
4.019
4.0183
4.01687
4.01492
4.01346
4.0034
4.0034
4.00182
3.99958
3.99699
3.99541
3.994
3.99292
3.99263
3.99273
3.99289
3.99342
3.9937
3.9937
3.9934
3.99293
3.99185
3.99184
3.99244
3.99341
3.99503
3.99642
3.99772
3.9991
4.00083
4.00188
4.00292
4.00337
4.00316
4.00279
4.0024
4.00194
4.0017
4.0018
4.00296
4.00385
4.00486
4.00534
4.00558
4.00557
4.00528
4.00514
4.00496
4.00461
4.00414
4.00359
4.00282
4.00266
4.00291
4.0038
4.00432
4.00507
4.00565
4.00619
4.00653
4.00683
4.00702
4.00713
4.0079
4.00873
4.00956
4.01042
4.01184
4.01347
4.01478
4.01596
4.01718
4.01857
4.01951
4.02053
4.02116
4.02145
4.02165
4.02049
4.01977
4.01841
4.01705
4.01532
4.01461
4.01339
4.01152
4.01065
4.00939
4.00823
4.0073
4.00678
4.00604
4.00474
4.0038
4.00301
4.00112
4.00008
3.99884
3.99779
3.99701
3.9961
3.99502
3.99467
3.99418
3.99354
3.99336
3.99361
3.9943
3.99592
3.99917
4.00088
4.00177
4.00209
4.00155
4.00003
3.99878
3.99719
3.99645
3.99627
3.99607
3.99595
3.99622
3.99703
3.99832
3.99933
4.00172
4.003
4.00404
4.00469
4.00517
4.00556
4.00617
4.00737
4.00815
4.00923
4.01054
4.01106
4.01157
4.01215
4.01231
4.01227
4.01232
4.01242
4.01239
4.01232
4.012
4.0118
4.0112
4.01033
4.0102
4.00906
4.00827
4.00765
4.00747
4.00735
4.0072
4.00681
4.00663
4.00647
4.00621
4.00625
4.00598
4.0056
4.00525
4.00372
4.0033
4.00148
4.00058
3.99943
3.99855
3.99797
3.99788
3.99814
3.99874
3.99996
4.00157
4.00409
4.00594
4.00978
4.01212
4.01458
4.01724
4.01852
4.01944
4.02054
4.02167
4.02222
4.02371
4.02646
4.02859
4.03081
4.03549
4.03723
4.03746
4.03815
4.03762
4.03607
4.03495
4.03352
4.03121
4.02834
4.02678
4.02589
4.02556
4.0257
4.02609
4.02673
4.02836
4.02912
4.03027
4.03165
4.03315
4.03548
4.03657
4.03818
4.03973
4.04037
4.04092
4.04069
4.03955
4.03955
4.03768
4.03739
4.03688
4.03451
4.03425
4.03188
4.03006
4.0277
4.0262
4.02445
4.0227
4.0211
4.01913
4.01717
4.01569
4.01465
4.0138
4.0135
4.01329
4.01328
4.01312
4.0129
4.01222
4.01131
4.01042
4.00965
4.00891
4.00824
4.00785
4.00779
4.00797
4.00831
4.00887
4.01046
4.0113
4.01189
4.01226
4.01237
4.01214
4.01156
4.01075
4.01048
4.01033
4.01042
4.01109
4.01185
4.01288
4.01342
4.01408
4.01467
4.01531
4.01591
4.01693
4.01831
4.01905
4.01983
4.02093
4.02157
4.02232
4.02344
4.02463
4.02564
4.02596
4.02594
4.02568
4.02489
4.0242
4.02221
4.0207
4.02041
4.018
4.01734
4.01697
4.01717
4.01744
4.01772
4.01812
4.01867
4.01908
4.01965
4.02024
4.02052
4.02055
4.0204
4.0203
4.0199
4.01939
4.01878
4.01843
4.0177
4.01695
4.0162
4.01529
4.01451
4.01381
4.01326
4.01289
4.01252
4.01251
4.01283
4.01325
4.01376
4.01376
4.01343
4.01231
4.01093
4.0091
4.00696
4.00468
4.00356
4.00056
4.00016
3.9971
3.99503
3.99238
3.98973
3.98667
3.98508
3.9837
3.98206
3.98039
3.97968
3.97923
3.97885
3.97878
3.97872
3.97869
3.97973
3.97978
3.98069
3.98112
3.98184
3.9827
3.98403
3.985
3.9859
3.98672
3.9879
3.98897
3.98926
3.9898
3.9903
3.99037
3.9902
3.99005
3.98955
3.98884
3.9885
3.98799
3.98738
3.98723
3.98704
3.98699
3.98711
3.98726
3.98741
3.98731
3.98812
3.98846
3.99009
3.99145
3.99302
3.9945
3.996
3.99818
4.00063
4.00221
4.00391
4.00526
4.00546
4.00535
4.00496
4.00378
4.00115
3.99872
3.99572
3.98825
3.98315
3.97973
3.97675
3.97333
3.96975
3.96788
3.96624
3.96434
3.96229
3.96148
3.96105
3.9612
3.96348
3.96543
3.96709
3.96864
3.97048
3.97227
3.97401
3.97471
3.97548
3.97666
3.97793
3.97922
3.98065
3.98226
3.98357
3.98517
3.98699
3.9898
3.99295
3.99757
3.99783
3.9995
3.99982
4.00004
4.00015
3.99985
3.99943
3.99863
3.99743
3.9969
3.99644
3.99588
3.9957
3.996
3.99655
3.99722
4.0003
4.00063
4.00337
4.00415
4.0046
4.00482
4.00469
4.00444
4.00412
4.00407
4.00381
4.00364
4.00354
4.003
4.00212
4.00164
4.00055
4.00007
3.99993
3.99981
3.99949
3.99909
3.99877
3.99805
3.99693
3.99645
3.99496
3.99481
3.99362
3.99248
3.99142
3.99054
3.9896
3.98866
3.98786
3.98691
3.9863
3.98583
3.98511
3.98458
3.98385
3.9833
3.98235
3.98074
3.97993
3.9795
3.97957
3.97965
3.97963
3.97946
3.97887
3.97826
3.97757
3.97715
3.9772
3.97735
3.97775
3.97879
3.97948
3.98301
3.98394
3.9854
3.98988
3.9901
3.99143
3.99186
3.99222
3.9928
3.99365
3.99468
3.99585
3.9974
3.9981
3.99907
3.9999
4.00092
4.00145
4.00249
4.00432
4.00576
4.00894
4.01103
4.01361
4.01467
4.01605
4.01752
4.01819
4.01889
4.01976
4.0209
4.02294
4.02825
4.02867
4.03178
4.03271
4.03367
4.03428
4.03446
4.03403
4.033
4.03157
4.03017
4.02574
4.02529
4.02186
4.02055
4.01926
4.01756
4.01579
4.01475
4.01378
4.01276
4.0112
4.0112
4.0124
4.01351
4.01505
4.01667
4.01764
4.01825
4.0187
4.01921
4.01973
4.02011
4.02027
4.02012
4.01936
4.01862
4.01807
4.01756
4.01712
4.01705
4.01703
4.01665
4.0158
4.01455
4.01332
4.01199
4.01013
4.00793
4.0051
4.00301
4.00043
3.99769
3.99625
3.99488
3.9932
3.99167
3.99132
3.99162
3.99235
3.99388
3.99508
3.99868
4.00131
4.00429
4.00609
4.00765
4.00926
4.01104
4.0118
4.01236
4.01291
4.01389
4.01538
4.01638
4.01997
4.02024
4.02249
4.02339
4.02446
4.02526
4.0255
4.02559
4.02575
4.02613
4.02652
4.02633
4.02469
4.02346
4.02163
4.01977
4.01857
4.01736
4.01629
4.01595
4.01611
4.0165
4.01686
4.01754
4.01835
4.01928
4.02006
4.02002
4.0194
4.01835
4.01468
4.01374
4.01063
4.00966
4.00863
4.00787
4.00712
4.00654
4.00613
4.00575
4.0058
4.00612
4.00653
4.00693
4.00746
4.0079
4.00859
4.00851
4.00842
4.00852
4.00849
4.00828
4.00789
4.00753
4.00701
4.00636
4.00566
4.00526
4.00509
4.00511
4.00507
4.005
4.00458
4.00461
4.00509
4.00526
4.0056
4.0061
4.00677
4.00733
4.0078
4.00821
4.00795
4.00726
4.00533
4.00369
4.00194
4.00037
3.99904
3.9976
3.99567
3.9945
3.99349
3.99248
3.99157
3.99101
3.99076
3.99099
3.99146
3.99387
3.99617
3.99759
3.99897
4.00042
4.00149
4.00273
4.00348
4.00408
4.00485
4.00525
4.00546
4.00568
4.0064
4.00694
4.00756
4.00835
4.01142
4.01167
4.01388
4.01471
4.0158
4.01651
4.01619
4.01585
4.01471
4.01212
4.01009
4.00819
4.00633
4.00183
4.00136
3.99863
3.99781
3.99759
3.99811
3.99868
3.99987
4.0015
4.00231
4.0032
4.00442
4.00577
4.0063
4.00647
4.00641
4.00608
4.00558
4.00533
4.00416
4.00339
4.00287
4.00234
4.00216
4.0018
4.001
4.00067
4.00003
3.99919
3.99875
3.99828
3.9978
3.99795
3.99854
3.99965
4.00047
4.0025
4.00514
4.00652
4.0078
4.00933
4.00936
4.00921
4.00864
4.00732
4.00544
4.00376
4.00218
4.00091
4.00009
4.00015
4.00078
4.00209
4.0036
4.00465
4.00692
4.00835
4.01001
4.01171
4.01386
4.01613
4.01853
4.02139
4.02433
4.0259
4.02766
4.02982
4.03104
4.03215
4.03352
4.03524
4.03623
4.0373
4.03859
4.03883
4.03993
4.04094
4.04235
4.04353
4.04464
4.04563
4.04688
4.04826
4.04858
4.04867
4.049
4.04895
4.04861
4.04775
4.04689
4.04591
4.04461
4.04354
4.04321
4.04312
4.04329
4.04401
4.04444
4.04369
4.04321
4.04003
4.03777
4.03474
4.03174
4.02996
4.02862
4.02735
4.02618
4.02491
4.02434
4.02387
4.02312
4.02214
4.02122
4.02022
4.01745
4.01664
4.01337
4.01184
4.01025
4.0091
4.00823
4.00753
4.00745
4.00749
4.00781
4.00825
4.00875
4.00873
4.00856
4.00789
4.0075
4.0057
4.00458
4.00324
4.00213
4.00074
3.99999
3.99933
3.99876
3.99808
3.99729
3.99703
3.99738
3.99754
3.99888
3.99958
4.00063
4.00206
4.00327
4.00449
4.0058
4.00745
4.00847
4.00945
4.01054
4.00985
4.00985
4.00841
4.0076
4.00634
4.00447
4.00426
4.00357
4.00122
4.00014
3.99894
3.99802
3.99733
3.99673
3.99602
3.99499
3.99372
3.99288
3.99223
3.99159
3.99125
3.99114
3.99134
3.99229
3.99264
3.99312
3.99366
3.99414
3.99411
3.99393
3.99356
3.99313
3.99258
3.9923
3.99192
3.99097
3.98967
3.98883
3.98777
3.98808
3.98813
3.98905
3.98976
3.99072
3.99218
3.99365
3.99458
3.99554
3.99671
3.99856
4.00009
4.00188
4.00575
4.00598
4.00784
4.00845
4.00909
4.00968
4.01026
4.01073
4.01117
4.01154
4.01174
4.01195
4.01298
4.01387
4.01544
4.01641
4.01712
4.01755
4.01773
4.01775
4.01775
4.01768
4.01785
4.01804
4.01805
4.01813
4.01814
4.0176
4.0168
4.016
4.01507
4.01435
4.0138
4.01315
4.01257
4.01208
4.01192
4.01175
4.01133
4.011
4.01052
4.0099
4.00892
4.00784
4.00657
4.00546
4.00496
4.0041
4.00364
4.00342
4.00329
4.00303
4.00083
3.99897
3.99626
3.99246
3.99036
3.98911
3.98834
3.98766
3.98727
3.98725
3.98697
3.98645
3.98636
3.9865
3.98664
3.98885
3.98966
3.99333
3.99558
3.99785
3.99884
4.0001
4.00126
4.00168
4.00204
4.0028
4.0037
4.00412
4.00449
4.00505
4.00522
4.00516
4.0051
4.00489
4.00471
4.00478
4.00496
4.00514
4.00531
4.00548
4.00471
4.00337
4.0011
3.99792
3.99607
3.99473
3.99338
3.99224
3.99201
3.99226
3.99302
3.99409
3.99503
3.99628
3.99795
3.99947
4.0015
4.00379
4.00541
4.00709
4.0086
4.0096
4.0098
4.01013
4.01048
4.011
4.0115
4.0118
4.01172
4.01143
4.01111
4.01059
4.00962
4.00882
4.00776
4.00639
4.00478
4.00346
4.0007
3.99975
3.9989
3.99829
3.99768
3.99733
3.99725
3.99722
3.99738
3.99788
3.99875
4.00203
4.00338
4.00483
4.00574
4.00668
4.00726
4.00737
4.00736
4.00704
4.0059
4.00479
4.00389
4.00313
4.00202
4.00135
4.00079
3.99972
3.99814
3.99578
3.99263
3.99062
3.98882
3.9871
3.98506
3.98324
3.98209
3.98093
3.97858
3.97839
3.97702
3.97683
3.97675
3.97652
3.97667
3.9774
3.97818
3.97872
3.97885
3.97889
3.97851
3.97788
3.97718
3.97627
3.97573
3.97427
3.97378
3.9738
3.97377
3.97345
3.97275
3.97277
3.97268
3.97182
3.97164
3.97183
3.97289
3.97402
3.97508
3.9762
3.97782
3.98008
3.98145
3.98268
3.9838
3.98481
3.98542
3.98593
3.98649
3.98674
3.98678
3.98763
3.98812
3.98896
3.98946
3.98981
3.99023
3.99053
3.9906
3.99071
3.99077
3.99057
3.99032
3.98818
3.98818
3.98769
3.98701
3.98562
3.98353
3.98237
3.98149
3.9802
3.97909
3.9779
3.97672
3.9756
3.97461
3.97345
3.97178
3.97109
3.97085
3.97134
3.97251
3.97328
3.97429
3.97539
3.97667
3.97774
3.9788
3.97989
3.98171
3.98379
3.98526
3.98869
3.99053
3.99248
3.9947
3.99621
3.99798
3.99988
4.00079
4.0016
4.00253
4.00332
4.00324
4.00243
4.00008
3.99777
3.99301
3.99031
3.98764
3.98604
3.98443
3.98306
3.9818
3.98085
3.98029
3.97993
3.97995
3.9802
3.98056
3.98088
3.98117
3.98122
3.98103
3.97909
3.97855
3.97733
3.97418
3.9736
3.97197
3.97127
3.97109
3.97103
3.97105
3.97127
3.97175
3.97227
3.9726
3.97335
3.97424
3.97638
3.97822
3.98015
3.98278
3.98443
3.98612
3.9883
3.98926
3.99005
3.99066
3.99092
3.99067
3.99031
3.9901
3.99004
3.99
3.99022
3.99106
3.99144
3.99231
3.9938
3.99494
3.99597
3.99675
3.99755
3.99787
3.99744
3.99695
3.99688
3.99716
3.99738
3.99716
3.99677
3.99623
3.99542
3.9949
3.99463
3.99462
3.99538
3.99604
3.99666
3.99773
3.99932
4.00236
4.00512
4.00912
4.01483
4.01873
4.02228
4.02421
4.02436
4.02291
4.02139
4.02003
4.0196
4.01944
4.0194
4.01938
4.01878
4.01831
4.01771
4.01668
4.01576
4.01538
4.01524
4.01543
4.0155
4.01565
4.01572
4.0155
4.01498
4.0143
4.0135
4.01274
4.01247
4.0126
4.01269
4.01357
4.0135
4.01289
4.01261
4.012
4.01103
4.01076
4.01071
4.01102
4.0115
4.0118
4.0126
4.01344
4.01503
4.01606
4.01848
4.0187
4.02042
4.02137
4.02236
4.02294
4.02264
4.02176
4.02027
4.01837
4.01729
4.01611
4.01481
4.01296
4.00912
4.0082
4.00523
4.00488
4.00222
4.00072
3.99946
3.99939
3.99988
4.00133
4.00362
4.00521
4.00695
4.00874
4.01078
4.0126
4.01473
4.01661
4.01747
4.01743
4.01671
4.01558
4.01463
4.01389
4.01305
4.01239
4.0119
4.01205
4.01263
4.01339
4.01495
4.01688
4.01762
4.01852
4.01852
4.01748
4.01663
4.01535
4.01365
4.01218
4.01063
4.0091
4.00752
4.00577
4.00485
4.00386
4.0015
4.00004
3.99845
3.99632
3.99367
3.99206
3.99006
3.98848
3.98681
3.98582
3.98488
3.98438
3.98411
3.98395
3.98375
3.98386
3.98418
3.98453
3.9848
3.98542
3.98643
3.98728
3.98805
3.98966
3.98993
3.99203
3.99285
3.99358
3.99435
3.99506
3.99586
3.99675
3.99809
3.99971
4.00031
4.0011
4.00136
4.00127
4.00099
4.00072
4.00034
4.00081
4.00159
4.00297
4.00434
4.00568
4.00662
4.00732
4.00752
4.00776
4.0077
4.00747
4.00635
4.00567
4.005
4.00446
4.00414
4.00415
4.00444
4.00496
4.0055
4.00585
4.00632
4.00653
4.00569
4.00481
4.00379
4.00328
4.00251
4.00137
3.9995
3.99762
3.99525
3.99247
3.98872
3.98426
3.98203
3.97933
3.97875
3.97852
3.9784
3.97796
3.97715
3.97593
3.97429
3.97311
3.97207
3.97043
3.96975
3.96943
3.96979
3.97029
3.97109
3.9723
3.97402
3.9752
3.97667
3.97878
3.98024
3.98155
3.98313
3.9854
3.98701
3.98964
3.99091
3.99155
3.9912
3.99022
3.98826
3.98549
3.98398
3.98305
3.9825
3.9818
3.98146
3.98164
3.98247
3.98315
3.98419
3.98532
3.98589
3.98636
3.98684
3.98755
3.98806
3.98828
3.98834
3.98859
3.98826
3.98762
3.98743
3.98728
3.98723
3.98742
3.98776
3.98781
3.98791
3.98848
3.98863
3.98892
3.98909
3.9891
3.98895
3.98822
3.98787
3.9864
3.98599
3.98575
3.98602
3.98617
3.98636
3.98631
3.986
3.98578
3.98516
3.98461
3.98461
3.9845
3.98434
3.9856
3.98657
3.98781
3.98994
3.99245
3.99482
3.9968
3.99896
4.00202
4.00623
4.00902
4.01189
4.01547
4.01946
4.02184
4.0265
4.02838
4.02987
4.03012
4.02977
4.02903
4.02791
4.02671
4.02516
4.02395
4.02256
4.02034
4.01725
4.01512
4.0106
4.00811
4.00522
4.00363
4.00238
4.00133
4.00053
4.0001
3.99924
3.99781
3.99643
3.99443
3.99249
3.99123
3.99075
3.99066
3.9914
3.99305
3.99385
3.99664
3.99728
3.99737
3.99767
3.99827
3.99915
4.00006
4.00107
4.00219
4.00305
4.00339
4.00343
4.00336
4.00403
4.00531
4.00802
4.0101
4.01263
4.01522
4.01801
4.0206
4.02176
4.02265
4.02302
4.02398
4.02394
4.02387
4.02332
4.02236
4.02072
4.01924
4.01719
4.01441
4.01287
4.01158
4.01054
4.01034
4.01051
4.01104
4.01107
4.01065
4.0102
4.00923
4.00828
4.00785
4.00768
4.00788
4.00859
4.00964
4.01034
4.01107
4.01152
4.01215
4.01213
4.01251
4.01235
4.01215
4.01173
4.01104
4.00984
4.0084
4.00723
4.00575
4.00381
4.00264
4.00169
4.00072
3.99953
3.99894
3.99856
3.99845
3.99881
3.99902
3.99969
4.00006
4.00001
3.99977
3.99953
3.99958
4.00006
4.00057
4.00124
4.00176
4.00267
4.00267
4.00244
4.00206
4.00162
4.00145
4.00142
4.00149
4.00155
4.00144
4.00145
4.00191
4.00254
4.00344
4.00483
4.00556
4.00597
4.00542
4.00442
4.00391
4.00357
4.00334
4.00357
4.00415
4.00496
4.00564
4.00573
4.00543
4.00494
4.00427
4.00313
4.00242
4.00166
3.99925
3.99894
3.99709
3.99638
3.99552
3.99545
3.99548
3.99552
3.99544
3.99507
3.9946
3.99408
3.99353
3.99306
3.99263
3.99211
3.99192
3.99207
3.99329
3.99463
3.99618
3.99738
3.9991
4.00172
4.0035
4.0051
4.00663
4.00875
4.01081
4.01182
4.01344
4.01375
4.01361
4.01355
4.01315
4.01219
4.01068
4.00987
4.0093
4.0093
4.00968
4.01037
4.01145
4.012
4.01256
4.0127
4.01256
4.01225
4.01154
4.0106
4.00975
4.00878
4.00759
4.00632
4.00544
4.00435
4.00308
4.00242
4.00188
4.00131
4.0014
4.00167
4.00172
4.00166
4.00133
4.0013
4.00119
4.0007
4.00046
4.00053
4.00095
4.00134
4.00169
4.00224
4.00228
4.0021
4.00185
4.00091
4.00069
4.00014
3.99992
4
4.00045
4.00112
4.00141
4.00128
4.00056
3.99961
3.99867
3.99788
3.99743
3.99733
3.99747
3.99787
3.99872
3.99954
3.99943
3.99891
3.99634
3.99518
3.99391
3.99264
3.99145
3.99024
3.98948
3.98938
3.98977
3.99146
3.99269
3.99399
3.99506
3.99582
3.99615
3.99678
3.99714
3.99739
3.99781
3.99831
3.99866
3.99878
3.99887
3.99923
3.99994
4.00014
4.00054
4.00266
4.00322
4.00429
4.00564
4.00765
4.00929
4.01394
4.01666
4.01965
4.02175
4.02336
4.02495
4.02596
4.02624
4.02645
4.02709
4.02783
4.02826
4.02989
4.03085
4.03139
4.03139
4.03128
4.03123
4.03068
4.03003
4.02866
4.02669
4.02449
4.02152
4.01998
4.01756
4.01648
4.01551
4.01453
4.01358
4.01277
4.01191
4.01044
4.00947
4.00892
4.00854
4.00841
4.00841
4.00866
4.00851
4.00852
4.00854
4.00862
4.00844
4.00731
4.0059
4.00418
4.00215
3.99933
3.9972
3.99639
3.99626
3.99687
3.99794
3.99939
4.00045
4.00202
4.0037
4.00534
4.0058
4.00626
4.00665
4.00673
4.00648
4.00669
4.00691
4.00713
4.0081
4.00819
4.00827
4.00861
4.00909
4.01001
4.01066
4.01123
4.01172
4.01184
4.01154
4.01137
4.01103
4.01056
4.01039
4.0098
4.00977
4.00957
4.00907
4.00865
4.00846
4.00831
4.00761
4.00695
4.00545
4.00329
4.00193
4.00072
3.99903
3.99887
3.99914
3.99958
3.99983
3.99956
3.99947
3.99973
4.00016
4.00066
4.00127
4.00217
4.00427
4.00488
4.00798
4.01026
4.01231
4.01467
4.01722
4.01979
4.02196
4.02304
4.02386
4.02381
4.02374
4.0238
4.02409
4.02422
4.02433
4.02425
4.02425
4.02371
4.02339
4.02315
4.02227
4.0208
4.01932
4.01535
4.01299
4.0108
4.00938
4.00791
4.00616
4.00472
4.00305
4.00185
4.0006
4.00012
3.99974
3.99911
3.99795
3.99717
3.99654
3.99614
3.99645
3.99702
3.9978
3.9991
4.00124
4.00263
4.00442
4.00699
4.00908
4.0111
4.01428
4.01507
4.01551
4.0157
4.01545
4.01477
4.0144
4.01374
4.01276
4.01145
4.0097
4.00865
4.0061
4.00444
4.00279
4.00162
4.00076
4.00028
4
3.99967
3.999
3.99862
3.99811
3.99691
3.99694
3.99796
3.99916
4.00116
4.00423
4.0064
4.00847
4.01089
4.01345
4.01539
4.0175
4.01991
4.02614
4.02668
4.03099
4.03287
4.03459
4.03555
4.03596
4.03607
4.03614
4.03681
4.03744
4.03808
4.03925
4.04077
4.04165
4.04235
4.04341
4.04403
4.04427
4.04446
4.04437
4.04409
4.04354
4.04303
4.04248
4.04183
4.04153
4.04122
4.04083
4.039
4.03837
4.03702
4.03378
4.03297
4.03019
4.02886
4.02752
4.0262
4.02534
4.0249
4.0247
4.02457
4.02464
4.0247
4.02495
4.0253
4.02546
4.02655
4.02689
4.02737
4.02782
4.02815
4.02819
4.02803
4.02752
4.02667
4.0257
4.02448
4.02102
4.02056
4.02
4.02036
4.02048
4.02107
4.02166
4.02251
4.02326
4.02382
4.02423
4.02455
4.0245
4.02409
4.0234
4.02251
4.02074
4.02041
4.01947
4.01951
4.01926
4.01882
4.01828
4.0174
4.01609
4.01441
4.01374
4.01425
4.0156
4.0179
4.01929
4.02355
4.02388
4.02746
4.029
4.02973
4.03169
4.03254
4.03323
4.03385
4.03411
4.03392
4.03285
4.03191
4.03081
4.02973
4.02895
4.02903
4.02945
4.03006
4.03181
4.03188
4.03126
4.03049
4.02907
4.02791
4.02693
4.02617
4.02587
4.02558
4.02506
4.02426
4.02348
4.02281
4.02213
4.02157
4.02048
4.01947
4.0164
4.01437
4.01272
4.01214
4.01207
4.01267
4.0133
4.01396
4.01437
4.01411
4.01362
4.01284
4.01168
4.00904
4.00843
4.00537
4.00295
4.00089
3.9996
3.99881
3.99875
3.99971
4.00039
4.00098
4.00151
4.00242
4.00318
4.00415
4.00611
4.00784
4.00952
4.01141
4.01273
4.01372
4.014
4.01403
4.01377
4.01324
4.01305
4.01328
4.01353
4.01376
4.01423
4.01449
4.0153
4.01589
4.01697
4.01836
4.0189
4.01941
4.02002
4.02027
4.02024
4.01995
4.01963
4.01926
4.01797
4.01658
4.01531
4.01364
4.01227
4.01065
4.00902
4.00815
4.00758
4.00715
4.00674
4.00686
4.00697
4.0075
4.00861
4.00921
4.00953
4.00947
4.0092
4.00877
4.0082
4.00771
4.00778
4.00849
4.00902
4.0097
4.01088
4.01207
4.01352
4.01477
4.01612
4.01852
4.01895
4.01958
4.01994
4.02028
4.02026
4.01992
4.01937
4.01905
4.01914
4.01944
4.02022
4.02192
4.02355
4.02528
4.02692
4.02795
4.02791
4.02609
4.02363
4.02111
4.0188
4.01728
4.01595
4.01475
4.01431
4.01455
4.01542
4.01665
4.01754
4.01908
4.02069
4.02181
4.02289
4.02395
4.02483
4.02622
4.02694
4.02755
4.02784
4.02779
4.02742
4.02665
4.02532
4.02422
4.0232
4.02208
4.02074
4.01941
4.01869
4.01789
4.01713
4.01719
4.01828
4.0193
4.01992
4.02049
4.02047
4.02018
4.01976
4.01931
4.01907
4.01889
4.01883
4.01882
4.01868
4.01852
4.01887
4.01962
4.02144
4.02189
4.02364
4.02476
4.02601
4.02698
4.02759
4.02794
4.02776
4.02715
4.02661
4.02587
4.0247
4.02366
4.02265
4.0213
4.0198
4.01775
4.01747
4.01641
4.01587
4.01556
4.01584
4.01638
4.01773
4.01933
4.02168
4.02267
4.02408
4.02563
4.02626
4.02697
4.02756
4.02783
4.02797
4.02785
4.02769
4.0271
4.02647
4.02605
4.02586
4.0257
4.02534
4.02507
4.02452
4.02371
4.02321
4.02246
4.02112
4.01898
4.01757
4.01624
4.01432
4.01408
4.01383
4.01493
4.01573
4.01654
4.01739
4.01821
4.01894
4.01973
4.0202
4.02055
4.02088
4.02203
4.02218
4.02217
4.02201
4.02147
4.02052
4.01957
4.01854
4.01707
4.01513
4.01291
4.01167
4.00923
4.00645
4.00455
4.00275
3.99846
3.99602
3.99382
3.99208
3.98992
3.98766
3.98601
3.98443
3.9826
3.98062
3.97957
3.9787
3.97826
3.97761
3.97746
3.97725
3.97743
3.97752
3.97857
3.97958
3.98147
3.9831
3.98463
3.98594
3.9878
3.99035
3.99213
3.99394
3.99546
3.99859
3.999
4.00192
4.00377
4.00538
4.00653
4.00798
4.00936
4.01078
4.01243
4.01326
4.01435
4.01476
4.01452
4.01388
4.01275
4.01089
4.01018
4.00917
4.00918
4.00976
4.01017
4.01064
4.01153
4.01327
4.01429
4.01571
4.0165
4.01652
4.0164
4.0153
4.01383
4.01315
4.01232
4.01137
4.01068
4.01019
4.00963
4.0088
4.00825
4.00777
4.0072
4.00612
4.00514
4.00338
4.00081
3.99936
3.99827
3.9978
3.99796
3.99938
4.00028
4.00031
4.00021
3.99973
3.99892
3.99299
3.99299
3.98968
3.98889
3.9872
3.98237
3.98195
3.97888
3.97796
3.97743
3.97735
3.9776
3.97842
3.97984
3.98083
3.98202
3.9831
3.98588
3.98596
3.98656
3.9862
3.98615
3.98536
3.98483
3.98442
3.98387
3.98355
3.98309
3.98224
3.98167
3.9813
3.98113
3.98083
3.98046
3.97962
3.97794
3.97652
3.97432
3.97254
3.97176
3.97085
3.9706
3.97088
3.97143
3.97204
3.97327
3.97411
3.9754
3.97716
3.97864
3.98034
3.98402
3.98649
3.98708
3.99187
3.99488
3.99863
4.00059
4.00207
4.00321
4.00409
4.00418
4.0036
4.00195
3.99918
3.99671
3.99374
3.99047
3.98739
3.98344
3.97708
3.97476
3.97295
3.97132
3.96967
3.96851
3.96796
3.96746
3.96724
3.96765
3.96807
3.96853
3.97023
3.97235
3.97558
3.97845
3.98152
3.98457
3.98719
3.98988
3.99258
3.99372
3.99463
3.99461
3.99401
3.99239
3.99088
3.99061
3.98917
3.98912
3.98936
3.99019
3.99082
3.99119
3.99132
3.9914
3.99122
3.99108
3.99115
3.99134
3.99178
3.99251
3.99443
3.99552
3.99655
3.9971
3.99736
3.99752
3.99803
3.99915
4.00063
4.00181
4.00298
4.00443
4.00489
4.0053
4.00569
4.00584
4.00532
4.00382
4.00264
4.0014
4.00016
3.99841
3.99605
3.99455
3.99284
3.98938
3.98922
3.98849
3.98844
3.98899
3.98935
3.9896
3.98958
3.98951
3.9894
3.98954
3.98987
3.99022
3.99084
3.99123
3.99241
3.99255
3.9938
3.99439
3.99473
3.995
3.99503
3.99488
3.99423
3.99369
3.99323
3.99293
3.99316
3.99348
3.99384
3.99464
3.99531
3.99571
3.99584
3.99494
3.99495
3.99478
3.99479
3.99541
3.99574
3.99627
3.99746
3.99907
4.0003
4.00178
4.00333
4.00463
4.00539
4.00554
4.00524
4.00441
4.00412
4.00335
4.00141
4.00005
3.99859
3.99782
3.9972
3.99739
3.99751
3.99748
3.99695
3.99602
3.99529
3.99423
3.99337
3.99292
3.99283
3.99284
3.99275
3.99354
3.9942
3.99471
3.99569
3.99614
3.99662
3.9969
3.99696
3.99683
3.99688
3.9971
3.99774
3.99877
3.99976
4.00214
4.00282
4.00299
4.00223
4.00141
4.00022
3.99851
3.99696
3.99625
3.99518
3.99437
3.99385
3.99329
3.99273
3.99306
3.99343
3.99382
3.99409
3.9945
3.99532
3.99646
3.99686
3.99695
3.99666
3.99614
3.99571
3.99507
3.99449
3.99327
3.99274
3.99193
3.99081
3.98984
3.9889
3.9881
3.98764
3.98746
3.98747
3.98777
3.98813
3.98848
3.98989
3.99033
3.99235
3.99382
3.99603
3.99862
4.00043
4.00239
4.00468
4.00668
4.00748
4.00784
4.00776
4.00736
4.00693
4.00419
4.00248
4.00112
3.99975
3.99842
3.99643
3.99382
3.99195
3.99018
3.98798
3.9852
3.98389
3.98287
3.98183
3.98129
3.98106
3.98115
3.98283
3.98357
3.98494
3.98717
3.98864
3.99032
3.99197
3.99393
3.99646
3.9983
4.00002
4.00223
4.00538
4.00795
4.0109
4.01472
4.02249
4.02326
4.02898
4.03164
4.03384
4.03513
4.03262
4.03262
4.03018
4.02857
4.0269
4.02502
4.02266
4.01915
4.01705
4.01551
4.01409
4.01275
4.01141
4.01059
4.01018
4.00986
4.00984
4.01022
4.01035
4.01047
4.01022
4.01019
4.0102
4.01045
4.01013
4.01005
4.00986
4.00906
4.00829
4.00711
4.00503
4.00212
4.00031
3.99875
3.99717
3.99598
3.99566
3.99542
3.99486
