-0.0195846
-0.0197477
-0.0197473
-0.0187507
-0.0164068
-0.0119091
-0.00478252
0.000840398
0.0070225
0.0225162
0.0318147
0.0788064
0.0788064
0.0868262
0.0968551
0.10869
0.11641
0.123946
0.140004
0.143402
0.150054
0.164197
0.16723
0.173201
0.186265
0.193383
0.200491
0.206089
0.212955
0.219737
0.227667
0.232806
0.237891
0.244166
0.250231
0.257248
0.261772
0.266201
0.271698
0.278154
0.282225
0.286137
0.294423
0.298818
0.303251
0.306833
0.311255
0.316496
0.31991
0.3232
0.326317
0.329206
0.33498
0.337944
0.340702
0.343335
0.345432
0.347536
0.350084
0.352967
0.354819
0.356991
0.359446
0.360947
0.362794
0.365007
0.366128
0.368088
0.370239
0.372503
0.375179
0.376512
0.378721
0.381239
0.382753
0.385725
0.38634
0.388512
0.389425
0.390461
0.39152
0.392155
0.392813
0.393502
0.394323
0.395128
0.395555
0.395941
0.396448
0.397308
0.397482
0.39813
0.398489
0.398563
0.398972
0.399011
0.398983
0.398862
0.398621
0.398306
0.397746
0.396716
0.395881
0.394975
0.393725
0.392075
0.389883
0.388517
0.387194
0.3861
0.38497
0.383857
0.382465
0.380871
0.37988
0.378981
0.377206
0.376355
0.375602
0.375098
0.374526
0.373907
0.373433
0.372856
0.372092
0.371126
0.370516
0.369918
0.369233
0.368449
0.367808
0.36703
0.364882
0.363637
0.362454
0.361629
0.36075
0.360026
0.359706
0.359523
0.359459
0.359354
0.359201
0.358929
0.358549
0.357984
0.357562
0.356961
0.356059
0.35548
0.354852
0.354966
0.355402
0.356679
0.35891
0.360744
0.362777
0.365557
0.36939
0.375229
0.37828
0.382155
0.38681
0.389987
0.393197
0.396432
0.400555
0.40485
0.410394
0.414283
0.418218
0.427094
0.432185
0.437367
0.441497
0.445631
0.449699
0.454713
0.460633
0.464477
0.468265
0.473006
0.477787
0.486475
0.4884
0.492182
0.500511
0.505148
0.509774
0.513459
0.518141
0.524023
0.528098
0.532335
0.537724
0.544221
0.548613
0.55313
0.558931
0.566025
0.570834
0.575639
0.581585
0.58871
0.598064
0.602724
0.608506
0.61544
0.620026
0.624609
0.629224
0.635087
0.642368
0.647321
0.657248
0.663302
0.66926
0.675067
0.680789
0.686361
0.691809
0.696041
0.701252
0.70756
0.711803
0.716044
0.721272
0.727362
0.73142
0.73647
0.742357
0.746215
0.750943
0.755699
0.761432
0.765273
0.769092
0.773883
0.779768
0.783757
0.787835
0.793065
0.802584
0.804721
0.809037
0.818874
0.824457
0.830112
0.834689
0.839259
0.844892
0.85156
0.855872
0.860129
0.865408
0.871789
0.876119
0.880565
0.890954
0.893319
0.898044
0.907456
0.9121
0.917862
0.924845
0.929488
0.935354
0.942499
0.947283
0.953178
0.960159
0.964851
0.969626
0.974539
0.985956
0.988553
0.998906
1.00532
1.01175
1.0182
1.02327
1.02818
1.03419
1.04016
1.04737
1.05213
1.05687
1.06269
1.06954
1.07411
1.07871
1.08888
1.09538
1.09957
1.10361
1.10753
1.11232
1.11813
1.12207
1.12615
1.13133
1.13765
1.1419
1.14621
1.15171
1.16158
1.16377
1.17273
1.17734
1.18328
1.19068
1.19569
1.20066
1.20552
1.21136
1.21809
1.22242
1.22665
1.23192
1.23839
1.24714
1.25257
1.25795
1.26332
1.26755
1.27282
1.27924
1.28353
1.28787
1.29334
1.30006
1.30471
1.30949
1.31557
1.32153
1.32848
1.33304
1.33878
1.34573
1.35042
1.35514
1.36099
1.3679
1.37243
1.3825
1.38814
1.39379
1.39836
1.40293
1.40866
1.41565
1.42033
1.42507
1.43112
1.43843
1.4433
1.44818
1.45935
1.46189
1.46698
1.47869
1.48531
1.49191
1.49707
1.50342
1.51083
1.51446
1.52046
1.52635
1.53314
1.53637
1.54161
1.5477
1.55172
1.55572
1.56458
1.56957
1.57366
1.57886
1.58406
1.59036
1.59451
1.5986
1.60355
1.60941
1.61335
1.61729
1.62125
1.63047
1.63684
1.63684
1.64562
1.65131
1.65835
1.66309
1.66915
1.67661
1.68162
1.68669
1.69321
1.72891
1.72891
1.73502
1.74899
1.75669
1.75822
1.77038
1.77649
1.78423
1.79213
1.80175
1.80814
1.81443
1.82205
1.82947
1.83813
1.84371
1.84908
1.86059
1.86687
1.86812
1.87826
1.88474
1.89274
1.89816
1.90368
1.90936
1.91658
1.92379
1.93231
1.93656
1.94375
1.95251
1.95836
1.9701
1.97735
1.98588
1.99148
1.99702
2.00259
2.00959
2.01787
2.0233
2.02865
2.03524
2.04315
2.04842
2.06041
2.06727
2.07416
2.07976
2.08674
2.09502
2.10049
2.10734
2.1157
2.12143
2.12727
2.13314
2.139
2.14629
2.15943
2.16232
2.16808
2.18126
2.18421
2.19014
2.20205
2.2094
2.21818
2.22408
2.23142
2.23866
2.24587
2.25161
2.25883
2.26617
2.27496
2.28071
2.28642
2.29209
2.29903
2.30726
2.31832
2.32546
2.3328
2.34012
2.34593
2.35313
2.36157
2.36568
2.37249
2.38047
2.38567
2.39079
2.39703
2.4043
2.40901
2.41362
2.4182
2.42973
2.43558
2.44037
2.44525
2.45152
2.45926
2.46445
2.46968
2.47504
2.48738
2.49421
2.50087
2.50744
2.51403
2.52071
2.52614
2.53155
2.53814
2.54584
2.55083
2.55576
2.56065
2.56665
2.57368
2.57832
2.58764
2.5935
2.59923
2.60597
2.61042
2.6148
2.62029
2.62691
2.63134
2.63572
2.64115
2.64768
2.6521
2.65657
2.66661
2.67224
2.67674
2.68242
2.68939
2.6941
2.69877
2.70462
2.71177
2.71661
2.72154
2.72784
2.7342
2.7418
2.74682
2.75184
2.76306
2.76923
2.77045
2.77533
2.78737
2.79313
2.79427
2.80486
2.81108
2.81746
2.82257
2.8277
2.83422
2.84209
2.84733
2.85378
2.86122
2.86594
2.87056
2.87623
2.8829
2.88734
2.89187
2.90239
2.90477
2.90955
2.91921
2.92527
2.93258
2.93747
2.94232
2.94824
2.95532
2.96018
2.96516
2.9715
2.97924
2.98453
2.98988
2.99532
3.00919
3.01608
3.02146
3.02797
3.03556
3.04049
3.04542
3.05154
3.05887
3.06381
3.06875
3.07374
3.08013
3.08799
3.09862
3.10408
3.10973
3.11547
3.12265
3.13122
3.13687
3.14249
3.14955
3.15804
3.16925
3.1749
3.1819
3.19013
3.19556
3.20102
3.20781
3.21589
3.22127
3.2266
3.23325
3.24117
3.24648
3.25317
3.25989
3.26534
3.27088
3.28487
3.29191
3.29752
3.30316
3.30878
3.31573
3.3225
3.33044
3.33576
3.34112
3.34772
3.3555
3.36066
3.36704
3.37463
3.37971
3.39106
3.39737
3.40375
3.40895
3.41427
3.42096
3.42912
3.43471
3.4404
3.44754
3.45616
3.46186
3.46753
3.48045
3.48333
3.48898
3.50143
3.50822
3.51503
3.52054
3.52606
3.5329
3.54097
3.545
3.55166
3.5596
3.5636
3.5703
3.57817
3.5833
3.58839
3.60125
3.60773
3.61298
3.61951
3.62747
3.63287
3.63842
3.64404
3.65104
3.6594
3.66504
3.67076
3.67813
3.68722
3.69955
3.70584
3.71387
3.72352
3.7283
3.73607
3.745
3.75076
3.75779
3.79584
3.79584
3.80235
3.80364
3.8154
3.82208
3.82882
3.83422
3.83966
3.8465
3.8547
3.85886
3.86592
3.87315
3.88199
3.88646
3.90178
3.90335
3.91592
3.92213
3.92991
3.93925
3.94542
3.95149
3.959
3.968
3.97394
3.98135
3.99029
3.99619
4.00207
4.00792
4.02085
4.02372
4.03525
4.04111
4.0485
4.05737
4.06181
4.06928
4.07821
4.08416
4.09004
4.09736
4.10611
4.112
4.1179
4.12519
4.13238
4.14095
4.14673
4.1584
4.16581
4.17487
4.18094
4.18708
4.19326
4.19944
4.20726
4.21671
4.22921
4.23531
4.24139
4.24901
4.25815
4.2643
4.27044
4.27805
4.28708
4.29151
4.30435
4.30711
4.31808
4.32497
4.33189
4.33751
4.34472
4.35352
4.35946
4.36539
4.37125
4.37839
4.38671
4.39206
4.39854
4.40596
4.41071
4.41533
4.42551
4.42774
4.4365
4.44196
4.44757
4.45223
4.45825
4.4658
4.46966
4.47604
4.48237
4.48987
4.49475
4.49959
4.50435
4.51004
4.51545
4.52455
4.52648
4.53425
4.5393
4.54342
4.54854
4.55465
4.55866
4.5627
4.56779
4.57389
4.57791
4.58184
4.58673
4.59158
4.59719
4.60087
4.60454
4.61267
4.61448
4.61812
4.62633
4.63098
4.63567
4.64031
4.64481
4.6457
4.65374
4.65826
4.66289
4.66663
4.67045
4.67525
4.68109
4.68408
4.68916
4.69528
4.6994
4.70364
4.71354
4.71576
4.72486
4.73079
4.73686
4.74177
4.74673
4.75163
4.75772
4.76491
4.76963
4.77433
4.78475
4.79049
4.79498
4.8004
4.80655
4.80954
4.81441
4.82024
4.82415
4.82813
4.83218
4.83733
4.84356
4.85202
4.8563
4.86157
4.86782
4.8709
4.87599
4.8811
4.88721
4.89133
4.89549
4.89974
4.90985
4.91218
4.92195
4.92837
4.9351
4.94197
4.94747
4.95446
4.96301
4.96879
4.97613
4.98513
4.98966
4.99728
5.00655
5.01286
5.05696
5.05696
5.06385
5.07261
5.08312
5.09004
5.09695
5.1055
5.1139
5.12384
5.12872
5.13676
5.14473
5.15417
5.16042
5.16666
5.18218
5.18973
5.19562
5.20288
5.21162
5.21744
5.22321
5.23048
5.2392
5.24504
5.25234
5.26104
5.26674
5.27242
5.27805
5.28513
5.29379
5.29972
5.31186
5.31973
5.32952
5.3362
5.34296
5.35159
5.36196
5.36879
5.37553
5.38373
5.39169
5.39951
5.40875
5.41489
5.4225
5.43164
5.43623
5.44394
5.45167
5.46082
5.46684
5.48001
5.48715
5.48857
5.50013
5.50748
5.5165
5.52256
5.53028
5.53985
5.54638
5.55299
5.5597
5.56815
5.5767
5.58707
5.59406
5.60116
5.60835
5.62668
5.63401
5.64304
5.65198
5.66269
5.66801
5.67675
5.68703
5.69204
5.70021
5.70828
5.71791
5.72423
5.73208
5.74148
5.74786
5.75432
5.76726
5.77534
5.78499
5.7914
5.79774
5.80568
5.81532
5.82013
5.82814
5.83777
5.84416
5.85054
5.85698
5.86521
5.88226
5.89089
5.89778
5.90469
5.91342
5.92403
5.93107
5.93982
5.95012
5.95689
5.96368
5.97046
5.97896
5.98746
5.99763
6.00433
6.01748
6.02559
6.03355
6.04293
6.04906
6.05516
6.06284
6.07211
6.07837
6.08623
6.09567
6.10204
6.10842
6.11641
6.12598
6.13241
6.14051
6.15029
6.15522
6.16349
6.17325
6.17957
6.19345
6.20111
6.20266
6.21501
6.22264
6.23026
6.23788
6.24407
6.25202
6.26182
6.26853
6.27531
6.28383
6.29398
6.3007
6.30732
6.31382
6.32793
6.33098
6.34292
6.34881
6.35609
6.36335
6.37206
6.37792
6.38383
6.38974
6.39713
6.4046
6.41364
6.41967
6.4317
6.43928
6.44695
6.45639
6.46286
6.46948
6.4779
6.48809
6.49326
6.50186
6.51204
6.51878
6.52547
6.54035
6.54838
6.54996
6.56242
6.57019
6.5795
6.58565
6.59179
6.59945
6.60854
6.6146
6.62064
6.62669
6.63435
6.64363
6.64981
6.66202
6.66808
6.67574
6.68359
6.69153
6.70115
6.70602
6.7141
6.72371
6.72845
6.73619
6.74531
6.75733
6.75733
6.77072
6.77367
6.77948
6.79367
6.7951
6.8068
6.81424
6.82307
6.82894
6.83481
6.84072
6.84672
6.85428
6.86325
6.87368
6.8812
6.88872
6.89762
6.90502
6.9065
6.91829
6.92562
6.93425
6.93991
6.94544
6.95092
6.95768
6.96563
6.97093
6.97628
6.98305
6.99132
6.99692
7.00829
7.01558
7.02465
7.0309
7.03726
7.04376
7.052
7.06188
7.06831
7.07465
7.08247
7.09171
7.09773
7.10933
7.11635
7.12342
7.13217
7.1382
7.14435
7.15213
7.16143
7.1676
7.17522
7.18442
7.19059
7.19673
7.20437
7.21193
7.22081
7.22661
7.2323
7.2393
7.24779
7.25357
7.26673
7.2741
7.27559
7.28781
7.29569
7.30535
7.3118
7.31819
7.32619
7.33412
7.34344
7.34949
7.3555
7.36303
7.37208
7.37658
7.384
7.39134
7.40023
7.40623
7.41852
7.42633
7.43428
7.44397
7.45043
7.45847
7.46786
7.47393
7.47994
7.48589
7.49336
7.50236
7.50834
7.51431
7.55659
7.55659
7.56511
7.57553
7.5825
7.58938
7.59775
7.60751
7.61233
7.62815
7.62973
7.64225
7.64855
7.65652
7.66455
7.6743
7.68078
7.68724
7.6952
7.70466
7.71091
7.71718
7.72507
7.73458
7.74101
7.74751
7.76397
7.76563
7.77924
7.78627
7.79513
7.80393
7.81448
7.82146
7.82834
7.8351
7.84344
7.85339
7.85837
7.86666
7.88342
7.88509
7.89857
7.90698
7.91532
7.92364
7.93033
7.93873
7.94898
7.95583
7.96269
7.97125
7.98159
7.98845
7.99519
8.00182
8.01629
8.01945
8.03204
8.03993
8.04773
8.05538
8.06141
8.0689
8.07789
8.08395
8.09165
8.10096
8.10723
8.11347
8.11961
8.12712
8.13605
8.14198
8.14787
8.16079
8.16915
8.17468
8.18021
8.18723
8.19569
8.20133
8.20699
8.21401
8.22236
8.22785
8.23329
8.23872
8.25216
8.25892
8.26431
8.26964
8.27633
8.28303
8.29104
8.2964
8.30306
8.31104
8.3164
8.32178
8.32862
8.33691
8.3425
8.3481
8.35373
8.36081
8.36792
8.38242
8.3839
8.39587
8.40197
8.40959
8.41876
8.4248
8.43068
8.43789
8.44634
8.45189
8.45749
8.46457
8.47172
8.48042
8.48624
8.492
8.50624
8.50766
8.51884
8.52439
8.53117
8.53772
8.54534
8.55033
8.55535
8.56179
8.56965
8.57496
8.58032
8.58714
8.59539
8.60085
8.61152
8.61682
8.62343
8.6315
8.63693
8.6424
8.64796
8.65496
8.66334
8.66754
8.68153
8.68294
8.69424
8.70139
8.7085
8.71548
8.72106
8.72662
8.7322
8.73926
8.7464
8.75343
8.7617
8.7672
8.77268
8.77937
8.78717
8.79738
8.80356
8.80964
8.81577
8.82069
8.8256
8.83164
8.83868
8.8432
8.84764
8.85305
8.85938
8.86351
8.86863
8.87503
8.87835
8.8887
8.89106
8.89463
8.90802
8.90925
8.91897
8.92499
8.93103
8.93708
8.9419
8.9479
8.95381
8.9607
8.96414
8.96997
8.97592
8.98316
8.98687
8.99321
9.00095
9.00611
9.01638
9.0226
9.02999
9.03365
9.03974
9.04693
9.05172
9.05649
9.06128
9.06613
9.07224
9.08417
9.08535
9.09475
9.09956
9.10564
9.11184
9.11944
9.12465
9.12988
9.13508
9.14024
9.15312
9.15441
9.16445
9.16931
9.17416
9.18019
9.18736
9.19223
9.19711
9.20201
9.21338
9.21598
9.22649
9.23177
9.23831
9.24609
9.25115
9.25619
9.26239
9.26969
9.27442
9.2791
9.28501
9.29095
9.29794
9.30252
9.30701
9.31791
9.32214
9.32423
9.33245
9.33656
9.34167
9.34784
9.35204
9.35639
9.362
9.36785
9.37531
9.3805
9.38727
9.39573
9.40146
9.40728
9.41477
9.42407
9.43037
9.43829
9.44631
9.45594
9.46237
9.47516
9.48309
9.4926
9.49891
9.50521
9.51313
9.52259
9.52886
9.53518
9.54149
9.54926
9.55842
9.56299
9.57814
9.57963
9.59166
9.59783
9.60569
9.61529
9.62183
9.62844
9.63512
9.64345
9.6534
9.65998
9.67274
9.68036
9.68789
9.69534
9.70124
9.70847
9.71708
9.72291
9.73024
9.73905
9.74489
9.75068
9.75647
9.76377
9.77273
9.77882
9.78495
9.79261
9.80649
9.80964
9.82244
9.82886
9.83677
9.84447
9.85357
9.85969
9.86734
9.87642
9.88244
9.8884
9.89437
9.9019
9.91094
9.91694
9.92884
9.93623
9.945
9.95079
9.95649
9.96362
9.97214
9.97779
9.98339
9.99036
9.99881
10.0045
10.0101
10.0171
10.0257
10.0301
10.0431
10.046
10.058
10.064
10.0702
10.0779
10.0871
10.0931
10.0991
10.1066
10.1155
10.1214
10.133
10.14
10.1467
10.1533
10.1585
10.1648
10.1722
10.1772
10.1821
10.1884
10.1961
10.2012
10.2065
10.2117
10.2185
10.2308
10.2391
10.2446
10.2503
10.2573
10.2642
10.2723
10.2775
10.2838
10.2913
10.2963
10.3016
10.3082
10.3163
10.3218
10.3273
10.3328
10.3463
10.3476
10.3584
10.3638
10.3707
10.3778
10.3862
10.3903
10.3972
10.4055
10.4111
10.4166
10.4221
10.4357
10.4371
10.4479
10.4546
10.4612
10.468
10.4734
10.48
10.4879
10.4932
10.4985
10.5051
10.5131
10.5184
10.5237
10.5305
10.5386
10.544
10.5495
10.5619
10.5689
10.5758
10.5825
10.5878
10.5944
10.6021
10.6059
10.612
10.6192
10.6239
10.6299
10.6369
10.6414
10.6472
10.6542
10.6578
10.6641
10.672
10.6773
10.6827
10.6949
10.7028
10.7079
10.713
10.7191
10.7265
10.7314
10.7363
10.7424
10.7495
10.7542
10.7587
10.7643
10.7712
10.776
10.7856
10.7918
10.798
10.8042
10.8104
10.8151
10.8199
10.8258
10.8328
10.8374
10.8433
10.8502
10.8548
10.8592
10.8648
10.8714
10.8759
10.8804
10.8904
10.8927
10.9015
10.907
10.9125
10.9179
10.9223
10.9267
10.9325
10.9396
10.9444
10.9493
10.959
10.9651
10.9711
10.9769
10.9815
10.9859
10.9911
10.9971
11.001
11.0048
11.0095
11.0151
11.018
11.0267
11.0287
11.0366
11.0405
11.0454
11.0514
11.0555
11.0595
11.0646
11.0697
11.0758
11.0799
11.0841
11.0895
11.0962
11.1009
11.1056
11.1159
11.1181
11.1266
11.1318
11.138
11.1421
11.1462
11.1512
11.1572
11.1614
11.1657
11.1701
11.1757
11.1825
11.1859
11.1961
11.1983
11.2074
11.2118
11.2173
11.2227
11.2294
11.2338
11.2383
11.2428
11.2485
11.2554
11.2588
11.2699
11.271
11.2796
11.2839
11.2892
11.2955
11.2996
11.3037
11.3088
11.3147
11.3186
11.3225
11.3263
11.3551
11.3551
11.3619
11.3654
11.3701
11.3821
11.3833
11.3882
11.4007
11.4058
11.4123
11.4201
11.4254
11.4305
11.4356
11.4419
11.4497
11.455
11.4605
11.4674
11.4757
11.4813
11.4866
11.4995
11.5059
11.5109
11.5157
11.5218
11.5291
11.5329
11.5391
11.5451
11.5523
11.5572
11.5622
11.5684
11.576
11.5809
11.5919
11.598
11.5992
11.6089
11.6136
11.6184
11.6243
11.6315
11.6363
11.6411
11.6473
11.6547
11.6599
11.6651
11.6786
11.68
11.6913
11.6985
11.7071
11.7128
11.7185
11.7241
11.7311
11.7396
11.7453
11.751
11.7623
11.7691
11.7773
11.7826
11.7879
11.7931
11.7995
11.8072
11.8124
11.8189
11.8241
11.8352
11.8412
11.8461
11.8522
11.8595
11.8644
11.8695
11.8758
11.8833
11.8883
11.8933
11.8982
11.9043
11.9156
11.9222
11.9278
11.935
11.9439
11.9498
11.9557
11.9614
11.9683
11.9766
11.9807
11.9874
11.9954
12.0007
12.006
12.0127
12.0259
12.0311
12.0374
12.0449
12.0498
12.0548
12.0597
12.0659
12.0733
12.0783
12.0845
12.0919
12.0969
12.1017
12.1066
12.1174
12.1198
12.1295
12.1355
12.1425
12.146
12.1517
12.1583
12.1626
12.1668
12.1718
12.1774
12.1808
12.184
12.1869
12.1926
12.1939
12.1986
12.201
12.2034
12.2065
12.2099
12.2121
12.2141
12.2184
12.2205
12.2221
12.2238
12.2254
12.2262
12.2269
12.2275
12.228
12.2282
12.2285
12.2287
12.229
12.2292
12.2294
12.2298
12.2302
12.2309
12.232
12.2328
12.2338
12.235
12.2363
12.2371
12.2382
12.2388
12.2393
12.2401
12.2412
12.2419
12.2428
12.2435
12.2444
12.2457
12.2466
12.2475
12.2488
12.2502
12.2511
12.253
12.2543
12.2557
12.2567
12.2576
12.2584
12.2594
12.2609
12.2621
12.2634
12.2646
12.2679
12.2695
12.2716
12.2745
12.2773
12.2807
12.2844
12.289
12.2935
12.2984
12.3012
12.3037
12.3058
12.308
12.3111
12.3121
12.3125
12.3125
12.3121
12.311
12.31
12.3087
12.3074
12.3055
12.3031
12.3015
12.2999
12.2958
12.2954
12.2924
12.291
12.2894
12.2875
12.2863
12.2851
12.2841
12.283
12.2818
12.2804
12.2795
12.2786
12.2773
12.2756
12.2743
12.2708
12.2685
12.2681
12.2661
12.2637
12.2587
12.2582
12.2562
12.2511
12.249
12.2463
12.243
12.2408
12.2386
12.2365
12.2338
12.2306
12.2286
12.2265
12.2238
12.2212
12.218
12.2156
12.2125
12.2087
12.2062
12.2006
12.1976
12.1948
12.1926
12.1904
12.1877
12.1845
12.183
12.1811
12.1788
12.1767
12.1741
12.1615
12.1615
12.1595
12.1573
12.1545
12.1511
12.149
12.1471
12.1431
12.141
12.1398
12.1386
12.1373
12.136
12.1344
12.1327
12.1317
12.1307
12.1294
12.1281
12.1271
12.1261
12.1247
12.1228
12.1213
12.1198
12.1181
12.1157
12.1128
12.1108
12.1072
12.1052
12.1033
12.1015
12.0999
12.098
12.0958
12.0945
12.0932
12.0915
12.0893
12.0882
12.0864
12.0844
12.083
12.0801
12.0782
12.0757
12.074
12.0723
12.0706
12.0685
12.0661
12.0647
12.0634
12.0619
12.0603
12.0593
12.0583
12.0565
12.056
12.0551
12.0532
12.0528
12.052
12.0503
12.0496
12.0449
12.0407
12.0346
12.03
12.0251
12.02
12.0132
12.0046
11.9987
11.9927
11.9867
11.9728
11.9648
11.9567
11.9466
11.9398
11.931
11.9201
11.9127
11.9051
11.8954
11.8838
11.8762
11.8687
11.8541
11.847
11.84
11.8314
11.8212
11.8162
11.8078
11.7978
11.7912
11.7847
11.7767
11.7671
11.7625
11.7485
11.7406
11.7327
11.7248
11.7152
11.7088
11.7023
11.6941
11.6841
11.6773
11.6703
11.6614
11.6507
11.6436
11.6365
11.6277
11.6189
11.6084
11.6014
11.5926
11.5821
11.5752
11.5666
11.5563
11.5494
11.5357
11.5271
11.5168
11.5101
11.5033
11.4966
11.4881
11.4781
11.4715
11.4648
11.4565
11.4465
11.4397
11.425
11.4186
11.4155
11.4033
11.3974
11.3901
11.3828
11.3769
11.3709
11.3634
11.3543
11.3482
11.342
11.3266
11.325
11.3122
11.3057
11.2978
11.2883
11.2821
11.276
11.2684
11.2593
11.2547
11.247
11.2391
11.2295
11.2246
11.2078
11.2061
11.192
11.1833
11.1747
11.1643
11.1574
11.1506
11.1423
11.1323
11.1256
11.1188
11.1119
11.1034
11.0882
11.0848
11.0713
11.0696
11.0562
11.0476
11.0372
11.0302
11.0233
11.0146
11.0042
10.9973
10.9905
10.9837
10.9752
10.9666
10.9582
10.9481
10.9414
10.9283
10.922
10.9142
10.9051
10.8991
10.893
10.8868
10.879
10.8714
10.8623
10.8563
10.8487
10.8396
10.835
10.8197
10.8182
10.8061
10.8003
10.793
10.7846
10.7792
10.774
10.7688
10.7625
10.7552
10.7504
10.7457
10.7342
10.7287
10.7243
10.7189
10.7125
10.7081
10.7026
10.6974
10.6922
10.6882
10.6831
10.6769
10.6727
10.6674
10.6607
10.6573
10.6514
10.6443
10.6407
10.6347
10.6276
10.6229
10.6183
10.6067
10.6056
10.5952
10.5906
10.5851
10.5799
10.5736
10.5694
10.5651
10.5596
10.553
10.5497
10.5442
10.5386
10.5318
10.5273
10.5228
10.514
10.5086
10.5033
10.4981
10.494
10.4899
10.4858
10.4817
10.4766
10.4716
10.4628
10.4608
10.453
10.4491
10.4452
10.4403
10.4344
10.4314
10.4263
10.4201
10.4158
10.4105
10.404
10.3997
10.3911
10.3858
10.3795
10.3752
10.3708
10.365
10.3578
10.3528
10.3477
10.3424
10.3357
10.3277
10.3225
10.3128
10.3083
10.3029
10.2967
10.2926
10.2885
10.2835
10.2774
10.2733
10.2691
10.2596
10.2543
10.2489
10.2447
10.2403
10.236
10.2306
10.2241
10.2197
10.2142
10.2073
10.2026
10.1978
10.1916
10.1841
10.1793
10.1699
10.164
10.1569
10.1523
10.1476
10.1419
10.135
10.1305
10.1261
10.1216
10.1159
10.1088
10.104
10.0944
10.0895
10.0833
10.076
10.0712
10.0664
10.0616
10.0557
10.0498
10.043
10.0386
10.0299
10.0247
10.0186
10.0145
10.0104
10.0063
10.0011
9.99491
9.99075
9.98663
9.97741
9.97534
9.97223
9.96184
9.96078
9.95646
9.94633
9.94406
9.93489
9.93027
9.92442
9.9173
9.91366
9.90758
9.90042
9.8957
9.891
9.88509
9.87409
9.87161
9.8666
9.86158
9.84918
9.8431
9.83826
9.83234
9.82666
9.82109
9.81665
9.81227
9.80683
9.80035
9.79594
9.79151
9.78594
9.77916
9.77451
9.76489
9.76
9.75374
9.74603
9.74083
9.7356
9.72908
9.72268
9.71518
9.7102
9.70524
9.69901
9.69151
9.68654
9.67686
9.67091
9.66386
9.65916
9.65449
9.64859
9.64124
9.6374
9.63081
9.62272
9.61732
9.61066
9.60405
9.59622
9.59098
9.58567
9.57893
9.57071
9.56654
9.55245
9.5453
9.53961
9.53405
9.52734
9.51944
9.5142
9.50897
9.50237
9.49422
9.4887
9.48311
9.4719
9.46505
9.45821
9.44984
9.44419
9.43856
9.43293
9.42574
9.41698
9.41112
9.40522
9.39933
9.38462
9.37861
9.37102
9.36339
9.35567
9.34802
9.34207
9.33493
9.32664
9.32129
9.31598
9.31062
9.29829
9.29549
9.28422
9.27721
9.27014
9.26447
9.25744
9.24909
9.24355
9.238
9.23246
9.22565
9.21758
9.21217
9.20673
9.20135
9.18815
9.18684
9.17629
9.1696
9.16138
9.15581
9.15023
9.14332
9.13524
9.12997
9.1234
9.11557
9.11044
9.10533
9.09896
9.09147
9.08659
9.08174
9.07685
9.06576
9.06326
9.05314
9.04556
9.04043
9.03527
9.03004
9.02351
9.01576
9.01061
9.00539
9.00011
8.98654
8.98514
8.9739
8.96825
8.96128
8.95445
8.94653
8.9413
8.93616
8.92982
8.92247
8.91777
8.91315
8.90742
8.90061
8.89603
8.88676
8.88081
8.87336
8.86823
8.86165
8.85365
8.84831
8.84291
8.83613
8.8281
8.8229
8.81777
8.81271
8.80641
8.79873
8.79354
8.78826
8.77455
8.77316
8.76194
8.75499
8.74672
8.7412
8.73572
8.72893
8.72072
8.71511
8.70939
8.70361
8.69628
8.68736
8.68138
8.67537
8.66024
8.65873
8.64667
8.63911
8.63167
8.62588
8.61874
8.61036
8.60493
8.59956
8.59426
8.58764
8.57966
8.57431
8.56359
8.5569
8.54898
8.54375
8.53859
8.53214
8.52437
8.51918
8.48931
8.48931
8.48296
8.47526
8.46483
8.45965
8.45318
8.44551
8.44051
8.43556
8.42953
8.42243
8.41767
8.41289
8.4068
8.39933
8.39436
8.38818
8.38086
8.37602
8.37121
8.36053
8.35822
8.35362
8.34315
8.34077
8.33119
8.32635
8.3203
8.31291
8.30779
8.30246
8.29558
8.28857
8.2816
8.27328
8.26779
8.26227
8.25674
8.2441
8.24124
8.23556
8.22291
8.22011
8.20913
8.20257
8.19629
8.19133
8.18514
8.17756
8.17246
8.16735
8.16107
8.15352
8.14839
8.14309
8.1376
8.12467
8.12171
8.11575
8.10204
8.09436
8.08674
8.08064
8.07464
8.06738
8.05907
8.05372
8.0485
8.0382
8.03179
8.02543
8.01912
8.01293
8.00684
7.9995
7.9946
7.98972
7.98492
7.98021
7.97438
7.96727
7.96247
7.95762
7.94641
7.94388
7.93873
7.92691
7.92424
7.91889
7.91216
7.90408
7.8987
7.88684
7.88044
7.8741
7.86899
7.86381
7.8573
7.84958
7.84449
7.83941
7.83293
7.82498
7.82096
7.80896
7.80231
7.79573
7.78923
7.78405
7.77751
7.76965
7.7657
7.76044
7.75385
7.74724
7.73924
7.73377
7.72263
7.71573
7.70885
7.70189
7.69632
7.69078
7.68388
7.67572
7.67043
7.6653
7.65909
7.65192
7.64721
7.64254
7.63252
7.63039
7.62221
7.61836
7.61369
7.60824
7.60462
7.60101
7.59742
7.59289
7.5874
7.58367
7.57982
7.57065
7.5654
7.56003
7.55558
7.54997
7.54439
7.53771
7.53436
7.52868
7.52294
7.51825
7.5123
7.50517
7.50053
7.49599
7.48601
7.48386
7.47961
7.47043
7.46546
7.46059
7.45668
7.45267
7.44859
7.44341
7.43725
7.43328
7.4294
7.42071
7.41871
7.41057
7.40648
7.40125
7.39597
7.38954
7.3863
7.38078
7.37408
7.37066
7.36497
7.35816
7.35363
7.34915
7.33937
7.33726
7.32887
7.32464
7.3194
7.31317
7.31013
7.30505
7.29893
7.29478
7.29049
7.28612
7.27604
7.2738
7.26494
7.2596
7.25539
7.2513
7.24726
7.24231
7.23647
7.23257
7.22483
7.22097
7.21618
7.21153
7.20595
7.20222
7.19844
7.19463
7.18986
7.1842
7.18039
7.17654
7.17165
7.1655
7.16124
7.15139
7.14577
7.13999
7.13536
7.13066
7.12475
7.11878
7.11138
7.10494
7.09695
7.09152
7.08607
7.07921
7.07079
7.06501
7.05916
7.0519
7.04328
7.03761
7.03057
7.02352
7.01491
7.0091
7.00181
6.99293
6.98696
6.98094
6.9673
6.95979
6.95229
6.94623
6.93862
6.9296
6.92368
6.91787
6.91224
6.90535
6.89723
6.8919
6.88114
6.87439
6.86751
6.86043
6.85467
6.84889
6.84316
6.83606
6.82747
6.82171
6.81596
6.80146
6.80001
6.78834
6.78257
6.77534
6.7667
6.76109
6.75563
6.74892
6.74103
6.73578
6.73054
6.72535
6.71232
6.71098
6.70006
6.69455
6.68763
6.67926
6.67361
6.66793
6.6607
6.65186
6.64597
6.64006
6.63265
6.62372
6.61771
6.61168
6.60412
6.59503
6.58902
6.57567
6.56834
6.56109
6.55539
6.54985
6.54308
6.53503
6.52968
6.5244
6.51914
6.50713
6.50442
6.49899
6.48669
6.48394
6.47308
6.46625
6.45935
6.45246
6.44692
6.44138
6.43579
6.43018
6.41757
6.41477
6.40913
6.39633
6.39351
6.38217
6.37645
6.36935
6.36099
6.35542
6.34976
6.34402
6.33681
6.32814
6.32229
6.31638
6.30314
6.30018
6.29421
6.28054
6.27751
6.26519
6.25897
6.25113
6.24153
6.23497
6.22836
6.2201
6.21018
6.20359
6.19701
6.19042
6.17545
6.1721
6.15889
6.1507
6.14246
6.13425
6.12775
6.12135
6.11502
6.10706
6.09748
6.09116
6.08346
6.07447
6.07008
6.05574
6.05429
6.04125
6.03538
6.03243
6.02038
6.01275
6.00512
5.99756
5.99153
5.98409
5.97524
5.96934
5.96337
5.95727
5.94948
5.94001
5.93533
5.92759
5.91372
5.91064
5.89834
5.89074
5.88316
5.87714
5.86965
5.86064
5.85464
5.84858
5.84249
5.83478
5.82525
5.81877
5.81219
5.80384
5.79362
5.78672
5.77126
5.76272
5.75415
5.74558
5.73698
5.7283
5.72135
5.71443
5.70578
5.69545
5.68855
5.68167
5.67477
5.65931
5.65588
5.64226
5.63398
5.6258
5.61931
5.61293
5.60514
5.59603
5.59002
5.58408
5.57679
5.56821
5.56249
5.55669
5.54341
5.53614
5.52905
5.52206
5.51658
5.50973
5.50136
5.49577
5.49027
5.48342
5.47524
5.46978
5.46429
5.45744
5.44927
5.44384
5.43313
5.42776
5.421
5.41286
5.40874
5.40183
5.39344
5.38788
5.38242
5.37706
5.3704
5.36231
5.35104
5.34383
5.33669
5.32963
5.32397
5.31688
5.30847
5.30286
5.29728
5.2918
5.28505
5.27698
5.27162
5.26625
5.25391
5.24701
5.24015
5.23468
5.2279
5.2197
5.21418
5.20868
5.20184
5.19363
5.1881
5.18256
5.17559
5.16864
5.16034
5.15471
5.14903
5.13621
5.13338
5.12771
5.11496
5.10788
5.1009
5.09544
5.0887
5.08061
5.07529
5.06999
5.06334
5.05536
5.05001
5.04465
5.03932
5.02608
5.02475
5.01403
5.00732
5.00061
4.99394
4.98854
4.98312
4.97624
4.96774
4.96334
4.95588
4.94693
4.94113
4.93409
4.92602
4.92088
4.91461
4.90717
4.90227
4.89271
4.8868
4.88101
4.87535
4.87091
4.8665
4.86096
4.8543
4.8498
4.84524
4.83956
4.83397
4.82741
4.82305
4.8186
4.80821
4.80588
4.79648
4.79053
4.78445
4.77821
4.77201
4.76592
4.76111
4.75638
4.75052
4.74339
4.73861
4.73387
4.72795
4.72093
4.71636
4.71185
4.70183
4.6996
4.69057
4.68604
4.68045
4.67371
4.6692
4.66474
4.65918
4.65238
4.64774
4.64188
4.63491
4.63044
4.62606
4.62177
4.61652
4.60723
4.60519
4.59714
4.59312
4.58796
4.58148
4.57816
4.5725
4.56676
4.55973
4.5562
4.55038
4.54352
4.53906
4.53372
4.52858
4.52254
4.51847
4.50996
4.50451
4.4991
4.49364
4.48931
4.48503
4.47962
4.47306
4.46869
4.4632
4.45662
4.45231
4.44797
4.44254
4.43598
4.43154
4.42707
4.41688
4.41457
4.40997
4.39977
4.39415
4.38849
4.38385
4.37914
4.37321
4.3661
4.36138
4.35665
4.35185
4.34065
4.33807
4.32752
4.32221
4.31552
4.30729
4.30173
4.29608
4.28897
4.28193
4.2735
4.2693
4.26225
4.25369
4.24798
4.24226
4.22945
4.22245
4.21544
4.20993
4.2031
4.19491
4.18948
4.18412
4.17757
4.16977
4.16461
4.15938
4.15412
4.14748
4.1394
4.13394
4.12704
4.11872
4.10784
4.10131
4.09357
4.08843
4.08322
4.07801
4.07151
4.06386
4.05877
4.05368
4.04855
4.03567
4.03439
4.02401
4.01757
4.01126
4.00635
4.00034
3.99435
3.98829
3.98104
3.97742
3.97128
3.96379
3.95866
3.95346
3.94689
3.93885
3.93478
3.92111
3.91971
3.90847
3.90281
3.89707
3.88991
3.88134
3.8771
3.87005
3.86158
3.85738
3.85052
3.84253
3.8322
3.82704
3.82056
3.81271
3.80752
3.80244
3.79624
3.78885
3.78384
3.77866
3.77202
3.76387
3.75833
3.75137
3.74316
3.73777
3.73238
3.72033
3.71765
3.70695
3.70018
3.69343
3.68676
3.68146
3.67474
3.6431
3.6431
3.62953
3.62649
3.62033
3.60449
3.60289
3.58995
3.58347
3.57538
3.56582
3.56117
3.55353
3.54458
3.53866
3.53274
3.52673
3.51133
3.50976
3.49537
3.48719
3.48553
3.47228
3.46392
3.45388
3.44724
3.44069
3.43256
3.42301
3.41669
3.41045
3.40273
3.39352
3.38898
3.38147
3.37237
3.36627
3.35863
3.34943
3.34323
3.33062
3.32255
3.31445
3.30625
3.29964
3.29139
3.28487
3.27676
3.26718
3.26086
3.25463
3.24094
3.23357
3.23211
3.22053
3.21319
3.20431
3.19828
3.1922
3.18444
3.17492
3.16853
3.1606
3.15263
3.14292
3.13638
3.12986
3.12339
3.11695
3.10888
3.09258
3.08441
3.07785
3.07122
3.06292
3.05311
3.04666
3.04033
3.03267
3.02378
3.01793
3.01208
3.00038
2.99293
2.98387
2.97774
2.97164
2.96564
2.95969
2.95225
2.94324
2.93705
2.9291
2.91943
2.91291
2.89841
2.89056
2.889
2.87687
2.87109
2.86399
2.85546
2.84984
2.84437
2.8377
2.83115
2.82327
2.81798
2.81259
2.80571
2.79732
2.79167
2.78044
2.77347
2.76524
2.75978
2.75432
2.7488
2.74326
2.7363
2.72793
2.72231
2.71665
2.70265
2.69567
2.69014
2.68469
2.67788
2.67101
2.66276
2.65735
2.65196
2.64666
2.6401
2.63217
2.62687
2.62157
2.60812
2.60678
2.59594
2.58913
2.58097
2.57552
2.57008
2.5632
2.55483
2.54915
2.54348
2.5378
2.53064
2.52204
2.51771
2.50312
2.50165
2.48998
2.48418
2.47698
2.46848
2.46284
2.45571
2.44696
2.4411
2.43528
2.42807
2.41966
2.41419
2.40879
2.40208
2.39399
2.3886
2.38318
2.36963
2.3683
2.35775
2.35123
2.34352
2.33834
2.3331
2.32656
2.31868
2.31335
2.308
2.30267
2.29609
2.28832
2.28313
2.27793
2.26626
2.26364
2.25834
2.24487
2.23947
2.23267
2.22591
2.21782
2.21237
2.20683
2.20126
2.19428
2.18601
2.18058
2.1738
2.16709
2.15908
2.15371
2.14832
2.14292
2.12946
2.12408
2.11724
2.10901
2.10355
2.09817
2.09287
2.08637
2.0786
2.07339
2.06807
2.06131
2.05322
2.04783
2.03711
2.03171
2.02496
2.01678
2.01133
2.00586
1.99911
1.99105
1.98696
1.9801
1.97178
1.96626
1.96075
1.95384
1.93995
1.93282
1.92696
1.92096
1.91491
1.90732
1.89831
1.89232
1.8849
1.87625
1.87066
1.86526
1.85479
1.84833
1.8405
1.83657
1.83006
1.82238
1.81728
1.81213
1.80562
1.79764
1.79219
1.78669
1.77977
1.77138
1.76717
1.75482
1.75218
1.74175
1.73655
1.73008
1.72241
1.71743
1.71261
1.70668
1.69964
1.69496
1.69029
1.68437
1.677
1.67321
1.66057
1.65429
1.64796
1.64281
1.63766
1.63117
1.62311
1.61753
1.61185
1.60477
1.59637
1.5909
1.58549
1.57879
1.57087
1.56693
1.56029
1.54655
1.54091
1.53363
1.52466
1.51858
1.51236
1.50609
1.49818
1.48862
1.48226
1.47587
1.46789
1.45835
1.45199
1.44565
1.43771
1.42193
1.42034
1.4078
1.39992
1.39022
1.38368
1.34451
1.34451
1.33523
1.32915
1.32304
1.31529
1.30582
1.29276
1.28453
1.2764
1.26993
1.26352
1.25567
1.24629
1.23994
1.23356
1.22721
1.21935
1.20996
1.20526
1.18956
1.18151
1.17987
1.16483
1.1563
1.14941
1.14081
1.13069
1.12412
1.11758
1.1094
1.09965
1.09323
1.08686
1.07887
1.06916
1.06421
1.05579
1.04556
