0, 0
0, 0
0, 0
0, 0
0, 0
0, 0
0, 0
0, 0
0, 0
0, 0
0, 0
0, 0
0, 0
0, 0
0, 0
0, 0
0, 0
0, 0
0, 0
0, 0
0, 0
0, 0
0, 0
0, 0
0, 0
0, 0
0, 0
0, 0
0, 0
0, 0
0, 0
0, 0
0, 0
0, 0
0, 0
0, 0
0, 0
0, 0
0, 0
0, 0
0, 0
0, 0
0, 0
0, 0
0, 0
0, 0
0, 0
0, 0
0, 0
0, 0
0, 0
0, 0
0, 0
0, 0
0, 0
0, 0
0, 0
0, 0
0, 0
0, 0
0, 0
0, 0
0, 0
0, 0
0, 0
0, 0
0, 0
0, 0
0, 0
0, 0
0, 0
0, 0
0, 0
0, 0
0, 0
0, 0
0, 0
0, 0
0, 0
0, 0
0, 0
0, 0
0, 0
0, 0
0, 0
0, 0
0, 0
0, 0
0, 0
0, 0
0, 0
0, 0
0, 0
0, 0
0, 0
0, 0
0, 0
0, 0
0, 0
0, 0
0, 0
0, 0
0, 0
0, 0
0, 0
0, 0
0, 0
0, 0
0, 0
0, 0
0, 0
0, 0
0, 0
0, 0
0, 0
0, 0
0, 0
0, 0
0, 0
0, 0
0, 0
0, 0
0, 0
0, 0
0, 0
0, 0
0, 0
0, 0
0, 0
0, 0
0, 0
0, 0
0, 0
0, 0
0, 0
0, 0
0, 0
0, 0
0, 0
0, 0
0, 0
0, 0
0, 0
0, 0
0, 0
0, 0
0, 0
0, 0
0, 0
0, 0
0, 0
0, 0
0, 0
0, 0
0, 0
0, 0
0, 0
0, 0
0, 0
0, 0
0, 0
0, 0
0, 0
0, 0
0, 0
0, 0
0, 0
0, 0
0, 0
0, 0
0, 0
0, 0
0, 0
0, 0
0, 0
0, 0
0, 0
0, 0
0, 0
0, 0
0, 0
0, 0
0, 0
0, 0
0, 0
0, 0
0, 0
0, 0
0, 0
0, 0
0, 0
0, 0
0, 0
0, 0
0, 0
0, 0
0, 0
0, 0
0, 0
0, 0
0, 0
0, 0
0, 0
0, 0
0, 0
0, 0
0, 0
0, 0
0, 0
0, 0
0, 0
0, 0
0, 0
0, 0
0, 0
0, 0
0, 0
0, 0
0, 0
0, 0
0, 0
0, 0
0, 0
0, 0
0, 0
0, 0
0, 0
0, 0
0, 0
0, 0
0, 0
0, 0
0, 0
0, 0
0, 0
0.0523069, 0.190476
0.0263256, 0.097561
0.017589, 0.0655738
0.0132063, 0.0493827
0.010572, 0.039604
0.00881387, 0.0330579
0.00755712, 0.0283688
0.00661405, 0.0248447
0.00588023, 0.0220994
0.00529299, 0.0199005
0.00481239, 0.0180995
0.0044118, 0.0165975
0.00407277, 0.0153257
0.00378213, 0.0142349
0.00353021, 0.013289
0.00330976, 0.0124611
0.00311522, 0.0117302
0.00294228, 0.0110803
0.00278753, 0.0104987
0.00264825, 0.00997506
0.00252222, 0.00950119
0.00240764, 0.00907029
0.00230302, 0.00867679
0.00220711, 0.00831601
0.00211888, 0.00798403
0.00203742, 0.00767754
0.001962, 0.00739372
0.00189196, 0.00713012
0.00182675, 0.00688468
0.00176589, 0.00665557
0.00170895, 0.00644122
0.00165556, 0.00624025
0.00160542, 0.00605144
0.00155822, 0.00587372
0.00151371, 0.00570613
0.00147168, 0.00554785
0.00143192, 0.00539811
0.00139425, 0.00525624
0.00135851, 0.00512164
0.00132456, 0.00499376
0.00129227, 0.00487211
0.00126151, 0.00475624
0.00123218, 0.00464576
0.00120418, 0.0045403
0.00117743, 0.00443951
0.00115184, 0.00434311
0.00112734, 0.0042508
0.00110386, 0.00416233
0.00108134, 0.00407747
0.00105972, 0.003996
0.00103895, 0.00391773
0.00101897, 0.00384246
0.00099975, 0.00377003
0.000981241, 0.00370028
0.000963404, 0.00363306
0.000946205, 0.00356824
0.000929608, 0.0035057
0.000913584, 0.00344531
0.000898103, 0.00338696
0.000883138, 0.00333056
0.000868664, 0.003276
0.000854656, 0.00322321
0.000841093, 0.00317209
0.000827954, 0.00312256
0.000815218, 0.00307456
0.000802869, 0.00302801
0.000790888, 0.00298285
0.00077926, 0.00293902
0.000767968, 0.00289645
0.000757, 0.0028551
0.00074634, 0.00281492
0.000735976, 0.00277585
0.000725896, 0.00273785
0.000716088, 0.00270088
0.000706542, 0.00266489
0.000697247, 0.00262985
0.000688193, 0.00259572
0.000679372, 0.00256246
0.000670774, 0.00253004
0.00066239, 0.00249844
0.000654214, 0.00246761
0.000646237, 0.00243754
0.000638452, 0.00240819
0.000630853, 0.00237954
0.000623432, 0.00235156
0.000616184, 0.00232423
0.000609103, 0.00229753
0.000602182, 0.00227144
0.000595417, 0.00224593
0.000588802, 0.00222099
0.000582333, 0.0021966
0.000576004, 0.00217273
0.000569811, 0.00214938
0.00056375, 0.00212653
0.000557817, 0.00210416
0.000552007, 0.00208225
0.000546317, 0.00206079
0.000540743, 0.00203978
0.000535282, 0.00201918
0.00052993, 0.001999
0.000524684, 0.00197922
0.00051954, 0.00195982
0.000514497, 0.00194081
0.00050955, 0.00192215
0.000504698, 0.00190386
0.000499938, 0.0018859
0.000495266, 0.00186829
0.000490681, 0.00185099
0.000486179, 0.00183402
0.00048176, 0.00181736
0.00047742, 0.00180099
0.000473158, 0.00178492
0.000468972, 0.00176913
0.000464858, 0.00175362
0.000460816, 0.00173837
0.000456844, 0.0017234
0.00045294, 0.00170867
0.000449102, 0.0016942
0.000445329, 0.00167997
0.000441618, 0.00166597
0.000437969, 0.00165221
0.000434379, 0.00163867
0.000430848, 0.00162536
0.000427374, 0.00161225
0.000423955, 0.00159936
0.000420591, 0.00158667
0.000417279, 0.00157418
0.00041402, 0.00156189
0.000410811, 0.00154979
0.000407651, 0.00153787
0.000404539, 0.00152614
0.000401475, 0.00151458
0.000398457, 0.00150319
0.000395483, 0.00149198
0.000392554, 0.00148093
0.000389668, 0.00147005
0.000386824, 0.00145932
0.000384021, 0.00144875
0.000381259, 0.00143833
0.000378536, 0.00142806
0.000375851, 0.00141794
0.000373205, 0.00140795
0.000370595, 0.00139811
0.000368022, 0.00138841
0.000365484, 0.00137883
0.000362981, 0.00136939
0.000360512, 0.00136008
0.000358076, 0.00135089
0.000355673, 0.00134183
0.000353302, 0.00133289
0.000350963, 0.00132406
0.000348654, 0.00131536
0.000346375, 0.00130676
0.000344126, 0.00129828
0.000341906, 0.00128991
0.000339715, 0.00128164
0.000337551, 0.00127348
0.000335415, 0.00126542
0.000333306, 0.00125747
0.000331223, 0.00124961
0.000329165, 0.00124185
0.000327134, 0.00123419
0.000325127, 0.00122662
0.000323145, 0.00121914
0.000321186, 0.00121175
0.000319252, 0.00120446
0.00031734, 0.00119725
0.000315451, 0.00119012
0.000313585, 0.00118308
0.00031174, 0.00117612
0.000309918, 0.00116925
0.000308116, 0.00116245
0.000306335, 0.00115574
0.000304575, 0.0011491
0.000302834, 0.00114253
0.000301114, 0.00113604
0.000299413, 0.00112962
0.000297731, 0.00112328
0.000296067, 0.00111701
0.000294423, 0.0011108
0.000292796, 0.00110467
0.000291188, 0.0010986
0.000289597, 0.0010926
0.000288023, 0.00108666
0.000286466, 0.00108079
0.000284926, 0.00107498
0.000283402, 0.00106923
0.000281895, 0.00106355
0.000280404, 0.00105792
0.000278928, 0.00105235
0.000277468, 0.00104685
0.000276023, 0.0010414
0.000274593, 0.001036
0.000273177, 0.00103066
0.000271776, 0.00102538
0.00027039, 0.00102015
0.000269017, 0.00101497
0.000267659, 0.00100985
0.000266314, 0.00100477
0.000264982, 0.00099975
0.000263664, 0.000994777
0.000262359, 0.000989854
0.000261067, 0.000984979
0.000259787, 0.000980152
0.00025852, 0.000975372
0.000257265, 0.000970638
0.000256022, 0.00096595
0.000254791, 0.000961307
0.000253572, 0.000956709
0.000252365, 0.000952154
0.000251169, 0.000947643
0.000249984, 0.000943174
0.000248811, 0.000938747
0.000247648, 0.000934361
0.000246496, 0.000930016
0.000245355, 0.000925712
0.000244225, 0.000921447
0.000243104, 0.000917221
0.000241994, 0.000913034
0.000240895, 0.000908884
0.000239805, 0.000904773
0.000238724, 0.000900698
0.000237654, 0.00089666
0.000236593, 0.000892658
0.000235542, 0.000888691
0.0002345, 0.00088476
0.000233467, 0.000880863
0.000232443, 0.000877001
0.000231428, 0.000873172
0.000230422, 0.000869376
0.000229424, 0.000865614
0.000228435, 0.000861883
0.000227455, 0.000858185
0.000226483, 0.000854518
0.000226483, 0.000854518
0.000226483, 0.000854518
0.000226483, 0.000854518
0.000226483, 0.000854518
0.000226483, 0.000854518
0.000226483, 0.000854518
0.000226483, 0.000854518
0.000226483, 0.000854518
0.000226483, 0.000854518
0.000225519, 0.000850883
0.000224564, 0.000847278
0.000223616, 0.000843704
0.000222677, 0.00084016
0.000221745, 0.000836645
0.000220821, 0.00083316
0.000219905, 0.000829703
0.000218996, 0.000826276
0.000218095, 0.000822876
0.000217201, 0.000819504
0.000216315, 0.00081616
0.000215436, 0.000812843
0.000214563, 0.000809553
0.000213698, 0.000806289
0.00021284, 0.000803052
0.000211989, 0.00079984
0.000211144, 0.000796654
0.000210306, 0.000793493
0.000209475, 0.000790358
0.000208651, 0.000787247
0.000207832, 0.00078416
0.000207021, 0.000781097
0.000206215, 0.000778059
0.000205416, 0.000775044
0.000204623, 0.000772052
0.000203836, 0.000769083
0.000203055, 0.000766137
0.00020228, 0.000763213
0.000201511, 0.000760312
0.000200748, 0.000757432
0.00019999, 0.000754575
0.000199238, 0.000751738
0.000198492, 0.000748923
0.000197751, 0.000746129
0.000197016, 0.000743356
0.000196287, 0.000740604
0.000195562, 0.000737871
0.000194843, 0.000735159
0.00019413, 0.000732467
0.000193421, 0.000729794
0.000192718, 0.000727141
0.00019202, 0.000724506
0.000191327, 0.000721891
0.000190638, 0.000719295
0.000189955, 0.000716717
0.000189277, 0.000714158
0.000188603, 0.000711617
0.000187934, 0.000709094
0.00018727, 0.000706589
0.000186611, 0.000704101
0.000185956, 0.000701631
0.000185306, 0.000699178
0.00018466, 0.000696743
0.000184019, 0.000694324
0.000183383, 0.000691922
0.00018275, 0.000689536
0.000182122, 0.000687167
0.000181499, 0.000684814
0.000180879, 0.000682477
0.000180264, 0.000680156
0.000179653, 0.000677851
0.000179046, 0.000675562
0.000178443, 0.000673287
0.000177844, 0.000671028
0.00017725, 0.000668784
0.000176659, 0.000666556
0.000176072, 0.000664341
0.000175489, 0.000662142
0.00017491, 0.000659957
0.000174335, 0.000657787
0.000173763, 0.00065563
0.000173195, 0.000653488
0.000172631, 0.00065136
0.000172071, 0.000649245
0.000171514, 0.000647144
0.00017096, 0.000645057
0.000170411, 0.000642983
0.000169865, 0.000640923
0.000169322, 0.000638876
0.000168783, 0.000636841
0.000168247, 0.00063482
0.000167714, 0.000632811
0.000167185, 0.000630815
0.00016666, 0.000628832
0.000166137, 0.000626861
0.000165618, 0.000624902
0.000165102, 0.000622956
0.00016459, 0.000621022
0.00016408, 0.000619099
0.000163574, 0.000617189
0.00016307, 0.00061529
0.00016257, 0.000613403
0.000162073, 0.000611527
0.000161579, 0.000609663
0.000161088, 0.00060781
0.0001606, 0.000605969
0.000160114, 0.000604138
0.000159632, 0.000602319
0.000159153, 0.00060051
0.000158676, 0.000598713
0.000158203, 0.000596926
0.000157732, 0.00059515
0.000157264, 0.000593384
0.000156799, 0.000591628
0.000156336, 0.000589883
0.000155876, 0.000588149
0.000155419, 0.000586424
0.000154965, 0.00058471
0.000154513, 0.000583005
0.000154064, 0.000581311
0.000153617, 0.000579626
0.000153173, 0.000577951
0.000152732, 0.000576286
0.000152293, 0.00057463
0.000151857, 0.000572984
0.000151423, 0.000571347
0.000150991, 0.000569719
0.000150563, 0.000568101
0.000150136, 0.000566492
0.000149712, 0.000564892
0.00014929, 0.000563301
0.000148871, 0.000561719
0.000148454, 0.000560146
0.000148039, 0.000558581
0.000147627, 0.000557025
0.000147217, 0.000555478
0.000146809, 0.00055394
0.000146403, 0.00055241
0.000146, 0.000550888
0.000145599, 0.000549375
0.0001452, 0.00054787
0.000144804, 0.000546373
0.000144409, 0.000544885
0.000144017, 0.000543404
0.000143626, 0.000541932
0.000143238, 0.000540468
0.000142852, 0.000539011
0.000142468, 0.000537562
0.000142086, 0.000536121
0.000141706, 0.000534688
0.000141328, 0.000533262
0.000140952, 0.000531844
0.000140579, 0.000530434
0.000140207, 0.000529031
0.000139837, 0.000527635
0.000139469, 0.000526247
0.000139103, 0.000524866
0.000138739, 0.000523492
0.000138376, 0.000522125
0.000138016, 0.000520766
0.000137658, 0.000519413
0.000137301, 0.000518068
0.000136946, 0.000516729
0.000136593, 0.000515398
0.000136242, 0.000514073
0.000135893, 0.000512755
0.000135545, 0.000511444
0.0001352, 0.000510139
0.000134856, 0.000508841
0.000134513, 0.00050755
0.000134173, 0.000506265
0.000133834, 0.000504987
0.000133497, 0.000503715
0.000133161, 0.000502449
0.000132828, 0.00050119
0.000132496, 0.000499938
0.000132165, 0.000498691
0.000131836, 0.000497451
0.000131509, 0.000496216
0.000131184, 0.000494988
0.00013086, 0.000493766
0.000130538, 0.00049255
0.000130217, 0.00049134
0.000129898, 0.000490136
0.00012958, 0.000488938
0.000129264, 0.000487745
0.00012895, 0.000486559
0.000128637, 0.000485378
0.000128325, 0.000484203
0.000128015, 0.000483033
0.000127707, 0.00048187
0.0001274, 0.000480711
0.000127094, 0.000479559
0.00012679, 0.000478412
0.000126488, 0.00047727
0.000126186, 0.000476134
0.000125887, 0.000475003
0.000125588, 0.000473878
0.000125292, 0.000472757
0.000124996, 0.000471642
0.000124702, 0.000470533
0.000124409, 0.000469428
0.000124118, 0.000468329
0.000123828, 0.000467235
0.000123539, 0.000466146
0.000123252, 0.000465062
0.000122966, 0.000463983
0.000122681, 0.000462909
0.000122398, 0.00046184
0.000122116, 0.000460776
0.000121835, 0.000459717
0.000121556, 0.000458663
0.000121278, 0.000457614
0.000121001, 0.000456569
0.000120725, 0.000455529
0.000120451, 0.000454494
0.000120178, 0.000453463
0.000119906, 0.000452438
0.000119635, 0.000451416
0.000119366, 0.0004504
0.000119098, 0.000449388
0.000118831, 0.00044838
0.000118565, 0.000447377
0.0001183, 0.000446379
0.000118037, 0.000445385
0.000117774, 0.000444395
0.000117513, 0.00044341
0.000117253, 0.000442429
0.000116994, 0.000441452
0.000116737, 0.00044048
0.00011648, 0.000439512
0.000116225, 0.000438548
0.00011597, 0.000437589
0.000115717, 0.000436634
0.000115465, 0.000435682
0.000115214, 0.000434735
0.000114964, 0.000433792
0.000114715, 0.000432854
0.000114468, 0.000431919
0.000114221, 0.000430988
0.000114221, 0.000430988
0.000114221, 0.000430988
0.000114221, 0.000430988
0.000114221, 0.000430988
0.000114221, 0.000430988
0.000114221, 0.000430988
0.000114221, 0.000430988
0.000113975, 0.000430061
0.000113731, 0.000429139
0.000113487, 0.00042822
0.000113245, 0.000427305
0.000113003, 0.000426394
0.000112763, 0.000425487
0.000112523, 0.000424583
0.000112285, 0.000423684
0.000112048, 0.000422788
0.000111811, 0.000421896
0.000111576, 0.000421008
0.000111341, 0.000420124
0.000111108, 0.000419243
0.000110876, 0.000418366
0.000110644, 0.000417493
0.000110414, 0.000416623
0.000110184, 0.000415757
0.000109955, 0.000414895
0.000109728, 0.000414036
0.000109501, 0.00041318
0.000109275, 0.000412329
0.000109051, 0.00041148
0.000108827, 0.000410635
0.000108604, 0.000409794
0.000108382, 0.000408956
0.00010816, 0.000408122
0.00010794, 0.00040729
0.000107721, 0.000406463
0.000107502, 0.000405638
0.000107285, 0.000404817
0.000107068, 0.000404
0.000106852, 0.000403185
0.000106637, 0.000402374
0.000106423, 0.000401566
0.00010621, 0.000400761
0.000105997, 0.00039996
0.000105786, 0.000399162
0.000105575, 0.000398367
0.000105365, 0.000397575
0.000105156, 0.000396786
0.000104948, 0.000396
0.00010474, 0.000395218
0.000104534, 0.000394438
0.000104328, 0.000393662
0.000104123, 0.000392889
0.000103919, 0.000392118
0.000103716, 0.000391351
0.000103513, 0.000390587
0.000103311, 0.000389826
0.00010311, 0.000389067
0.00010291, 0.000388312
0.000102711, 0.000387559
0.000102512, 0.00038681
0.000102314, 0.000386063
0.000102117, 0.000385319
0.00010192, 0.000384578
0.000101725, 0.00038384
0.00010153, 0.000383105
0.000101336, 0.000382373
0.000101142, 0.000381643
0.00010095, 0.000380916
0.000100758, 0.000380192
0.000100567, 0.000379471
0.000100376, 0.000378752
0.000100187, 0.000378036
9.99975e-05, 0.000377323
9.98092e-05, 0.000376612
9.96216e-05, 0.000375905
9.94347e-05, 0.000375199
9.92485e-05, 0.000374497
9.9063e-05, 0.000373797
9.88782e-05, 0.0003731
9.8694e-05, 0.000372405
9.85106e-05, 0.000371713
9.83278e-05, 0.000371023
9.81457e-05, 0.000370336
9.79643e-05, 0.000369652
9.77836e-05, 0.00036897
9.76035e-05, 0.00036829
9.74241e-05, 0.000367613
9.72453e-05, 0.000366939
9.70672e-05, 0.000366267
9.68898e-05, 0.000365597
9.6713e-05, 0.00036493
9.65368e-05, 0.000364266
9.63613e-05, 0.000363603
9.61864e-05, 0.000362943
9.60122e-05, 0.000362286
9.58386e-05, 0.000361631
9.56656e-05, 0.000360978
9.54932e-05, 0.000360328
9.53215e-05, 0.00035968
9.51503e-05, 0.000359034
9.49798e-05, 0.000358391
9.48099e-05, 0.00035775
9.46406e-05, 0.000357111
9.44719e-05, 0.000356474
9.43038e-05, 0.00035584
9.41363e-05, 0.000355208
9.39694e-05, 0.000354578
9.38031e-05, 0.000353951
9.36374e-05, 0.000353326
9.34722e-05, 0.000352703
9.33077e-05, 0.000352082
9.31437e-05, 0.000351463
9.29803e-05, 0.000350846
9.28175e-05, 0.000350232
9.26552e-05, 0.00034962
9.24935e-05, 0.00034901
9.23324e-05, 0.000348402
9.21718e-05, 0.000347796
9.20118e-05, 0.000347192
9.18523e-05, 0.00034659
9.16934e-05, 0.000345991
9.1535e-05, 0.000345393
9.13772e-05, 0.000344798
9.122e-05, 0.000344204
9.10632e-05, 0.000343613
9.0907e-05, 0.000343024
9.07514e-05, 0.000342436
9.05962e-05, 0.000341851
9.04416e-05, 0.000341268
9.02876e-05, 0.000340686
9.0134e-05, 0.000340107
8.9981e-05, 0.00033953
8.98285e-05, 0.000338954
8.96765e-05, 0.000338381
8.9525e-05, 0.000337809
8.93741e-05, 0.00033724
8.92236e-05, 0.000336672
8.90736e-05, 0.000336106
8.89242e-05, 0.000335542
8.87752e-05, 0.00033498
8.86268e-05, 0.00033442
8.84788e-05, 0.000333862
8.83314e-05, 0.000333306
8.81844e-05, 0.000332751
8.80379e-05, 0.000332198
8.78919e-05, 0.000331647
8.77464e-05, 0.000331098
8.76014e-05, 0.000330551
8.74568e-05, 0.000330006
8.73128e-05, 0.000329462
8.73128e-05, 0.000329462
8.73128e-05, 0.000329462
8.73128e-05, 0.000329462
8.73128e-05, 0.000329462
8.73128e-05, 0.000329462
8.73128e-05, 0.000329462
8.73128e-05, 0.000329462
8.73128e-05, 0.000329462
8.73128e-05, 0.000329462
8.73128e-05, 0.000329462
8.71692e-05, 0.00032892
8.7026e-05, 0.00032838
8.68834e-05, 0.000327842
8.67412e-05, 0.000327305
8.65994e-05, 0.000326771
8.64582e-05, 0.000326238
8.63174e-05, 0.000325706
8.6177e-05, 0.000325177
8.60371e-05, 0.000324649
8.58977e-05, 0.000324123
8.57587e-05, 0.000323598
8.56201e-05, 0.000323076
8.5482e-05, 0.000322555
8.53444e-05, 0.000322035
8.52072e-05, 0.000321518
8.50704e-05, 0.000321002
8.49341e-05, 0.000320487
8.47982e-05, 0.000319974
8.46627e-05, 0.000319463
8.45277e-05, 0.000318954
8.43931e-05, 0.000318446
8.4259e-05, 0.00031794
8.41252e-05, 0.000317435
8.39919e-05, 0.000316932
8.3859e-05, 0.000316431
8.37265e-05, 0.000315931
8.35945e-05, 0.000315433
8.34628e-05, 0.000314936
8.33316e-05, 0.000314441
8.32008e-05, 0.000313947
8.30704e-05, 0.000313455
8.29404e-05, 0.000312965
8.28108e-05, 0.000312476
8.26816e-05, 0.000311988
8.25528e-05, 0.000311502
8.24244e-05, 0.000311018
8.22964e-05, 0.000310535
8.21689e-05, 0.000310053
8.20417e-05, 0.000309574
8.19149e-05, 0.000309095
8.17885e-05, 0.000308618
8.16624e-05, 0.000308143
8.15368e-05, 0.000307669
8.14116e-05, 0.000307196
8.12867e-05, 0.000306725
8.11622e-05, 0.000306255
8.10381e-05, 0.000305787
8.09144e-05, 0.00030532
8.07911e-05, 0.000304855
8.06681e-05, 0.000304391
8.05455e-05, 0.000303928
8.04233e-05, 0.000303467
8.03014e-05, 0.000303007
8.01799e-05, 0.000302549
8.00588e-05, 0.000302092
7.99381e-05, 0.000301636
7.98177e-05, 0.000301182
7.96977e-05, 0.000300729
7.9578e-05, 0.000300278
7.94587e-05, 0.000299828
7.93397e-05, 0.000299379
7.92212e-05, 0.000298931
7.91029e-05, 0.000298485
7.8985e-05, 0.00029804
7.88675e-05, 0.000297597
7.87503e-05, 0.000297155
7.86335e-05, 0.000296714
7.8517e-05, 0.000296274
7.84008e-05, 0.000295836
7.8285e-05, 0.000295399
7.81696e-05, 0.000294963
7.80544e-05, 0.000294529
7.79397e-05, 0.000294096
7.78252e-05, 0.000293664
7.77111e-05, 0.000293234
7.75973e-05, 0.000292804
7.74839e-05, 0.000292376
7.73708e-05, 0.000291949
7.7258e-05, 0.000291524
7.71455e-05, 0.0002911
7.70334e-05, 0.000290677
7.69216e-05, 0.000290255
7.68101e-05, 0.000289834
7.6699e-05, 0.000289415
7.65881e-05, 0.000288996
7.64776e-05, 0.000288579
7.63674e-05, 0.000288164
7.62575e-05, 0.000287749
7.6148e-05, 0.000287336
7.60387e-05, 0.000286923
7.59298e-05, 0.000286512
7.58212e-05, 0.000286103
7.57129e-05, 0.000285694
7.56048e-05, 0.000285286
7.54972e-05, 0.00028488
7.53898e-05, 0.000284475
7.52827e-05, 0.000284071
7.51759e-05, 0.000283668
7.50694e-05, 0.000283266
7.49632e-05, 0.000282865
7.48574e-05, 0.000282466
7.47518e-05, 0.000282068
7.46465e-05, 0.00028167
7.45415e-05, 0.000281274
7.44368e-05, 0.000280879
7.43324e-05, 0.000280485
7.42283e-05, 0.000280092
7.41245e-05, 0.000279701
7.4021e-05, 0.00027931
7.39177e-05, 0.000278921
7.38148e-05, 0.000278532
7.37121e-05, 0.000278145
7.36098e-05, 0.000277758
7.35077e-05, 0.000277373
7.34059e-05, 0.000276989
7.33043e-05, 0.000276606
7.32031e-05, 0.000276224
7.31021e-05, 0.000275843
7.30014e-05, 0.000275463
7.2901e-05, 0.000275084
7.28009e-05, 0.000274706
7.2701e-05, 0.00027433
7.26014e-05, 0.000273954
7.25021e-05, 0.000273579
7.24031e-05, 0.000273205
7.23043e-05, 0.000272833
7.22058e-05, 0.000272461
7.21075e-05, 0.00027209
7.20096e-05, 0.000271721
7.19119e-05, 0.000271352
7.18144e-05, 0.000270984
7.17173e-05, 0.000270618
7.16203e-05, 0.000270252
7.15237e-05, 0.000269887
7.14273e-05, 0.000269524
7.13312e-05, 0.000269161
7.12353e-05, 0.000268799
7.11397e-05, 0.000268438
7.10443e-05, 0.000268079
7.09492e-05, 0.00026772
7.08544e-05, 0.000267362
7.07598e-05, 0.000267005
7.06654e-05, 0.000266649
7.05713e-05, 0.000266294
7.04775e-05, 0.00026594
7.03839e-05, 0.000265587
7.02905e-05, 0.000265234
7.02905e-05, 0.000265234
7.02905e-05, 0.000265234
7.02905e-05, 0.000265234
7.02905e-05, 0.000265234
7.02905e-05, 0.000265234
7.02905e-05, 0.000265234
7.02905e-05, 0.000265234
7.02905e-05, 0.000265234
7.01974e-05, 0.000264883
7.01046e-05, 0.000264533
7.0012e-05, 0.000264183
6.99196e-05, 0.000263835
6.98275e-05, 0.000263487
6.97356e-05, 0.000263141
6.9644e-05, 0.000262795
6.95526e-05, 0.00026245
6.94614e-05, 0.000262106
6.93705e-05, 0.000261763
6.92798e-05, 0.000261421
6.91894e-05, 0.00026108
6.90992e-05, 0.000260739
6.90092e-05, 0.0002604
6.89195e-05, 0.000260061
6.883e-05, 0.000259723
6.87407e-05, 0.000259387
6.86517e-05, 0.000259051
6.85629e-05, 0.000258715
6.84743e-05, 0.000258381
6.83859e-05, 0.000258048
6.82978e-05, 0.000257715
6.82099e-05, 0.000257384
6.81222e-05, 0.000257053
6.80348e-05, 0.000256723
6.79476e-05, 0.000256394
6.78606e-05, 0.000256066
6.77738e-05, 0.000255738
6.76872e-05, 0.000255412
6.76009e-05, 0.000255086
6.75148e-05, 0.000254761
6.74289e-05, 0.000254437
6.73432e-05, 0.000254113
6.72578e-05, 0.000253791
6.71725e-05, 0.000253469
6.70875e-05, 0.000253149
6.70027e-05, 0.000252829
6.69181e-05, 0.000252509
6.68337e-05, 0.000252191
6.67495e-05, 0.000251873
6.66656e-05, 0.000251557
6.65818e-05, 0.00025124
6.64983e-05, 0.000250925
6.64149e-05, 0.000250611
6.63318e-05, 0.000250297
6.62489e-05, 0.000249984
6.61662e-05, 0.000249672
6.60837e-05, 0.000249361
6.60014e-05, 0.00024905
6.59193e-05, 0.000248741
6.58374e-05, 0.000248432
6.57557e-05, 0.000248124
6.56743e-05, 0.000247816
6.5593e-05, 0.000247509
6.55119e-05, 0.000247204
6.5431e-05, 0.000246898
6.53504e-05, 0.000246594
6.52699e-05, 0.00024629
6.51896e-05, 0.000245987
6.51095e-05, 0.000245685
6.50296e-05, 0.000245384
6.49499e-05, 0.000245083
6.48704e-05, 0.000244783
6.47911e-05, 0.000244484
6.4712e-05, 0.000244185
6.46331e-05, 0.000243888
6.45544e-05, 0.000243591
6.44758e-05, 0.000243294
6.43975e-05, 0.000242999
6.43194e-05, 0.000242704
6.42414e-05, 0.00024241
6.41636e-05, 0.000242116
6.4086e-05, 0.000241823
6.40086e-05, 0.000241531
6.39314e-05, 0.00024124
6.38544e-05, 0.000240949
6.37776e-05, 0.000240659
6.37009e-05, 0.00024037
6.36244e-05, 0.000240082
6.35482e-05, 0.000239794
6.3472e-05, 0.000239507
6.33961e-05, 0.00023922
6.33204e-05, 0.000238934
6.32448e-05, 0.000238649
6.31694e-05, 0.000238365
6.30942e-05, 0.000238081
6.30192e-05, 0.000237798
6.29444e-05, 0.000237516
6.28697e-05, 0.000237234
6.27952e-05, 0.000236953
6.27209e-05, 0.000236672
6.26468e-05, 0.000236393
6.25728e-05, 0.000236114
6.2499e-05, 0.000235835
6.24254e-05, 0.000235557
6.2352e-05, 0.00023528
6.22787e-05, 0.000235004
6.22056e-05, 0.000234728
6.21327e-05, 0.000234453
6.20599e-05, 0.000234178
6.19873e-05, 0.000233904
6.19149e-05, 0.000233631
6.18427e-05, 0.000233359
6.17706e-05, 0.000233087
6.16987e-05, 0.000232815
6.1627e-05, 0.000232545
6.15554e-05, 0.000232275
6.1484e-05, 0.000232005
6.14127e-05, 0.000231736
6.13417e-05, 0.000231468
6.12707e-05, 0.000231201
6.12e-05, 0.000230934
6.11294e-05, 0.000230667
6.1059e-05, 0.000230401
6.09887e-05, 0.000230136
6.09186e-05, 0.000229872
6.08487e-05, 0.000229608
6.07789e-05, 0.000229345
6.07093e-05, 0.000229082
6.06398e-05, 0.00022882
6.05705e-05, 0.000228558
6.05014e-05, 0.000228297
6.04324e-05, 0.000228037
6.03636e-05, 0.000227777
6.02949e-05, 0.000227518
6.02264e-05, 0.00022726
6.0158e-05, 0.000227002
6.00898e-05, 0.000226745
6.00217e-05, 0.000226488
5.99539e-05, 0.000226232
5.98861e-05, 0.000225976
5.98185e-05, 0.000225721
5.97511e-05, 0.000225466
5.96838e-05, 0.000225213
5.96167e-05, 0.000224959
5.95497e-05, 0.000224706
5.94828e-05, 0.000224454
5.94162e-05, 0.000224203
5.93496e-05, 0.000223952
5.92832e-05, 0.000223701
5.9217e-05, 0.000223451
5.91509e-05, 0.000223202
5.9085e-05, 0.000222953
5.90192e-05, 0.000222705
5.89535e-05, 0.000222457
5.8888e-05, 0.00022221
5.88227e-05, 0.000221963
5.87575e-05, 0.000221717
5.86924e-05, 0.000221472
5.86275e-05, 0.000221227
5.85627e-05, 0.000220982
5.8498e-05, 0.000220738
5.84335e-05, 0.000220495
5.83692e-05, 0.000220252
5.8305e-05, 0.00022001
5.82409e-05, 0.000219768
5.8177e-05, 0.000219527
5.81132e-05, 0.000219286
5.80495e-05, 0.000219046
5.7986e-05, 0.000218806
5.79227e-05, 0.000218567
5.78594e-05, 0.000218329
5.77963e-05, 0.000218091
5.77334e-05, 0.000217853
5.76706e-05, 0.000217616
5.76079e-05, 0.000217379
5.75453e-05, 0.000217143
5.74829e-05, 0.000216908
5.74206e-05, 0.000216673
5.73585e-05, 0.000216439
5.72965e-05, 0.000216205
5.72346e-05, 0.000215971
5.71729e-05, 0.000215738
5.71113e-05, 0.000215506
5.70498e-05, 0.000215274
5.69884e-05, 0.000215042
5.69272e-05, 0.000214811
5.68661e-05, 0.000214581
5.68052e-05, 0.000214351
5.67444e-05, 0.000214121
5.66837e-05, 0.000213892
5.66231e-05, 0.000213664
5.65627e-05, 0.000213436
5.65024e-05, 0.000213208
5.64422e-05, 0.000212981
5.63822e-05, 0.000212755
5.63223e-05, 0.000212529
5.62625e-05, 0.000212303
5.62028e-05, 0.000212078
5.61433e-05, 0.000211853
5.60839e-05, 0.000211629
5.60246e-05, 0.000211405
5.59654e-05, 0.000211182
5.59064e-05, 0.000210959
5.58475e-05, 0.000210737
5.57887e-05, 0.000210515
5.573e-05, 0.000210294
5.56715e-05, 0.000210073
5.56131e-05, 0.000209853
5.55548e-05, 0.000209633
5.54966e-05, 0.000209413
5.54386e-05, 0.000209194
5.53806e-05, 0.000208975
5.53228e-05, 0.000208757
5.52651e-05, 0.00020854
5.52076e-05, 0.000208322
5.51501e-05, 0.000208106
5.50928e-05, 0.000207889
5.50356e-05, 0.000207674
5.49785e-05, 0.000207458
5.49215e-05, 0.000207243
5.48647e-05, 0.000207029
5.48079e-05, 0.000206815
5.47513e-05, 0.000206601
5.46948e-05, 0.000206388
5.46384e-05, 0.000206175
5.45822e-05, 0.000205963
5.4526e-05, 0.000205751
5.447e-05, 0.000205539
5.4414e-05, 0.000205328
5.43582e-05, 0.000205118
5.43025e-05, 0.000204908
5.4247e-05, 0.000204698
5.41915e-05, 0.000204489
5.41361e-05, 0.00020428
5.40809e-05, 0.000204071
5.40258e-05, 0.000203863
5.39708e-05, 0.000203656
5.39159e-05, 0.000203448
5.38611e-05, 0.000203242
5.38064e-05, 0.000203035
5.37518e-05, 0.000202829
5.36974e-05, 0.000202624
5.3643e-05, 0.000202419
5.35888e-05, 0.000202214
5.35346e-05, 0.00020201
5.34806e-05, 0.000201806
5.34267e-05, 0.000201603
5.33729e-05, 0.0002014
5.33192e-05, 0.000201197
5.32656e-05, 0.000200995
5.32121e-05, 0.000200793
5.31588e-05, 0.000200592
5.31055e-05, 0.000200391
5.30523e-05, 0.00020019
5.29993e-05, 0.00019999
5.29464e-05, 0.00019979
5.28935e-05, 0.000199591
5.28408e-05, 0.000199392
5.27881e-05, 0.000199193
5.27356e-05, 0.000198995
5.26832e-05, 0.000198797
5.26309e-05, 0.0001986
5.25787e-05, 0.000198403
5.25266e-05, 0.000198206
5.24746e-05, 0.00019801
5.24227e-05, 0.000197814
5.23709e-05, 0.000197619
5.23192e-05, 0.000197424
5.22676e-05, 0.000197229
5.22161e-05, 0.000197035
5.21647e-05, 0.000196841
5.21134e-05, 0.000196647
5.20622e-05, 0.000196454
5.20111e-05, 0.000196261
5.19601e-05, 0.000196069
5.19092e-05, 0.000195877
5.18584e-05, 0.000195685
5.18077e-05, 0.000195494
5.17571e-05, 0.000195303
5.17066e-05, 0.000195112
5.16563e-05, 0.000194922
5.1606e-05, 0.000194732
5.15558e-05, 0.000194543
5.15057e-05, 0.000194354
5.14556e-05, 0.000194165
5.14057e-05, 0.000193977
5.13559e-05, 0.000193789
5.13062e-05, 0.000193601
5.12566e-05, 0.000193414
5.12071e-05, 0.000193227
5.11576e-05, 0.000193041
5.11083e-05, 0.000192855
5.10591e-05, 0.000192669
5.10099e-05, 0.000192484
5.09609e-05, 0.000192298
5.09119e-05, 0.000192114
5.08631e-05, 0.000191929
5.08143e-05, 0.000191745
5.07656e-05, 0.000191562
5.07171e-05, 0.000191378
5.06686e-05, 0.000191195
5.06202e-05, 0.000191013
5.05719e-05, 0.000190831
5.05237e-05, 0.000190649
5.04756e-05, 0.000190467
5.04275e-05, 0.000190286
5.03796e-05, 0.000190105
5.03318e-05, 0.000189925
5.0284e-05, 0.000189744
5.02363e-05, 0.000189564
5.01888e-05, 0.000189385
5.01413e-05, 0.000189206
5.00939e-05, 0.000189027
5.00466e-05, 0.000188848
4.99994e-05, 0.00018867
4.99523e-05, 0.000188493
4.99052e-05, 0.000188315
4.98583e-05, 0.000188138
4.98114e-05, 0.000187961
4.97646e-05, 0.000187785
4.9718e-05, 0.000187608
4.96714e-05, 0.000187433
4.96249e-05, 0.000187257
4.95784e-05, 0.000187082
4.95321e-05, 0.000186907
4.94858e-05, 0.000186733
4.94397e-05, 0.000186558
4.93936e-05, 0.000186385
4.93476e-05, 0.000186211
4.93017e-05, 0.000186038
4.92559e-05, 0.000185865
4.92102e-05, 0.000185692
4.91645e-05, 0.00018552
4.9119e-05, 0.000185348
4.90735e-05, 0.000185177
4.90281e-05, 0.000185005
4.89828e-05, 0.000184834
4.89375e-05, 0.000184664
4.88924e-05, 0.000184493
4.88473e-05, 0.000184323
4.88024e-05, 0.000184154
4.87575e-05, 0.000183984
4.87126e-05, 0.000183815
4.86679e-05, 0.000183646
4.86233e-05, 0.000183478
4.85787e-05, 0.00018331
4.85342e-05, 0.000183142
4.84898e-05, 0.000182974
4.84455e-05, 0.000182807
4.84012e-05, 0.00018264
4.83571e-05, 0.000182473
4.8313e-05, 0.000182307
4.8269e-05, 0.000182141
4.82251e-05, 0.000181975
4.81812e-05, 0.00018181
4.81812e-05, 0.00018181
4.81375e-05, 0.000181645
4.80938e-05, 0.00018148
4.80502e-05, 0.000181315
4.80067e-05, 0.000181151
4.79632e-05, 0.000180987
4.79199e-05, 0.000180824
4.78766e-05, 0.00018066
4.78334e-05, 0.000180497
4.77902e-05, 0.000180335
4.77472e-05, 0.000180172
4.77042e-05, 0.00018001
4.76613e-05, 0.000179848
4.76185e-05, 0.000179686
4.75757e-05, 0.000179525
4.75331e-05, 0.000179364
4.74905e-05, 0.000179203
4.7448e-05, 0.000179043
4.74055e-05, 0.000178883
4.73632e-05, 0.000178723
4.73209e-05, 0.000178563
4.72787e-05, 0.000178404
4.72365e-05, 0.000178245
4.71945e-05, 0.000178086
4.71525e-05, 0.000177928
4.71106e-05, 0.00017777
4.70687e-05, 0.000177612
4.7027e-05, 0.000177454
4.69853e-05, 0.000177297
4.69436e-05, 0.00017714
4.69021e-05, 0.000176983
4.68606e-05, 0.000176827
4.68192e-05, 0.000176671
4.67779e-05, 0.000176515
4.67367e-05, 0.000176359
4.66955e-05, 0.000176204
4.66544e-05, 0.000176049
4.66134e-05, 0.000175894
4.65724e-05, 0.000175739
4.65315e-05, 0.000175585
4.64907e-05, 0.000175431
4.64499e-05, 0.000175277
4.64093e-05, 0.000175124
4.63687e-05, 0.00017497
4.63281e-05, 0.000174818
4.62877e-05, 0.000174665
4.62473e-05, 0.000174512
4.6207e-05, 0.00017436
4.61667e-05, 0.000174208
4.61265e-05, 0.000174057
4.60864e-05, 0.000173905
4.60464e-05, 0.000173754
4.60064e-05, 0.000173604
4.59665e-05, 0.000173453
4.59267e-05, 0.000173303
4.58869e-05, 0.000173153
4.58472e-05, 0.000173003
4.58076e-05, 0.000172853
4.5768e-05, 0.000172704
4.57286e-05, 0.000172555
4.56891e-05, 0.000172406
4.56498e-05, 0.000172258
4.56105e-05, 0.00017211
4.55713e-05, 0.000171962
4.55321e-05, 0.000171814
4.5493e-05, 0.000171666
4.5454e-05, 0.000171519
4.54151e-05, 0.000171372
4.53762e-05, 0.000171226
4.53374e-05, 0.000171079
4.52986e-05, 0.000170933
4.52599e-05, 0.000170787
4.52213e-05, 0.000170641
4.51828e-05, 0.000170496
4.51443e-05, 0.00017035
4.51059e-05, 0.000170206
4.50675e-05, 0.000170061
4.50292e-05, 0.000169916
4.4991e-05, 0.000169772
4.49528e-05, 0.000169628
4.49147e-05, 0.000169484
4.48767e-05, 0.000169341
4.48388e-05, 0.000169198
4.48009e-05, 0.000169055
4.4763e-05, 0.000168912
4.47252e-05, 0.000168769
4.46875e-05, 0.000168627
4.46499e-05, 0.000168485
4.46123e-05, 0.000168343
4.45748e-05, 0.000168202
4.45373e-05, 0.00016806
4.44999e-05, 0.000167919
4.44626e-05, 0.000167778
4.44253e-05, 0.000167638
4.43881e-05, 0.000167497
4.4351e-05, 0.000167357
4.43139e-05, 0.000167217
4.42769e-05, 0.000167077
4.42399e-05, 0.000166938
4.4203e-05, 0.000166799
4.41662e-05, 0.00016666
4.41294e-05, 0.000166521
4.40927e-05, 0.000166382
4.4056e-05, 0.000166244
4.40194e-05, 0.000166106
4.39829e-05, 0.000165968
4.39464e-05, 0.000165831
4.391e-05, 0.000165693
4.38737e-05, 0.000165556
4.38374e-05, 0.000165419
4.38012e-05, 0.000165282
4.3765e-05, 0.000165146
4.37289e-05, 0.00016501
4.36928e-05, 0.000164874
4.36569e-05, 0.000164738
4.36209e-05, 0.000164602
4.35851e-05, 0.000164467
4.35492e-05, 0.000164332
4.35135e-05, 0.000164197
4.34778e-05, 0.000164062
4.34422e-05, 0.000163928
4.34066e-05, 0.000163793
4.33711e-05, 0.000163659
4.33356e-05, 0.000163526
4.33002e-05, 0.000163392
4.32648e-05, 0.000163259
4.32295e-05, 0.000163125
4.31943e-05, 0.000162993
4.31591e-05, 0.00016286
4.3124e-05, 0.000162727
4.3089e-05, 0.000162595
4.3054e-05, 0.000162463
4.3019e-05, 0.000162331
4.29841e-05, 0.000162199
4.29493e-05, 0.000162068
4.29145e-05, 0.000161937
4.28798e-05, 0.000161806
4.28451e-05, 0.000161675
4.28105e-05, 0.000161544
4.2776e-05, 0.000161414
4.27415e-05, 0.000161284
4.2707e-05, 0.000161154
4.26727e-05, 0.000161024
4.26383e-05, 0.000160895
4.2604e-05, 0.000160765
4.25698e-05, 0.000160636
4.25357e-05, 0.000160507
4.25016e-05, 0.000160378
4.24675e-05, 0.00016025
4.24335e-05, 0.000160122
4.23996e-05, 0.000159994
4.23657e-05, 0.000159866
4.23318e-05, 0.000159738
4.2298e-05, 0.000159611
4.22643e-05, 0.000159483
4.22306e-05, 0.000159356
4.2197e-05, 0.000159229
4.21634e-05, 0.000159103
4.21299e-05, 0.000158976
4.20965e-05, 0.00015885
4.2063e-05, 0.000158724
4.20297e-05, 0.000158598
4.19964e-05, 0.000158472
4.19631e-05, 0.000158347
4.19299e-05, 0.000158222
4.19299e-05, 0.000158222
4.18968e-05, 0.000158097
4.18637e-05, 0.000157972
4.18307e-05, 0.000157847
4.17977e-05, 0.000157722
4.17647e-05, 0.000157598
4.17318e-05, 0.000157474
4.1699e-05, 0.00015735
4.16662e-05, 0.000157227
4.16335e-05, 0.000157103
4.16008e-05, 0.00015698
4.15682e-05, 0.000156857
4.15356e-05, 0.000156734
4.15031e-05, 0.000156611
4.14706e-05, 0.000156488
4.14382e-05, 0.000156366
4.14058e-05, 0.000156244
4.13735e-05, 0.000156122
4.13412e-05, 0.000156
4.1309e-05, 0.000155879
4.12768e-05, 0.000155757
4.12447e-05, 0.000155636
4.12126e-05, 0.000155515
4.11806e-05, 0.000155394
4.11486e-05, 0.000155273
4.11167e-05, 0.000155153
4.10848e-05, 0.000155033
4.1053e-05, 0.000154913
4.10213e-05, 0.000154793
4.09895e-05, 0.000154673
4.09578e-05, 0.000154554
4.09262e-05, 0.000154434
4.08946e-05, 0.000154315
4.08631e-05, 0.000154196
4.08316e-05, 0.000154077
4.08002e-05, 0.000153959
4.07688e-05, 0.00015384
4.07375e-05, 0.000153722
4.07062e-05, 0.000153604
4.0675e-05, 0.000153486
4.06438e-05, 0.000153368
4.06126e-05, 0.000153251
4.05815e-05, 0.000153133
4.05505e-05, 0.000153016
4.05195e-05, 0.000152899
4.04885e-05, 0.000152783
4.04576e-05, 0.000152666
4.04267e-05, 0.000152549
4.03959e-05, 0.000152433
4.03652e-05, 0.000152317
4.03344e-05, 0.000152201
4.03038e-05, 0.000152085
4.02732e-05, 0.00015197
4.02426e-05, 0.000151855
4.0212e-05, 0.000151739
4.01816e-05, 0.000151624
4.01511e-05, 0.000151509
4.01207e-05, 0.000151395
4.00904e-05, 0.00015128
4.00601e-05, 0.000151166
4.00298e-05, 0.000151052
3.99996e-05, 0.000150938
3.99694e-05, 0.000150824
3.99393e-05, 0.00015071
3.99092e-05, 0.000150597
3.98792e-05, 0.000150483
3.98492e-05, 0.00015037
3.98193e-05, 0.000150257
3.97894e-05, 0.000150145
3.97595e-05, 0.000150032
3.97297e-05, 0.000149919
3.97e-05, 0.000149807
3.96703e-05, 0.000149695
3.96406e-05, 0.000149583
3.9611e-05, 0.000149471
3.95814e-05, 0.00014936
3.95518e-05, 0.000149248
3.95224e-05, 0.000149137
3.94929e-05, 0.000149026
3.94635e-05, 0.000148915
3.94341e-05, 0.000148804
3.94048e-05, 0.000148693
3.93755e-05, 0.000148583
3.93463e-05, 0.000148473
3.93171e-05, 0.000148362
3.9288e-05, 0.000148252
3.92589e-05, 0.000148143
3.92298e-05, 0.000148033
3.92008e-05, 0.000147924
3.91718e-05, 0.000147814
3.91429e-05, 0.000147705
3.9114e-05, 0.000147596
3.90852e-05, 0.000147487
3.90564e-05, 0.000147379
3.90276e-05, 0.00014727
3.89989e-05, 0.000147162
3.89702e-05, 0.000147053
3.89416e-05, 0.000146945
3.8913e-05, 0.000146837
3.88844e-05, 0.00014673
3.88559e-05, 0.000146622
3.88275e-05, 0.000146515
3.8799e-05, 0.000146408
3.87707e-05, 0.0001463
3.87423e-05, 0.000146193
3.8714e-05, 0.000146087
3.86858e-05, 0.00014598
3.86575e-05, 0.000145874
3.86294e-05, 0.000145767
3.86012e-05, 0.000145661
3.85731e-05, 0.000145555
3.85451e-05, 0.000145449
3.85171e-05, 0.000145344
3.84891e-05, 0.000145238
3.84612e-05, 0.000145133
3.84333e-05, 0.000145027
3.84054e-05, 0.000144922
3.83776e-05, 0.000144817
3.83498e-05, 0.000144713
3.83221e-05, 0.000144608
3.82944e-05, 0.000144503
3.82668e-05, 0.000144399
3.82392e-05, 0.000144295
3.82116e-05, 0.000144191
3.81841e-05, 0.000144087
3.81566e-05, 0.000143983
3.81291e-05, 0.00014388
3.81017e-05, 0.000143776
3.80744e-05, 0.000143673
3.8047e-05, 0.00014357
3.80197e-05, 0.000143467
3.79925e-05, 0.000143364
3.79653e-05, 0.000143261
3.79381e-05, 0.000143159
3.79381e-05, 0.000143159
3.79381e-05, 0.000143159
3.79381e-05, 0.000143159
3.79381e-05, 0.000143159
3.79381e-05, 0.000143159
3.79381e-05, 0.000143159
3.79381e-05, 0.000143159
3.79381e-05, 0.000143159
3.79381e-05, 0.000143159
3.79109e-05, 0.000143056
3.78838e-05, 0.000142954
3.78568e-05, 0.000142852
3.78298e-05, 0.00014275
3.78028e-05, 0.000142648
3.77758e-05, 0.000142547
3.77489e-05, 0.000142445
3.77221e-05, 0.000142344
3.76952e-05, 0.000142242
3.76952e-05, 0.000142242
3.76952e-05, 0.000142242
3.76952e-05, 0.000142242
3.76952e-05, 0.000142242
3.76952e-05, 0.000142242
3.76952e-05, 0.000142242
3.76952e-05, 0.000142242
3.76952e-05, 0.000142242
3.76952e-05, 0.000142242
3.76952e-05, 0.000142242
3.76952e-05, 0.000142242
3.76952e-05, 0.000142242
3.76952e-05, 0.000142242
3.76952e-05, 0.000142242
3.76952e-05, 0.000142242
3.76952e-05, 0.000142242
3.76952e-05, 0.000142242
3.76952e-05, 0.000142242
3.76952e-05, 0.000142242
3.76684e-05, 0.000142141
3.76417e-05, 0.00014204
3.7615e-05, 0.00014194
3.75883e-05, 0.000141839
3.75617e-05, 0.000141738
3.75351e-05, 0.000141638
3.75085e-05, 0.000141538
3.7482e-05, 0.000141438
3.74555e-05, 0.000141338
3.7429e-05, 0.000141238
3.74026e-05, 0.000141138
3.73762e-05, 0.000141039
3.73499e-05, 0.000140939
3.73236e-05, 0.00014084
3.72973e-05, 0.000140741
3.72711e-05, 0.000140642
3.72449e-05, 0.000140543
3.72188e-05, 0.000140445
3.71926e-05, 0.000140346
3.71666e-05, 0.000140248
3.71405e-05, 0.000140149
3.71145e-05, 0.000140051
3.70885e-05, 0.000139953
3.70626e-05, 0.000139855
3.70367e-05, 0.000139758
3.70108e-05, 0.00013966
3.6985e-05, 0.000139562
3.69592e-05, 0.000139465
3.69335e-05, 0.000139368
3.69077e-05, 0.000139271
3.68821e-05, 0.000139174
3.68564e-05, 0.000139077
3.68308e-05, 0.000138981
3.68052e-05, 0.000138884
3.67797e-05, 0.000138788
3.67542e-05, 0.000138691
3.67287e-05, 0.000138595
3.67033e-05, 0.000138499
3.66779e-05, 0.000138404
3.66525e-05, 0.000138308
3.66272e-05, 0.000138212
3.66019e-05, 0.000138117
3.65766e-05, 0.000138021
3.65514e-05, 0.000137926
3.65262e-05, 0.000137831
3.6501e-05, 0.000137736
3.64759e-05, 0.000137642
3.64508e-05, 0.000137547
3.64258e-05, 0.000137452
3.64008e-05, 0.000137358
3.63758e-05, 0.000137264
3.63508e-05, 0.00013717
3.63259e-05, 0.000137075
3.6301e-05, 0.000136982
3.62762e-05, 0.000136888
3.62514e-05, 0.000136794
3.62266e-05, 0.000136701
3.62019e-05, 0.000136607
3.61771e-05, 0.000136514
3.61525e-05, 0.000136421
3.61278e-05, 0.000136328
3.61032e-05, 0.000136235
3.60786e-05, 0.000136142
3.60541e-05, 0.00013605
3.60296e-05, 0.000135957
3.60051e-05, 0.000135865
3.59807e-05, 0.000135773
3.59563e-05, 0.000135681
3.59319e-05, 0.000135589
3.59075e-05, 0.000135497
3.58832e-05, 0.000135405
3.58589e-05, 0.000135313
3.58347e-05, 0.000135222
3.58105e-05, 0.000135131
3.57863e-05, 0.000135039
3.57622e-05, 0.000134948
3.5738e-05, 0.000134857
3.5714e-05, 0.000134766
3.56899e-05, 0.000134676
3.56659e-05, 0.000134585
3.56419e-05, 0.000134494
3.5618e-05, 0.000134404
3.5594e-05, 0.000134314
3.55702e-05, 0.000134224
3.55463e-05, 0.000134134
3.55225e-05, 0.000134044
3.54987e-05, 0.000133954
3.54749e-05, 0.000133864
3.54512e-05, 0.000133775
3.54275e-05, 0.000133685
3.54038e-05, 0.000133596
3.53802e-05, 0.000133507
3.53566e-05, 0.000133418
3.5333e-05, 0.000133329
3.53095e-05, 0.00013324
3.5286e-05, 0.000133151
3.52625e-05, 0.000133063
3.52391e-05, 0.000132974
3.52156e-05, 0.000132886
3.51923e-05, 0.000132798
3.51689e-05, 0.00013271
3.51456e-05, 0.000132622
3.51223e-05, 0.000132534
3.5099e-05, 0.000132446
3.50758e-05, 0.000132358
3.50526e-05, 0.000132271
3.50294e-05, 0.000132183
3.50063e-05, 0.000132096
3.49832e-05, 0.000132009
3.49601e-05, 0.000131922
3.49371e-05, 0.000131835
3.49141e-05, 0.000131748
3.48911e-05, 0.000131661
3.48681e-05, 0.000131575
3.48452e-05, 0.000131488
3.48223e-05, 0.000131402
3.47994e-05, 0.000131315
3.47766e-05, 0.000131229
3.47538e-05, 0.000131143
3.4731e-05, 0.000131057
3.47083e-05, 0.000130971
3.46856e-05, 0.000130886
3.46629e-05, 0.0001308
3.46402e-05, 0.000130715
3.46176e-05, 0.000130629
3.4595e-05, 0.000130544
3.45724e-05, 0.000130459
3.45499e-05, 0.000130374
3.45274e-05, 0.000130289
3.45049e-05, 0.000130204
3.44825e-05, 0.000130119
3.446e-05, 0.000130035
3.44377e-05, 0.00012995
3.44153e-05, 0.000129866
3.4393e-05, 0.000129782
3.43707e-05, 0.000129697
3.43484e-05, 0.000129613
3.43261e-05, 0.000129529
3.43039e-05, 0.000129446
3.42817e-05, 0.000129362
3.42596e-05, 0.000129278
3.42374e-05, 0.000129195
3.42153e-05, 0.000129111
3.41933e-05, 0.000129028
3.41712e-05, 0.000128945
3.41492e-05, 0.000128862
3.41272e-05, 0.000128779
3.41052e-05, 0.000128696
3.40833e-05, 0.000128613
3.40614e-05, 0.000128531
3.40395e-05, 0.000128448
3.40177e-05, 0.000128366
3.39959e-05, 0.000128283
3.39741e-05, 0.000128201
3.39523e-05, 0.000128119
3.39306e-05, 0.000128037
3.39089e-05, 0.000127955
3.38872e-05, 0.000127873
3.38655e-05, 0.000127791
3.38439e-05, 0.00012771
3.38223e-05, 0.000127628
3.38007e-05, 0.000127547
3.37792e-05, 0.000127466
3.37577e-05, 0.000127384
3.37362e-05, 0.000127303
3.37147e-05, 0.000127222
3.36933e-05, 0.000127142
3.36719e-05, 0.000127061
3.36505e-05, 0.00012698
3.36292e-05, 0.0001269
3.36078e-05, 0.000126819
3.35865e-05, 0.000126739
3.35653e-05, 0.000126658
3.3544e-05, 0.000126578
3.35228e-05, 0.000126498
3.35016e-05, 0.000126418
3.34805e-05, 0.000126338
3.34593e-05, 0.000126259
3.34382e-05, 0.000126179
3.34171e-05, 0.000126099
3.33961e-05, 0.00012602
3.3375e-05, 0.000125941
3.3354e-05, 0.000125861
3.33331e-05, 0.000125782
3.33121e-05, 0.000125703
3.32912e-05, 0.000125624
3.32703e-05, 0.000125545
3.32494e-05, 0.000125467
3.32286e-05, 0.000125388
3.32077e-05, 0.000125309
3.3187e-05, 0.000125231
3.31662e-05, 0.000125153
3.31662e-05, 0.000125153
3.31662e-05, 0.000125153
3.31662e-05, 0.000125153
3.31662e-05, 0.000125153
3.31662e-05, 0.000125153
3.31662e-05, 0.000125153
3.31662e-05, 0.000125153
3.31662e-05, 0.000125153
3.31662e-05, 0.000125153
3.31662e-05, 0.000125153
3.31662e-05, 0.000125153
3.31662e-05, 0.000125153
3.31662e-05, 0.000125153
3.31662e-05, 0.000125153
3.31662e-05, 0.000125153
3.31662e-05, 0.000125153
3.31662e-05, 0.000125153
3.31662e-05, 0.000125153
3.31662e-05, 0.000125153
3.31662e-05, 0.000125153
3.31662e-05, 0.000125153
3.31662e-05, 0.000125153
3.31662e-05, 0.000125153
3.31662e-05, 0.000125153
3.31662e-05, 0.000125153
3.31662e-05, 0.000125153
3.31662e-05, 0.000125153
3.31662e-05, 0.000125153
3.31662e-05, 0.000125153
3.31662e-05, 0.000125153
3.31662e-05, 0.000125153
3.31662e-05, 0.000125153
3.31662e-05, 0.000125153
3.31662e-05, 0.000125153
3.31662e-05, 0.000125153
3.31662e-05, 0.000125153
3.31662e-05, 0.000125153
3.31662e-05, 0.000125153
3.31662e-05, 0.000125153
3.31662e-05, 0.000125153
3.31662e-05, 0.000125153
3.31662e-05, 0.000125153
3.31662e-05, 0.000125153
3.31662e-05, 0.000125153
3.31662e-05, 0.000125153
3.31662e-05, 0.000125153
3.31662e-05, 0.000125153
3.31662e-05, 0.000125153
3.31662e-05, 0.000125153
3.31662e-05, 0.000125153
3.31662e-05, 0.000125153
3.31662e-05, 0.000125153
3.31662e-05, 0.000125153
3.31662e-05, 0.000125153
3.31662e-05, 0.000125153
3.31662e-05, 0.000125153
3.31662e-05, 0.000125153
3.31662e-05, 0.000125153
3.31662e-05, 0.000125153
3.31662e-05, 0.000125153
3.31662e-05, 0.000125153
3.31662e-05, 0.000125153
3.31662e-05, 0.000125153
3.31662e-05, 0.000125153
3.31662e-05, 0.000125153
3.31662e-05, 0.000125153
3.31662e-05, 0.000125153
3.31662e-05, 0.000125153
3.31662e-05, 0.000125153
3.31662e-05, 0.000125153
3.31662e-05, 0.000125153
3.31662e-05, 0.000125153
3.31662e-05, 0.000125153
3.31662e-05, 0.000125153
3.31662e-05, 0.000125153
3.31662e-05, 0.000125153
3.31662e-05, 0.000125153
3.31662e-05, 0.000125153
3.31662e-05, 0.000125153
3.31662e-05, 0.000125153
3.31662e-05, 0.000125153
3.31662e-05, 0.000125153
3.31662e-05, 0.000125153
3.31662e-05, 0.000125153
3.31662e-05, 0.000125153
3.31662e-05, 0.000125153
3.31662e-05, 0.000125153
3.31662e-05, 0.000125153
3.31662e-05, 0.000125153
3.31662e-05, 0.000125153
3.31662e-05, 0.000125153
3.31662e-05, 0.000125153
3.31662e-05, 0.000125153
3.31662e-05, 0.000125153
3.31662e-05, 0.000125153
3.31662e-05, 0.000125153
3.31662e-05, 0.000125153
3.31662e-05, 0.000125153
3.31662e-05, 0.000125153
3.31662e-05, 0.000125153
3.31662e-05, 0.000125153
3.31662e-05, 0.000125153
3.31662e-05, 0.000125153
3.31662e-05, 0.000125153
3.31662e-05, 0.000125153
3.31662e-05, 0.000125153
3.31662e-05, 0.000125153
3.31662e-05, 0.000125153
3.31662e-05, 0.000125153
3.31662e-05, 0.000125153
3.31662e-05, 0.000125153
3.31662e-05, 0.000125153
3.31662e-05, 0.000125153
3.31662e-05, 0.000125153
3.31662e-05, 0.000125153
3.31662e-05, 0.000125153
3.31662e-05, 0.000125153
3.31662e-05, 0.000125153
3.31662e-05, 0.000125153
3.31662e-05, 0.000125153
3.31662e-05, 0.000125153
3.31662e-05, 0.000125153
3.31662e-05, 0.000125153
3.31662e-05, 0.000125153
3.31662e-05, 0.000125153
3.31662e-05, 0.000125153
3.31662e-05, 0.000125153
3.31662e-05, 0.000125153
3.31662e-05, 0.000125153
3.31662e-05, 0.000125153
3.31662e-05, 0.000125153
3.31662e-05, 0.000125153
3.31662e-05, 0.000125153
3.31662e-05, 0.000125153
3.31662e-05, 0.000125153
3.31662e-05, 0.000125153
3.31662e-05, 0.000125153
3.31662e-05, 0.000125153
3.31662e-05, 0.000125153
3.31662e-05, 0.000125153
3.31662e-05, 0.000125153
3.31662e-05, 0.000125153
3.31662e-05, 0.000125153
3.31662e-05, 0.000125153
3.31662e-05, 0.000125153
3.31662e-05, 0.000125153
3.31662e-05, 0.000125153
3.31662e-05, 0.000125153
3.31662e-05, 0.000125153
3.31662e-05, 0.000125153
3.31662e-05, 0.000125153
3.31662e-05, 0.000125153
3.31662e-05, 0.000125153
3.31662e-05, 0.000125153
3.31662e-05, 0.000125153
3.31662e-05, 0.000125153
3.31662e-05, 0.000125153
3.31662e-05, 0.000125153
3.31662e-05, 0.000125153
3.31662e-05, 0.000125153
3.31662e-05, 0.000125153
3.31662e-05, 0.000125153
3.31662e-05, 0.000125153
3.31662e-05, 0.000125153
3.31662e-05, 0.000125153
3.31662e-05, 0.000125153
3.31662e-05, 0.000125153
3.31662e-05, 0.000125153
3.31662e-05, 0.000125153
3.31662e-05, 0.000125153
3.31662e-05, 0.000125153
3.31662e-05, 0.000125153
3.31662e-05, 0.000125153
3.31662e-05, 0.000125153
3.31662e-05, 0.000125153
3.31662e-05, 0.000125153
3.31662e-05, 0.000125153
3.31662e-05, 0.000125153
3.31662e-05, 0.000125153
3.31662e-05, 0.000125153
3.31662e-05, 0.000125153
3.31662e-05, 0.000125153
3.31662e-05, 0.000125153
3.31662e-05, 0.000125153
3.31662e-05, 0.000125153
3.31662e-05, 0.000125153
3.31662e-05, 0.000125153
3.31662e-05, 0.000125153
3.31662e-05, 0.000125153
3.31662e-05, 0.000125153
3.31662e-05, 0.000125153
3.31662e-05, 0.000125153
3.31662e-05, 0.000125153
3.31662e-05, 0.000125153
3.31662e-05, 0.000125153
3.31662e-05, 0.000125153
3.31662e-05, 0.000125153
3.31662e-05, 0.000125153
3.31662e-05, 0.000125153
3.31662e-05, 0.000125153
3.31662e-05, 0.000125153
3.31662e-05, 0.000125153
3.31662e-05, 0.000125153
3.31662e-05, 0.000125153
3.31662e-05, 0.000125153
3.31662e-05, 0.000125153
3.31662e-05, 0.000125153
3.31662e-05, 0.000125153
3.31662e-05, 0.000125153
3.31662e-05, 0.000125153
3.31662e-05, 0.000125153
3.31662e-05, 0.000125153
3.31662e-05, 0.000125153
3.31662e-05, 0.000125153
3.31662e-05, 0.000125153
3.31662e-05, 0.000125153
3.31662e-05, 0.000125153
3.31662e-05, 0.000125153
3.31662e-05, 0.000125153
3.31662e-05, 0.000125153
3.31662e-05, 0.000125153
3.31662e-05, 0.000125153
3.31662e-05, 0.000125153
3.31662e-05, 0.000125153
3.31662e-05, 0.000125153
0.0450425, 0.12
0.0243492, 0.075
0.0166842, 0.0545455
0.0126895, 0.0428571
0.0102382, 0.0352941
0.00858068, 0.03
0.00738504, 0.026087
0.00648186, 0.0230769
0.00577552, 0.0206897
0.00520799, 0.01875
0.00474202, 0.0171429
0.00435259, 0.0157895
0.00402226, 0.0146341
0.00373854, 0.0136364
0.0034922, 0.012766
0.00327632, 0.012
0.00308558, 0.0113208
0.00291583, 0.0107143
0.00276378, 0.0101695
0.0026268, 0.00967742
0.00250275, 0.00923077
0.0023899, 0.00882353
0.00228678, 0.0084507
0.0021922, 0.00810811
0.00210512, 0.00779221
0.0020247, 0.0075
0.0019502, 0.00722892
0.00188099, 0.00697674
0.00181652, 0.00674157
0.00175632, 0.00652174
0.00169999, 0.00631579
0.00164716, 0.00612245
0.00159751, 0.00594059
0.00155077, 0.00576923
0.00150668, 0.00560748
0.00146503, 0.00545455
0.00142563, 0.00530973
0.00138828, 0.00517241
0.00135285, 0.00504202
0.00131917, 0.00491803
0.00128714, 0.0048
0.00125662, 0.0046875
0.00122751, 0.00458015
0.00119973, 0.00447761
0.00117317, 0.00437956
0.00114777, 0.00428571
0.00112344, 0.0041958
0.00110012, 0.00410959
0.00107775, 0.00402685
0.00105627, 0.00394737
0.00103563, 0.00387097
0.00101578, 0.00379747
0.000996678, 0.00372671
0.000978281, 0.00365854
0.000960551, 0.00359281
0.000943452, 0.00352941
0.000926952, 0.00346821
0.000911018, 0.00340909
0.000895623, 0.00335196
0.00088074, 0.0032967
0.000866343, 0.00324324
0.00085241, 0.00319149
0.000838917, 0.00314136
0.000825845, 0.00309278
0.000813174, 0.00304569
0.000800887, 0.003
0.000788964, 0.00295567
0.000777392, 0.00291262
0.000766154, 0.00287081
0.000755237, 0.00283019
0.000744626, 0.0027907
0.000734309, 0.00275229
0.000724275, 0.00271493
0.00071451, 0.00267857
0.000705006, 0.00264317
0.000695751, 0.0026087
0.000686736, 0.00257511
0.000677952, 0.00254237
0.000669389, 0.00251046
0.00066104, 0.00247934
0.000652897, 0.00244898
0.000644952, 0.00241935
0.000637198, 0.00239044
0.000629628, 0.0023622
0.000622236, 0.00233463
0.000615016, 0.00230769
0.000607961, 0.00228137
0.000601066, 0.00225564
0.000594326, 0.00223048
0.000587735, 0.00220588
0.000581289, 0.00218182
0.000574983, 0.00215827
0.000568812, 0.00213523
0.000562772, 0.00211268
0.000556859, 0.00209059
0.000551069, 0.00206897
0.000545398, 0.00204778
0.000539843, 0.00202703
0.0005344, 0.00200669
0.000529065, 0.00198675
0.000523836, 0.00196721
0.000518709, 0.00194805
0.000513682, 0.00192926
0.000508751, 0.00191083
0.000503914, 0.00189274
0.000499168, 0.001875
0.000494511, 0.00185759
0.000489939, 0.00184049
0.000485452, 0.00182371
0.000481046, 0.00180723
0.000476719, 0.00179104
0.000472469, 0.00177515
0.000468294, 0.00175953
0.000464193, 0.00174419
0.000460163, 0.00172911
0.000456202, 0.00171429
0.000452308, 0.00169972
0.000448481, 0.00168539
0.000444718, 0.00167131
0.000441017, 0.00165746
0.000437378, 0.00164384
0.000433798, 0.00163043
0.000430276, 0.00161725
0.000426811, 0.00160428
0.000423402, 0.00159151
0.000420046, 0.00157895
0.000416743, 0.00156658
0.000413492, 0.0015544
0.000410291, 0.00154242
0.000407139, 0.00153061
0.000404035, 0.00151899
0.000400978, 0.00150754
0.000397968, 0.00149626
0.000395002, 0.00148515
0.00039208, 0.0014742
0.0003892, 0.00146341
0.000386363, 0.00145278
0.000383567, 0.00144231
0.000380811, 0.00143198
0.000378094, 0.0014218
0.000375416, 0.00141176
0.000372776, 0.00140187
0.000370172, 0.00139211
0.000367605, 0.00138249
0.000365072, 0.001373
0.000362575, 0.00136364
0.000360111, 0.0013544
0.000357681, 0.00134529
0.000355283, 0.0013363
0.000352918, 0.00132743
0.000350583, 0.00131868
0.000348279, 0.00131004
0.000346006, 0.00130152
0.000343761, 0.0012931
0.000341546, 0.0012848
0.000339359, 0.0012766
0.0003372, 0.0012685
0.000335068, 0.0012605
0.000332963, 0.00125261
0.000330885, 0.00124481
0.000328832, 0.00123711
0.000326804, 0.00122951
0.000324801, 0.001222
0.000322823, 0.00121457
0.000320869, 0.00120724
0.000318938, 0.0012
0.00031703, 0.00119284
0.000315145, 0.00118577
0.000313282, 0.00117878
0.000311441, 0.00117187
0.000309622, 0.00116505
0.000307823, 0.0011583
0.000306046, 0.00115163
0.000304289, 0.00114504
0.000302552, 0.00113852
0.000300834, 0.00113208
0.000299136, 0.0011257
0.000297458, 0.0011194
0.000295797, 0.00111317
0.000294156, 0.00110701
0.000292532, 0.00110092
0.000290926, 0.00109489
0.000289338, 0.00108893
0.000287767, 0.00108303
0.000286213, 0.0010772
0.000284676, 0.00107143
0.000283155, 0.00106572
0.00028165, 0.00106007
0.000280161, 0.00105448
0.000278688, 0.00104895
0.00027723, 0.00104348
0.000275788, 0.00103806
0.00027436, 0.0010327
0.000272947, 0.0010274
0.000271549, 0.00102215
0.000270165, 0.00101695
0.000268794, 0.0010118
0.000267438, 0.00100671
0.000266095, 0.00100167
0.000264766, 0.000996678
0.00026345, 0.000991736
0.000262147, 0.000986842
0.000260857, 0.000981997
0.000259579, 0.000977199
0.000258314, 0.000972447
0.000257061, 0.000967742
0.00025582, 0.000963082
0.000254591, 0.000958466
0.000253374, 0.000953895
0.000252169, 0.000949367
0.000250975, 0.000944882
0.000249792, 0.000940439
0.00024862, 0.000936037
0.000247459, 0.000931677
0.000246309, 0.000927357
0.00024517, 0.000923077
0.000244041, 0.000918836
0.000242922, 0.000914634
0.000241814, 0.00091047
0.000240716, 0.000906344
0.000239627, 0.000902256
0.000238549, 0.000898204
0.00023748, 0.000894188
0.000236421, 0.000890208
0.000235371, 0.000886263
0.00023433, 0.000882353
0.000233299, 0.000878477
0.000232276, 0.000874636
0.000231263, 0.000870827
0.000230258, 0.000867052
0.000229262, 0.000863309
0.000228274, 0.000859599
0.000227295, 0.00085592
0.000226325, 0.000852273
0.000225362, 0.000848656
0.000224408, 0.00084507
0.000223462, 0.000841515
0.000222524, 0.000837989
0.000221594, 0.000834492
0.000220671, 0.000831025
0.000219756, 0.000827586
0.000218848, 0.000824176
0.000217949, 0.000820793
0.000217056, 0.000817439
0.000216171, 0.000814111
0.000215293, 0.000810811
0.000214422, 0.000807537
0.000213558, 0.00080429
0.0002127, 0.000801068
0.00021185, 0.000797872
0.000211007, 0.000794702
0.00021017, 0.000791557
0.00020934, 0.000788436
0.000208516, 0.00078534
0.000207699, 0.000782269
0.000206888, 0.000779221
0.000206084, 0.000776197
0.000205286, 0.000773196
0.000204494, 0.000770218
0.000203708, 0.000767263
0.000202928, 0.000764331
0.000202154, 0.000761421
0.000201386, 0.000758534
0.000200623, 0.000755668
0.000199867, 0.000752823
0.000199116, 0.00075
0.000198371, 0.000747198
0.000197631, 0.000744417
0.000196897, 0.000741656
0.000196168, 0.000738916
0.000195445, 0.000736196
0.000194726, 0.000733496
0.000194014, 0.000730816
0.000193306, 0.000728155
0.000192604, 0.000725514
0.000191906, 0.000722892
0.000191214, 0.000720288
0.000190526, 0.000717703
0.000189844, 0.000715137
0.000189166, 0.000712589
0.000188494, 0.000710059
0.000187826, 0.000707547
0.000187162, 0.000705053
0.000186504, 0.000702576
0.00018585, 0.000700117
0.0001852, 0.000697674
0.000184555, 0.000695249
0.000183915, 0.000692841
0.000183279, 0.000690449
0.000182647, 0.000688073
0.00018202, 0.000685714
0.000181397, 0.000683371
0.000180778, 0.000681044
0.000180164, 0.000678733
0.000179553, 0.000676437
0.000178947, 0.000674157
0.000178345, 0.000671892
0.000177747, 0.000669643
0.000177153, 0.000667408
0.000176563, 0.000665188
0.000175976, 0.000662983
0.000175394, 0.000660793
0.000174816, 0.000658617
0.000174241, 0.000656455
0.00017367, 0.000654308
0.000173103, 0.000652174
0.000172539, 0.000650054
0.000171979, 0.000647948
0.000171423, 0.000645856
0.00017087, 0.000643777
0.000170321, 0.000641711
0.000169776, 0.000639659
0.000169234, 0.00063762
0.000168695, 0.000635593
0.00016816, 0.00063358
0.000167628, 0.000631579
0.000167099, 0.000629591
0.000166574, 0.000627615
0.000166052, 0.000625652
0.000165534, 0.000623701
0.000165018, 0.000621762
0.000164506, 0.000619835
0.000163997, 0.00061792
0.000163491, 0.000616016
0.000162988, 0.000614125
0.000162489, 0.000612245
0.000161992, 0.000610376
0.000161498, 0.000608519
0.000161008, 0.000606673
0.00016052, 0.000604839
0.000160035, 0.000603015
0.000159554, 0.000601202
0.000159075, 0.000599401
0.000158599, 0.00059761
0.000158126, 0.000595829
0.000157655, 0.000594059
0.000157188, 0.0005923
0.000156723, 0.000590551
0.000156261, 0.000588813
0.000155801, 0.000587084
0.000155345, 0.000585366
0.000154891, 0.000583658
0.000154439, 0.000581959
0.000153991, 0.000580271
0.000153545, 0.000578592
0.000153101, 0.000576923
0.00015266, 0.000575264
0.000152222, 0.000573614
0.000151786, 0.000571973
0.000151352, 0.000570342
0.000150921, 0.00056872
0.000150493, 0.000567108
0.000150067, 0.000565504
0.000149643, 0.00056391
0.000149222, 0.000562324
0.000148803, 0.000560748
0.000148386, 0.00055918
0.000147972, 0.000557621
0.00014756, 0.00055607
0.00014715, 0.000554529
0.000146743, 0.000552995
0.000146337, 0.000551471
0.000145934, 0.000549954
0.000145534, 0.000548446
0.000145135, 0.000546946
0.000144739, 0.000545455
0.000144345, 0.000543971
0.000143953, 0.000542495
0.000143563, 0.000541028
0.000143175, 0.000539568
0.000142789, 0.000538117
0.000142405, 0.000536673
0.000142024, 0.000535236
0.000141644, 0.000533808
0.000141267, 0.000532387
0.000140891, 0.000530973
0.000140518, 0.000529568
0.000140146, 0.000528169
0.000139777, 0.000526778
0.000139409, 0.000525394
0.000139043, 0.000524017
0.000138679, 0.000522648
0.000138317, 0.000521286
0.000137957, 0.000519931
0.000137599, 0.000518583
0.000137243, 0.000517241
0.000136888, 0.000515907
0.000136536, 0.00051458
0.000136185, 0.000513259
0.000135836, 0.000511945
0.000135489, 0.000510638
0.000135143, 0.000509338
0.000134799, 0.000508044
0.000134457, 0.000506757
0.000134117, 0.000505476
0.000133779, 0.000504202
0.000133442, 0.000502934
0.000133107, 0.000501672
0.000132773, 0.000500417
0.000132442, 0.000499168
0.000132111, 0.000497925
0.000131783, 0.000496689
0.000131456, 0.000495458
0.000131131, 0.000494234
0.000130807, 0.000493016
0.000130485, 0.000491803
0.000130165, 0.000490597
0.000129846, 0.000489396
0.000129528, 0.000488202
0.000129213, 0.000487013
0.000128898, 0.00048583
0.000128586, 0.000484653
0.000128274, 0.000483481
0.000127965, 0.000482315
0.000127656, 0.000481155
0.00012735, 0.00048
0.000127044, 0.000478851
0.000126741, 0.000477707
0.000126438, 0.000476569
0.000126137, 0.000475436
0.000125838, 0.000474308
0.00012554, 0.000473186
0.000125243, 0.000472069
0.000124948, 0.000470958
0.000124654, 0.000469851
0.000124362, 0.00046875
0.00012407, 0.000467654
0.000123781, 0.000466563
0.000123492, 0.000465477
0.000123205, 0.000464396
0.000122919, 0.00046332
0.000122635, 0.00046225
0.000122352, 0.000461184
0.00012207, 0.000460123
0.00012179, 0.000459067
0.00012151, 0.000458015
0.000121232, 0.000456969
0.000120956, 0.000455927
0.00012068, 0.00045489
0.000120406, 0.000453858
0.000120133, 0.00045283
0.000119862, 0.000451807
0.000119591, 0.000450789
0.000119322, 0.000449775
0.000119054, 0.000448766
0.000118787, 0.000447761
0.000118521, 0.000446761
0.000118257, 0.000445765
0.000117994, 0.000444774
0.000117732, 0.000443787
0.000117471, 0.000442804
0.000117211, 0.000441826
0.000116952, 0.000440852
0.000116695, 0.000439883
0.000116438, 0.000438917
0.000116183, 0.000437956
0.000115929, 0.000436999
0.000115676, 0.000436047
0.000115424, 0.000435098
0.000115173, 0.000434153
0.000114923, 0.000433213
0.000114675, 0.000432277
0.000114427, 0.000431344
0.000114181, 0.000430416
0.000113935, 0.000429492
0.000113691, 0.000428571
0.000113447, 0.000427655
0.000113205, 0.000426743
0.000112964, 0.000425834
0.000112724, 0.000424929
0.000112484, 0.000424028
0.000112246, 0.000423131
0.000112009, 0.000422238
0.000111773, 0.000421348
0.000111537, 0.000420463
0.000111303, 0.00041958
0.00011107, 0.000418702
0.000110838, 0.000417827
0.000110606, 0.000416956
0.000110376, 0.000416089
0.000110147, 0.000415225
0.000109918, 0.000414365
0.000109691, 0.000413508
0.000109464, 0.000412655
0.000109239, 0.000411805
0.000109014, 0.000410959
0.00010879, 0.000410116
0.000108567, 0.000409277
0.000108345, 0.000408441
0.000108124, 0.000407609
0.000107904, 0.00040678
0.000107685, 0.000405954
0.000107467, 0.000405132
0.000107249, 0.000404313
0.000107033, 0.000403497
0.000106817, 0.000402685
0.000106602, 0.000401875
0.000106388, 0.00040107
0.000106175, 0.000400267
0.000105963, 0.000399467
0.000105751, 0.000398671
0.000105541, 0.000397878
0.000105331, 0.000397088
0.000105122, 0.000396301
0.000104914, 0.000395517
0.000104707, 0.000394737
0.0001045, 0.000393959
0.000104294, 0.000393185
0.00010409, 0.000392413
0.000103886, 0.000391645
0.000103682, 0.000390879
0.00010348, 0.000390117
0.000103278, 0.000389358
0.000103077, 0.000388601
0.000102877, 0.000387847
0.000102678, 0.000387097
0.000102479, 0.000386349
0.000102282, 0.000385604
0.000102085, 0.000384862
0.000101888, 0.000384123
0.000101693, 0.000383387
0.000101498, 0.000382653
0.000101304, 0.000381922
0.000101111, 0.000381194
0.000100918, 0.000380469
0.000100727, 0.000379747
0.000100536, 0.000379027
0.000100345, 0.00037831
0.000100156, 0.000377596
9.99667e-05, 0.000376884
9.97785e-05, 0.000376176
9.9591e-05, 0.000375469
9.94042e-05, 0.000374766
9.92181e-05, 0.000374065
9.90327e-05, 0.000373367
9.8848e-05, 0.000372671
9.8664e-05, 0.000371978
9.84807e-05, 0.000371287
9.8298e-05, 0.000370599
9.8116e-05, 0.000369914
9.79347e-05, 0.000369231
9.77541e-05, 0.00036855
9.75741e-05, 0.000367872
9.73948e-05, 0.000367197
9.72162e-05, 0.000366524
9.70382e-05, 0.000365854
9.68609e-05, 0.000365186
9.66842e-05, 0.00036452
9.65081e-05, 0.000363857
9.63327e-05, 0.000363196
9.61579e-05, 0.000362538
9.59838e-05, 0.000361882
9.58103e-05, 0.000361228
9.56374e-05, 0.000360577
9.54651e-05, 0.000359928
9.52935e-05, 0.000359281
9.51224e-05, 0.000358637
9.4952e-05, 0.000357995
9.47822e-05, 0.000357356
9.4613e-05, 0.000356718
9.44444e-05, 0.000356083
9.42764e-05, 0.00035545
9.4109e-05, 0.00035482
9.39422e-05, 0.000354191
9.3776e-05, 0.000353565
9.36104e-05, 0.000352941
9.34453e-05, 0.000352319
9.32808e-05, 0.0003517
9.3117e-05, 0.000351083
9.29536e-05, 0.000350467
9.27909e-05, 0.000349854
9.26287e-05, 0.000349243
9.24671e-05, 0.000348635
9.23061e-05, 0.000348028
9.21456e-05, 0.000347423
9.19857e-05, 0.000346821
9.18263e-05, 0.00034622
9.16675e-05, 0.000345622
9.15092e-05, 0.000345026
9.13515e-05, 0.000344432
9.11943e-05, 0.00034384
9.10377e-05, 0.000343249
9.08816e-05, 0.000342661
9.08816e-05, 0.000342661
9.0726e-05, 0.000342075
9.05709e-05, 0.000341491
9.04164e-05, 0.000340909
9.02624e-05, 0.000340329
9.0109e-05, 0.000339751
8.9956e-05, 0.000339175
8.98036e-05, 0.0003386
8.96517e-05, 0.000338028
8.95003e-05, 0.000337458
8.93494e-05, 0.000336889
8.91991e-05, 0.000336323
8.90492e-05, 0.000335758
8.88998e-05, 0.000335196
8.8751e-05, 0.000334635
8.86026e-05, 0.000334076
8.84547e-05, 0.000333519
8.83073e-05, 0.000332963
8.81604e-05, 0.00033241
8.8014e-05, 0.000331858
8.78681e-05, 0.000331309
8.77227e-05, 0.000330761
8.75777e-05, 0.000330215
8.74333e-05, 0.00032967
8.72893e-05, 0.000329128
8.71457e-05, 0.000328587
8.70027e-05, 0.000328048
8.68601e-05, 0.000327511
8.6718e-05, 0.000326975
8.65763e-05, 0.000326442
8.64351e-05, 0.00032591
8.62944e-05, 0.00032538
8.61541e-05, 0.000324851
8.60143e-05, 0.000324324
8.58749e-05, 0.000323799
8.5736e-05, 0.000323276
8.55975e-05, 0.000322754
8.54595e-05, 0.000322234
8.53219e-05, 0.000321716
8.51848e-05, 0.000321199
8.50481e-05, 0.000320684
8.49119e-05, 0.000320171
8.4776e-05, 0.000319659
8.46406e-05, 0.000319149
8.45057e-05, 0.00031864
8.43712e-05, 0.000318134
8.42371e-05, 0.000317628
8.41034e-05, 0.000317125
8.39702e-05, 0.000316623
8.38373e-05, 0.000316122
8.37049e-05, 0.000315623
8.35729e-05, 0.000315126
8.34414e-05, 0.00031463
8.33102e-05, 0.000314136
8.31794e-05, 0.000313643
8.30491e-05, 0.000313152
8.29192e-05, 0.000312663
8.27896e-05, 0.000312175
8.26605e-05, 0.000311688
8.25318e-05, 0.000311203
8.24035e-05, 0.00031072
8.22756e-05, 0.000310238
8.2148e-05, 0.000309757
8.20209e-05, 0.000309278
8.18942e-05, 0.000308801
8.17678e-05, 0.000308325
8.16419e-05, 0.00030785
8.15163e-05, 0.000307377
8.13911e-05, 0.000306905
8.12663e-05, 0.000306435
8.11419e-05, 0.000305966
8.10179e-05, 0.000305499
8.08942e-05, 0.000305033
8.07709e-05, 0.000304569
8.0648e-05, 0.000304105
8.05255e-05, 0.000303644
8.04033e-05, 0.000303183
8.02815e-05, 0.000302725
8.01601e-05, 0.000302267
8.00391e-05, 0.000301811
7.99184e-05, 0.000301356
7.9798e-05, 0.000300903
7.96781e-05, 0.000300451
7.95585e-05, 0.0003
7.94392e-05, 0.000299551
7.93203e-05, 0.000299103
7.92018e-05, 0.000298656
7.90836e-05, 0.000298211
7.89658e-05, 0.000297767
7.88483e-05, 0.000297324
7.87312e-05, 0.000296883
7.86144e-05, 0.000296443
7.8498e-05, 0.000296004
7.83819e-05, 0.000295567
7.82661e-05, 0.00029513
7.81507e-05, 0.000294695
7.80357e-05, 0.000294262
7.79209e-05, 0.00029383
7.78065e-05, 0.000293399
7.76925e-05, 0.000292969
7.75788e-05, 0.00029254
7.74654e-05, 0.000292113
7.73523e-05, 0.000291687
7.72396e-05, 0.000291262
7.71272e-05, 0.000290839
7.70151e-05, 0.000290416
7.69034e-05, 0.000289995
7.67919e-05, 0.000289575
7.66808e-05, 0.000289157
7.657e-05, 0.000288739
7.64596e-05, 0.000288323
7.63494e-05, 0.000287908
7.62396e-05, 0.000287494
7.61301e-05, 0.000287081
7.60209e-05, 0.00028667
7.5912e-05, 0.00028626
7.58034e-05, 0.00028585
7.56952e-05, 0.000285442
7.55872e-05, 0.000285036
7.54796e-05, 0.00028463
7.53722e-05, 0.000284225
7.52652e-05, 0.000283822
7.51585e-05, 0.00028342
7.5052e-05, 0.000283019
7.49459e-05, 0.000282619
7.48401e-05, 0.00028222
7.47346e-05, 0.000281822
7.46293e-05, 0.000281426
7.45244e-05, 0.00028103
7.44197e-05, 0.000280636
7.43154e-05, 0.000280243
7.42113e-05, 0.000279851
7.41076e-05, 0.00027946
7.40041e-05, 0.00027907
7.39009e-05, 0.000278681
7.3798e-05, 0.000278293
7.36954e-05, 0.000277906
7.35931e-05, 0.000277521
7.3491e-05, 0.000277136
7.33892e-05, 0.000276753
7.32878e-05, 0.00027637
7.31866e-05, 0.000275989
7.30856e-05, 0.000275609
7.2985e-05, 0.000275229
7.28846e-05, 0.000274851
7.27845e-05, 0.000274474
7.26847e-05, 0.000274098
7.25852e-05, 0.000273723
7.24859e-05, 0.000273349
7.23869e-05, 0.000272975
7.22882e-05, 0.000272603
7.21897e-05, 0.000272232
7.20915e-05, 0.000271862
7.19936e-05, 0.000271493
7.18959e-05, 0.000271125
7.17985e-05, 0.000270758
7.17014e-05, 0.000270392
7.16045e-05, 0.000270027
7.15079e-05, 0.000269663
7.15079e-05, 0.000269663
7.15079e-05, 0.000269663
7.15079e-05, 0.000269663
7.15079e-05, 0.000269663
7.15079e-05, 0.000269663
7.15079e-05, 0.000269663
7.15079e-05, 0.000269663
7.15079e-05, 0.000269663
7.15079e-05, 0.000269663
7.15079e-05, 0.000269663
7.15079e-05, 0.000269663
7.15079e-05, 0.000269663
7.15079e-05, 0.000269663
7.15079e-05, 0.000269663
7.15079e-05, 0.000269663
7.15079e-05, 0.000269663
7.15079e-05, 0.000269663
7.15079e-05, 0.000269663
7.15079e-05, 0.000269663
7.15079e-05, 0.000269663
7.15079e-05, 0.000269663
7.15079e-05, 0.000269663
7.15079e-05, 0.000269663
7.15079e-05, 0.000269663
7.15079e-05, 0.000269663
7.15079e-05, 0.000269663
7.15079e-05, 0.000269663
7.15079e-05, 0.000269663
7.15079e-05, 0.000269663
7.15079e-05, 0.000269663
7.15079e-05, 0.000269663
7.15079e-05, 0.000269663
7.15079e-05, 0.000269663
7.15079e-05, 0.000269663
7.15079e-05, 0.000269663
7.15079e-05, 0.000269663
7.14116e-05, 0.0002693
7.13155e-05, 0.000268938
7.12196e-05, 0.000268577
7.11241e-05, 0.000268216
7.10288e-05, 0.000267857
7.09337e-05, 0.000267499
7.08389e-05, 0.000267142
7.07443e-05, 0.000266785
7.065e-05, 0.00026643
7.0556e-05, 0.000266075
7.04622e-05, 0.000265722
7.03686e-05, 0.000265369
7.02753e-05, 0.000265018
7.01823e-05, 0.000264667
7.00894e-05, 0.000264317
6.99969e-05, 0.000263968
6.99046e-05, 0.00026362
6.98125e-05, 0.000263273
6.97206e-05, 0.000262927
6.9629e-05, 0.000262582
6.95377e-05, 0.000262238
6.94466e-05, 0.000261894
6.93557e-05, 0.000261552
6.9265e-05, 0.00026121
6.91746e-05, 0.00026087
6.90845e-05, 0.00026053
6.89945e-05, 0.000260191
6.89048e-05, 0.000259853
6.88154e-05, 0.000259516
6.87261e-05, 0.000259179
6.86371e-05, 0.000258844
6.85484e-05, 0.000258509
6.84598e-05, 0.000258176
6.83715e-05, 0.000257843
6.82834e-05, 0.000257511
6.81956e-05, 0.00025718
6.81079e-05, 0.000256849
6.80205e-05, 0.00025652
6.79333e-05, 0.000256191
6.78464e-05, 0.000255864
6.77596e-05, 0.000255537
6.76731e-05, 0.000255211
6.75868e-05, 0.000254885
6.75007e-05, 0.000254561
6.74149e-05, 0.000254237
6.73292e-05, 0.000253915
6.72438e-05, 0.000253593
6.71586e-05, 0.000253271
6.70736e-05, 0.000252951
6.69888e-05, 0.000252632
6.69043e-05, 0.000252313
6.68199e-05, 0.000251995
6.67358e-05, 0.000251678
6.66519e-05, 0.000251362
6.65681e-05, 0.000251046
6.64846e-05, 0.000250731
6.64013e-05, 0.000250417
6.63183e-05, 0.000250104
6.62354e-05, 0.000249792
6.61527e-05, 0.00024948
6.60702e-05, 0.000249169
6.5988e-05, 0.000248859
6.59059e-05, 0.00024855
6.58241e-05, 0.000248242
6.57424e-05, 0.000247934
6.5661e-05, 0.000247627
6.55797e-05, 0.000247321
6.54987e-05, 0.000247015
6.54178e-05, 0.000246711
6.53372e-05, 0.000246407
6.52567e-05, 0.000246103
6.51765e-05, 0.000245801
6.50964e-05, 0.000245499
6.50166e-05, 0.000245198
6.49369e-05, 0.000244898
6.48575e-05, 0.000244598
6.47782e-05, 0.0002443
6.46991e-05, 0.000244002
6.46202e-05, 0.000243704
6.45415e-05, 0.000243408
6.4463e-05, 0.000243112
6.43847e-05, 0.000242817
6.43066e-05, 0.000242522
6.42287e-05, 0.000242229
6.41509e-05, 0.000241935
6.40734e-05, 0.000241643
6.3996e-05, 0.000241352
6.39188e-05, 0.000241061
6.38418e-05, 0.00024077
6.3765e-05, 0.000240481
6.36884e-05, 0.000240192
6.3612e-05, 0.000239904
6.35357e-05, 0.000239617
6.34596e-05, 0.00023933
6.33837e-05, 0.000239044
6.3308e-05, 0.000238758
6.32325e-05, 0.000238474
6.31571e-05, 0.00023819
6.3082e-05, 0.000237906
6.3007e-05, 0.000237624
6.29322e-05, 0.000237342
6.28575e-05, 0.00023706
6.27831e-05, 0.00023678
6.27088e-05, 0.0002365
6.26347e-05, 0.00023622
6.25607e-05, 0.000235942
6.2487e-05, 0.000235664
6.24134e-05, 0.000235386
6.234e-05, 0.00023511
6.22667e-05, 0.000234834
6.21937e-05, 0.000234558
6.21208e-05, 0.000234283
6.20481e-05, 0.000234009
6.19755e-05, 0.000233736
6.19031e-05, 0.000233463
6.18309e-05, 0.000233191
6.17588e-05, 0.000232919
6.1687e-05, 0.000232648
6.16152e-05, 0.000232378
6.15437e-05, 0.000232108
6.14723e-05, 0.000231839
6.14011e-05, 0.000231571
6.13301e-05, 0.000231303
6.12592e-05, 0.000231036
6.11884e-05, 0.000230769
6.11179e-05, 0.000230503
6.10475e-05, 0.000230238
6.09772e-05, 0.000229973
6.09072e-05, 0.000229709
6.08373e-05, 0.000229446
6.07675e-05, 0.000229183
6.06979e-05, 0.00022892
6.06285e-05, 0.000228659
6.05592e-05, 0.000228397
6.04901e-05, 0.000228137
6.04211e-05, 0.000227877
6.03523e-05, 0.000227618
6.02837e-05, 0.000227359
6.02152e-05, 0.000227101
6.01468e-05, 0.000226843
6.00787e-05, 0.000226586
6.00106e-05, 0.00022633
5.99428e-05, 0.000226074
5.98751e-05, 0.000225819
5.98075e-05, 0.000225564
5.97401e-05, 0.00022531
5.96728e-05, 0.000225056
5.96057e-05, 0.000224803
5.95387e-05, 0.000224551
5.94719e-05, 0.000224299
5.94053e-05, 0.000224048
5.93388e-05, 0.000223797
5.92724e-05, 0.000223547
5.92062e-05, 0.000223297
5.91401e-05, 0.000223048
5.90742e-05, 0.0002228
5.90084e-05, 0.000222552
5.89428e-05, 0.000222305
5.88773e-05, 0.000222058
5.8812e-05, 0.000221811
5.87468e-05, 0.000221566
5.86818e-05, 0.000221321
5.86169e-05, 0.000221076
5.85521e-05, 0.000220832
5.84875e-05, 0.000220588
5.8423e-05, 0.000220345
5.83587e-05, 0.000220103
5.82945e-05, 0.000219861
5.82305e-05, 0.000219619
5.81665e-05, 0.000219378
5.81028e-05, 0.000219138
5.80392e-05, 0.000218898
5.79757e-05, 0.000218659
5.79123e-05, 0.00021842
5.78491e-05, 0.000218182
5.7786e-05, 0.000217944
5.77231e-05, 0.000217707
5.76603e-05, 0.00021747
5.75976e-05, 0.000217234
5.75351e-05, 0.000216998
5.74727e-05, 0.000216763
5.74105e-05, 0.000216528
5.73483e-05, 0.000216294
5.72864e-05, 0.00021606
5.72245e-05, 0.000215827
5.71628e-05, 0.000215595
5.71012e-05, 0.000215363
5.70397e-05, 0.000215131
5.69784e-05, 0.0002149
5.69172e-05, 0.000214669
5.68562e-05, 0.000214439
5.67952e-05, 0.000214209
5.67345e-05, 0.00021398
5.66738e-05, 0.000213751
5.66132e-05, 0.000213523
5.65528e-05, 0.000213295
5.64926e-05, 0.000213068
5.64324e-05, 0.000212841
5.63724e-05, 0.000212615
5.63125e-05, 0.000212389
5.62527e-05, 0.000212164
5.61931e-05, 0.000211939
5.61336e-05, 0.000211715
5.60742e-05, 0.000211491
5.60149e-05, 0.000211268
5.59558e-05, 0.000211045
5.58968e-05, 0.000210822
5.58379e-05, 0.0002106
5.57791e-05, 0.000210379
5.57205e-05, 0.000210158
5.56619e-05, 0.000209937
5.56035e-05, 0.000209717
5.55453e-05, 0.000209497
5.54871e-05, 0.000209278
5.54291e-05, 0.000209059
5.53712e-05, 0.000208841
5.53134e-05, 0.000208623
5.52557e-05, 0.000208406
5.51982e-05, 0.000208189
5.51407e-05, 0.000207972
5.50834e-05, 0.000207756
5.50262e-05, 0.000207541
5.49692e-05, 0.000207326
5.49122e-05, 0.000207111
5.48554e-05, 0.000206897
5.47987e-05, 0.000206683
5.47421e-05, 0.000206469
5.46856e-05, 0.000206256
5.46292e-05, 0.000206044
5.4573e-05, 0.000205832
5.45168e-05, 0.00020562
5.44608e-05, 0.000205409
5.44049e-05, 0.000205198
5.43491e-05, 0.000204988
5.42935e-05, 0.000204778
5.42379e-05, 0.000204569
5.41824e-05, 0.00020436
5.41271e-05, 0.000204151
5.40719e-05, 0.000203943
5.40168e-05, 0.000203735
5.39618e-05, 0.000203528
5.39069e-05, 0.000203321
5.38521e-05, 0.000203114
5.37975e-05, 0.000202908
5.37429e-05, 0.000202703
5.36885e-05, 0.000202497
5.36341e-05, 0.000202293
5.35799e-05, 0.000202088
5.35258e-05, 0.000201884
5.34718e-05, 0.000201681
5.34179e-05, 0.000201478
5.33641e-05, 0.000201275
5.33104e-05, 0.000201072
5.32569e-05, 0.00020087
5.32034e-05, 0.000200669
5.31501e-05, 0.000200468
5.30968e-05, 0.000200267
5.30437e-05, 0.000200067
5.29906e-05, 0.000199867
5.29377e-05, 0.000199667
5.28849e-05, 0.000199468
5.28322e-05, 0.000199269
5.27796e-05, 0.000199071
5.2727e-05, 0.000198873
5.26746e-05, 0.000198675
5.26223e-05, 0.000198478
5.25702e-05, 0.000198282
5.25181e-05, 0.000198085
5.24661e-05, 0.000197889
5.24142e-05, 0.000197694
5.23624e-05, 0.000197498
5.23107e-05, 0.000197304
5.22591e-05, 0.000197109
5.22077e-05, 0.000196915
5.21563e-05, 0.000196721
5.2105e-05, 0.000196528
5.20538e-05, 0.000196335
5.20028e-05, 0.000196143
5.19518e-05, 0.00019595
5.19009e-05, 0.000195759
5.18501e-05, 0.000195567
5.17995e-05, 0.000195376
5.17489e-05, 0.000195185
5.16984e-05, 0.000194995
5.1648e-05, 0.000194805
5.15977e-05, 0.000194616
5.15476e-05, 0.000194426
5.14975e-05, 0.000194238
5.14475e-05, 0.000194049
5.13976e-05, 0.000193861
5.13478e-05, 0.000193673
5.12981e-05, 0.000193486
5.12485e-05, 0.000193299
5.1199e-05, 0.000193112
5.11496e-05, 0.000192926
5.11003e-05, 0.00019274
5.1051e-05, 0.000192555
5.10019e-05, 0.000192369
5.09529e-05, 0.000192184
5.09039e-05, 0.000192
5.08551e-05, 0.000191816
5.08064e-05, 0.000191632
5.07577e-05, 0.000191449
5.07091e-05, 0.000191266
5.06607e-05, 0.000191083
5.06123e-05, 0.0001909
5.0564e-05, 0.000190718
5.05158e-05, 0.000190537
5.04677e-05, 0.000190355
5.04197e-05, 0.000190174
5.03718e-05, 0.000189994
5.03239e-05, 0.000189813
5.02762e-05, 0.000189633
5.02286e-05, 0.000189454
5.0181e-05, 0.000189274
5.01335e-05, 0.000189095
5.00862e-05, 0.000188917
5.00389e-05, 0.000188739
4.99917e-05, 0.000188561
4.99446e-05, 0.000188383
4.98975e-05, 0.000188206
4.98506e-05, 0.000188029
4.98038e-05, 0.000187852
4.9757e-05, 0.000187676
4.97103e-05, 0.0001875
4.96638e-05, 0.000187324
4.96173e-05, 0.000187149
4.95709e-05, 0.000186974
4.95245e-05, 0.0001868
4.94783e-05, 0.000186625
4.94322e-05, 0.000186451
4.93861e-05, 0.000186278
4.93401e-05, 0.000186104
4.92942e-05, 0.000185931
4.92484e-05, 0.000185759
4.92027e-05, 0.000185586
4.91571e-05, 0.000185414
4.91115e-05, 0.000185242
4.9066e-05, 0.000185071
4.90207e-05, 0.0001849
4.89754e-05, 0.000184729
4.89302e-05, 0.000184559
4.8885e-05, 0.000184388
4.884e-05, 0.000184219
4.8795e-05, 0.000184049
4.87501e-05, 0.00018388
4.87053e-05, 0.000183711
4.86606e-05, 0.000183542
4.8616e-05, 0.000183374
4.85714e-05, 0.000183206
4.85269e-05, 0.000183038
4.84826e-05, 0.000182871
4.84382e-05, 0.000182704
4.8394e-05, 0.000182537
4.83499e-05, 0.000182371
4.83058e-05, 0.000182205
4.82618e-05, 0.000182039
4.82179e-05, 0.000181873
4.81741e-05, 0.000181708
4.81303e-05, 0.000181543
4.80867e-05, 0.000181378
4.80431e-05, 0.000181214
4.79996e-05, 0.00018105
4.79561e-05, 0.000180886
4.79128e-05, 0.000180723
4.78695e-05, 0.00018056
4.78263e-05, 0.000180397
4.77832e-05, 0.000180234
4.77401e-05, 0.000180072
4.76972e-05, 0.00017991
4.76543e-05, 0.000179748
4.76115e-05, 0.000179587
4.75688e-05, 0.000179426
4.75261e-05, 0.000179265
4.74835e-05, 0.000179104
4.7441e-05, 0.000178944
4.73986e-05, 0.000178784
4.73562e-05, 0.000178625
4.7314e-05, 0.000178465
4.72718e-05, 0.000178306
4.72296e-05, 0.000178147
4.71876e-05, 0.000177989
4.71456e-05, 0.00017783
4.71037e-05, 0.000177672
4.70619e-05, 0.000177515
4.70201e-05, 0.000177357
4.69785e-05, 0.0001772
4.69369e-05, 0.000177043
4.68953e-05, 0.000176887
4.68539e-05, 0.00017673
4.68125e-05, 0.000176574
4.67712e-05, 0.000176419
4.67299e-05, 0.000176263
4.66888e-05, 0.000176108
4.66477e-05, 0.000175953
4.66067e-05, 0.000175798
4.65657e-05, 0.000175644
4.65248e-05, 0.00017549
4.6484e-05, 0.000175336
4.64433e-05, 0.000175182
4.64026e-05, 0.000175029
4.6362e-05, 0.000174876
4.63215e-05, 0.000174723
4.62811e-05, 0.000174571
4.62407e-05, 0.000174419
4.62004e-05, 0.000174267
4.61601e-05, 0.000174115
4.612e-05, 0.000173963
4.60799e-05, 0.000173812
4.60398e-05, 0.000173661
4.59999e-05, 0.000173511
4.596e-05, 0.00017336
4.59202e-05, 0.00017321
4.58804e-05, 0.00017306
4.58407e-05, 0.000172911
4.58011e-05, 0.000172761
4.57616e-05, 0.000172612
4.57221e-05, 0.000172463
4.56827e-05, 0.000172315
4.56434e-05, 0.000172166
4.56041e-05, 0.000172018
4.55649e-05, 0.000171871
4.55257e-05, 0.000171723
4.54867e-05, 0.000171576
4.54477e-05, 0.000171429
4.54087e-05, 0.000171282
4.53698e-05, 0.000171135
4.5331e-05, 0.000170989
4.52923e-05, 0.000170843
4.52536e-05, 0.000170697
4.5215e-05, 0.000170551
4.51765e-05, 0.000170406
4.5138e-05, 0.000170261
4.50996e-05, 0.000170116
4.50613e-05, 0.000169972
4.5023e-05, 0.000169827
4.49848e-05, 0.000169683
4.49466e-05, 0.000169539
4.49085e-05, 0.000169396
4.48705e-05, 0.000169252
4.48326e-05, 0.000169109
4.47947e-05, 0.000168966
4.47568e-05, 0.000168824
4.47191e-05, 0.000168681
4.46814e-05, 0.000168539
4.46437e-05, 0.000168397
4.46062e-05, 0.000168256
4.45687e-05, 0.000168114
4.45312e-05, 0.000167973
4.44938e-05, 0.000167832
4.44565e-05, 0.000167691
4.44192e-05, 0.000167551
4.4382e-05, 0.000167411
4.43449e-05, 0.000167271
4.43078e-05, 0.000167131
4.42708e-05, 0.000166991
4.42339e-05, 0.000166852
4.4197e-05, 0.000166713
4.41602e-05, 0.000166574
4.41234e-05, 0.000166436
4.40867e-05, 0.000166297
4.40501e-05, 0.000166159
4.40135e-05, 0.000166021
4.3977e-05, 0.000165883
4.39405e-05, 0.000165746
4.39041e-05, 0.000165609
4.38678e-05, 0.000165472
4.38315e-05, 0.000165335
4.37953e-05, 0.000165198
4.37591e-05, 0.000165062
4.3723e-05, 0.000164926
4.3687e-05, 0.00016479
4.3651e-05, 0.000164654
4.36151e-05, 0.000164519
4.35792e-05, 0.000164384
4.35434e-05, 0.000164249
4.35076e-05, 0.000164114
4.3472e-05, 0.000163979
4.34363e-05, 0.000163845
4.34008e-05, 0.000163711
4.33653e-05, 0.000163577
4.33298e-05, 0.000163443
4.32944e-05, 0.00016331
4.32591e-05, 0.000163177
4.32238e-05, 0.000163043
4.31886e-05, 0.000162911
4.31534e-05, 0.000162778
4.31183e-05, 0.000162646
4.30832e-05, 0.000162514
4.30482e-05, 0.000162382
4.30133e-05, 0.00016225
4.29784e-05, 0.000162118
4.29436e-05, 0.000161987
4.29088e-05, 0.000161856
4.28741e-05, 0.000161725
4.28395e-05, 0.000161594
4.28049e-05, 0.000161464
4.27703e-05, 0.000161334
4.27358e-05, 0.000161204
4.27014e-05, 0.000161074
4.2667e-05, 0.000160944
4.26327e-05, 0.000160815
4.25985e-05, 0.000160686
4.25642e-05, 0.000160557
4.25301e-05, 0.000160428
4.2496e-05, 0.000160299
4.24619e-05, 0.000160171
4.24279e-05, 0.000160043
4.2394e-05, 0.000159915
4.23601e-05, 0.000159787
4.23263e-05, 0.000159659
4.22925e-05, 0.000159532
4.22588e-05, 0.000159405
4.22251e-05, 0.000159278
4.21915e-05, 0.000159151
4.2158e-05, 0.000159025
4.21244e-05, 0.000158898
4.2091e-05, 0.000158772
4.20576e-05, 0.000158646
4.20242e-05, 0.00015852
4.1991e-05, 0.000158395
4.19577e-05, 0.00015827
4.19245e-05, 0.000158144
4.18914e-05, 0.000158019
4.18583e-05, 0.000157895
4.18253e-05, 0.00015777
4.17923e-05, 0.000157646
4.17594e-05, 0.000157522
4.17265e-05, 0.000157398
4.16937e-05, 0.000157274
4.16609e-05, 0.00015715
4.16282e-05, 0.000157027
4.15955e-05, 0.000156904
4.15629e-05, 0.000156781
4.15303e-05, 0.000156658
4.14978e-05, 0.000156535
4.14653e-05, 0.000156413
4.14329e-05, 0.000156291
4.14005e-05, 0.000156169
4.13682e-05, 0.000156047
4.1336e-05, 0.000155925
4.13037e-05, 0.000155804
4.12716e-05, 0.000155682
4.12395e-05, 0.000155561
4.12074e-05, 0.00015544
4.11754e-05, 0.00015532
4.11434e-05, 0.000155199
4.11115e-05, 0.000155079
4.10796e-05, 0.000154959
4.10478e-05, 0.000154839
4.10161e-05, 0.000154719
4.09843e-05, 0.000154599
4.09527e-05, 0.00015448
4.09211e-05, 0.000154361
4.08895e-05, 0.000154242
4.0858e-05, 0.000154123
4.08265e-05, 0.000154004
4.07951e-05, 0.000153886
4.07637e-05, 0.000153767
4.07324e-05, 0.000153649
4.07011e-05, 0.000153531
4.06699e-05, 0.000153413
4.06387e-05, 0.000153296
4.06075e-05, 0.000153178
4.05764e-05, 0.000153061
4.05454e-05, 0.000152944
4.05144e-05, 0.000152827
4.04835e-05, 0.000152711
4.04526e-05, 0.000152594
4.04217e-05, 0.000152478
4.03909e-05, 0.000152362
4.03601e-05, 0.000152246
4.03294e-05, 0.00015213
4.02988e-05, 0.000152014
4.02682e-05, 0.000151899
4.02376e-05, 0.000151783
4.02071e-05, 0.000151668
4.01766e-05, 0.000151553
4.01461e-05, 0.000151439
4.01158e-05, 0.000151324
4.00854e-05, 0.00015121
4.00551e-05, 0.000151095
4.00249e-05, 0.000150981
3.99947e-05, 0.000150867
3.99645e-05, 0.000150754
3.99344e-05, 0.00015064
3.99043e-05, 0.000150527
3.99043e-05, 0.000150527
3.98743e-05, 0.000150414
3.98443e-05, 0.000150301
3.98144e-05, 0.000150188
3.97845e-05, 0.000150075
3.97547e-05, 0.000149963
3.97249e-05, 0.00014985
3.96951e-05, 0.000149738
3.96654e-05, 0.000149626
3.96357e-05, 0.000149514
3.96061e-05, 0.000149402
3.95766e-05, 0.000149291
3.9547e-05, 0.00014918
3.95175e-05, 0.000149068
3.94881e-05, 0.000148957
3.94587e-05, 0.000148846
3.94293e-05, 0.000148736
3.94e-05, 0.000148625
3.93708e-05, 0.000148515
3.93415e-05, 0.000148405
3.93124e-05, 0.000148295
3.92832e-05, 0.000148185
3.92541e-05, 0.000148075
3.92251e-05, 0.000147965
3.91961e-05, 0.000147856
3.91671e-05, 0.000147747
3.91382e-05, 0.000147638
3.91093e-05, 0.000147529
3.90805e-05, 0.00014742
3.90517e-05, 0.000147312
3.90229e-05, 0.000147203
3.89942e-05, 0.000147095
3.89655e-05, 0.000146987
3.89369e-05, 0.000146879
3.89083e-05, 0.000146771
3.88798e-05, 0.000146663
3.88513e-05, 0.000146556
3.88228e-05, 0.000146449
3.87944e-05, 0.000146341
3.8766e-05, 0.000146234
3.87377e-05, 0.000146128
3.87094e-05, 0.000146021
3.86811e-05, 0.000145914
3.86529e-05, 0.000145808
3.86248e-05, 0.000145702
3.85966e-05, 0.000145596
3.85685e-05, 0.00014549
3.85405e-05, 0.000145384
3.85125e-05, 0.000145278
3.84845e-05, 0.000145173
3.84566e-05, 0.000145068
3.84287e-05, 0.000144963
3.84009e-05, 0.000144858
3.83731e-05, 0.000144753
3.83453e-05, 0.000144648
3.83176e-05, 0.000144543
3.82899e-05, 0.000144439
3.82623e-05, 0.000144335
3.82347e-05, 0.000144231
3.82071e-05, 0.000144127
3.81796e-05, 0.000144023
3.81521e-05, 0.000143919
3.81247e-05, 0.000143816
3.80972e-05, 0.000143713
3.80699e-05, 0.000143609
3.80426e-05, 0.000143506
3.80153e-05, 0.000143403
3.7988e-05, 0.000143301
3.79608e-05, 0.000143198
3.79336e-05, 0.000143096
3.79065e-05, 0.000142993
3.78794e-05, 0.000142891
3.78524e-05, 0.000142789
3.78254e-05, 0.000142687
3.77984e-05, 0.000142586
3.77714e-05, 0.000142484
3.77445e-05, 0.000142383
3.77177e-05, 0.000142281
3.76909e-05, 0.00014218
3.76641e-05, 0.000142079
3.76373e-05, 0.000141978
3.76106e-05, 0.000141878
3.75839e-05, 0.000141777
3.75573e-05, 0.000141677
3.75307e-05, 0.000141576
3.75042e-05, 0.000141476
3.74776e-05, 0.000141376
3.74512e-05, 0.000141276
3.74247e-05, 0.000141176
3.73983e-05, 0.000141077
3.73719e-05, 0.000140977
3.73456e-05, 0.000140878
3.73193e-05, 0.000140779
3.7293e-05, 0.00014068
3.72668e-05, 0.000140581
3.72406e-05, 0.000140482
3.72145e-05, 0.000140384
3.71884e-05, 0.000140285
3.71623e-05, 0.000140187
3.71363e-05, 0.000140089
3.71103e-05, 0.000139991
3.70843e-05, 0.000139893
3.70584e-05, 0.000139795
3.70325e-05, 0.000139697
3.70066e-05, 0.0001396
3.69808e-05, 0.000139502
3.6955e-05, 0.000139405
3.69293e-05, 0.000139308
3.69035e-05, 0.000139211
3.68779e-05, 0.000139114
3.68522e-05, 0.000139018
3.68266e-05, 0.000138921
3.6801e-05, 0.000138825
3.67755e-05, 0.000138728
3.675e-05, 0.000138632
3.67245e-05, 0.000138536
3.66991e-05, 0.00013844
3.66737e-05, 0.000138344
3.66484e-05, 0.000138249
3.6623e-05, 0.000138153
3.65977e-05, 0.000138058
3.65725e-05, 0.000137963
3.65473e-05, 0.000137868
3.65221e-05, 0.000137773
3.64969e-05, 0.000137678
3.64718e-05, 0.000137583
3.64467e-05, 0.000137489
3.64217e-05, 0.000137394
3.63967e-05, 0.0001373
3.63717e-05, 0.000137206
3.63468e-05, 0.000137112
3.63219e-05, 0.000137018
3.6297e-05, 0.000136924
3.62721e-05, 0.00013683
3.62473e-05, 0.000136737
3.62226e-05, 0.000136643
3.61978e-05, 0.00013655
3.61731e-05, 0.000136457
3.61484e-05, 0.000136364
3.61238e-05, 0.000136271
3.60992e-05, 0.000136178
3.60746e-05, 0.000136085
3.60501e-05, 0.000135993
3.60256e-05, 0.0001359
3.60011e-05, 0.000135808
3.59767e-05, 0.000135716
3.59523e-05, 0.000135624
3.59279e-05, 0.000135532
3.59036e-05, 0.00013544
3.58793e-05, 0.000135349
3.5855e-05, 0.000135257
3.58307e-05, 0.000135166
3.58065e-05, 0.000135074
3.57824e-05, 0.000134983
3.57582e-05, 0.000134892
3.57341e-05, 0.000134801
3.571e-05, 0.00013471
3.5686e-05, 0.00013462
3.5662e-05, 0.000134529
3.5638e-05, 0.000134439
3.56141e-05, 0.000134348
3.55901e-05, 0.000134258
3.55663e-05, 0.000134168
3.55424e-05, 0.000134078
3.55186e-05, 0.000133988
3.54948e-05, 0.000133899
3.5471e-05, 0.000133809
3.54473e-05, 0.00013372
3.54236e-05, 0.00013363
3.54e-05, 0.000133541
3.53763e-05, 0.000133452
3.53527e-05, 0.000133363
3.53292e-05, 0.000133274
3.53056e-05, 0.000133185
3.52821e-05, 0.000133097
3.52587e-05, 0.000133008
3.52352e-05, 0.00013292
3.52118e-05, 0.000132832
3.51884e-05, 0.000132743
3.51651e-05, 0.000132655
3.51418e-05, 0.000132567
3.51185e-05, 0.00013248
3.50952e-05, 0.000132392
3.5072e-05, 0.000132304
3.50488e-05, 0.000132217
3.50257e-05, 0.000132129
3.50025e-05, 0.000132042
3.49794e-05, 0.000131955
3.49563e-05, 0.000131868
3.49333e-05, 0.000131781
3.49103e-05, 0.000131694
3.48873e-05, 0.000131608
3.48644e-05, 0.000131521
3.48414e-05, 0.000131435
3.48186e-05, 0.000131349
3.47957e-05, 0.000131262
3.47729e-05, 0.000131176
3.47501e-05, 0.00013109
3.47273e-05, 0.000131004
3.47046e-05, 0.000130919
3.46819e-05, 0.000130833
3.46592e-05, 0.000130747
3.46365e-05, 0.000130662
3.46139e-05, 0.000130577
3.45913e-05, 0.000130492
3.45687e-05, 0.000130406
3.45462e-05, 0.000130321
3.45237e-05, 0.000130237
3.45012e-05, 0.000130152
3.44788e-05, 0.000130067
3.44564e-05, 0.000129983
3.4434e-05, 0.000129898
3.44116e-05, 0.000129814
3.43893e-05, 0.00012973
3.4367e-05, 0.000129646
3.43447e-05, 0.000129562
3.43225e-05, 0.000129478
3.43003e-05, 0.000129394
3.42781e-05, 0.00012931
3.42559e-05, 0.000129227
3.42338e-05, 0.000129143
3.42117e-05, 0.00012906
3.41897e-05, 0.000128977
3.41676e-05, 0.000128894
3.41456e-05, 0.000128811
3.41236e-05, 0.000128728
3.41017e-05, 0.000128645
3.40797e-05, 0.000128562
3.40578e-05, 0.00012848
3.4036e-05, 0.000128397
3.40141e-05, 0.000128315
3.39923e-05, 0.000128233
3.39705e-05, 0.00012815
3.39488e-05, 0.000128068
3.3927e-05, 0.000127986
3.39053e-05, 0.000127904
3.38836e-05, 0.000127823
3.3862e-05, 0.000127741
3.38404e-05, 0.00012766
3.38188e-05, 0.000127578
3.37972e-05, 0.000127497
3.37757e-05, 0.000127416
3.37542e-05, 0.000127334
3.37327e-05, 0.000127253
3.37112e-05, 0.000127173
3.36898e-05, 0.000127092
3.36684e-05, 0.000127011
3.3647e-05, 0.00012693
3.36257e-05, 0.00012685
3.36044e-05, 0.000126769
3.35831e-05, 0.000126689
3.35618e-05, 0.000126609
3.35406e-05, 0.000126529
3.35193e-05, 0.000126449
