2.02616
2.02707
2.02754
2.02664
2.02353
2.01634
2.0032
1.9919
1.97887
1.94419
1.92213
1.80318
1.80318
1.78286
1.75773
1.72835
1.70916
1.69017
1.64799
1.63873
1.62027
1.57905
1.56994
1.55181
1.5116
1.48947
1.46757
1.45028
1.42895
1.40786
1.38297
1.36657
1.35035
1.33035
1.31059
1.2871
1.27163
1.2563
1.23733
1.21485
1.19999
1.18526
1.15271
1.13509
1.11795
1.10462
1.08828
1.06906
1.05647
1.04402
1.03174
1.01965
0.99288
0.97824
0.963742
0.949353
0.937874
0.926517
0.912491
0.895778
0.884646
0.87082
0.854567
0.843938
0.830898
0.815535
0.807961
0.795552
0.783395
0.771548
0.757725
0.750994
0.740035
0.727113
0.718601
0.699978
0.695974
0.68026
0.672493
0.662874
0.651547
0.644038
0.636605
0.629322
0.620367
0.609619
0.602434
0.595272
0.586402
0.570558
0.567039
0.552834
0.543847
0.542024
0.525411
0.516146
0.506856
0.499475
0.492209
0.485125
0.476515
0.466621
0.460331
0.454224
0.446701
0.437636
0.425492
0.418029
0.410565
0.404598
0.39866
0.392798
0.385675
0.377522
0.372243
0.367039
0.355443
0.348937
0.342413
0.337198
0.330794
0.323145
0.318129
0.31326
0.30736
0.300558
0.296106
0.291742
0.28636
0.279855
0.275455
0.271063
0.261241
0.255746
0.250167
0.245731
0.240362
0.234275
0.230436
0.225905
0.222384
0.218953
0.215643
0.211625
0.206846
0.20066
0.19771
0.194036
0.189668
0.187488
0.183917
0.179696
0.177564
0.174031
0.169986
0.167359
0.164673
0.161207
0.156933
0.151061
0.148093
0.144335
0.139891
0.136929
0.134019
0.131153
0.127707
0.124337
0.120312
0.117616
0.11494
0.109098
0.106029
0.103076
0.100726
0.0984028
0.0960394
0.0930763
0.0895476
0.0872443
0.0849695
0.0820876
0.0791661
0.0739952
0.072868
0.0706669
0.0660919
0.0637002
0.0615146
0.0599133
0.0579868
0.0556847
0.0541428
0.0526139
0.0506409
0.0482364
0.0466649
0.0452092
0.0435427
0.041777
0.0408134
0.0399712
0.0390251
0.038106
0.0370692
0.0366457
0.0361643
0.0355094
0.0349565
0.0343289
0.0336952
0.0328838
0.0319529
0.0314651
0.0306618
0.0302233
0.0298621
0.0296794
0.0296986
0.0297144
0.0296061
0.0294394
0.0290649
0.0284679
0.0280109
0.0275093
0.0269163
0.0263882
0.0260629
0.0255472
0.0248167
0.0242396
0.0234049
0.022479
0.0212177
0.0203865
0.0195867
0.0185619
0.0172495
0.0164361
0.0157324
0.0149829
0.0137729
0.013505
0.0129161
0.0115908
0.0109777
0.0104257
0.010107
0.00990979
0.00991962
0.0102162
0.0105397
0.010989
0.0116798
0.0125499
0.0130919
0.0135443
0.0142856
0.014421
0.0147115
0.0152225
0.0153829
0.0154928
0.0153781
0.0151802
0.0147604
0.0140971
0.0135981
0.0128866
0.0120073
0.0114642
0.0110287
0.0106819
0.0103021
0.0102754
0.0101348
0.0100128
0.00996088
0.0100973
0.0103567
0.0106143
0.0108598
0.0109164
0.0108008
0.010578
0.0103
0.00987309
0.00930463
0.0090067
0.00887197
0.00926517
0.00982733
0.0102521
0.0107233
0.0112476
0.0119097
0.0127404
0.0132514
0.0137764
0.0144352
0.0153044
0.0159775
0.0166784
0.0175326
0.0188625
0.0191434
0.0201495
0.0206027
0.0210555
0.0214334
0.0216448
0.0218122
0.0220107
0.0222848
0.0227194
0.0230848
0.0235497
0.0242868
0.0253569
0.0267753
0.0275349
0.0282766
0.029113
0.0298449
0.0309334
0.0325772
0.0338305
0.035135
0.0368203
0.0387419
0.039931
0.0411133
0.0425558
0.0439094
0.0455126
0.0466785
0.04825
0.0501371
0.0512989
0.0523258
0.0534001
0.0543645
0.0548165
0.055512
0.0558708
0.0562727
0.0565843
0.0569269
0.0574556
0.0580794
0.0584969
0.0589626
0.0595546
0.0601362
0.0603828
0.0605442
0.0608134
0.0609017
0.0612006
0.0622935
0.0630782
0.0639217
0.0646128
0.0653947
0.06636
0.0669288
0.0678879
0.0688802
0.0702279
0.0709045
0.0720143
0.0732962
0.0741098
0.0748491
0.0760789
0.0764473
0.0766335
0.076719
0.0767617
0.0768131
0.0769468
0.0771231
0.0774355
0.0779262
0.0782735
0.078665
0.0790575
0.0796604
0.0795053
0.0795053
0.0784117
0.0775333
0.0763046
0.0753029
0.073789
0.0717394
0.0703324
0.0689532
0.0671916
0.0578658
0.0578658
0.056181
0.0526062
0.0509839
0.0506767
0.0484667
0.0475138
0.0465294
0.0458497
0.0453107
0.0450149
0.0446938
0.0442721
0.0438751
0.0435686
0.0434114
0.0431689
0.0419421
0.0409535
0.0407365
0.0390458
0.0379746
0.0367047
0.0359075
0.0351058
0.0343245
0.0334627
0.0327996
0.0322158
0.0320211
0.0317741
0.0314707
0.0311782
0.0303692
0.0299039
0.0293503
0.0288876
0.0282976
0.0276738
0.0269928
0.0262371
0.0257625
0.0253357
0.0248646
0.0242634
0.0238487
0.0229319
0.0222606
0.0214958
0.020869
0.0200704
0.0190951
0.0183753
0.0172945
0.0159099
0.0149466
0.0139199
0.0128999
0.0118942
0.010637
0.00837163
0.00788058
0.00696184
0.00520573
0.00488755
0.00429223
0.00310258
0.00232076
0.00123347
0.000439372
0.00065355
0.00174855
0.00274133
0.00337538
0.00388564
0.00421999
0.00441889
0.00449862
0.0046415
0.00483641
0.00507446
0.00534032
0.00585532
0.00613928
0.00639382
0.00665949
0.00680073
0.00680849
0.00671822
0.00671949
0.00674861
0.00687778
0.00699573
0.00709497
0.00725628
0.00745232
0.00754646
0.00755722
0.00746827
0.00714803
0.00691808
0.00666729
0.00637435
0.00586039
0.00493288
0.00425008
0.00357748
0.00290964
0.00169196
0.00126584
0.00100072
0.000808413
0.000719101
0.000651394
0.000653065
0.000805572
0.00126336
0.00197588
0.00237239
0.00267455
0.00292203
0.0031599
0.0031838
0.003015
0.00227314
0.00168144
0.00114548
0.00074084
0.000592492
0.000600721
0.000766606
0.00106349
0.00122792
0.00128697
0.00113824
0.00064602
8.8338e-05
0.000569582
0.00199255
0.00277786
0.00337011
0.00401149
0.00474842
0.00519125
0.00556742
0.00602421
0.00666186
0.00706152
0.00732888
0.00748419
0.00752984
0.00749668
0.00750416
0.0075509
0.00800908
0.00855803
0.00867736
0.0092025
0.0104341
0.0107046
0.0107449
0.0107884
0.0106206
0.0102646
0.00985501
0.00935177
0.00872422
0.00818591
0.00798157
0.00796261
0.00823923
0.00850148
0.00881476
0.00920187
0.00968144
0.00999784
0.0103122
0.0108399
0.0108907
0.010877
0.0105469
0.0101799
0.00971068
0.0093914
0.00911866
0.00877701
0.00850066
0.00845303
0.00847504
0.00859571
0.00877274
0.00895535
0.00917552
0.00936722
0.00941787
0.00912702
0.00882324
0.0085214
0.00850659
0.00869641
0.00902559
0.00951126
0.0101828
0.0106212
0.0110449
0.0114812
0.0121012
0.0129246
0.0138947
0.0143945
0.014982
0.0156953
0.0166641
0.0176981
0.0182463
0.018701
0.0192391
0.0198779
0.0206427
0.0209024
0.0211721
0.021486
0.0218024
0.0222785
0.0229411
0.0236172
0.0239684
0.0242751
0.0245319
0.0246724
0.0246579
0.0244268
0.024012
0.0236009
0.0231936
0.0222893
0.0219705
0.0217679
0.0216532
0.0215899
0.0216
0.0217536
0.0220117
0.0221394
0.022215
0.0222698
0.0224816
0.0227015
0.0230459
0.0234718
0.0237046
0.0243506
0.0247158
0.0250367
0.0253142
0.0255383
0.0257964
0.0261835
0.0264643
0.0267552
0.0272194
0.0279199
0.0283816
0.0287349
0.0292687
0.0293888
0.029586
0.0299586
0.0303163
0.0307191
0.0310867
0.0314772
0.0319226
0.0323524
0.0325769
0.0329679
0.0335463
0.0339201
0.0346414
0.0356696
0.036495
0.0374098
0.0396979
0.0405501
0.0411084
0.0416196
0.0418978
0.0419621
0.0420176
0.0421226
0.0422451
0.0424025
0.0425365
0.0426277
0.0426412
0.0426536
0.0426266
0.0426089
0.0425715
0.0423777
0.0422256
0.0419869
0.0418471
0.0417914
0.0417792
0.0423064
0.0423064
0.0422355
0.0422143
0.0420865
0.0419804
0.0418114
0.0416995
0.0415867
0.0414803
0.0414931
0.0415135
0.0415428
0.0414559
0.0411109
0.0408132
0.0394773
0.0393482
0.0383517
0.0380021
0.0377541
0.0375612
0.0374734
0.0373475
0.037177
0.0369151
0.0367304
0.0364172
0.0360602
0.0359628
0.0359187
0.0359085
0.0359795
0.0360491
0.0363926
0.0365848
0.0368922
0.0373614
0.0376049
0.0380799
0.0386128
0.038953
0.0393393
0.0399649
0.0407973
0.0412694
0.0416588
0.0420727
0.0424686
0.0428563
0.0430564
0.043396
0.0434622
0.0435639
0.0437161
0.0439058
0.044053
0.0441542
0.0441926
0.0441159
0.0437086
0.043429
0.0430884
0.0426001
0.0420958
0.0418031
0.0415406
0.0412085
0.0409081
0.0408088
0.0407404
0.0407548
0.040844
0.0410038
0.0413088
0.041691
0.0422672
0.0429105
0.0432495
0.0435779
0.0438758
0.0442422
0.044615
0.0449047
0.0453261
0.0459393
0.0464598
0.0470336
0.0483522
0.048672
0.0500079
0.0509539
0.051877
0.05252
0.0532936
0.0542987
0.0547962
0.0556774
0.0565979
0.0575979
0.0582457
0.0588725
0.0595064
0.0604136
0.0614695
0.0636926
0.0642494
0.0665574
0.0680964
0.0692813
0.0706494
0.0720015
0.0727702
0.0734955
0.074304
0.0752457
0.0758258
0.0762907
0.0767318
0.0771147
0.0775857
0.0779056
0.0782785
0.0795579
0.0799456
0.0807986
0.0827823
0.0838555
0.084935
0.0859541
0.0870508
0.0872916
0.0894776
0.0905866
0.091622
0.0923146
0.0929725
0.0937247
0.0944536
0.0947937
0.0954492
0.0965013
0.0974201
0.0984726
0.100936
0.10145
0.103025
0.103629
0.104081
0.104399
0.104618
0.104784
0.10505
0.105495
0.105758
0.105952
0.10623
0.106254
0.106311
0.106354
0.106346
0.106365
0.106382
0.106263
0.106138
0.105948
0.105724
0.1055
0.105441
0.105494
0.105473
0.105467
0.105518
0.10561
0.105915
0.106273
0.106555
0.106702
0.106911
0.107178
0.107686
0.107764
0.107843
0.10783
0.107778
0.107788
0.10788
0.107993
0.108131
0.108253
0.108491
0.108743
0.108847
0.108918
0.108947
0.108926
0.110493
0.110493
0.111251
0.11229
0.113445
0.114043
0.114505
0.11486
0.114943
0.114827
0.114773
0.114668
0.114525
0.114385
0.114315
0.114246
0.114233
0.114242
0.114314
0.114377
0.114273
0.114084
0.113873
0.11363
0.113339
0.113158
0.113037
0.112917
0.112848
0.11285
0.112865
0.11286
0.112925
0.113107
0.113824
0.114543
0.11556
0.116323
0.117072
0.117866
0.118656
0.119066
0.119338
0.119431
0.119245
0.118789
0.11805
0.11744
0.116597
0.115646
0.115237
0.114727
0.114387
0.11401
0.113701
0.113021
0.112832
0.112813
0.112876
0.113014
0.113103
0.11313
0.113035
0.112642
0.112173
0.11158
0.110837
0.109816
0.108888
0.107925
0.10741
0.106977
0.106597
0.106089
0.106134
0.106268
0.106461
0.106784
0.106954
0.107279
0.107659
0.107892
0.108295
0.108711
0.109179
0.109512
0.109907
0.110399
0.110688
0.110886
0.111107
0.111281
0.111611
0.111843
0.112027
0.112236
0.112333
0.112317
0.112164
0.111968
0.111908
0.111888
0.111932
0.112121
0.112604
0.112888
0.113128
0.113304
0.113509
0.113693
0.113693
0.113667
0.113656
0.113736
0.113871
0.114018
0.114115
0.114114
0.113969
0.113797
0.113203
0.112706
0.112289
0.111993
0.111842
0.111658
0.111442
0.111359
0.111428
0.111576
0.111794
0.111858
0.11178
0.111586
0.111336
0.111119
0.110768
0.110285
0.110008
0.109553
0.109041
0.108638
0.107678
0.107228
0.10715
0.106438
0.10604
0.105738
0.105497
0.105293
0.104972
0.104384
0.10391
0.103378
0.102736
0.102003
0.101466
0.10091
0.100377
0.0995009
0.099392
0.0992137
0.0992741
0.0993873
0.099617
0.100109
0.10051
0.101026
0.101629
0.1025
0.103488
0.104733
0.105505
0.106634
0.107051
0.107403
0.107904
0.108171
0.108308
0.108375
0.108455
0.108457
0.108473
0.108638
0.108788
0.108945
0.109386
0.10958
0.109604
0.109736
0.109816
0.11004
0.110304
0.110561
0.110741
0.110877
0.111028
0.111151
0.111271
0.11146
0.111681
0.111771
0.11191
0.112059
0.112375
0.112699
0.112972
0.113296
0.113507
0.113976
0.114804
0.115263
0.116026
0.117054
0.118778
0.118778
0.120779
0.12113
0.121718
0.122731
0.122825
0.123527
0.123791
0.123928
0.1239
0.123836
0.123694
0.123523
0.123248
0.122906
0.122516
0.122193
0.121873
0.121389
0.120892
0.120772
0.119842
0.119457
0.119106
0.118881
0.118735
0.118617
0.118371
0.117893
0.117525
0.117097
0.116404
0.115364
0.114627
0.113248
0.112595
0.11195
0.11162
0.111442
0.111413
0.111522
0.111854
0.112135
0.112489
0.113026
0.113846
0.114517
0.11599
0.116794
0.117524
0.118198
0.118556
0.118877
0.119163
0.119238
0.119218
0.119181
0.119154
0.119218
0.119271
0.119316
0.119414
0.119519
0.119585
0.119712
0.119915
0.120114
0.120194
0.120323
0.120371
0.12038
0.120572
0.120851
0.121192
0.121421
0.121566
0.121602
0.121349
0.120701
0.120072
0.119249
0.118093
0.116749
0.116103
0.115091
0.114108
0.112897
0.112015
0.110041
0.108628
0.107018
0.105015
0.103708
0.102107
0.100352
0.0992592
0.0982189
0.0971744
0.09593
0.0945439
0.0937297
0.0929706
0.0879583
0.0879583
0.0870988
0.086019
0.0851955
0.0843458
0.0832936
0.082144
0.0816387
0.0804052
0.0803196
0.079577
0.0791552
0.078595
0.0780666
0.0773777
0.0768231
0.0762858
0.0757686
0.0753488
0.0750981
0.0747631
0.0742753
0.0736441
0.073218
0.0727854
0.0717187
0.0716311
0.071055
0.0707766
0.0703679
0.0699588
0.0696154
0.0694569
0.0693884
0.0694257
0.0695304
0.0697308
0.0698618
0.070113
0.0707561
0.0708469
0.071477
0.0717734
0.0720989
0.0725088
0.0727743
0.0730594
0.0732473
0.073242
0.073099
0.0728193
0.072338
0.0720206
0.0717261
0.0714346
0.070945
0.0708874
0.0707598
0.0708127
0.0708671
0.0710441
0.0713543
0.0719596
0.0731011
0.0740646
0.0755205
0.0774022
0.0785915
0.0797494
0.0808511
0.0822257
0.0839843
0.0852601
0.0866627
0.0901397
0.0923327
0.0936994
0.0950329
0.0967307
0.0989128
0.100318
0.101678
0.103308
0.10504
0.106061
0.107042
0.108042
0.110841
0.112271
0.113306
0.114257
0.115364
0.116467
0.117918
0.118898
0.120046
0.121172
0.121796
0.122319
0.122925
0.123549
0.123849
0.124112
0.12436
0.124636
0.124925
0.125647
0.125728
0.126393
0.126767
0.127366
0.128275
0.12906
0.130034
0.131433
0.13326
0.134563
0.135871
0.137529
0.139163
0.14096
0.141982
0.142793
0.14405
0.144126
0.144568
0.144744
0.14489
0.145018
0.145147
0.145251
0.145372
0.145645
0.146061
0.146348
0.146667
0.147172
0.147927
0.148522
0.149765
0.150411
0.151171
0.152084
0.152768
0.153456
0.15414
0.154893
0.155685
0.155994
0.156586
0.156621
0.156717
0.156783
0.156947
0.157135
0.157345
0.157592
0.157836
0.158053
0.158215
0.15836
0.158416
0.158271
0.15796
0.157387
0.156472
0.155182
0.154354
0.153461
0.152595
0.15186
0.151087
0.14996
0.148461
0.147365
0.146173
0.144574
0.142662
0.141408
0.139775
0.13776
0.136793
0.134076
0.133449
0.132507
0.129347
0.129108
0.127413
0.126567
0.12593
0.125412
0.125016
0.124442
0.123857
0.123098
0.122734
0.122137
0.121493
0.120723
0.120349
0.119664
0.118683
0.11802
0.116847
0.116331
0.115889
0.115645
0.115208
0.114568
0.114068
0.113462
0.112804
0.11209
0.111014
0.108254
0.107932
0.105311
0.104054
0.10265
0.10138
0.100027
0.0993146
0.0988159
0.0984497
0.0981516
0.0973863
0.097309
0.0965735
0.0961949
0.0958152
0.0952532
0.0945403
0.0940916
0.0936046
0.0930826
0.0917319
0.0914212
0.0900676
0.0893413
0.088364
0.0872585
0.0865189
0.0858311
0.0851673
0.0845571
0.0841478
0.0837697
0.0834291
0.0831889
0.082907
0.0826683
0.0823789
0.0817595
0.0816741
0.081667
0.0820147
0.0823196
0.0825993
0.0825854
0.0823801
0.0821134
0.0816806
0.0812436
0.0808375
0.0807577
0.0808447
0.0812003
0.0815314
0.0818472
0.0822395
0.0829473
0.083573
0.0844293
0.0852851
0.0861586
0.086573
0.0870422
0.0871939
0.0873457
0.0874938
0.0877535
0.0882215
0.0890883
0.0898994
0.0909368
0.0922216
0.0940322
0.0962565
0.0973592
0.10114
0.101513
0.104503
0.105969
0.107697
0.109528
0.110662
0.111673
0.112571
0.113582
0.114549
0.115075
0.115891
0.116316
0.11683
0.117457
0.118086
0.118961
0.120186
0.12104
0.122005
0.123047
0.123652
0.124262
0.124878
0.12573
0.126801
0.127504
0.128214
0.128992
0.130153
0.130417
0.131396
0.131773
0.132177
0.132622
0.133176
0.133464
0.133753
0.133923
0.133983
0.134098
0.134265
0.134602
0.13514
0.135603
0.13698
0.137979
0.139159
0.139889
0.140617
0.141569
0.142854
0.143703
0.144558
0.145705
0.147148
0.148038
0.148843
0.149805
0.150857
0.151327
0.152722
0.153018
0.154185
0.154684
0.155177
0.155893
0.156799
0.157438
0.158068
0.158803
0.159486
0.159739
0.159523
0.158865
0.157871
0.156508
0.155191
0.153352
0.150973
0.149273
0.147447
0.145038
0.14194
0.139817
0.137736
0.135688
0.133157
0.128945
0.126461
0.12501
0.123629
0.122075
0.120628
0.119069
0.118109
0.116898
0.115367
0.114357
0.113344
0.112013
0.110415
0.109423
0.10843
0.107385
0.104589
0.104307
0.102043
0.10084
0.0993681
0.0979596
0.0964486
0.095797
0.0947866
0.0936722
0.0927272
0.0914555
0.0899274
0.0853199
0.0848157
0.0808563
0.0783587
0.0757177
0.0730214
0.0707652
0.0678832
0.0645316
0.062361
0.0601727
0.0574394
0.0542019
0.0520172
0.0498787
0.0472898
0.0441799
0.0421017
0.040106
0.0359548
0.033766
0.0316101
0.0294956
0.0277775
0.0256542
0.0230623
0.0217971
0.0196977
0.0172342
0.0157091
0.0140474
0.0123404
0.0113624
0.0102073
0.00896024
0.00844111
0.00766943
0.00675631
0.0061275
0.00548139
0.00402524
0.00293799
0.00206062
0.00115387
2.20368e-05
0.00162298
0.00285171
0.00416377
0.00582006
0.00783896
0.00913149
0.0103707
0.0117853
0.0133493
0.0143175
0.0158084
0.0163591
0.0167374
0.0168626
0.0166708
0.0163248
0.0157872
0.0149821
0.0138982
0.0131738
0.0122111
0.0110463
0.010306
0.00966183
0.00896977
0.00817087
0.00764547
0.00712587
0.00575658
0.00540718
0.00399249
0.00319641
0.00258335
0.00219696
0.00193057
0.00159245
0.00108683
0.000469217
2.91987e-06
0.000584243
0.002111
0.00316988
0.00420356
0.00525241
0.00605584
0.00682787
0.0076848
0.00865388
0.00922393
0.00977284
0.0104302
0.0110617
0.0112757
0.0116417
0.0117141
0.0119329
0.0119901
0.012056
0.012221
0.0123564
0.0124468
0.0125629
0.0127744
0.0130764
0.0132184
0.0133246
0.0133933
0.0134432
0.0135229
0.0136194
0.0139782
0.0141041
0.0146719
0.0151347
0.0157663
0.0162063
0.0166141
0.017002
0.0171953
0.0172459
0.0172074
0.0171455
0.017181
0.017546
0.0178993
0.0195996
0.0200742
0.0219303
0.0226585
0.0234502
0.0241085
0.0246057
0.0248002
0.0249853
0.0251301
0.0252822
0.0256098
0.0258243
0.0262921
0.0263133
0.0265221
0.0265826
0.026523
0.0263089
0.0260508
0.0257311
0.0253369
0.0248815
0.0246675
0.0245558
0.0245172
0.0252384
0.0252384
0.0262093
0.0268009
0.0276152
0.0292717
0.0294017
0.0299024
0.0309827
0.0313259
0.0316224
0.0318209
0.0318384
0.0318296
0.0318034
0.0318044
0.0319685
0.0321351
0.0322627
0.032319
0.0322794
0.0322933
0.0323077
0.0323715
0.0324641
0.0324761
0.0324299
0.0322479
0.0319749
0.0318637
0.0317969
0.0319584
0.0323543
0.0326147
0.0328564
0.0331356
0.0333382
0.0333879
0.0335922
0.0337001
0.0337158
0.0338835
0.0339448
0.0339521
0.0339412
0.0338315
0.0336417
0.0333984
0.0331067
0.0327851
0.0325496
0.0322498
0.0312945
0.0311881
0.0305318
0.0304161
0.0305084
0.0307274
0.0310895
0.0315357
0.0322182
0.0330703
0.0335264
0.0339052
0.0344812
0.0347287
0.0350097
0.0351641
0.0352428
0.0352982
0.0353009
0.0352718
0.0353129
0.035361
0.0353921
0.0355267
0.0357155
0.0358788
0.0361989
0.036659
0.0370066
0.0374285
0.0380227
0.0387191
0.0391545
0.0394784
0.0396758
0.0397751
0.0398455
0.0398318
0.0397369
0.0395337
0.0390584
0.0385576
0.0379453
0.0372145
0.0360806
0.0343108
0.033291
0.0315161
0.029457
0.0281278
0.0268297
0.0252524
0.0225494
0.0216519
0.0207003
0.0197401
0.0192424
0.0188439
0.0185667
0.0182681
0.0179042
0.0179042
0.0179042
0.0179042
0.0179042
0.0179042
0.0179042
0.0179042
0.0179042
0.0179042
0.0179042
0.0179042
0.0179042
0.0179042
0.0179042
0.0179042
0.0179042
0.0179042
0.0179042
0.0179042
0.0179042
0.0179042
0.0179042
0.0179042
0.0179042
0.0179042
0.0179042
0.0179042
0.0179042
0.0179042
0.0179042
0.0179042
0.0179042
0.0179042
0.0179042
0.0179042
0.0179042
0.0179042
0.0179042
0.0179042
0.0179042
0.0179042
0.0179042
0.0179042
0.0179042
0.0179042
0.0179042
0.0179042
0.0179042
0.0179042
0.0179042
0.0179042
0.0179042
0.0179042
0.0179042
0.0179042
0.0179042
0.0179042
0.0179042
0.0179042
0.0179042
0.0179042
0.0179042
0.0179042
0.0179042
0.0179042
0.0179042
0.0179042
0.0179042
0.0179042
0.0179042
0.0179042
0.0179042
0.0179042
0.0179042
0.0179042
0.0179042
0.0179042
0.0179042
0.0179042
0.0179042
0.0179042
0.0179042
0.0179042
0.0179042
0.0179042
0.0179042
0.0179042
0.0179042
0.0179042
0.0179042
0.0179042
0.0179042
0.0179042
0.0179042
0.0179042
0.0179042
0.0179042
0.0179042
0.0179042
0.0179042
0.0179042
0.0179042
0.0179042
0.0179042
0.0179042
0.0179042
0.0179042
0.0179042
0.0179042
0.0179042
0.0179042
0.0179042
0.0179042
0.0179042
0.0179042
0.0179042
0.0179042
0.0179042
0.0179042
0.0179042
0.0179042
0.0179042
0.0179042
0.0179042
0.0179042
0.0179042
0.0179042
0.0179042
0.0179042
0.0179042
0.0179042
0.0179042
0.0179042
0.0179042
0.0179042
0.0179042
0.0179042
0.0179042
0.0179042
0.0179042
0.0179042
0.0179042
0.0179042
0.0179042
0.0179042
0.0179042
0.0179042
0.0179042
0.0179042
0.0179042
0.0179042
0.0179042
0.0179042
0.0179042
0.0179042
0.0179042
0.0179042
0.0179042
0.0179042
0.0179042
0.0179042
0.0179042
0.0179042
0.0179042
0.0179042
0.0179042
0.0179042
0.0179042
0.0179042
0.0179042
0.0179042
0.0179042
0.0179042
0.0179042
0.0179042
0.0179042
0.0179042
0.0179042
0.0179042
0.0179042
0.0179042
0.0179042
0.0179042
0.0179042
0.0179042
0.0179042
0.0179042
0.0179042
0.0179042
0.0179042
0.0179042
0.0179042
0.0179042
0.0179042
0.0179042
0.0179042
0.0179042
0.0179042
0.0179042
0.0179042
0.0179042
0.0179042
0.0179042
0.0179042
0.0179042
0.0179042
0.0179042
0.0179042
0.0179042
0.0179042
0.0179042
0.0179042
0.0179042
0.0179042
0.0179042
0.0179042
0.0179042
0.0179042
0.0179042
0.0179042
0.0179042
0.0179042
0.0179042
0.0179042
0.0179042
0.172198
0.168021
0.158955
0.157036
0.149651
0.145385
0.14051
0.13734
0.134238
0.131225
0.127501
0.123104
0.120277
0.117505
0.114722
0.108147
0.104273
0.100387
0.095765
0.092811
0.0892669
0.085114
0.0824371
0.0797988
0.0766255
0.0728885
0.0704095
0.0678745
0.0627525
0.0602374
0.0577424
0.0546849
0.0512047
0.0495047
0.0465995
0.043082
0.0406933
0.0383037
0.0353005
0.0315801
0.0296233
0.0234874
0.0200521
0.0165375
0.0129919
0.00863077
0.00561197
0.0025008
0.00134537
0.00586382
0.00872095
0.0113488
0.0143493
0.0176998
0.0198003
0.0218721
0.0244769
0.0270475
0.0299351
0.0317595
0.033918
0.0363091
0.0378746
0.0398146
0.0420515
0.0435362
0.0467578
0.0488641
0.0513825
0.0530976
0.0547381
0.0563113
0.0581484
0.060321
0.0617545
0.0631963
0.0649621
0.0669546
0.0682676
0.0711347
0.0723967
0.0730035
0.0755136
0.0769459
0.0788095
0.0805827
0.0819721
0.0833287
0.0849099
0.0867215
0.0879369
0.0891558
0.0923773
0.0927274
0.0955508
0.0969703
0.0986945
0.100753
0.102165
0.103598
0.1053
0.107191
0.108113
0.109377
0.109959
0.110067
0.109946
0.109213
0.109121
0.10811
0.107346
0.106661
0.105946
0.105616
0.10535
0.105137
0.105137
0.10524
0.10535
0.105496
0.105821
0.106815
0.107069
0.107877
0.107941
0.107977
0.107677
0.107112
0.106581
0.106027
0.105272
0.104343
0.10377
0.103189
0.102639
0.101975
0.101397
0.101038
0.100912
0.101002
0.101727
0.102261
0.102995
0.103765
0.104107
0.104282
0.104239
0.103996
0.103677
0.103347
0.103208
0.103208
0.103474
0.103688
0.104568
0.104677
0.105546
0.105907
0.106156
0.105995
0.105629
0.105142
0.104574
0.103747
0.102451
0.101351
0.100121
0.0968374
0.0951416
0.0938165
0.0922029
0.0904344
0.0892885
0.0879154
0.0867048
0.0856247
0.0847692
0.0837762
0.0825501
0.0817336
0.0806451
0.079292
0.0786272
0.0776126
0.0764346
0.0758643
0.0749008
0.0736559
0.0727666
0.0718706
0.0697525
0.0695548
0.0676544
0.066666
0.0652754
0.0637998
0.062062
0.0609402
0.0599055
0.0587007
0.0574423
0.0569283
0.0561541
0.0554983
0.0548872
0.0544703
0.0539868
0.0529357
0.0522345
0.0515497
0.050987
0.0505925
0.0501673
0.0497196
0.0492105
0.0484934
0.0477731
0.0466352
0.0464188
0.0455795
0.045082
0.0445421
0.0437376
0.0426808
0.0421415
0.0411927
0.039897
0.0389966
0.0379771
0.0369581
0.0364495
0.0357565
0.0355403
0.0354213
0.0353597
0.0352263
0.0350128
0.0347846
0.0346185
0.0344548
0.0342418
0.0338466
0.0332702
0.0329214
0.032217
0.0317584
0.0310105
0.0300195
0.0293468
0.0287123
0.0279147
0.0270231
0.0264704
0.0259038
0.0246301
0.0239826
0.0233436
0.0228994
0.0225851
0.022443
0.0224015
0.0225894
0.0228671
0.0232968
0.0237739
0.024084
0.0243765
0.024662
0.024918
0.0250575
0.0255077
0.0259189
0.0265973
0.0271942
0.0278588
0.0288266
0.0302811
0.0314126
0.032621
0.0339232
0.0356115
0.037681
0.0390208
0.0412388
0.0420613
0.0429362
0.0438307
0.0444494
0.0451193
0.0458224
0.0466728
0.0475342
0.0485698
0.0491887
0.0501161
0.0506604
0.0514263
0.0520929
0.0528806
0.0538387
0.0551722
0.0566989
0.0576432
0.0585594
0.0603736
0.0607484
0.0613378
0.0634091
0.0635955
0.0643034
0.0657775
0.0661443
0.0676124
0.0683046
0.0690855
0.0697658
0.0700004
0.0702784
0.0705376
0.0707886
0.0711201
0.0716676
0.0730767
0.0734076
0.0740668
0.0747374
0.0764928
0.0773404
0.0779848
0.0786485
0.0790804
0.0792558
0.0793512
0.079436
0.0794815
0.0795773
0.0796632
0.0798022
0.0800908
0.0805449
0.080911
0.0817612
0.082169
0.0826834
0.0831917
0.0833888
0.0835201
0.0835784
0.0835775
0.0834102
0.0831983
0.0829333
0.0826114
0.0823169
0.0822547
0.0826648
0.0831406
0.0837106
0.0841207
0.084566
0.0851308
0.0856929
0.085901
0.0862455
0.0866941
0.0869831
0.0873977
0.0879614
0.0887203
0.0892407
0.0898267
0.0905934
0.0914076
0.0917742
0.0928012
0.0930717
0.0931496
0.0931978
0.093156
0.0930409
0.0930002
0.093039
0.0932793
0.0937977
0.0942248
0.0946672
0.0956529
0.0962595
0.0968327
0.0973009
0.0974835
0.0976649
0.0978558
0.0981963
0.0988837
0.0994621
0.100026
0.1005
0.101331
0.101703
0.102195
0.102572
0.102746
0.102762
0.102599
0.102114
0.101273
0.100609
0.0999563
0.0993018
0.0979356
0.0976699
0.0967063
0.0962502
0.0958047
0.095523
0.0953232
0.0952488
0.095261
0.0953625
0.0955183
0.0956991
0.0959284
0.0961753
0.0964821
0.0968091
0.0977646
0.0978713
0.0986821
0.0992214
0.0999721
0.100481
0.100984
0.101648
0.102327
0.102749
0.103184
0.103644
0.103855
0.103986
0.104096
0.104101
0.103977
0.103787
0.10352
0.102879
0.102809
0.102786
0.102832
0.102797
0.102702
0.102498
0.102142
0.101662
0.101273
0.100777
0.100211
0.0986131
0.098465
0.0973951
0.0968878
0.0961231
0.0951931
0.0939816
0.0931556
0.0922578
0.0911004
0.0896367
0.0885487
0.0874154
0.0859215
0.0840747
0.0828553
0.0804683
0.0789743
0.0772347
0.0760455
0.0745148
0.0727638
0.0716111
0.0704522
0.0690679
0.067366
0.066248
0.065134
0.0640708
0.062899
0.0616788
0.0608534
0.0599768
0.0577075
0.0574948
0.0558974
0.0549764
0.0538026
0.0529513
0.0521363
0.0510969
0.0498827
0.0491491
0.0484047
0.0476897
0.0468979
0.0460664
0.0455848
0.0451823
0.0443485
0.0442508
0.0432147
0.0424728
0.0416309
0.0409836
0.0402156
0.0392292
0.0384483
0.0376266
0.0368239
0.0358598
0.0347703
0.0340615
0.0326327
0.0318397
0.0309917
0.0305474
0.0301933
0.0297723
0.0292793
0.0289976
0.0282962
0.0282962
0.0286547
0.0292209
0.0300052
0.030303
0.0305726
0.0306853
0.0306897
0.0307612
0.0309529
0.0311461
0.0312515
0.0313075
0.0312037
0.0309058
0.0306815
0.0303638
0.029981
0.0298419
0.0298789
0.0304263
0.0305922
0.0309231
0.0317217
0.0318799
0.0323916
0.0324889
0.0325224
0.0326159
0.0326899
0.0327406
0.0326748
0.0325691
0.0325875
0.0326838
0.0328135
0.0330246
0.033295
0.033754
0.0338196
0.0338781
0.0336285
0.0335473
0.0332401
0.0332163
0.0333103
0.0335482
0.0339142
0.0344658
0.0349125
0.0353634
0.0358139
0.036122
0.0362488
0.0362995
0.0362234
0.0358179
0.0356856
0.0354052
0.0347035
0.0342806
0.0339334
0.0336648
0.0333986
0.032985
0.0324949
0.0321417
0.0317537
0.0310124
0.0306289
0.0304193
0.0304753
0.0308539
0.0314593
0.0323126
0.0329744
0.0336847
0.034489
0.0353386
0.0363757
0.0373916
0.037901
0.0383336
0.0393246
0.0395394
0.0399006
0.0400913
0.0399865
0.0396051
0.0388586
0.0377418
0.0369521
0.0348816
0.0336874
0.0324696
0.0314565
0.0304433
0.0291316
0.0276515
0.0267522
0.0259556
0.0250485
0.0241864
0.0238297
0.0229052
0.0223684
0.0218987
0.0214685
0.0211745
0.0209264
0.0208389
0.0208448
0.0209054
0.0210919
0.0213234
0.0215184
0.0215103
0.0212033
0.0210313
0.0210173
0.0210575
0.0211459
0.0211884
0.0212276
0.0212
0.0211776
0.0211151
0.0210442
0.02108
0.0210987
0.0210935
0.021263
0.0213467
0.0219401
0.0223614
0.0228733
0.0235894
0.0240835
0.0246124
0.0251153
0.0257534
0.0265073
0.0269064
0.0272466
0.027893
0.0281412
0.0284139
0.0286344
0.0290033
0.0294629
0.030223
0.0307292
0.0317111
0.0327653
0.0336763
0.0348807
0.0364153
0.0374337
0.0384468
0.0407499
0.0412337
0.0421181
0.0438798
0.044982
0.0461783
0.0471764
0.0482493
0.0493254
0.0505365
0.0517758
0.0524207
0.0529648
0.0539758
0.0541445
0.0546809
0.0548237
0.0550106
0.0552929
0.0557548
0.0560218
0.0566178
0.0574631
0.0578622
0.0585271
0.0593138
0.0597698
0.0600969
0.0604498
0.0605354
0.0609462
0.0611351
0.0613644
0.0617592
0.0620119
0.0625305
0.0631748
0.0636301
0.0641647
0.0647325
0.0660803
0.0663644
0.067375
0.0679418
0.0683137
0.0685622
0.06872
0.0688632
0.0690442
0.0691447
0.0692093
0.0691107
0.0689591
0.0688206
0.0686496
0.0686006
0.0685574
0.0685367
0.0685897
0.0688396
0.0690694
0.0693448
0.06976
0.070371
0.0708371
0.0718715
0.0724602
0.0730877
0.0735657
0.0740271
0.0746409
0.0753556
0.0762581
0.0770601
0.0780216
0.0786728
0.0793723
0.0802685
0.0813078
0.082031
0.082728
0.0834245
0.083956
0.0841981
0.084454
0.0848035
0.0852728
0.0854584
0.0855788
0.0857636
0.0860162
0.086346
0.08718
0.0876769
0.0882186
0.088586
0.0890237
0.0896425
0.0900383
0.0903998
0.090649
0.0907187
0.0905173
0.0903042
0.0896747
0.0890801
0.0884435
0.0878976
0.0874818
0.0871182
0.0867619
0.0863427
0.0859649
0.0858818
0.0858807
0.086048
0.0860836
0.086389
0.0866274
0.0869803
0.0875613
0.0879796
0.0884311
0.0889614
0.0895908
0.0900874
0.0905936
0.0910112
0.0917426
0.0918171
0.0924398
0.0928326
0.093462
0.0941969
0.0946723
0.0951045
0.0954965
0.0958418
0.0961077
0.096391
0.0966876
0.0969703
0.0971294
0.0973135
0.0975788
0.0978671
0.0981139
0.0986653
0.0989009
0.0991846
0.0994295
0.0997581
0.100189
0.100501
0.100577
0.100583
0.100481
0.0996543
0.0993337
0.09862
0.0969978
0.0967001
0.0957924
0.0953918
0.0950855
0.0947524
0.0945057
0.0943336
0.0941676
0.0939116
0.0931502
0.0929865
0.0927457
0.0925591
0.0925326
0.0925398
0.0926011
0.0926293
0.0925152
0.0924407
0.092393
0.0923139
0.0921458
0.0919116
0.0918223
0.0917833
0.0917475
0.0917541
0.0917441
0.0915148
0.0913813
0.0907316
0.0903531
0.0897474
0.0888834
0.0881843
0.0874797
0.0866051
0.0855115
0.0848147
0.0841138
0.0834373
0.0823353
0.0821822
0.0816399
0.081374
0.0812172
0.0811664
0.0811341
0.0811232
0.0810806
0.0810486
0.0810948
0.0811386
0.0811099
0.0809578
0.0808947
0.0807024
0.0806843
0.0803613
0.0801675
0.0800498
0.0795993
0.0794703
0.079554
0.079729
0.0798291
0.0799066
0.0799591
0.0800492
0.0802116
0.0803992
0.0805488
0.0805537
0.0805387
0.0805286
0.0803789
0.0803151
0.0798949
0.0796675
0.0795164
0.079505
0.0795711
0.0798154
0.0800245
0.0802278
0.0804862
0.0808427
0.0810951
0.0811593
0.0811301
0.0810323
0.080887
0.0807761
0.080481
0.0803202
0.0801573
0.0799629
0.0796166
0.0790759
0.0786325
0.0781933
0.077641
0.0769434
0.0765159
0.0761889
0.0759391
0.0755104
0.0753824
0.0747939
0.0742004
0.0733076
0.0724352
0.0713966
0.0698253
0.067785
0.0663829
0.0649058
0.0629184
0.0604608
0.0589265
0.0574595
0.0543504
0.052862
0.0514292
0.0501234
0.0491752
0.0480416
0.0468127
0.0460988
0.0454485
0.0447913
0.0441048
0.0436993
0.0433075
0.0427589
0.0418378
0.0410828
0.039595
0.0389782
0.0382122
0.0371154
0.0364948
0.0354096
0.0341668
0.0334257
0.0328136
0.0322891
0.0317675
0.03131
0.0306907
0.0301392
0.029528
0.0289505
0.0284352
0.0277562
0.0270289
0.0265556
0.0261389
0.0257292
0.025196
0.0245888
0.0242443
0.0240042
0.0237825
0.0237809
0.023879
0.024048
0.0242926
0.0245128
0.0244984
0.0243263
0.0239852
0.0233952
0.0229061
0.0222959
0.0214067
0.0204712
0.0194391
0.0188709
0.0183931
0.0175969
0.0174454
0.0171682
0.0165495
0.0161027
0.0156442
0.01532
0.014902
0.0144296
0.0141002
0.0137154
0.0132721
0.0127328
0.0123815
0.0120155
0.011678
0.0109827
0.0108967
0.0102304
0.00996597
0.00973082
0.00959127
0.00951158
0.00939449
0.00928296
0.00920007
0.00919152
0.00927405
0.00941251
0.00940549
0.00927336
0.00907104
0.00895899
0.00891778
0.00915957
0.00950358
0.0105782
0.0114976
0.0125035
0.0135377
0.0143753
0.0151769
0.0160555
0.0170162
0.0175634
0.018052
0.0186929
0.0193603
0.0201061
0.0205073
0.0208603
0.0214787
0.0216088
0.0220657
0.0224209
0.0229156
0.0234197
0.0239352
0.0245553
0.0251917
0.0259681
0.0270425
0.0282766
0.0290429
0.0298276
0.0309111
0.0323862
0.0334793
0.0346123
0.0370955
0.0375846
0.0394808
0.0404872
0.0417991
0.0435287
0.0448206
0.0462083
0.0480447
0.0504502
0.0521159
0.0541632
0.0566177
0.0582546
0.0598646
0.0614468
0.0633371
0.0663004
0.0669086
0.069378
0.0706905
0.0723394
0.0742577
0.075216
0.0767643
0.0781468
0.0795329
0.0800865
0.0808629
0.0817573
0.0823211
0.0828365
0.0831793
0.083664
0.0840605
0.0848314
0.0851379
0.0852372
0.0853191
0.0854745
0.0856561
0.0859673
0.0863947
0.0867443
0.0871901
0.0875591
0.0876903
0.0877932
0.0878561
0.0878669
0.0878531
0.087808
0.0877157
0.0877068
0.0877449
0.0879165
0.0880694
0.0882058
0.0883141
0.0883733
0.0884621
0.0885763
0.088716
0.0888723
0.0889546
0.088936
0.0889376
0.0892047
0.0894171
0.0897444
0.0901557
0.0905289
0.0909657
0.0915341
0.0920539
0.0927032
0.0930224
0.0934515
0.0938011
0.0938995
0.0939248
0.0936299
0.0931647
0.0925813
0.0920339
0.091361
0.0905378
0.0900747
0.0897667
0.0895178
0.0893247
0.0892651
0.0892968
0.0893948
0.0895233
0.0896821
0.0898876
0.0902618
0.0908526
0.0916542
0.0920059
0.0922707
0.0923246
0.0923296
0.0923198
0.0922175
0.0918754
0.091558
0.09127
0.0910132
0.0906465
0.0906537
0.0907831
0.0908745
0.0908706
0.0908903
0.0909367
0.0909444
0.0908629
0.0907839
0.0907786
0.0908721
0.0910046
0.0910945
0.0911924
0.0913862
0.0918867
0.0922419
0.093782
0.0939389
0.0952563
0.0959942
0.0966909
0.0974893
0.0984481
0.0989841
0.0998884
0.100903
0.101378
0.102054
0.102652
0.103119
0.103263
0.103283
0.103179
0.10316
0.103147
0.103212
0.103547
0.103857
0.10413
0.104449
0.104914
0.105275
0.105703
0.106159
0.106504
0.106871
0.107535
0.107662
0.108025
0.108049
0.108
0.107808
0.107507
0.10698
0.10413
0.10413
0.102502
0.10214
0.101441
0.1001
0.100003
0.099189
0.0988441
0.0985299
0.0982102
0.09799
0.0975824
0.0969974
0.0965601
0.0960609
0.095469
0.093823
0.0936557
0.0919396
0.0909677
0.0907775
0.0892489
0.0882832
0.0870487
0.0861877
0.0853964
0.0845121
0.0835637
0.0830804
0.0827036
0.0822705
0.0817587
0.0814598
0.0809364
0.0802964
0.0798661
0.0794209
0.0790696
0.0789139
0.0786746
0.0786179
0.0785912
0.0786574
0.0787186
0.0788351
0.0789125
0.0790394
0.0793856
0.0796793
0.079985
0.0807621
0.0811528
0.0812339
0.0817411
0.0820096
0.0822521
0.0824304
0.0826414
0.083028
0.0835634
0.0839221
0.0842699
0.0844231
0.0843769
0.084158
0.083821
0.0833814
0.0829118
0.0824065
0.0815808
0.081285
0.081177
0.0811459
0.081256
0.0814896
0.0816798
0.0818331
0.0820324
0.0822808
0.0825059
0.0827258
0.0830937
0.0833718
0.0838079
0.0840875
0.0843926
0.0846777
0.0848695
0.0849732
0.0849304
0.0848845
0.084829
0.0847212
0.0846645
0.0846901
0.0846946
0.084694
0.0847431
0.0847316
0.0847632
0.0848753
0.0849539
0.0849699
0.0848953
0.0846162
0.084053
0.0835098
0.0828088
0.081803
0.080432
0.0793339
0.0768305
0.0750952
0.0728617
0.071458
0.0701441
0.0689078
0.0676985
0.0662169
0.0645698
0.0636323
0.0628162
0.0611332
0.0604289
0.059989
0.0596868
0.0594551
0.0592792
0.0590855
0.0590038
0.0589224
0.0588697
0.0588998
0.0591772
0.0594396
0.059643
0.0596971
0.0596582
0.058964
0.0583181
0.057371
0.0566982
0.0560676
0.0554462
0.0548238
0.0543806
0.0539648
0.0536563
0.0534056
0.0531481
0.0530418
0.0529665
0.0529826
0.0529863
0.0529318
0.0528627
0.0526417
0.0524186
0.0521407
0.0519214
0.0517683
0.0516598
0.0515638
0.0515236
0.0514639
0.0513823
0.051193
0.0507557
0.0502853
0.0497138
0.0479884
0.0477876
0.0461341
0.0449834
0.0435005
0.042387
0.0410642
0.039178
0.0368012
0.0352158
0.0336914
0.0321719
0.0302912
0.0282083
0.0270187
0.0259811
0.0239254
0.0234827
0.0226229
0.0207347
0.0200608
0.0191862
0.0183311
0.017203
0.0164519
0.0157478
0.0150048
0.0140407
0.0129923
0.0124435
0.0118197
0.0110889
0.0100468
0.00921258
0.00831692
0.00738326
0.00474743
0.00371093
0.00256105
0.00128023
0.00041064
0.000485201
0.00132762
0.00227349
0.00317085
0.00367083
0.00417317
0.00480047
0.00541622
0.00580546
0.00668872
0.00711605
0.00754741
0.00803605
0.0083379
0.00868678
0.0091966
0.00989901
0.0102523
0.0108915
0.0118622
0.0126213
0.0134282
0.0144906
0.0166864
0.0176524
0.0184123
0.019156
0.0198189
0.0205755
0.0213319
0.0217539
0.0222532
0.0227727
0.0231037
0.0234802
0.0245189
0.0252667
0.0261878
0.0267181
0.0275724
0.0286001
0.0292424
0.0298625
0.0306391
0.0314215
0.0318557
0.0322118
0.0326128
0.0331014
0.0333428
0.0342478
0.0344621
0.0353643
0.0357685
0.0362214
0.0366995
0.0368888
0.0369903
0.0369392
0.0366661
0.0364501
0.0362326
0.035933
0.0355061
0.0352946
0.0348159
0.0346968
0.0346108
0.034486
0.0343339
0.0341442
0.033807
0.0335828
0.0333275
0.0330458
0.0327552
0.0325814
0.0324528
0.0324409
0.0326069
0.0327719
0.0331736
0.0338907
0.0339835
0.0340141
0.0339891
0.0338885
0.0336889
0.0333377
0.0326043
0.031454
0.0306818
0.0299327
0.0289597
0.0276757
0.0267642
0.0257602
0.0243374
0.0211291
0.0208064
0.0184401
0.0170007
0.0154166
0.0145026
0.0107153
0.0107153
0.0104407
0.0102795
0.010096
0.00984006
0.00937905
0.00840385
0.0076615
0.00679662
0.00610577
0.00534777
0.00438938
0.00336686
0.00267938
0.00196482
0.00122717
0.000218743
0.00112346
0.00180221
0.00419428
0.00550737
0.00578806
0.00840399
0.00978815
0.0109078
0.012296
0.0138197
0.0147894
0.0157896
0.0171346
0.0188594
0.02002
0.0211545
0.0224617
0.0239278
0.0245928
0.0255521
0.0265968
