0
0
0
0
0
0
0
0
0
0
0
0
0
0
0
0
0
0
0
0
0
0
0
0
0
0
0
0
0
0
0
0
0
0
0
0
0
0
0
0
0
0
0
0
0
0
0
0
0
0
0
0
0
0
0
0
0
0
0
0
0
0
0
0
0
0
0
0
0
0
0
0
0
0
0
0
0
0
0
0
0
0
0
0
0
0
0
0
0
0
0
0
0
0
0
0
0
0
0
0
0
0
0
0
0
0
0
0
0
0
0
0
0
0
0
0
0
0
0
0
0
0
0
0
0
0
0
0
0
0
0
0
0
0
0
0
0
0
0
0
0
0
0
0
0
0
0
nan
nan
nan
nan
nan
nan
nan
nan
nan
nan
nan
nan
nan
nan
nan
nan
nan
nan
nan
nan
nan
nan
nan
nan
nan
nan
nan
nan
nan
nan
nan
nan
nan
nan
nan
nan
nan
nan
nan
nan
nan
nan
nan
nan
nan
nan
nan
nan
nan
nan
nan
nan
nan
nan
nan
nan
nan
nan
nan
nan
nan
nan
nan
nan
nan
nan
nan
nan
nan
nan
nan
nan
nan
nan
nan
nan
nan
nan
nan
nan
nan
nan
nan
nan
nan
nan
nan
nan
0.0370962
0.0370962
0.0370962
0.0370962
0.0370962
0.0370962
0.0370962
0.0370962
0.0267321
0.0267321
0.0267321
0.0267321
0.0267321
0.0267321
0.0267321
0.0237475
0.0237475
0.0237475
0.0237475
0.0237475
0.0237475
0.0237475
0.0237475
0.00301581
0.00301581
0.00301581
0.00301581
0.00301581
0.00301581
0.00301581
0.00301581
0.00301581
0.00994159
0.00994159
0.00994159
0.00994159
0.00994159
0.00994159
0.00994159
0.00994159
0.00994159
0.00998752
0.00998752
0.00998752
0.00998752
0.00998752
0.00998752
0.00998752
0.00998752
0.00998752
0.0123234
0.0123234
0.0123234
0.0123234
0.0123234
0.0123234
0.0123234
0.0123234
0.0123234
0.0123234
0.0117862
0.0117862
0.0117862
0.0117862
0.0117862
0.0117862
0.0117862
0.0117862
0.0117862
0.0115536
0.0115536
0.0115536
0.0115536
0.0115536
0.0115536
0.0115536
0.0115536
0.0115536
0.00562658
0.00562658
0.00562658
0.00562658
0.00562658
0.00562658
0.00562658
0.00562658
0.00562658
0.00562658
0.00346297
0.00346297
0.00346297
0.00346297
0.00346297
0.00346297
0.00346297
0.00346297
0.00346297
0.00346297
0.00346297
0.00441136
0.0255107
0.026398
0.0276638
0.0292154
0.0300691
0.0307845
0.0315258
0.0321691
0.0323288
0.032661
0.0327149
0.0328147
0.0328378
0.0328932
0.0331195
0.0334256
0.0335649
0.0337532
0.0340516
0.0343246
0.0342928
0.0341827
0.0341066
0.0339574
0.0339915
0.0347704
0.0352983
0.0358847
0.0363338
0.0368607
0.0375534
0.0378922
0.0385937
0.0393269
0.0404357
0.0409046
0.041783
0.0428209
0.0434058
0.0439175
0.0448704
0.0449962
0.0449499
0.0447754
0.0445605
0.0443505
0.0442445
0.0441814
0.0442496
0.0444907
0.0446018
0.0447608
0.0449177
0.0452465
0.0448451
0.0446437
0.0432972
0.0421957
0.0407452
0.0395637
0.037873
0.03565
0.0340973
0.0325839
0.0306863
0.0210924
0.0210652
0.0193226
0.01566
0.0140005
0.0137012
0.0114362
0.0104764
0.00948596
0.00880035
0.00824684
0.00796167
0.007651
0.00723183
0.00684093
0.00652516
0.00637749
0.00614484
0.00489519
0.00392553
0.00376558
0.00207388
0.00103299
0.000210317
0.00100827
0.00180654
0.00258392
0.00344677
0.00410906
0.00470028
0.00486942
0.00511403
0.00542632
0.00570454
0.00654172
0.00699865
0.00755089
0.00798797
0.00854794
0.00914056
0.00980011
0.0105605
0.0110131
0.011417
0.0118733
0.0124685
0.0128535
0.013791
0.014439
0.0151782
0.0157672
0.0165333
0.0174924
0.01817
0.0192146
0.0205708
0.0214799
0.0224479
0.0234071
0.024348
0.025563
0.0278247
0.0282252
0.0290755
0.0308171
0.0310389
0.0315593
0.0327225
0.0334367
0.0346041
0.035451
0.0366099
0.0377695
0.0388286
0.0395143
0.0400899
0.0404912
0.0407687
0.0407639
0.0408218
0.0409324
0.0410998
0.0413068
0.0417878
0.0420031
0.0421908
0.0423881
0.042463
0.0424175
0.0422902
0.0422146
0.0421899
0.0422789
0.0423306
0.0423614
0.0424768
0.0426393
0.0426722
0.0426215
0.0424738
0.0421652
0.041891
0.0415874
0.0412412
0.0406936
0.039748
0.0390261
0.0383151
0.0376156
0.0364404
0.0360032
0.0357226
0.0355177
0.0354339
0.0353707
0.0353687
0.0355114
0.035974
0.036696
0.0370762
0.0373622
0.0375843
0.0378026
0.0378218
0.0376231
0.0369002
0.0362973
0.0357523
0.0353485
0.0351801
0.0351679
0.0353226
0.035619
0.0357646
0.0358022
0.035643
0.0351558
0.0345818
0.0339119
0.0325242
0.0317351
0.0311275
0.0304881
0.0297669
0.02932
0.0289431
0.0285123
0.0279211
0.027541
0.0272932
0.0271796
0.0271718
0.0272583
0.0272731
0.0272448
0.026873
0.0263584
0.0262181
0.0257146
0.0245878
0.0243511
0.0242969
0.0243425
0.0245541
0.0249536
0.0253917
0.025923
0.0265904
0.0271814
0.0274075
0.0274633
0.0272364
0.0269897
0.0266922
0.0263372
0.0258974
0.0255972
0.025305
0.024861
0.0248117
0.0248487
0.0252583
0.0256555
0.026169
0.0265079
0.026796
0.0271656
0.0274795
0.027536
0.0275331
0.0274443
0.0273204
0.0271621
0.0269665
0.0268027
0.0268752
0.0272085
0.027537
0.0278741
0.0279402
0.0277701
0.0274604
0.0270058
0.0263835
0.025969
0.0255705
0.0251605
0.024582
0.0238231
0.022945
0.0224821
0.0219402
0.0212688
0.0203637
0.0194106
0.0189097
0.0185063
0.0180362
0.0174806
0.0168319
0.0166291
0.0164295
0.0162009
0.0159395
0.0155202
0.0149311
0.0143461
0.0140512
0.0138074
0.0136259
0.0135735
0.0136479
0.0139524
0.0144396
0.0149106
0.0153761
0.0164234
0.0168136
0.0170703
0.0172391
0.0173547
0.0174149
0.0173249
0.0171392
0.0170596
0.0170298
0.017034
0.0168914
0.0167197
0.0164356
0.0160828
0.0158957
0.0153584
0.0150555
0.0147949
0.0145694
0.014393
0.0142045
0.0138995
0.0136746
0.013441
0.0130474
0.0124352
0.0120379
0.0117432
0.0113427
0.0112579
0.0111211
0.0108768
0.0105939
0.0102691
0.00996403
0.00963635
0.00927011
0.0089331
0.00875855
0.00844502
0.00796125
0.00764091
0.00700199
0.00606807
0.0053128
0.00446784
0.0023371
0.00157473
0.00109773
0.000680055
0.000509049
0.000529061
0.000557639
0.000534897
0.000511284
0.000465574
0.000414453
0.000411873
0.000498037
0.000598657
0.000770474
0.000876991
0.00101861
0.00133152
0.0015544
0.00189529
0.00214335
0.00227079
0.00237202
0.00224769
0.00226442
0.00240098
0.00243546
0.00268361
0.00286032
0.00309578
0.00326663
0.00343457
0.00361867
0.00370088
0.00373657
0.00378775
0.00395999
0.00440504
0.00475722
0.0062659
0.00641411
0.00755224
0.0079735
0.0083058
0.0086059
0.00876806
0.00896013
0.00921454
0.00957952
0.00983485
0.0102295
0.0106842
0.0108446
0.010957
0.0110247
0.0111049
0.0110644
0.0108511
0.0107187
0.0104927
0.0101245
0.00991682
0.00953145
0.00910758
0.0088293
0.00851299
0.00797536
0.00725429
0.00686486
0.00655543
0.00624049
0.00594897
0.00568556
0.00556411
0.00538639
0.00542952
0.00546534
0.0054
0.00530457
0.00524485
0.00524068
0.00531878
0.00552578
0.006113
0.00648245
0.00691274
0.0075079
0.00812923
0.0085125
0.00885664
0.00929355
0.00971351
0.009874
0.0101121
0.0101317
0.010189
0.0101289
0.00991158
0.0096019
0.00912553
0.00860567
0.00834681
0.00810844
0.00789746
0.00761972
0.00737284
0.00715989
0.00682562
0.00632765
0.00587957
0.00537813
0.00420747
0.00392835
0.00272963
0.00187516
0.00103787
0.000480511
0.000197782
0.00107929
0.00150845
0.00226964
0.00308941
0.00396639
0.0045168
0.00505001
0.00559876
0.00640103
0.00736456
0.00942649
0.00992868
0.0120944
0.0135214
0.0146115
0.015874
0.0170962
0.0177696
0.0183936
0.0190945
0.0198976
0.0203825
0.0207483
0.0210745
0.0213381
0.0216813
0.0219047
0.0221753
0.0232876
0.0236036
0.0243491
0.0261696
0.0271241
0.02808
0.0289761
0.0299539
0.0301169
0.0321371
0.033123
0.0340312
0.0346117
0.0351482
0.0357757
0.0363624
0.0365998
0.0371225
0.0380272
0.0388234
0.0397581
0.0420361
0.0424538
0.0438472
0.0443095
0.0446156
0.0448074
0.0448897
0.0449249
0.0451247
0.0454832
0.0456916
0.0458256
0.045981
0.0459411
0.0459423
0.0459205
0.0458362
0.0458265
0.0457157
0.0454621
0.0452293
0.0449265
0.0445876
0.0442392
0.0440399
0.0439308
0.0438029
0.0436721
0.0435851
0.0435848
0.0437704
0.0440087
0.0441647
0.0441998
0.0443015
0.0444622
0.0447941
0.0447857
0.0446941
0.0445504
0.0443602
0.0442363
0.0442066
0.04418
0.0441629
0.0441628
0.0442549
0.044344
0.0443408
0.0442647
0.0441299
0.0439848
0.0449813
0.0449224
0.0455503
0.0464363
0.0474144
0.0478827
0.04821
0.0484116
0.0483425
0.0480583
0.0478941
0.0476457
0.047357
0.0470614
0.0468747
0.0466899
0.0464435
0.0463223
0.0462774
0.0462074
0.0459587
0.0456608
0.0453376
0.0449644
0.044529
0.0442384
0.0439905
0.0437305
0.0435562
0.0434534
0.0433603
0.0432349
0.0431609
0.0432333
0.0437714
0.044358
0.0452218
0.045867
0.0464795
0.0471186
0.0477295
0.0480037
0.0481461
0.0480897
0.047755
0.0471575
0.0462645
0.0455452
0.0445711
0.0434765
0.0429759
0.0423451
0.0418804
0.0413567
0.0409417
0.0400721
0.0397672
0.0396911
0.0395842
0.039602
0.0395544
0.0394743
0.0392627
0.0387308
0.0381614
0.0374636
0.0366184
0.0354748
0.0344273
0.0333324
0.0327143
0.0321825
0.0317
0.0309628
0.0309038
0.0309187
0.0309914
0.0311752
0.031264
0.0314702
0.0317184
0.0318755
0.0321716
0.0324766
0.032824
0.0330665
0.0333546
0.0337254
0.033924
0.0340264
0.0340881
0.0341577
0.0343708
0.0345052
0.0346012
0.0347053
0.0346867
0.0345984
0.0343475
0.0340376
0.0338926
0.033793
0.0337529
0.0338424
0.0341496
0.0343339
0.0344886
0.0345827
0.0346876
0.0347547
0.0346691
0.0345441
0.0344225
0.0344438
0.034518
0.0346092
0.0346315
0.0345577
0.0343188
0.034088
0.0333811
0.0327887
0.0322771
0.0318741
0.0316475
0.0313857
0.0310839
0.0309016
0.03089
0.0309493
0.03107
0.0310659
0.030911
0.0306379
0.0302847
0.0299957
0.0295584
0.028984
0.0286467
0.0281123
0.0275139
0.0270455
0.025965
0.025453
0.0253521
0.024537
0.0240666
0.0236971
0.0233849
0.023124
0.0227313
0.0220632
0.0215327
0.0209393
0.0202253
0.0194115
0.0188301
0.0182153
0.0176353
0.016659
0.0165295
0.0162661
0.0162817
0.0163459
0.0165234
0.0169532
0.01731
0.0177856
0.0183433
0.0191656
0.0200924
0.02127
0.0219907
0.0230337
0.0233901
0.0236797
0.0241094
0.0243239
0.0244062
0.0244077
0.0244118
0.0243749
0.0243262
0.0244112
0.0245145
0.0246215
0.0249537
0.0250898
0.025095
0.0251384
0.0251662
0.0253249
0.0255437
0.0257581
0.0258873
0.0259645
0.0260696
0.0261522
0.0262264
0.0263686
0.0265279
0.0265796
0.0266448
0.0267533
0.0270244
0.0272986
0.0275266
0.0277908
0.02797
0.0283946
0.0291703
0.0296065
0.0303205
0.0313012
0.0329493
0.0329453
0.0348751
0.0352049
0.0357498
0.0366846
0.0367639
0.0374032
0.0376235
0.0377125
0.0376416
0.0375417
0.0373658
0.0371531
0.0368386
0.0364565
0.0360244
0.0356655
0.0353028
0.0347754
0.0342494
0.0341204
0.0331533
0.0327368
0.0323683
0.0321246
0.031973
0.0318536
0.0315843
0.0310915
0.0307128
0.0302894
0.029582
0.0285216
0.0277853
0.026394
0.0257365
0.0250771
0.0247484
0.024576
0.0245525
0.0246592
0.0249821
0.025268
0.0256057
0.0261288
0.0269133
0.0275801
0.0290162
0.029814
0.0305147
0.0311494
0.0314956
0.0317945
0.0320544
0.0321039
0.0320633
0.0320005
0.0319563
0.0320042
0.0320316
0.0320551
0.0321244
0.0322085
0.0322605
0.0323715
0.0325583
0.0327322
0.0327979
0.0328979
0.0329258
0.0329306
0.0330927
0.0333727
0.0337081
0.0339425
0.0340865
0.0341278
0.0338679
0.0332193
0.0325896
0.0317698
0.0306176
0.0292607
0.0286213
0.0276201
0.0266325
0.0254175
0.0245401
0.0225605
0.0211537
0.019545
0.017555
0.016259
0.0146731
0.0129287
0.0118578
0.0108396
0.00981542
0.00859237
0.00722165
0.00643591
0.00570287
0.000599614
0.000645177
0.000197362
0.00125696
0.00205857
0.00289595
0.00394074
0.0050861
0.00557097
0.00681472
0.00685785
0.00761211
0.00801649
0.008563
0.00908103
0.00975986
0.0103054
0.010816
0.0113243
0.0117397
0.0119698
0.012289
0.0127612
0.0133765
0.013788
0.0142138
0.0153044
0.0153535
0.0159349
0.0162025
0.0166151
0.0170117
0.0173596
0.0174991
0.0175529
0.0175089
0.0173961
0.0171795
0.0170452
0.0167789
0.016173
0.0160407
0.0154326
0.0151365
0.0148028
0.0143959
0.0141194
0.0138367
0.0136458
0.0136516
0.0137865
0.0140651
0.0145574
0.0148669
0.0151655
0.0154517
0.015956
0.015999
0.0161525
0.0160874
0.0160346
0.0158458
0.0155405
0.0149302
0.013789
0.0128196
0.0113717
0.0095024
0.00830408
0.00714345
0.0060498
0.00469312
0.00294483
0.00167523
0.000276545
0.0031658
0.00533376
0.00669553
0.00800561
0.00969276
0.0118404
0.0132239
0.0145698
0.0161679
0.0178512
0.0188561
0.0198085
0.02078
0.0235235
0.0249058
0.025922
0.0268313
0.0279063
0.0289611
0.0303735
0.0313325
0.03243
0.0335187
0.0341014
0.034595
0.0351713
0.035747
0.0360011
0.0362378
0.0364401
0.036682
0.0369316
0.0375912
0.0376401
0.0382564
0.0385915
0.0391465
0.0400061
0.0407441
0.0416777
0.0430423
0.0448067
0.0460613
0.0473374
0.048942
0.0505339
0.0522629
0.0532409
0.0539949
0.0551628
0.0552066
0.0555919
0.05572
0.0558029
0.0558815
0.0559504
0.056012
0.0560789
0.0563065
0.0566577
0.0568864
0.0571649
0.0576058
0.0582874
0.0588346
0.0599997
0.0606097
0.0613062
0.0621505
0.062777
0.0634157
0.0640499
0.0647298
0.0654587
0.0657128
0.0662403
0.0662354
0.0662473
0.0662442
0.0663521
0.0664628
0.0666098
0.0667949
0.0669705
0.0671315
0.0672176
0.0672948
0.0672879
0.0670716
0.0666955
0.066069
0.0650773
0.0637117
0.0628254
0.0618746
0.0609598
0.0601815
0.0593489
0.0581767
0.0566374
0.0554982
0.0542633
0.0526132
0.0506633
0.0493679
0.047698
0.0456304
0.0446469
0.0418607
0.0412222
0.0402475
0.0370173
0.0367678
0.0350194
0.0341495
0.0334821
0.0329301
0.0325125
0.0319101
0.0312919
0.0305089
0.0301178
0.0294929
0.0288149
0.0280098
0.0276128
0.0269008
0.0258869
0.0251999
0.0239766
0.0234261
0.0229484
0.0226896
0.0222209
0.0215473
0.0210292
0.0204008
0.0197075
0.0189815
0.0178764
0.0150643
0.0142033
0.0110153
0.00920793
0.00724858
0.00543217
0.00351482
0.00225661
0.00121382
0.000307634
5.51278e-07
0.000811259
0.000875158
0.00164432
0.00202836
0.00241184
0.00299217
0.00371787
0.0041788
0.00467434
0.00519554
0.00658672
0.00689051
0.00827735
0.00900944
0.0099929
0.0111127
0.0118648
0.0125521
0.0132259
0.0138513
0.0142641
0.0146346
0.0149847
0.015236
0.0155267
0.015761
0.0160548
0.0166992
0.0167945
0.0167802
0.0164539
0.0161291
0.0158674
0.0158867
0.0160922
0.0163649
0.0168013
0.0172414
0.0176639
0.0177446
0.0176828
0.0173386
0.0170157
0.0166976
0.0163302
0.0156484
0.0150332
0.014199
0.013362
0.0125192
0.0121248
0.0116941
0.011574
0.0114515
0.0113237
0.0110874
0.0106514
0.00982168
0.00901924
0.0080187
0.00675099
0.0049681
0.00279216
0.00170007
0.00200663
0.00236808
0.00529712
0.00673034
0.00840772
0.0101907
0.0112831
0.0122554
0.0131114
0.0140795
0.0149763
0.0154561
0.0162112
0.0165845
0.0170569
0.0176185
0.018207
0.0190458
0.0202101
0.0210219
0.0219403
0.0229225
0.0234809
0.0240576
0.0246326
0.025441
0.0264476
0.0271151
0.0277785
0.0285091
0.0295817
0.0298118
0.0307144
0.0310402
0.0313819
0.0317769
0.0322697
0.0325088
0.0327429
0.0328559
0.0328665
0.0329414
0.033059
0.033335
0.0338186
0.034223
0.0355325
0.0364751
0.0375892
0.0382792
0.0389579
0.0398583
0.041082
0.0418715
0.042683
0.0437689
0.0451453
0.0459803
0.0467329
0.047635
0.0486101
0.0490346
0.0503414
0.0505902
0.0516632
0.0521056
0.0525432
0.0531871
0.0540178
0.0545962
0.0551654
0.0558287
0.0564386
0.0566301
0.0563175
0.0555916
0.0545372
0.0531056
0.0517542
0.0498561
0.047415
0.0456658
0.0437965
0.0413393
0.0381839
0.0360225
0.0339036
0.0318208
0.029247
0.0249704
0.0224402
0.0209622
0.0195542
0.0179599
0.0164806
0.0148806
0.0138966
0.0126587
0.011101
0.0100715
0.00903808
0.00768844
0.00604978
0.00503172
0.00402421
0.00294552
9.56452e-05
0.000179385
0.00249947
0.00370863
0.0052062
0.00663913
0.00818946
0.00884905
0.00987808
0.0110269
0.0119803
0.0132592
0.0148035
0.0194635
0.0199519
0.0239608
0.0264624
0.0291172
0.0318108
0.0340777
0.0369562
0.0403207
0.0424746
0.0446627
0.0473981
0.050634
0.0528159
0.0549301
0.0575166
0.0606283
0.0627042
0.0646789
0.0688409
0.071027
0.0731742
0.0752772
0.0769712
0.0790737
0.0816518
0.0828893
0.0849605
0.0874003
0.0888904
0.0905316
0.0922171
0.0931624
0.0942917
0.0955169
0.0959898
0.0967331
0.0976274
0.0982267
0.0988377
0.10038
0.101504
0.102419
0.103356
0.104573
0.106214
0.107476
0.108818
0.110516
0.112508
0.113771
0.114962
0.116346
0.117881
0.118804
0.120291
0.120799
0.12115
0.121311
0.121162
0.120846
0.120336
0.119572
0.118529
0.11784
0.116903
0.115788
0.115079
0.114461
0.113807
0.113046
0.112546
0.112063
0.110749
0.11043
0.109054
0.108296
0.107672
0.107261
0.106953
0.106595
0.106067
0.105441
0.104958
0.104341
0.102825
0.101745
0.100702
0.0996341
0.0988183
0.0980284
0.0971424
0.0961791
0.09559
0.0950051
0.094335
0.0936855
0.0934489
0.0930988
0.0929848
0.09277
0.0926954
0.0926152
0.0924438
0.0922931
0.0921835
0.0920566
0.0918204
0.0915203
0.0913573
0.0912336
0.0911546
0.0911025
0.0910081
0.0908803
0.0905403
0.0903785
0.0898174
0.0893434
0.0887035
0.0882357
0.0878021
0.0873945
0.0872003
0.0871334
0.0871355
0.0871941
0.0871483
0.0867727
0.0864056
0.0847058
0.0842053
0.082367
0.0816289
0.080825
0.0801585
0.0796688
0.0794529
0.0792577
0.0790942
0.0789385
0.078608
0.0783823
0.0779455
0.0778815
0.0776918
0.0776144
0.0776544
0.0778798
0.0781238
0.0784293
0.0788028
0.0792533
0.079453
0.0795471
0.0795637
0.0789844
0.0789381
0.0779657
0.0773547
0.0765316
0.0749159
0.0747525
0.0742418
0.0732062
0.0728533
0.0725515
0.07237
0.0723507
0.072359
0.0723791
0.0723943
0.0722497
0.0720965
0.0719846
0.0719348
0.0720074
0.0720048
0.0719993
0.0719969
0.0719166
0.0718974
0.0719298
0.0721178
0.0724057
0.0724959
0.0725688
0.0724022
0.072011
0.0717395
0.0714859
0.0712072
0.0710081
0.07096
0.0707944
0.0706711
0.0706351
0.0704905
0.0704184
0.0704004
0.070413
0.0705251
0.070707
0.0709458
0.0712412
0.0715673
0.0717871
0.072093
0.0730869
0.0731736
0.0738564
0.0739767
0.073899
0.0736777
0.0733146
0.0728574
0.0721836
0.0713488
0.0708985
0.0705185
0.0699778
0.0697463
0.069474
0.0693106
0.0692483
0.0691709
0.0691649
0.0692268
0.0691859
0.0691395
0.0690961
0.069001
0.0688185
0.0686588
0.0683295
0.067877
0.0675297
0.0670926
0.0665186
0.0658356
0.0653891
0.0650715
0.0648649
0.0647768
0.0647447
0.0647688
0.0648584
0.0650813
0.0655787
0.0660887
0.066701
0.0674287
0.0685649
0.0703659
0.071373
0.0731622
0.075225
0.0765456
0.077833
0.079434
0.0821634
0.0830529
0.084004
0.0849649
0.0854561
0.0858396
0.0861107
0.0863928
0.0867666
0.0867666
0.0867666
0.0867666
0.0867666
0.0867666
0.0867666
0.0867666
0.0867666
0.0867666
0.0867666
0.0867666
0.0867666
0.0867666
0.0867666
0.0867666
0.0867666
0.0867666
0.0867666
0.0867666
0.0867666
0.0867666
0.0867666
0.0867666
0.0867666
0.0867666
0.0867666
0.0867666
0.0867666
0.0867666
0.0867666
0.0867666
0.0867666
0.0867666
0.0867666
0.0867666
0.0867666
0.0867666
0.0867666
0.0867666
0.0867666
0.0867666
0.0867666
0.0867666
0.0867666
0.0867666
0.0867666
0.0867666
0.0867666
0.0867666
0.0867666
0.0867666
0.0867666
0.0867666
0.0867666
0.0867666
0.0867666
0.0867666
0.0867666
0.0867666
0.0867666
0.0867666
0.0867666
0.0867666
0.0867666
0.0867666
0.0867666
0.0867666
0.0867666
0.0867666
0.0867666
0.0867666
0.0867666
0.0867666
0.0867666
0.0867666
0.0867666
0.0867666
0.0867666
0.0867666
0.0867666
0.0867666
0.0867666
0.0867666
0.0867666
0.0867666
0.0867666
0.0867666
0.0867666
0.0867666
0.0867666
0.0867666
0.0867666
0.0867666
0.0867666
0.0867666
0.0867666
0.0867666
0.0867666
0.0867666
0.0867666
0.0867666
0.0867666
0.0867666
0.0867666
0.0867666
0.0867666
0.0867666
0.0867666
0.0867666
0.0867666
0.0867666
0.0867666
0.0867666
0.0867666
0.0867666
0.0867666
0.0867666
0.0867666
0.0867666
0.0867666
0.0867666
0.0867666
0.0867666
0.0867666
0.0867666
0.0867666
0.0867666
0.0867666
0.0867666
0.0867666
0.0867666
0.0867666
0.0867666
0.0867666
0.0867666
0.0867666
0.0867666
0.0867666
0.0867666
0.0867666
0.0867666
0.0867666
0.0867666
0.0867666
0.0867666
0.0867666
0.0867666
0.0867666
0.0867666
0.0867666
0.0867666
0.0867666
0.0867666
0.0867666
0.0867666
0.0867666
0.0867666
0.0867666
0.0867666
0.0867666
0.0867666
0.0867666
0.0867666
0.0867666
0.0867666
0.0867666
0.0867666
0.0867666
0.0867666
0.0867666
0.0867666
0.0867666
0.0867666
0.0867666
0.0867666
0.0867666
0.0867666
0.0867666
0.0867666
0.0867666
0.0867666
0.0867666
0.0867666
0.0867666
0.0867666
0.0867666
0.0867666
0.0867666
0.0867666
0.0867666
0.0867666
0.0867666
0.0867666
0.0867666
0.0867666
0.0867666
0.0867666
0.0867666
0.0867666
0.0867666
0.0867666
0.0867666
0.0867666
0.0867666
0.0867666
0.0867666
0.0867666
0.0867666
0.0867666
0.0867666
0.0867666
0.0867666
0.0867666
0.0867666
0.0867666
0.0867666
0.0867666
0.0867666
0.0867666
0.0867666
0.0867666
0.0867666
0.0867666
0.0867666
0.0867666
0.15052
0.15052
0.15052
0.15052
0.15052
0.139953
0.139953
0.139953
0.139953
0.139953
0.139953
0.139953
0.139953
0.139953
0.139953
0.139953
0.122225
0.122225
0.122225
0.122225
0.122225
0.122225
0.122225
0.122225
0.122225
0.122225
0.122225
0.111091
0.111091
0.111091
0.111091
0.111091
0.111091
0.111091
0.111091
0.111091
0.111091
0.111091
0.096519
0.096519
0.096519
0.096519
0.096519
0.096519
0.096519
0.096519
0.096519
0.0821064
0.0821064
0.0821064
0.0821064
0.0821064
0.0821064
0.0821064
0.0821064
0.0821064
0.0821064
0.0695591
0.0695591
0.0695591
0.0695591
0.0695591
0.0695591
0.0695591
0.0695591
0.0695591
0.0695591
0.0770636
0.0770636
0.0770636
0.0770636
0.0770636
0.0770636
0.0770636
0.0770636
0.0770636
0.0770636
0.067525
0.067525
0.067525
0.067525
0.067525
0.067525
0.067525
0.067525
0.067525
0.067525
0.067525
0.0586631
0.0586631
0.0586631
0.0586631
0.0586631
0.0586631
0.0586631
0.0586631
0.0586631
0.0650875
0.0650875
0.0650875
0.0445724
0.0458331
0.0458957
0.0464773
0.0464016
0.0460226
0.0451919
0.0443764
0.043443
0.042245
0.0410357
0.039924
0.0388792
0.0380526
0.0373566
0.0367983
0.0365441
0.0362323
0.0359457
0.0356979
0.0357217
0.036736
0.0364394
0.0372309
0.0367007
0.0367238
0.0361853
0.0354797
0.0346507
0.0338139
0.0328665
0.0318575
0.0310485
0.0302379
0.0294633
0.0286683
0.0279707
0.0274945
0.0273322
0.0272309
0.0280791
0.0284095
0.0290155
0.0297077
0.029832
0.0297975
0.029554
0.0291889
0.0287427
0.0283505
0.0280087
0.0278817
0.028088
0.0280392
0.0291484
0.0288507
0.0297928
0.0299469
0.0300647
0.0298296
0.0292566
0.028566
0.0277968
0.0268234
0.0254396
0.0241494
0.0227325
0.0196026
0.0178051
0.0163355
0.0146347
0.0128377
0.0115802
0.0101512
0.00888442
0.00774523
0.00678716
0.00574613
0.0045268
0.00363474
0.00253043
0.0012266
0.00047535
0.000511881
0.00160194
0.00223064
0.00314648
0.0042874
0.00517184
0.00606082
0.00786411
0.00820797
0.00985091
0.0108279
0.0121579
0.0135717
0.0152028
0.0162908
0.0172843
0.0184112
0.0195408
0.0200553
0.0207395
0.0212953
0.0217594
0.0221169
0.0225409
0.0233581
0.0239614
0.0245488
0.0250156
0.0253575
0.0257251
0.026118
0.0265683
0.0271942
0.0278225
0.0287122
0.0289554
0.0295817
0.0300239
0.0304982
0.0312013
0.0321037
0.0326102
0.0334373
0.034563
0.0353687
0.0362436
0.0370678
0.0374705
0.0378959
0.0379701
0.0379061
0.0378691
0.0378957
0.0379499
0.0379634
0.0380002
0.0380372
0.0381185
0.038323
0.0386537
0.0388688
0.0392635
0.0396134
0.0402131
0.0410172
0.0415816
0.0421092
0.0427592
0.043459
0.0438945
0.0443383
0.0452757
0.0457513
0.0462271
0.0465493
0.0467409
0.0467606
0.0466373
0.0462417
0.0458433
0.045251
0.0445617
0.044127
0.043702
0.0432356
0.0427527
0.0424875
0.0417414
0.041173
0.0402935
0.0395879
0.0364636
0.0330128
0.029059
0.0255386
0.021965
0.0183159
0.0142618
0.00979929
0.00617422
0.00151685
0.00072613
0.000154665
0.00109456
0.00166594
0.00228991
0.0029416
0.00377849
0.0046234
0.0056661
0.00622357
0.00722862
0.0077339
0.00848803
0.00906985
0.00977441
0.010643
0.011924
0.0134284
0.0142756
0.015112
0.0170089
0.0172305
0.0176973
0.0198804
0.0198715
0.020491
0.0220611
0.022268
0.0238025
0.0244096
0.0251443
0.0258163
0.0259303
0.0261685
0.026419
0.0265842
0.0268368
0.027349
0.0288778
0.0290535
0.0296408
0.0302379
0.0321465
0.0329446
0.0334987
0.0341078
0.0344803
0.0345948
0.0345909
0.0345801
0.0345607
0.0346226
0.0346114
0.0346571
0.0348852
0.0353262
0.0356143
0.0365367
0.0368701
0.0373525
0.0378719
0.0380007
0.0380681
0.038104
0.0380789
0.0379231
0.0376504
0.0373207
0.0369742
0.0366969
0.036576
0.0370648
0.0375065
0.0380753
0.0384171
0.0387908
0.0393201
0.0398896
0.0400002
0.0403293
0.0408059
0.0410423
0.0414429
0.0419894
0.0427724
0.0432407
0.0437739
0.044529
0.0453764
0.0456538
0.0468852
0.0471528
0.0471869
0.0472149
0.0471864
0.0471227
0.0470536
0.0470634
0.047316
0.0478898
0.048294
0.048715
0.0498428
0.0504291
0.0509805
0.0514702
0.0515967
0.0517192
0.0518542
0.0521808
0.0528998
0.0534255
0.0539362
0.0559631
0.0585944
0.060505
0.0625719
0.0645174
0.0662528
0.067822
0.0691563
0.0701959
0.0693429
0.0685844
0.0678387
0.0670945
0.0658434
0.0654201
0.0645445
0.0640557
0.0635815
0.0632392
0.0630192
0.0629632
0.0629134
0.062954
0.0630486
0.0632054
0.063446
0.0636288
0.0638846
0.0641583
0.0652825
0.065218
0.0661195
0.0666392
0.0674112
0.0678665
0.0683147
0.0689536
0.0696398
0.0699885
0.0703868
0.0708442
0.0709763
0.0710294
0.0710954
0.0710893
0.0708813
0.0706072
0.0702575
0.0697107
0.0694935
0.0695361
0.0695797
0.0694727
0.0693059
0.069041
0.06866
0.0681923
0.0677419
0.0671895
0.0665694
0.0651541
0.0648486
0.0638999
0.0633578
0.0625982
0.061671
0.0604955
0.0596332
0.0586985
0.0575397
0.0561075
0.0549788
0.0538059
0.0523074
0.0504883
0.0492401
0.0469556
0.0454751
0.043795
0.0426018
0.0411117
0.0394368
0.0382905
0.0371431
0.0358079
0.0341918
0.0330864
0.0319844
0.0309351
0.0298096
0.0286719
0.0278647
0.0270096
0.024984
0.0246964
0.0232818
0.0224352
0.0213682
0.0205576
0.019779
0.01881
0.0177056
0.0170186
0.0163241
0.015661
0.0149595
0.0142594
0.013837
0.0134864
0.0129281
0.0127775
0.0119431
0.0112928
0.0105426
0.00994728
0.00926429
0.00838783
0.00764761
0.00686845
0.00610547
0.00521337
0.0042293
0.00356848
0.00231246
0.00159833
0.00085604
0.000455793
0.000143466
0.000203821
0.000593219
0.000830541
0.000929909
0.00100812
0.000582784
7.97897e-05
0.00101618
0.00134703
0.00167764
0.00187256
0.00190286
0.00199859
0.00223853
0.00249999
0.00262473
0.00269758
0.00264142
0.00241805
0.00220963
0.00193851
0.00162526
0.00150201
0.00155481
0.00224094
0.00237129
0.00271462
0.0036469
0.00376717
0.00439247
0.00450246
0.00457489
0.00473258
0.00482388
0.0048945
0.00488301
0.00482988
0.00490385
0.00507801
0.00523108
0.00546461
0.00575909
0.00638011
0.00641196
0.00649477
0.00640514
0.0062923
0.0061099
0.00612789
0.00625353
0.00650427
0.00689987
0.00750827
0.00796361
0.00842099
0.00890164
0.00926198
0.00939389
0.00954317
0.00947726
0.00922266
0.00905756
0.00879842
0.00826195
0.00789307
0.00760239
0.00735841
0.00711853
0.00675286
0.00633486
0.00599809
0.00562477
0.00499259
0.00464664
0.00447529
0.00456753
0.00497917
0.00561479
0.00652018
0.00718784
0.00790354
0.00870999
0.00955744
0.0106118
0.011668
0.0121728
0.0126027
0.0137037
0.013871
0.0142322
0.0145413
0.0143924
0.014015
0.0132974
0.0122363
0.0114528
0.00950885
0.00834342
0.00715613
0.00615201
0.00515166
0.00387876
0.00245998
0.00157839
0.000798135
6.74125e-05
0.000859959
0.00121496
0.00199877
0.00248758
0.0029085
0.00329251
0.00356143
0.00375777
0.00377098
0.00375785
0.00366784
0.00342966
0.00314645
0.00287665
0.0028531
0.00303153
0.00315193
0.00311388
0.00302068
0.00290338
0.00283199
0.00274182
0.00269666
0.0026943
0.00273518
0.00276678
0.00268304
0.00265712
0.00265629
0.00239214
0.00234491
0.00168899
0.00127679
0.00076177
3.13421e-05
0.000447277
0.000958728
0.00144272
0.00207643
0.00284067
0.0032205
0.00354371
0.00425798
0.0045105
0.00478839
0.00499467
0.00536719
0.00582877
0.00660732
0.0070782
0.00806035
0.00911385
0.0100061
0.0112101
0.0127565
0.0137448
0.0147246
0.0170763
0.0174855
0.0183261
0.0201182
0.0211836
0.0223406
0.0232758
0.0242853
0.0252981
0.0264612
0.0276641
0.0282391
0.0287116
0.0297204
0.0297886
0.0303086
0.0303756
0.0305029
0.0307251
0.031144
0.0313213
0.0318585
0.0326604
0.0329695
0.0335749
0.0343156
0.0347244
0.0350029
0.035379
0.0353839
0.0357981
0.0359335
0.036123
0.0364901
0.0366722
0.0371469
0.0377633
0.038163
0.0386438
0.0391587
0.040525
0.0407259
0.0417373
0.0422591
0.0425702
0.0433246
0.0439861
0.0446418
0.0453457
0.0459423
0.0465497
0.0469437
0.0472953
0.0476574
0.0475555
0.0475519
0.047556
0.0475821
0.047694
0.0480137
0.0482913
0.0486128
0.0490887
0.0497763
0.0502948
0.0514508
0.0521091
0.0528087
0.0533427
0.053862
0.0545485
0.0553381
0.0563308
0.0572125
0.0582731
0.058991
0.0597582
0.060739
0.0618814
0.062676
0.0634448
0.0642315
0.0648694
0.0651814
0.0655245
0.0659606
0.0665376
0.0667944
0.0670045
0.0672992
0.0675181
0.0678131
0.0687028
0.0691806
0.0697015
0.0700299
0.0704439
0.0710546
0.0714064
0.0717204
0.0719207
0.0719529
0.0717288
0.0714619
0.070836
0.070203
0.0695299
0.0689503
0.0684827
0.0680687
0.0676606
0.0672041
0.0668017
0.0666686
0.0666152
0.06681
0.0667516
0.0670543
0.0672362
0.0675436
0.0680923
0.0684473
0.068837
0.0693133
0.0698931
0.0703182
0.0707516
0.0710939
0.0718121
0.0717795
0.07237
0.0726868
0.0732477
0.0739243
0.0743202
0.074672
0.0749936
0.0752792
0.0754643
0.0756661
0.0758898
0.0761093
0.0761857
0.0762862
0.0764781
0.0767003
0.0768617
0.0773711
0.0775288
0.0777312
0.0778861
0.0781226
0.0784687
0.0787012
0.0786817
0.0785946
0.0783982
0.0775149
0.0770877
0.0762823
0.0746062
0.0742043
0.073236
0.0727537
0.0723669
0.0719539
0.071621
0.0713615
0.0711106
0.070769
0.0699548
0.0696934
0.0693661
0.0691248
0.0689992
0.068945
0.0689213
0.0688684
0.0686807
0.0685193
0.0683829
0.0682164
0.0679664
0.0676572
0.0674807
0.0673541
0.0672628
0.0671712
0.0670706
0.0667806
0.0665462
0.0658302
0.0653624
0.064676
0.0637384
0.0629539
0.0621625
0.0612085
0.0600419
0.0592607
0.0584772
0.0577188
0.0565646
0.0563193
0.0557174
0.055375
0.0551422
0.0550166
0.0549025
0.0548092
0.0546854
0.0545754
0.0545493
0.0545183
0.0544187
0.0542001
0.0540559
0.0538102
0.0537043
0.0533245
0.0530403
0.0528254
0.0522999
0.0520872
0.0520848
0.0521733
0.0521834
0.0521747
0.0521399
0.0521353
0.0522048
0.052299
0.0523582
0.0522773
0.052165
0.0520651
0.0518373
0.0516694
0.0511612
0.0508388
0.050592
0.0504812
0.0504522
0.0505995
0.0507085
0.0508114
0.0509674
0.0512221
0.0513741
0.0513335
0.0512026
0.0510016
0.0507557
0.0505403
0.0501493
0.0498857
0.0496188
0.0493207
0.0488706
0.0482269
0.0476794
0.0471362
0.0464808
0.0456813
0.0451482
0.0447151
0.0443597
0.0438256
0.0435928
0.0428993
0.0422016
0.0412046
0.0402304
0.0390808
0.037399
0.035251
0.0337421
0.0321596
0.0300685
0.0275073
0.025866
0.0242935
0.0210712
0.0194782
0.0179417
0.0165342
0.015486
0.0142515
0.0129128
0.0120964
0.0113433
0.0105798
0.00978369
0.00927628
0.0087832
0.00812571
0.00709537
0.00624643
0.00464899
0.00394014
0.00307916
0.00188355
0.00117863
2.04889e-07
0.00134075
0.00215836
0.0028442
0.0034417
0.00404023
0.00458129
0.00529373
0.00592452
0.00661197
0.00726392
0.00784174
0.0085874
0.00938501
0.00991732
0.0103919
0.0108589
0.0114537
0.0121251
0.0125223
0.0128156
0.0131312
0.0132083
0.0131848
0.0130879
0.0129178
0.0127776
0.0128629
0.0131063
0.0135227
0.0141905
0.0147473
0.015426
0.0163857
0.0173919
0.0184973
0.0191288
0.01967
0.0205505
0.0207555
0.0210958
0.0217973
0.0223111
0.0228336
0.0232185
0.0236979
0.024237
0.0246247
0.025066
0.0255697
0.0261716
0.0265776
0.0269966
0.0273879
0.0281584
0.028285
0.0290174
0.0293369
0.0296258
0.0298193
0.029951
0.0301187
0.0302848
0.0304257
0.0304828
0.0304565
0.030377
0.0304349
0.0306206
0.030891
0.0310642
0.0311681
0.0309923
0.0307075
0.0297034
0.0288469
0.0279047
0.0269336
0.0261556
0.0254125
0.024597
0.0237005
0.0232151
0.0227874
0.02221
0.0216075
0.0209258
0.0205861
0.0202949
0.0197472
0.0196761
0.0192877
0.0189958
0.0185658
0.0181266
0.017675
0.0171174
0.016541
0.0158257
0.0148145
0.0136457
0.0129417
0.0122199
0.0112016
0.00979431
0.00876403
0.00769496
0.00528147
0.00485767
0.0030317
0.00209358
0.000851654
0.000806112
0.00202714
0.00334367
0.00510751
0.00743714
0.00902793
0.010998
0.0133732
0.0149298
0.0164582
0.0179585
0.0197654
0.0226463
0.0231715
0.025556
0.0267836
0.0283456
0.030175
0.0310447
0.0325042
0.0337962
0.0350946
0.0355603
0.0362484
0.0370557
0.0375308
0.0379571
0.0382113
0.0386075
0.038915
0.0395983
0.0398202
0.0398345
0.0398324
0.0399028
0.0399997
0.0402257
0.0405717
0.0408361
0.0411977
0.0414896
0.0415415
0.0415672
0.0415516
0.041487
0.0413947
0.0412726
0.0411104
0.0410258
0.0409904
0.0410969
0.0411793
0.0412443
0.0412796
0.0412669
0.0412857
0.0413315
0.0413993
0.0414839
0.0414939
0.0414144
0.0413411
0.0415457
0.0416883
0.0419479
0.0422946
0.0425995
0.0429677
0.0434695
0.0439215
0.0445065
0.0447535
0.0451159
0.0454006
0.0454294
0.0453859
0.0450365
0.0445065
0.0438589
0.0432459
0.0425095
0.0416278
0.0411031
0.0407344
0.0404284
0.0401804
0.0400613
0.0400337
0.0400725
0.0401449
0.0402513
0.0403993
0.0407179
0.0412565
0.0420127
0.0423076
0.0425182
0.0425127
0.042459
0.0423878
0.0422287
0.0418327
0.041456
0.0411083
0.0407935
0.0403891
0.0403276
0.0404151
0.0404534
0.0403965
0.0403597
0.0403527
0.0403071
0.0401725
0.0400448
0.0399795
0.0400212
0.0401058
0.0401408
0.0401848
0.040328
0.0407826
0.0410797
0.0425903
0.0426829
0.0439633
0.044647
0.0452901
0.0460386
0.0469513
0.0474267
0.04828
0.0492464
0.0496608
0.0502836
0.0508312
0.0512569
0.0513411
0.0513063
0.0511533
0.0510759
0.0510044
0.0510153
0.0512992
0.0515511
0.0517656
0.0520307
0.0524494
0.0527552
0.0531327
0.0535434
0.053832
0.0541425
0.0547726
0.0548337
0.055159
0.0551321
0.0550331
0.0547901
0.0544357
0.053859
0.0510504
0.0509816
0.0493342
0.0489162
0.0481735
0.0468232
0.0466662
0.0458343
0.0454482
0.0450993
0.0447505
0.0444839
0.0440412
0.0434252
0.0429478
0.0424081
0.0417767
0.0401264
0.0399054
0.0381832
0.0371832
0.0369423
0.0354055
0.0344151
0.0331635
0.0322727
0.0314528
0.0305466
0.0295823
0.0290716
0.0286683
0.0282151
0.0276891
0.0273591
0.0268159
0.0261635
0.0257091
0.0252467
0.0248837
0.0247044
0.0244654
0.0243912
0.0243481
0.0243985
0.0244376
0.0245383
0.0245936
0.0247018
0.0250339
0.0253018
0.0255807
0.0263606
0.0267281
0.0267625
0.0272639
0.027511
0.0277383
0.0278897
0.0280743
0.0284412
0.028963
0.0292962
0.0296242
0.0297579
0.0296994
0.0294552
0.0290929
0.0286279
0.0281339
0.0276108
0.0268026
0.0264908
0.0263607
0.0263071
0.0264036
0.0266295
0.0267983
0.0269294
0.0271118
0.0273488
0.0275499
0.027745
0.0281136
0.0283746
0.0288001
0.029056
0.0293382
0.0295996
0.029767
0.0298529
0.0297995
0.0297302
0.0296595
0.029544
0.0294664
0.0295058
0.029495
0.0294513
0.0295047
0.0294692
0.0294829
0.029633
0.0301704
0.030644
0.0310313
0.0312139
0.0311175
0.0310295
0.0307837
0.0302399
0.0288618
0.0277452
0.0252499
0.023505
0.0212697
0.0198527
0.0185264
0.0172792
0.0160598
0.0145758
0.0129336
0.0119898
0.0111682
0.00951699
0.00881461
0.00837092
0.00806422
0.00783364
0.00765921
0.00747281
0.00738653
0.00730056
0.00724319
0.00727368
0.00755768
0.0078113
0.00800595
0.00808721
0.00802186
0.00734395
0.00669719
0.00575626
0.00507762
0.00444022
0.00381884
0.00320388
0.0027563
0.00233639
0.00202429
0.00177668
0.00152955
0.00141473
0.00137763
0.00137306
0.00140156
0.00134569
0.00128221
0.00107184
0.000847416
0.00057515
0.000367095
0.000212335
0.000102406
1.13266e-05
1.86735e-05
8.11791e-05
0.000165946
0.000352259
0.000780067
0.00125275
0.00182585
0.00351509
0.00373501
0.0053645
0.0065088
0.0079789
0.00909023
0.0104085
0.0122832
0.0146407
0.0162173
0.0177319
0.0192405
0.0211033
0.0231616
0.0243374
0.0253605
0.0273716
0.0278096
0.0286523
0.0304858
0.0311406
0.0319891
0.0328207
0.0339188
0.0346508
0.0353353
0.036058
0.0369949
0.03801
0.0385374
0.0391337
0.0398402
0.0408518
0.0416663
0.0425417
0.0434544
0.0460334
0.0470466
0.0481682
0.0494137
0.0502596
0.051131
0.0519492
0.052865
0.0537267
0.0542012
0.0546775
0.0552734
0.0558517
0.0562146
0.0570491
0.0574495
0.0578477
0.0582973
0.0585728
0.058895
0.0593727
0.0600371
0.0603684
0.0609742
0.0619049
0.0626346
0.0629695
0.0635541
0.0652433
0.0657301
0.0660158
0.0662852
0.0664737
0.0667504
0.0670227
0.0669734
0.0669961
0.0670347
0.0668969
0.0668059
0.0673581
0.0676347
0.0685183
0.0690258
0.069847
0.0708369
0.0714508
0.0720419
0.0727839
0.0735265
0.073932
0.0742594
0.0746258
0.0750749
0.0752912
0.076142
0.0763364
0.0771908
0.0775655
0.0779845
0.0784245
0.0785849
0.0786582
0.0785752
0.0782665
0.0780234
0.0777788
0.0774484
0.0769871
0.0767538
0.0762235
0.0760747
0.0759586
0.075808
0.0756304
0.0754107
0.0750383
0.0747879
0.0745066
0.0741942
0.0738683
0.0736699
0.0735169
0.0734759
0.0736089
0.0737542
0.0741266
0.0747902
0.0748564
0.0748554
0.0747928
0.0746644
0.0744366
0.0740574
0.0732906
0.0721021
0.0713031
0.0705275
0.0695233
0.068204
0.0672682
0.066241
0.0647905
0.0615307
0.061203
0.0587972
0.0573346
0.0557225
0.0547914
0.0508835
0.0508921
0.0505956
0.0504233
0.0502285
0.0499561
0.0494731
0.0484648
0.0477057
0.0468227
0.0461196
0.04535
0.044376
0.0433332
0.0426362
0.0419121
0.0411657
0.040144
0.0387844
0.0381051
0.035677
0.0343547
0.0340863
0.0314397
0.0300474
0.0289261
0.0275314
0.0259971
0.025033
0.0240391
0.0226961
0.0209694
0.0198186
0.0186948
0.0173941
0.0159243
0.0152707
0.0143127
0.0132643
