-0.00327526
-0.00143871
-0.0784563
-0.127379
-0.138309
-0.133128
-0.121912
-0.107578
-0.0935921
-0.0758854
-0.0641347
0.00239829
0.00239829
0.0112983
0.0243789
0.0181669
0.0111355
0.008687
0.00850623
0.0039395
0.00201592
0.00270709
0.00597408
0.00925032
0.00385069
0.00757334
0.0135054
0.0123462
0.0100077
0.0135204
0.00695848
0.0108312
0.0125697
0.00738353
0.00534804
0.0101516
0.00720603
0.00862454
0.0075474
0.00401861
0.00786503
0.00743076
0.0133836
0.0178664
0.0240813
0.0138334
0.0110354
0.0110922
0.0064404
0.00979954
0.0082005
0.00642881
0.00737845
0.00414319
0.0053241
0.000136814
0.0076816
0.00684851
0.00281757
-0.000555739
0.00273394
0.0100752
0.00848421
0.0109671
0.00775082
0.0077634
0.0109888
0.0105318
0.0140939
0.0110422
0.0145205
0.0129087
0.00674224
0.00420361
0.00754416
0.013092
0.00870432
0.00102723
0.00257737
0.00685177
0.00017596
0.0047986
0.00989881
0.00646493
-0.00145228
-0.00151795
0.00138248
0.00495768
0.00305486
0.000565958
-0.00302097
-0.00214958
-0.0087016
-0.00673603
0.000849441
-0.00294746
0.00201332
0.0057418
0.0109841
0.00911741
0.0120994
0.0145155
0.0099955
0.00401938
-0.00222268
-0.00169597
0.00643448
-0.00119852
-0.00148327
0.00134353
0.00535246
0.00961081
0.0137536
0.00701028
0.00521546
0.00303386
-0.0036549
0.000946907
0.000338208
0.00561175
0.000486552
0.00382803
0.00778929
0.0076721
0.00911827
0.00351623
0.00594114
0.00325584
-0.00175161
-0.00310283
-0.000407378
-0.000675843
-1.93566e-05
-0.00467243
0.00211135
0.00770392
0.0130165
0.011293
0.0143834
0.00530184
0.00550487
0.00761967
0.0046474
0.00254283
0.00305198
0.00619431
-0.000328215
0.00160672
-0.000903996
0.00504278
0.00512079
0.00129345
0.00428987
0.00855277
0.00425233
-0.00214319
-0.00361938
-0.00212284
-0.00212541
0.00103711
-0.00300016
0.00316865
-0.000946356
0.00365449
0.00277631
0.00667202
0.00283293
0.00208745
-0.000803072
0.00143498
0.00297876
0.0078062
0.00577553
-0.000148788
0.00196202
-0.00269301
-0.000244424
-0.000538206
0.00281646
0.00145533
-0.000318822
-0.00119968
0.0026071
0.00117194
0.00397183
0.00665456
0.00108442
0.00931771
0.00984004
0.00387664
2.39283e-05
-0.000776548
0.00111639
-0.00337018
-0.00117765
0.00198398
0.00744115
0.00622111
0.00753938
0.0116948
0.00729266
0.00510437
0.00502275
0.00281244
0.00462356
0.00259933
-0.00138609
-0.00694965
-0.0050412
-0.000375356
-0.00165565
0.00177551
0.0078792
0.00367659
0.00398584
0.00242409
0.00608543
0.00945651
-0.000541643
-0.00683618
-0.0030964
-0.0079828
-0.00568783
-0.00189542
-0.00295994
0.00140499
0.00680591
-0.000122363
-0.00485981
-0.00260883
-0.00567472
-0.00540683
-0.00304126
-0.00500811
0.00187908
0.00160648
-0.00164749
-0.00192055
0.00459151
0.00683826
0.00480278
0.00278732
-0.00103697
-0.00421021
-0.00214908
0.00481182
0.000868381
0.00814631
0.00780786
0.0118102
0.00857923
0.00613371
0.00842097
0.00551088
0.000602714
-0.0013121
-0.00603007
-0.00488079
-0.00210446
0.00118517
0.00303519
-0.00352101
-0.00440438
-0.00820413
-0.00503059
-0.00828048
-0.00460236
-0.00227281
-0.0044559
-0.000401948
0.00195094
0.00682448
0.00549195
0.00671189
0.00391723
0.000175268
-0.00244042
0.00194655
0.00636274
0.00948699
4.43626e-05
-0.0024748
-0.00845713
-0.00492085
-0.00797366
-0.00318142
-0.00359517
-0.00218045
0.00562512
0.0107814
0.0128995
0.00411176
0.00126614
0.00233593
0.0038167
-2.01427e-05
0.00214448
-0.00283965
0.00115838
-0.000130775
0.00213481
0.00489635
0.00135036
-0.000873125
-0.00387049
0.000408155
-0.00275549
-0.000431063
-0.00520761
-0.00602631
-0.00090021
-0.00291161
0.00211989
0.000817717
0.00428122
0.00304507
0.00711106
0.00637452
0.00484341
-0.00051226
-0.00508568
-0.00209399
0.00494603
0.00302507
0.00699921
0.0113489
0.0090948
0.00295135
0.0027363
-0.00329119
-0.00420378
0.000182902
-0.00171103
-0.00358146
-0.000872307
0.00582287
0.00488233
0.000720182
-0.0049149
-0.00949949
-0.00796577
-0.0108556
-0.00865943
-0.00716002
-0.000683777
0.00319108
-0.00101437
0.00153274
0.00455505
-0.000942994
0.000599825
0.00327918
0.000698046
-0.00460176
-0.00741288
-0.00519538
-0.00199334
0.00545223
0.00969091
0.00903434
0.0073981
0.00109759
0.000788413
-0.00419266
0.000281875
0.00685355
0.000990961
0.00137258
0.00536365
-0.00208627
-0.00150493
-0.00207479
-0.00284451
-0.00590256
-0.00600917
-0.0112717
-0.00429438
-0.00652801
-0.0012534
-0.00096747
0.00689282
0.00242325
0.00405761
0.00374521
0.000167165
0.0030688
3.04429e-05
-0.00427602
-0.0137156
-0.0200423
-0.0200423
-0.00378031
-0.00462747
-0.00945962
-0.0119685
-0.00767022
-0.0025627
0.00196543
-0.00195435
0.00102391
-0.00358863
-0.00358863
0.00253419
0.0131902
0.00506089
0.00687508
0.00617217
0.00936101
0.0128674
0.00888287
0.00288722
-0.00202058
-0.000922733
0.00173884
0.00603666
0.000413491
-0.00635784
-0.0118484
-0.00618622
-0.00485489
-0.00160993
-0.0018827
-0.000378606
0.00328752
-0.00101635
0.00147261
0.00582698
0.00806622
0.0057218
0.00764195
0.00495564
0.000365198
-0.00611588
-0.00615288
0.00351617
0.00082275
-0.00405818
-0.00817827
-0.00193411
0.00418242
0.00200725
0.00285034
0.00260775
0.00338563
-0.00135776
0.000650286
0.000150985
-0.00730759
-0.00551382
0.00061811
-0.00184185
0.000511209
-0.00349685
-0.00820785
-0.00174045
-0.00130642
-0.00391536
0.00090022
0.000272927
-0.0011095
0.000489882
0.000869532
0.0045461
0.00425634
0.00734333
0.00392625
-0.00014502
-0.000883608
-0.00569746
-0.00262532
-0.00525048
-8.1708e-05
0.00382589
0.00910107
0.0128641
0.00633397
0.00681528
0.00211652
-0.00398271
-0.00281399
0.000713031
0.00021818
-0.00412483
0.00310667
0.00342138
-0.00206762
0.00318271
0.0082849
0.00368905
-0.00482243
-0.00106038
-0.00349033
-0.00154548
0.0013144
-0.00242936
0.000189387
0.00161793
0.00596381
0.00548518
0.00445949
0.00462596
0.00410227
0.00285964
0.00664315
0.0100708
0.00171615
-0.000738125
-0.0003333
-0.00353241
-0.00679681
-0.00747037
-0.0015875
-0.00618875
0.00144904
-0.00364293
-0.00890314
-0.0126125
-0.00563436
0.00578978
0.00594033
0.0031663
0.00333304
0.00900549
0.00833804
0.0101683
0.00344421
-0.00217001
-0.00799549
-0.00548203
-0.00990724
-0.00734326
-0.00350512
0.00208284
0.00700569
0.010497
0.0085616
0.0117419
0.0055203
0.000777077
0.00140784
-0.000792779
-0.00542553
-0.000175255
-0.00308371
-0.00412981
-0.00078424
0.00319514
-0.00239915
-0.0089508
-0.00766694
-0.0041295
-0.00249636
0.00292777
0.0025715
0.00579471
0.0100452
0.00309606
0.00502716
0.00310679
-0.0122008
-0.00373644
-0.00607321
-0.00417985
-0.00616081
-0.00769305
-0.00629449
-0.000396592
0.00726018
0.0076085
0.0114366
0.00989522
0.00281031
0.00390266
-2.62249e-05
0.000975374
-0.000684245
-0.000178687
-0.00321021
-0.00713538
-0.0100416
-0.00665924
-0.00617258
-5.3871e-05
-0.0010388
0.00359863
-3.79161e-05
0.0044465
0.00716665
0.00389382
0.0047415
-4.27337e-06
0.00402699
0.0016541
-0.00170909
-0.004113
-0.00955929
-0.00490127
0.00332585
0.0115917
0.010655
0.009603
0.00317591
0.00348395
-0.00152628
-0.00119362
0.000927165
0.00412485
0.00187676
-0.00284014
0.00114099
0.00516089
0.00791904
0.00351659
-0.00439671
-0.00765856
-0.00566899
-0.000626464
-0.000456557
-0.000493017
-0.00702432
-0.00228234
-0.00115094
0.0053624
0.0101273
0.00314204
-0.00413966
-0.00551348
-0.00274665
-0.00598411
-0.00448317
-0.00635938
-0.00935497
-0.00717163
-0.00355769
-0.000104473
0.00355882
0.00644283
0.00140954
0.00627826
0.00312208
0.00452822
0.00683713
0.00207141
-0.00244525
-0.00260359
-0.0014136
0.00489746
0.00304752
0.00412779
-5.36278e-05
-0.0012893
0.00126371
-0.00278844
-0.00298814
0.00281018
-0.00366046
-0.00150617
0.00274604
0.00112205
0.00074419
0.00477915
0.00408541
-0.00122872
-0.00690807
-0.00612366
0.0017143
-0.00241626
-0.0026702
0.00693377
-0.000131121
0.00385792
0.00152332
-0.00228291
-0.00341345
0.0023019
0.000516312
0.00314865
0.00715499
0.00485403
0.00570911
0.00797401
0.00554987
0.00444904
-0.010663
-0.00613245
-0.00801762
-0.0114413
-0.00636664
-0.00140058
0.00339508
6.90017e-05
0.00033573
0.00100598
-0.00342629
-0.00456101
0.00030279
-0.000547796
0.0019758
-0.000106739
-0.00546965
-0.00456879
4.54167e-05
0.00534188
0.00105456
0.00295539
0.00584778
-0.00254405
-0.00254405
-0.00144034
0.00131081
-0.000719225
-0.00392882
0.00248735
-0.000307558
0.00145201
0.00500167
-0.000512115
0.000757727
-0.00596893
-0.00691203
-0.0110134
-0.0108947
0.00212329
-6.83562e-05
0.00734481
0.00951962
0.0024033
0.00355307
-0.00273947
-0.000307095
-0.00246047
-5.76036e-05
-0.00392998
0.000560357
0.00865744
0.00329403
0.00285473
0.000713585
0.00683981
0.0029096
0.000325247
0.00234272
0.00387287
0.000277187
0.00349945
-0.00176592
-0.000406344
0.00341455
0.00679201
0.00273067
-0.00559228
-0.00499046
-0.0031824
-0.000397956
-0.00138601
-0.00152317
-0.00153169
-0.00613828
-2.73886e-05
0.0052018
0.00287542
-0.00283639
-0.00302962
-0.00483871
-0.0032093
-0.00645588
-7.80052e-05
-0.00404646
-0.00259017
0.00290079
0.00101848
0.00236039
-0.000432406
0.00360054
0.00315161
0.00449599
-0.000584385
0.000473511
0.0037639
0.00547573
0.00822221
0.00449541
-0.000754121
-0.0062546
-0.000453438
-0.00196862
0.00015359
-0.00279987
0.00352021
0.00322562
0.00428176
0.00671733
0.00359163
0.00144426
0.00412454
0.00131742
0.00485638
-0.000623794
-0.0065529
-0.00273078
0.00311397
-0.00174953
0.00254447
0.00131556
-0.00378838
0.00031431
-0.00160566
0.00155433
0.00505722
0.00648185
0.00535431
0.00683884
0.00302742
0.00464071
-0.00362882
-0.0045598
-0.0102691
-0.00689756
-0.0025188
-0.00503628
-0.000285654
-0.00260397
-0.00732813
-0.00598708
-0.00202662
-0.000241414
0.000454811
0.00427491
0.00741026
0.0105194
0.00716546
0.00234416
-0.000717432
0.000686182
-0.00320168
0.00218524
0.00707665
0.00481968
-0.00477564
-0.00221633
-0.00882811
-0.00161506
-0.00342603
-0.00599505
-0.000446112
0.00418163
0.00874871
0.0118338
0.00804364
0.00383579
-0.00551276
-0.0107094
-0.0121979
-0.00686089
-0.00215781
-0.00660604
-0.00267563
0.00347464
0.00352082
-0.00359536
-0.00376685
-0.00168384
-0.00601442
0.0037152
-0.00102801
-0.00268231
0.00275776
-0.0004281
-0.00499788
-0.00140304
-0.00437528
-0.00173399
0.002746
0.00535546
0.00298613
-0.00383688
0.00156503
0.00110513
0.00485322
0.00781837
0.00170714
-0.00511913
-0.00179351
0.00387998
0.00323047
-0.00016155
-0.00240504
-0.00569912
0.000887321
-0.00283333
0.00130398
0.00596616
3.41196e-05
-0.000623374
0.00141858
0.00400111
-0.00178877
-0.00145289
-0.0054239
-0.00140724
-0.00305793
-0.00111097
0.00899756
0.00899756
0.00473939
-0.00235713
-0.0104845
-0.0085359
-0.00992937
-0.01145
-0.00645264
0.00152529
-8.77621e-05
-0.000776749
0.00106676
0.000427906
0.000609616
0.00374439
-0.00133209
0.0051559
-4.15092e-05
-0.00555725
-0.00748376
-0.00153542
0.00142259
0.000148375
7.43429e-05
0.00521094
0.000196973
0.000470854
0.00440133
0.000203907
-0.000293641
0.0026469
0.00808282
0.00609415
0.00943123
0.00354959
0.00505769
2.4156e-05
-0.00656232
-0.00448895
-0.00585528
-0.0085726
-0.0112079
-0.0115768
-0.0112955
-0.005656
-0.00669165
-0.00329885
0.0021904
0.00607534
0.00894874
0.00626365
0.000722508
-0.00293531
-0.00136056
0.00797336
0.00608039
0.0064348
0.00359222
-0.00346097
-0.00108919
-0.00434259
-0.0080496
-0.0111083
-0.00779652
-0.00989499
-0.00461111
0.00413028
0.00456994
0.00745976
0.00470681
0.00375347
0.00390003
0.0110632
0.00313656
0.00206646
0.00375091
-0.000497183
0.00259642
-0.00126037
0.00460689
0.00150505
0.00121436
-0.00160957
0.00161508
-0.000825361
0.00103146
-0.00273024
-0.00637701
-0.00387792
0.00197651
0.00462637
0.00168626
-0.00351503
-0.000496269
-0.00526425
-0.00434453
-0.00649042
-0.000541917
0.0035487
0.00212306
0.00516657
0.00711328
-0.000964234
-0.000921508
0.00211603
-0.00508665
-0.000430348
-0.00171673
-0.00729117
-0.000944521
-0.000264766
0.00589807
0.0036287
0.000103178
-0.00391488
-0.00370068
-0.00503574
-0.00331562
-0.00548117
-0.00433305
0.00349744
0.00806589
0.00246411
-0.0024286
0.000365902
0.00640295
0.00654229
0.00215007
0.00226869
-0.00393494
-0.00916625
-0.0050353
-0.000763936
-0.00350642
-0.00320244
-0.00118092
-0.00258196
0.000721402
-5.8454e-05
-0.00431307
-0.00213046
0.00431474
0.00243537
-0.000813369
0.00412557
0.00486148
0.00237473
0.000146451
-0.00273038
-0.00698269
-0.00413707
-0.00385828
0.00124348
0.000929742
-0.0031588
-0.00109718
0.00191267
0.00269419
0.00718585
0.00664448
0.00658483
0.0015609
0.00507192
0.00726511
0.00303978
0.0073481
0.00461311
0.00565457
0.00392599
0.00102677
-0.00384864
-0.00835918
-0.00945683
-0.00268642
0.00386956
-0.00353076
-0.00908085
-0.00492105
0.00077324
-0.00429125
-0.000167657
0.00504064
0.000837206
0.000529764
0.00212212
-0.00313539
-0.00552272
-0.00300774
-0.000289673
0.00342263
0.00669602
-7.87255e-05
-0.00689814
-0.00255451
0.00414889
-0.00193413
0.000360441
0.000516164
-0.000640846
-0.00339988
-0.00119118
0.00396512
0.00612506
-0.000261066
-0.00184449
-0.000632991
0.00466719
0.00567726
0.00898108
0.00147618
-0.000303188
0.00406226
0.00769794
0.00309235
0.00309235
-0.0116804
-0.00980817
-0.00964629
0.0012603
-0.000934928
-0.00804589
-0.00408004
-0.0072437
-0.00241742
-0.0054233
-0.00170613
-0.00264298
-0.00041292
-0.000301269
-0.00141735
0.000979238
-0.00453459
-0.00241628
-0.00647016
-0.00270796
0.00805391
0.0042779
-0.000144016
0.00565732
0.00105268
-0.00532465
-0.00486248
-0.00140406
-0.00447278
-0.00758962
-0.00610897
-0.000771197
0.00095297
0.00896305
0.00297695
0.00494153
0.0104689
0.00951303
0.00629032
0.00706136
0.00203409
0.00502366
0.00338196
0.00634559
0.00563488
0.00297822
-0.00596442
-0.00157128
-0.00758978
-0.00496204
-0.00143383
-0.0047819
-0.00985513
-0.00164719
3.04333e-06
-0.000192763
0.0052291
-0.00122621
-0.000858162
0.00292547
-0.000823144
4.43553e-05
0.00434562
0.00249234
-0.00186263
-0.00325571
-0.000245679
-0.000500928
-0.000287784
0.00248707
0.00604122
-0.00115973
0.00170153
-0.00566759
-0.00624112
-0.012439
-0.0101266
-0.00973294
-0.0125507
-0.00595915
0.00132442
0.00100213
0.00304589
0.00133751
-0.000172652
-0.00514319
-0.00402748
-0.00520125
-0.0086574
-0.00362517
0.003272
0.00089488
0.00591149
0.00247038
0.00424143
-8.14788e-05
0.00298524
0.00207177
0.00611721
0.00343243
-0.000384369
0.00107366
0.00107366
-0.00223891
-0.0061402
-0.00155379
-0.000366942
0.00373684
0.00425846
0.00394373
0.0045756
0.000885197
-0.00334148
-0.00211455
0.00191459
-0.0010653
-0.00519855
0.000857635
0.00669678
0.00632091
0.000696643
-0.00553683
-0.00367007
-0.00227527
0.00108619
-0.000220285
0.000622979
0.00710026
0.00475739
-0.00105254
-0.0032452
-0.000451377
0.00509781
0.00291079
0.00566963
0.00698509
0.00275788
0.00201879
0.00221732
0.00286441
-0.000113501
0.00443518
0.000492801
-0.00348463
0.000782982
0.004519
-0.00466133
-0.00152062
-0.00431637
-0.00667614
-0.00913256
-0.00432168
-0.00514391
0.00147602
0.000592276
0.000129514
0.000244996
0.00431483
0.00102388
0.00519827
-0.000366921
0.00394224
0.00992838
0.00880024
0.0136448
0.00968452
0.0126581
0.00508668
-0.00498317
-0.00209769
-0.00403494
-8.67305e-06
0.00255872
0.00630672
0.0093173
0.0101187
-0.00530976
-0.00610134
-0.00265509
0.00138439
0.00517273
-0.0045821
-0.00205796
-0.0032625
-0.00744407
-0.00620486
-0.00258131
0.00154347
0.00457154
0.000794857
-0.00782452
-0.00674931
-0.00396972
0.000376287
0.00474387
-0.000705352
-0.00322633
-0.00859857
-0.00593682
-0.00613299
-0.00142134
-0.00348978
-0.00655368
-0.00197496
-0.00160469
0.000107422
-0.000760978
0.00447604
0.0028431
0.000613652
0.00137354
0.00682724
0.00513065
0.00872858
0.0117811
0.00776056
0.00385912
0.00476099
0.000143826
0.0017497
-0.00118532
-0.00458526
-0.00960718
-0.013452
-0.0145915
-0.00977044
-0.00665458
4.87596e-05
-0.0041914
-0.000617016
-0.00190252
0.000986943
0.00107759
0.00584077
0.00246463
0.000869581
0.00258317
0.00466901
0.0038978
0.00469986
0.00159965
0.00147298
-0.00271995
0.00022366
0.00486205
-0.000543175
-0.000162739
-0.00451193
-0.00236014
-0.00764736
-0.0074868
-0.00272405
-0.00538051
0.00181513
0.00525772
-0.00077296
0.00392344
0.00272614
-0.000116467
-0.00378319
-0.00114408
-0.00177576
-0.00366425
-0.0105039
-0.0105599
-0.00701712
-0.00944103
-0.00119825
-0.000224571
-0.00327094
0.00226578
-0.00338958
-0.00224359
-0.0072476
-0.00401936
-0.00623813
-0.00627077
-0.00472577
0.000680792
0.000328735
-0.00290316
-0.00123087
0.00481898
0.0083808
-0.00404588
-0.000991897
0.00139096
0.0108887
0.00778698
0.00613302
0.0093844
0.00568869
0.000995473
-0.00421237
0.000682804
-0.00271231
0.00259022
0.000538766
-0.0030432
0.000993611
0.000634683
-0.00311649
-0.00441928
0.000929036
0.00221731
0.00836699
0.0070609
-0.00364838
-0.00154914
-0.00359261
-0.00359299
-0.00709293
-0.00312869
-0.00442068
-0.00590515
-0.00983087
-0.00844088
-0.00475714
0.00292696
0.00774412
0.00555692
0.00448727
0.0109656
0.0140514
0.00821895
0.00612877
0.00224922
0.000974855
-0.00171032
0.00168625
-0.000304668
-0.00385717
-0.000510782
0.00139263
-0.00261954
-0.00126884
-0.00429848
3.04398e-05
-0.00288922
-0.00145787
-0.00373436
0.0028682
-0.000880492
0.00344727
0.00892983
0.00589618
-0.00090526
0.00247506
0.00620662
0.00393407
0.000538875
-0.00352047
-0.002177
-0.00166778
0.00866466
0.00631896
0.00943865
0.00419322
-0.00400879
-0.0113901
-0.0110598
-0.00417008
-0.0050582
0.000657548
0.00264673
0.0110125
0.00795587
0.00808757
0.00378675
-0.00182042
-9.45034e-05
0.00766629
0.00671981
0.00277316
-0.0010677
-0.00565357
-0.0095427
-0.0072625
-0.00442426
-0.00228594
0.00118925
0.00835613
0.00608764
0.0089352
0.011945
0.0143724
0.015871
0.0098011
0.00236324
0.000106561
-0.000286564
-0.00373466
-0.000971357
-0.00141654
-0.00429681
-0.00876068
-0.00371106
-0.00824181
-0.00691869
-0.00465534
-0.00780723
-0.00507765
-0.00648143
-0.00287403
0.00437069
0.0049904
0.00775171
0.00343949
0.00616351
0.00161158
-0.00496049
-0.00275004
-0.00488025
0.000737667
8.00655e-05
0.00400587
0.00135282
0.0002156
-0.000409455
-0.00571156
-0.00589076
0.00305933
-0.00110978
-0.00607424
-0.00329403
0.00230754
0.00101372
-0.00501194
-0.00260668
-0.00625866
-0.00309727
0.00383084
0.00315487
0.00578987
0.00391475
0.00647912
0.010618
0.00213482
-0.000996752
-0.00459461
0.000128041
0.00101996
0.0059629
-0.00193047
0.000113324
0.00370148
0.00173181
-0.00530862
-0.00469387
-0.00122134
-0.00357492
-0.00268753
0.00067889
-0.00238063
0.00104357
-0.00529095
-0.000496056
0.0048858
0.00117461
0.00262536
-0.000899946
-0.00145229
-0.00687636
-0.0113326
-0.0151237
-0.0169827
-0.0125166
-0.0162014
-0.013429
-0.00918812
-0.00417493
-0.00580986
-0.008519
-0.00510444
-0.00701195
-0.00249051
0.00281699
0.00138
-0.00151112
0.00773638
0.00815642
0.0112233
0.0046297
0.00856881
0.00382653
0.00645664
0.00420944
-0.000458666
-0.00317241
0.00187855
0.000118384
-0.00315204
-0.000132339
0.00390856
-0.000697195
-0.00310863
-0.00600354
-0.001098
0.000430896
-0.00486303
0.00150071
0.00159006
0.00578179
0.00813428
0.00422695
0.00424812
-0.0139627
-0.0197696
-0.0158802
-0.0107267
-0.00437101
-0.000446483
-0.00119826
-0.00672155
-0.00173311
-0.00626982
-0.00335667
0.00436011
0.0037331
-0.00117453
8.87616e-05
0.00169219
-0.00171378
0.00336878
0.00336997
-0.000847365
0.000807141
0.00558332
0.00976069
0.00364855
0.000639865
0.00288857
-0.00221735
0.00164386
-0.00200942
0.00377929
0.00074374
0.00203138
0.00651218
0.0112109
0.00865654
0.00791614
0.00260992
0.00436647
0.00744496
0.00446506
-0.00037588
-0.000349075
-0.00124864
-0.00166157
-0.00225636
-0.0094012
-0.00158793
-0.0014674
-0.00513489
-0.00929087
-0.00568453
-0.000614338
-0.00146663
0.00408669
0.0031595
0.00655369
0.00367905
0.00437188
0.00774559
0.0129358
0.0062978
0.00949471
0.0138585
0.00972383
0.0127304
0.00641332
0.00415836
-0.000544722
0.00274391
-0.000241481
-0.00141977
-0.00603913
-0.00488215
-0.000724449
-0.00103944
0.00077319
0.00315202
0.00403917
0.000344876
-0.00262789
-0.00662793
-0.0108671
-0.00255866
0.00478216
0.00357634
-0.000507917
0.00338962
0.00772447
0.00763937
0.00320239
-0.00186251
0.00198375
-0.00299814
-0.00160959
-0.00511367
-0.00089705
-0.00439548
-0.00109145
-0.00162037
-0.00448072
-0.00864369
-0.00632251
0.0020064
-0.000448927
-0.00324442
-0.000731313
0.00332374
0.00142668
-0.00275456
0.000312131
0.00442999
0.00182907
-0.00423643
-0.00222217
-0.00273759
-0.00194071
0.00222972
-0.000589977
0.000870958
0.00446301
0.00153576
0.00473649
0.0010007
0.00227255
-0.00145945
-0.00513538
-0.00900727
-0.00315768
-0.00590625
-0.000904862
0.00517382
0.0107134
0.0134944
0.0129936
0.00792648
0.00303511
-0.0114131
-0.0049498
-0.00555569
-0.00996293
-0.00756598
-9.39822e-05
-0.00261945
-0.000929455
0.00518839
0.00186828
-0.00206282
-0.00371304
-0.000458366
-0.00201486
-0.00668016
-0.00336144
-0.00643182
-0.00413502
0.00029316
0.000233692
0.00562506
0.00577278
0.00394505
0.000570224
0.0101203
0.0101203
0.00771437
0.00213483
-0.00525379
-0.00727021
-0.00381766
0.000390002
-0.00225359
-0.00644747
-0.00313185
-0.00693373
-0.00183336
-0.00142239
0.00156456
0.00599722
0.00229922
-0.00307231
-0.00530101
-0.00320847
0.0013256
0.000482522
-0.00350538
0.00365498
-0.00492772
-0.0025943
-0.00581131
-0.00224793
0.00231431
0.00594495
0.0103283
0.00625478
-0.00121488
-0.000395467
-0.00213482
-0.00462074
-0.0034478
0.00172631
-0.00311728
-0.00155181
0.00106659
-0.00191275
-0.0033883
-0.000231969
-0.00352209
-0.0061508
-0.00293301
0.000801226
0.000388604
-0.00198295
-0.00488718
-0.00664967
-0.000915388
0.00251202
0.0112554
0.00648812
0.00673101
0.00921835
0.00494136
0.00604822
0.000779155
-0.00702604
-0.00443424
-0.00362559
-0.00377835
0.000594923
-0.0004237
-0.00519099
-0.00127998
-0.0036554
-0.00119212
0.00436566
9.61676e-05
-0.000163468
-0.000363137
0.00458301
0.000523335
0.00586877
0.00195604
0.000132316
0.00524705
0.00356968
-0.00102755
-0.00102658
-0.00730153
-0.00757951
-0.00620186
-0.00171746
7.88577e-05
-0.00693089
-0.00262493
-0.00690678
-0.0102128
-0.00728001
-0.00787299
-0.0106405
-0.0133335
-0.00900785
-0.00434047
0.00068305
0.00174714
0.00191039
0.00139951
0.00430058
0.00524628
0.00868907
0.0046175
0.0080935
0.00569263
0.00757819
0.00225072
0.000784902
-0.00612785
-0.0036227
-0.00488997
-0.00243062
-0.00370428
-0.00329609
-0.00446801
-0.00653911
-0.00258532
-1.49918e-06
0.00389418
0.00886132
0.00345906
0.00474018
0.000691862
0.00323895
-0.00327332
-0.00564052
-0.0119389
-0.017482
-0.0161852
-0.013883
-0.000159086
-0.0025165
0.00215054
4.42606e-05
0.000163515
-0.00483954
-0.00813805
-0.00536691
-0.00580061
-0.0102468
-0.00581354
-0.00845435
-0.0118221
-0.0152755
-0.011927
-0.00870333
-0.00778516
-0.0014621
-0.00427097
-0.00147339
0.00160108
0.00204057
-0.00184064
0.00257339
0.00697475
0.00904923
0.00647142
0.00812051
0.00554202
0.000927579
-0.004031
-0.00489901
-0.00865852
0.000163959
-0.00283842
0.00348806
0.000980912
0.00296458
0.00192297
-0.00270398
0.000626326
0.000762698
5.75799e-05
0.00457723
0.00426383
-0.00128776
0.000675437
-0.00130765
0.00206285
-0.0017633
0.00588001
0.00404241
-0.000364754
0.00321415
0.00991742
0.0127864
0.00738506
0.00488331
0.00626934
0.00156915
0.00614001
0.000633534
-0.117966
-0.138851
-0.151837
-0.150234
-0.145445
-0.126347
-0.10587
-0.0874329
-0.0705292
-0.0550218
-0.0441673
-0.00931576
-0.00583662
0.00423775
0.00343262
0.0073647
0.00568614
0.0127697
0.020958
0.0216248
0.020387
0.0165901
0.0170501
0.0166014
0.0108189
0.0140181
0.0223632
0.014681
0.0154871
0.0135731
0.018341
0.0155144
0.00875668
0.00821049
0.00929447
0.0136799
0.017612
0.016887
0.0140965
0.00994284
0.0103969
0.00635908
0.00944925
0.0126201
0.0152308
0.0186605
0.00571832
0.00820615
0.00794938
0.000860801
0.00646361
0.0113495
0.0173846
0.01041
0.011177
0.0135159
0.0119292
0.0070338
0.00489992
0.00623601
0.00666191
0.00290881
0.00531365
0.0101813
0.0107183
0.0120943
0.0138117
0.0177353
0.0197436
0.012298
0.0125865
0.0134698
0.00860394
0.00135765
0.00465053
0.00367342
0.000914101
0.000792998
0.00424934
-0.00677341
-0.00677341
0.00768526
0.0152827
0.0160146
0.0128665
0.0127985
0.0140772
0.00514581
0.00762232
0.0121497
0.00957971
0.0107266
0.00687744
0.00718979
0.00935296
0.00556202
0.000724644
0.00519248
0.0103005
0.00723441
0.00360876
0.00675786
0.0106326
0.00615176
0.000860123
0.0016228
0.000715234
-0.00135832
0.00136926
-0.00217567
0.00101604
-0.00376175
-0.000221533
0.00484824
0.001488
0.00392753
0.00916825
0.0137499
0.00995933
0.000475329
0.00101264
0.00357544
0.00778766
0.00705927
-0.00120969
-0.0029227
-0.00355036
0.00326671
-0.000167315
0.00264208
0.00189037
-0.00114567
-0.00535677
-0.0039834
-0.00582278
-0.00794399
-0.00305871
0.00432259
0.000585054
-0.00204044
-0.00213599
0.0084719
0.00462076
0.0021151
0.0083263
0.0060837
0.0134849
0.00604511
0.00266636
0.00355268
0.00558558
0.00140976
0.00235612
0.00614857
0.00313803
-0.00118051
-0.00266051
-0.00718492
0.000562666
0.000483918
0.0080189
0.00757069
0.00178464
0.00604542
0.00216681
0.00595267
0.00157353
0.00116567
-0.00354813
-0.00141058
0.00323436
0.000495436
0.00214803
0.0071861
0.00185614
-0.00362185
-0.000348237
-0.00337128
0.000202321
-0.000125093
-0.00252062
-0.00861128
-0.00944689
0.00120976
-0.0041912
9.55241e-06
-0.00282878
-0.00513713
-0.00655116
0.00176908
0.00224052
0.00890195
0.0148628
0.0126777
0.00697646
0.00675831
0.00139768
0.000367808
0.00240012
0.00611376
0.00408221
0.00557036
0.00516773
0.000670919
0.00115095
0.00230481
-0.00068116
-0.00606221
-0.000814851
0.00206137
-0.00472257
0.00547358
0.00415602
0.00611991
0.000223367
0.00204826
-0.000423652
0.00136292
0.00319853
0.000249091
0.0018336
-0.00034308
0.0033177
-1.06417e-05
-0.00918376
-0.00352907
0.00442944
0.000489807
0.00225248
0.00594694
0.00280415
-0.000426538
0.000521107
0.000764895
-0.00584882
-0.00268351
-0.00118015
0.00279838
0.00117232
-0.00322045
-0.00163188
0.00410487
0.00432991
0.00152334
0.00977018
0.03014
0.0189095
0.0127976
0.00947526
0.00469249
0.0075718
0.00418507
-0.00413759
-0.00199016
-0.0102932
-0.00316888
-0.00539081
-0.00880823
-0.00519386
2.5082e-05
-0.00269619
-0.00743409
-0.00686443
-0.00110388
0.00384311
0.00971988
0.012604
0.00965989
0.00562204
0.00834102
0.00116171
0.00346897
0.000874307
-0.00328582
0.0007498
-0.00218138
-0.00106713
-0.00404929
-0.00965282
-0.00915736
-0.009598
-0.0135145
-0.00437329
-0.00372744
0.0031437
0.00971951
0.0102991
0.0134207
0.00899876
0.00401009
-0.00195861
-0.00418558
-0.0076617
-0.00745087
-0.00494957
-0.00383464
-0.00494314
-0.00197923
0.00374845
0.00895596
0.0150003
0.0142691
0.00773996
0.00544712
0.00525978
0.0100696
0.0115109
0.00763282
0.00211722
0.00197639
-0.00351978
-0.000578455
-0.00659391
-0.000919081
-0.00162536
-0.00710998
-0.00606241
0.000337341
-0.00404768
0.00169082
-0.00155629
0.00350931
0.00233121
-0.000811735
-0.00500591
-0.00134921
-0.00167993
0.00111036
0.00155893
0.00304394
0.000373274
0.000551763
-0.001857
0.000927014
0.00624876
0.00813308
0.00452486
-0.002582
-0.000633008
-0.00552889
-0.00406938
-0.00571609
-0.00876593
-0.00447723
-0.00600476
-0.00513653
0.00200604
0.00335278
0.002643
0.00304581
0.000282648
-0.00642551
-0.00343855
0.00261001
0.00151119
0.00449697
0.0055759
0.000913957
-0.00395461
-0.00534656
-0.00279224
0.00539273
0.0025385
0.00587706
0.00243413
0.000866393
0.00277307
0.00557665
0.000737884
-0.00533576
-0.00581827
-0.00978335
-0.00762557
-0.00903831
-0.00519896
-0.00104501
0.00476223
0.00191482
-0.00180011
0.001624
-0.000449097
0.00307443
0.00575388
0.00273592
-0.00246663
-0.000231024
0.0051874
0.00840658
0.00203572
0.00138405
-0.00263528
0.000359055
-0.00227445
-0.00223037
0.00089126
-8.29342e-06
-0.00323976
0.000585588
-0.00267423
-0.00719026
-0.0106575
-0.00617536
-0.00821117
-0.00770064
-0.00362883
0.00212362
-0.000588407
0.00125141
0.0039321
0.00217363
0.00182762
-0.00250146
-0.00294361
-0.00523488
-0.00926951
-0.0038186
-0.00548773
-0.00999071
-0.00842962
-0.00438254
-0.00609425
-0.0022926
-0.00191145
0.00369825
0.00934429
0.0129024
0.006494
0.00614555
-0.00280406
-0.00359116
-0.00189295
0.00153189
-0.000501679
-0.000332191
0.0049368
0.00687867
-0.00162896
-0.00204909
-0.009355
-0.00745133
-0.0108758
-0.00612164
0.00264257
0.00341644
0.0017803
0.00482054
0.00133702
-0.00300309
-0.00559922
0.00726717
0.00488631
0.00553408
-0.00557439
-0.00213502
0.000881455
0.00346008
0.0086226
0.00802972
0.00565133
0.00228351
-0.00496484
-0.00480408
-0.00703235
-0.00755272
0.0010906
-0.000166001
-0.000477142
1.03402e-05
0.00380676
0.00112111
0.00561516
0.0086761
0.0115082
0.00151326
0.000818669
0.00294791
-0.00214909
-0.000306909
-0.00369787
-0.00428082
-0.00308272
-0.00353111
-0.00221001
0.00216459
-0.000417286
0.00303536
0.00845125
0.00406553
0.00534989
0.00205788
0.00534407
0.00497627
0.0031275
2.55767e-05
-0.00214968
-0.0082076
-0.0119838
-0.00651765
0.00205567
-0.00317097
-0.00221028
-0.000394667
0.00369359
0.00583372
0.000430984
-0.00176836
0.00130042
-0.00184075
-0.00687941
-0.00222304
-0.000923856
-0.00426506
-0.00189187
0.00207488
0.0020432
0.000692515
0.00613014
0.00886362
0.00162187
0.00521937
0.00227431
-0.00168648
-0.00491449
-0.0088893
-0.00617772
-0.00371785
-0.00113456
-0.00324777
0.00244691
0.000342245
0.00754754
0.00794122
-0.000141025
-0.000331216
-0.00516873
-0.00975909
-0.00517548
0.00123714
0.00632361
0.00859868
-0.0047422
-0.00250387
0.00370214
0.00926038
0.00606467
0.0102797
0.0134995
0.00753692
0.00580259
-0.0011569
-4.92332e-05
-0.00193189
-0.00405857
-0.00173877
-0.006571
0.000894621
-0.00311135
-0.00736156
-0.00604659
-0.00173939
-0.00648225
-0.0034526
0.00140674
-0.000314724
-0.00597906
-0.00306515
-0.000520527
0.000355228
-0.00095335
-0.00060844
-0.00155755
-0.00443243
-0.00233514
0.00165339
-0.0017823
0.00424152
0.000447655
0.00458254
0.000741854
0.00691359
0.00519161
0.00175579
0.0039533
0.00734303
0.00427348
0.00577253
0.00479898
-0.00882158
-0.00705279
-0.00146492
0.00532836
0.00314576
0.00674389
0.00431731
0.000891595
0.00392047
0.00709135
0.00416926
0.00113171
-0.00667967
-0.00466024
-0.0010585
0.00609953
0.00710629
0.00381053
3.44243e-05
0.00474313
0.00145448
0.00231067
0.00649693
0.0026592
0.00356814
0.00179173
6.63164e-05
-0.00166274
0.000886249
-0.00202465
0.000784579
0.00313994
-0.00467313
0.00142713
0.000608328
-0.00311071
0.00226268
-0.00208299
-6.17341e-05
-0.00364952
-0.0074483
-0.0060746
0.00255849
0.00225508
0.000136378
-0.00584855
-0.00331803
-0.00314074
0.00243102
0.00475516
-0.00308573
0.00166336
-0.000472791
-0.00495238
0.000908571
-0.00225755
-0.00357376
-0.00292687
-0.00501022
-0.00449221
-0.00530482
0.00542298
0.00695896
0.000675904
0.00535995
-0.00279109
-0.00234938
0.00113021
0.00760946
0.00205382
-0.00161698
-0.000875614
-0.00272407
0.000223188
0.000307053
-0.00494436
-0.00171228
-0.00798821
-0.00689789
-0.000943852
0.000140678
-0.00315457
0.00134557
-0.00835004
-0.00835004
-0.00258129
-0.00243771
0.006221
0.00417864
0.00740608
0.00448627
-0.00490423
-0.00526761
0.00142466
0.000581615
0.00344284
0.00859568
0.00530358
0.00092634
0.00198564
0.00030141
-0.00693186
-0.012747
-0.0128237
-0.0034882
-0.000244064
-0.00216233
0.00398346
0.00199876
0.00897124
0.00488759
-0.00248992
-0.000441944
0.00170834
0.00625293
0.00118912
-0.00504636
-0.00165099
-0.00457879
-0.00498961
-0.00325579
0.00181122
0.00263418
0.00665595
0.00624513
-0.000533999
0.000795512
-0.00708405
-0.00449166
-0.0100638
-0.00272835
-0.00238917
-0.00474559
-0.000614482
0.00516993
0.00739411
0.00290164
0.00482891
0.00780369
0.00521084
0.00566879
0.00236578
0.00201399
0.00149488
-0.0037377
-9.87431e-05
-0.000522091
0.00365462
-0.000842379
0.00240333
0.00154036
-0.000837786
-0.00224833
-0.00605738
-0.0104911
-0.0136908
-0.0108197
-0.00286405
-0.00550919
-0.00306369
-0.00610527
-0.0022787
0.00164762
0.00750755
0.00796766
0.00385485
-0.000432663
0.00223037
0.00580096
0.00966918
0.0144999
0.0146773
0.0115272
0.00696139
0.00298909
0.00588925
-0.00143428
-0.000266162
0.00331821
-0.000407578
0.0023784
-0.00334818
-0.00411181
-0.00654531
-0.00256635
-0.00786784
-0.00433002
-0.00321174
0.00262591
-0.00398691
-0.000553513
-0.00230546
-0.00504742
-0.00759188
-0.00284438
-0.00403526
-0.00577342
-0.00131672
0.00148798
0.00844043
0.00689188
-0.00143636
-0.00776845
-0.00112236
-0.00341121
0.00267439
-2.51645e-05
0.00305784
-0.000742642
0.00293092
0.000308825
-0.00372844
0.00133349
0.000298629
-0.00122678
-0.00329569
-0.00706099
-0.00522627
0.001271
-0.00398547
0.000202219
-0.00300488
0.00158402
-0.000650363
0.00178539
0.00569102
0.00313365
0.00181611
0.00520201
-0.00264473
0.00137331
-0.00465783
-0.00285274
-0.006006
-0.0107757
-0.00776842
-0.00216939
-0.00402131
-0.00241492
-0.00347421
0.00138017
-0.000254172
-0.00128197
0.00470425
0.00716707
0.00794242
-0.00545403
-0.00450085
-0.00167894
-0.00525983
-0.000313607
0.00652465
0.00648354
0.00977393
0.00521541
0.0011105
0.00555941
0.00312591
0.00656328
-0.00131968
-0.00486798
-0.00374482
-0.00255027
-0.00722721
-0.00397592
0.00250065
0.000167797
0.000745722
0.00442492
0.00887017
0.0100311
-0.00304952
-0.001476
0.00212879
0.000967465
-0.00418464
-0.00371051
-0.00498247
-0.000148611
-0.00141412
-0.00521208
-0.00181331
-0.00139349
0.00420055
0.00293435
0.00144004
0.00382688
0.00785617
0.00527857
0.00188192
-0.000431424
0.00153559
0.00272252
0.00759377
0.000991434
-0.00116861
0.00130987
-0.00457169
-0.000414799
-0.00183023
-0.00371179
-0.00695082
-0.00186646
-0.0034116
-0.00493623
-0.00452497
-0.00159012
9.59106e-05
0.000405002
-0.0027055
0.00197187
0.00160746
-0.00177798
-0.0047416
-0.000629866
-0.00255235
0.000123545
0.000409566
-0.00299746
-0.000869239
0.00191047
-0.00205485
0.00208133
0.00802042
0.00853894
0.00432697
0.00236442
-0.0044833
-0.00161139
0.0076834
0.00517976
-0.000594985
-0.00768132
-0.00431147
-0.00163497
0.000154544
-0.00262437
0.00479135
0.00137026
-0.00386908
0.00242362
0.00166648
0.00714077
0.0112362
0.00846783
0.00297183
0.00499047
0.00797125
0.00302237
-0.00566151
5.13959e-05
-0.00362743
-0.000328283
-0.00146732
-0.00401153
-0.00962029
-0.00521667
0.00116842
-0.00319339
-0.000522899
-0.00497413
-0.00264833
-0.00616619
6.03447e-06
-0.00274695
0.00160951
0.000363845
-0.00450796
-9.79419e-05
0.00570529
0.0062899
-0.00198729
0.000318384
-0.00333746
-0.00681184
0.00131537
0.000232156
0.00240851
0.00691676
0.0041054
-0.00315852
-0.00108771
0.00268803
0.0017427
0.00109679
-0.00188321
-0.000468386
0.00195537
-0.00362845
-0.000671762
0.00276133
-0.00286269
-0.000828252
-0.00541635
-0.000989007
0.00642967
0.00651218
0.00418141
0.00738671
0.0107323
0.0131997
0.00768625
0.00320911
-0.0090035
-0.00755948
-0.0030216
-0.00461352
0.00268228
-0.000545859
-0.00494529
-7.53517e-05
0.00602514
0.00555018
-0.00265044
-0.00691686
-0.00642039
-0.000417597
-0.00401128
-0.00247137
0.0025156
0.0048667
-0.00179947
-0.0015596
0.00260634
0.00265073
0.000387622
-0.00471607
-0.00297514
0.00168627
-0.000888786
0.00188053
0.00421423
0.00882556
0.00386247
0.00152966
0.00636714
0.0038856
0.00754269
-0.000314814
-0.000339969
0.00207396
-0.00278777
0.000643832
-0.00149685
-0.00733267
-0.00731416
-0.0032296
-0.00287083
-0.00451998
-0.00480024
0.000348059
-0.00165429
0.0021846
-0.000951945
-0.00197241
-0.000223895
0.00501409
0.00367803
-0.00184426
-0.000137122
-0.00128649
0.00228095
-0.000223371
0.00354219
0.000601949
-0.0051546
-0.00957457
-0.00493021
0.00348374
0.0028997
0.00238944
-0.00357267
-0.00508436
-0.00141321
0.00413383
0.00482322
-0.000581967
1.1365e-05
0.00236505
0.00319957
0.00475278
-0.00389057
-0.0018494
-0.00762583
-0.00311053
-0.00545134
-0.00310058
0.000192034
-0.00376277
-0.00155469
0.0065542
0.00494291
0.00595233
0.00182639
0.000884783
0.000414697
7.42132e-05
-0.00187103
-0.00108513
4.86764e-05
0.00481931
0.00949593
-0.000363919
-0.000732864
-6.40688e-06
0.00181069
-0.00237417
-0.00652808
-0.00440126
-0.00484758
0.00427991
0.000623002
0.00856476
0.014289
0.00735117
0.00950062
0.0123314
0.00495668
0.0021057
0.00471922
0.00658273
0.00218682
-0.00633819
-0.00343498
-0.00061277
-0.00850014
-0.000615746
-0.00465932
-0.00731405
-0.00211311
-0.00319052
-0.00637583
-0.00406635
-0.00734958
-0.00258485
-0.00286813
-0.000394168
0.00269155
0.00856389
0.00620478
0.000142702
-0.00727354
-0.00122434
0.0060689
0.0055305
0.00251761
-0.00258864
-0.00386737
-0.00818477
-0.00595083
-0.00607576
-0.00580461
-0.0012356
0.00781333
0.00302836
-0.00237174
0.0035581
0.00221648
-0.00348713
0.00119425
-0.00374771
-5.32796e-05
0.000201691
-0.00167576
-0.00265755
-0.00832985
-0.00636904
-0.00249046
-0.00324842
-0.00581729
-0.00175862
0.00199612
0.00931429
0.0103901
0.00566107
0.00633697
0.0044699
0.00761897
0.00488081
0.00124387
-0.00385512
-0.00714126
-0.00475366
-0.00346522
0.000417108
-0.00162075
-0.000776075
0.00452132
0.00211049
-0.00374073
0.000806996
-0.00164111
2.21838e-05
0.00359571
-0.00172612
0.000794215
-0.00145273
0.00110347
-0.0021573
-0.00329114
0.00467621
0.00174647
-0.00745594
0.00034507
-0.00502018
-0.00273664
0.0026218
-0.0014778
-0.0005726
-0.00260564
-0.00524934
-0.00110995
0.00604775
0.00437285
0.000896775
-0.00087434
-0.00594847
-0.00951356
-0.0077018
-0.00781606
-0.00862405
-0.00443014
6.42369e-05
-0.00154533
0.00194042
0.00627558
0.00252736
0.0051524
0.0029796
-0.00165303
-0.000481284
0.000834805
0.00539038
0.00305722
0.00457991
-0.00202803
0.000879428
-0.00201891
-0.00717628
-2.56378e-05
0.000803328
-0.00340282
-0.00814766
-0.00940644
-0.00475375
0.0025004
0.00263945
-0.00178709
-0.00472236
-0.0039316
-0.00619003
-0.00201838
0.00074098
0.00735681
0.00379795
-0.00456804
-0.00186864
-0.00403663
-0.00763685
-0.00640593
-0.00461324
-0.00727564
-0.00305737
0.00154766
-0.000340465
-0.000142345
0.00221756
0.00271075
0.00228523
0.00608817
0.00384562
0.000177852
-0.00406742
-0.00102574
0.00205914
-4.94692e-05
0.0021218
0.00720733
0.0077607
0.0106763
0.00755936
0.000629677
0.00289617
0.00914087
0.00694329
-0.00231579
-0.00359858
-0.000557016
0.0056084
0.00948943
0.00199047
-0.00597256
-0.00156796
-0.00437147
-0.00130113
-0.00410087
-0.000633677
0.00536753
0.00641444
0.00207735
0.00312724
0.00170721
0.00175074
0.000113017
-0.000302084
-0.00165522
-0.00452128
-0.0024457
-0.0042588
0.00176545
-0.000570737
0.00351924
-0.000793393
0.000392238
-0.00479974
-0.00126604
0.00544204
0.00524025
-0.00255086
-0.00654101
-0.000742141
-0.00306083
-0.000192203
-0.00621235
-0.00402478
-0.0011757
0.00230032
-0.00140144
0.00129269
0.00524863
0.00394089
0.00765327
0.00427314
0.00583774
0.0106468
0.00396078
0.00516948
-0.00110781
0.000897623
-0.00454818
-0.00969214
-0.00605337
-0.0033663
-0.00280302
-0.00582665
-0.00372001
-0.000246659
-9.11398e-05
-0.0071327
-0.00472284
-0.00531712
-0.000410559
0.00647207
0.00371323
0.00730893
0.00441111
0.000800543
0.0040598
0.00777342
0.00391061
-0.00235326
-0.00166639
-0.00207026
-0.00833969
-0.00469939
-0.00106619
0.00484987
-0.00244024
-0.00120827
0.00111068
0.00375238
-0.000286186
-0.00227631
-0.00550076
-0.00040766
-0.000373414
-0.000527489
-0.00373368
-0.0100302
-0.00639986
-0.00425055
0.00226416
-0.000258061
-0.00468009
0.00263341
0.00309246
0.000576655
-0.00443132
-0.00149677
0.00105038
0.00297878
0.00687915
0.00593979
0.00820353
0.00238803
0.00734579
0.00476819
-0.00369635
-0.000381528
-0.00370663
-0.00861444
-0.00396729
0.00264952
0.000701751
-0.00438517
-0.00240674
0.00152334
0.00158065
-0.00283912
-0.000168848
0.00264311
-0.000209665
0.00219393
0.00921278
0.00221114
0.00446947
0.00925704
0.00788222
-9.91381e-05
0.00400846
0.00400846
-0.00277757
-0.00174265
-0.00297076
-0.00436332
-0.000740609
-0.00501383
-0.00530185
-0.00200287
0.0053263
0.00189883
0.0036461
0.00220022
0.00415116
0.00638417
0.0059722
0.00194032
0.00477879
-0.000933267
-0.00220638
0.000251423
-0.000425831
0.00163509
0.00349449
-0.00538083
-0.00526479
-0.00244189
-0.00879598
-0.00666328
-0.00156747
-0.00122424
0.00411021
0.00163796
0.000828532
-0.000631737
-0.00451613
-0.00543132
-0.00425556
-0.00139165
-0.00450725
0.000149139
-0.00521427
-8.41745e-06
-0.00220816
0.00186547
-0.00140848
-0.00688434
-0.00146402
-0.00118503
-0.00261641
0.00428659
-0.00100664
0.0021289
6.22231e-05
0.00397191
-0.00302853
-0.00180505
-0.00595511
-0.00227571
-1.28128e-05
0.00457965
0.00873587
0.00637099
0.0103986
0.00760265
0.00657159
0.00187558
-0.0048212
-0.00572234
-0.00334495
-0.00795198
-0.00477007
-0.00704001
-0.00194505
-0.00230118
0.00224356
-0.00074197
0.000515152
-0.00336926
0.000616373
0.00086022
-0.00217658
-0.00439771
0.00216546
-0.00236857
0.00131512
0.00654555
0.00606271
0.00530794
-0.000155326
-8.53488e-07
0.000308044
-0.00195046
-0.00303718
0.00233855
0.000882231
-0.00163012
0.00264565
-0.00225351
-0.00291849
-0.00050819
0.00479057
0.00423726
0.00868863
0.00654063
0.00894398
0.00955079
0.00566117
0.00564836
0.0101324
0.00661462
0.00457966
0.00616698
-0.00609118
-0.0067309
-0.00503477
-0.00126001
-0.00210529
-0.00466217
-0.00921895
-0.00631118
-0.00433996
-0.00199647
-0.00548405
-0.00931799
-0.0074154
-0.00172305
0.000176597
-0.00301227
0.000250191
-0.00249859
-0.00542361
-0.008194
-0.00264814
0.00492341
0.00871706
0.0102603
0.0107416
0.00401167
0.00589944
0.00390549
-0.00235592
-0.00802383
-0.00433918
0.00280942
-0.0015363
-0.00687744
-0.00592495
-0.000737899
-0.00229261
-0.00226338
-0.00210333
0.00150911
0.00225798
-0.000618716
0.00493784
0.00402895
0.00067348
-0.00417049
0.000933452
-0.00340269
-0.000952003
-0.00242413
0.00239627
0.000693615
0.00423702
0.00749765
0.00919414
0.00579691
0.00281716
0.00488316
0.00183047
0.00527862
0.00207866
0.0040055
0.0137676
0.0112619
0.00286921
0.000459272
-0.00398867
-0.000276374
-0.00108631
-0.00608532
-0.0119343
-0.00951959
-0.00750673
-0.000570874
-0.00226427
-0.000738419
-0.000559765
0.00176662
-0.00204314
0.00480682
0.00060496
-0.0034032
0.00290224
0.0014251
-0.00347347
-0.00876391
-0.00367707
0.00548239
0.00474319
0.00742184
0.0035375
0.00339329
0.00312418
-0.00201333
-0.00710352
-0.00468252
0.00248836
0.00213838
-0.00366475
-0.00403022
-0.00796878
-0.00435839
0.000670556
-0.00055746
-0.00480646
-8.24342e-05
0.00160752
-0.000825413
-0.00479098
-0.000114872
-0.00249987
0.00347118
0.00320265
0.00265302
-0.000346124
0.00246934
0.0073357
0.00453635
0.00350572
0.000675552
0.00387679
-0.00587358
0.000534856
-0.00086349
-0.00555141
-0.00301948
-0.00527749
-0.00343789
-0.0010962
-0.00367132
-0.000126272
0.00338094
0.00673699
0.00310729
-0.000425483
0.00576268
-0.000968147
0.00085573
-0.00328936
-0.00134132
0.000205474
-0.00495091
-0.00335428
-0.00513278
-0.00167862
-9.11747e-05
0.0012367
0.00104423
-0.000848958
0.00144172
-0.00372908
-0.00283541
-0.000938602
-0.00805798
-0.00564576
-0.00869973
-0.00670373
-0.000495283
-0.000628563
-0.00156401
-0.00302546
0.00267392
0.00617155
0.00552428
0.00257328
-0.00470912
-0.00213853
0.000491263
-0.00418609
0.00167733
-0.00210995
0.00202101
0.00130356
0.000702395
0.00318436
0.00684795
0.00499053
0.00739705
0.00860057
0.00214878
-0.00851372
-0.00466574
-0.000589522
-0.00326234
-0.00605506
-0.0100064
-0.0138857
-0.00860427
0.00117514
0.00101001
-0.001395
-0.00300367
-0.00380859
-0.00595033
-0.00893282
-0.00890695
0.00182773
0.00507977
-0.000813859
0.00329396
0.0101305
0.00138648
0.00815719
0.00815719
-0.000154823
-0.000891777
-0.000785852
-0.00523649
-0.00613485
-0.00316445
-0.0061809
0.000979841
-0.00407906
-0.000622965
0.00474248
-0.00199075
-0.00145988
-0.000774976
-0.00432315
-0.00471774
-0.00109408
0.000818158
-0.00122609
-0.00577908
-0.00340739
0.00547098
-0.00176374
-0.000473913
0.00583075
0.00222858
-0.00242854
-0.00437274
-0.00332654
-0.000171487
0.00168406
0.00503899
0.00256583
0.0067497
0.00645985
0.00295307
-0.00301725
