0.518935203552
0.461148023605
0.616876125336
0.643591880798
0.717352867126
0.687119007111
0.684474945068
0.70158290863
0.757363080978
0.722193956375
0.681277036667
0.682132959366
0.753853082657
0.808315992355
0.75114107132
0.820553779602
0.80886888504
0.756146907806
0.820234060287
0.857419967651
0.860908985138
0.908501148224
0.707020044327
0.835386037827
0.931885957718
0.849328041077
0.940972089767
0.834544181824
0.88897895813
0.942587852478
0.685585975647
0.809027910233
0.846930980682
0.887506008148
0.892571926117
0.665259122849
0.294872045517
0.603692054749
0.853132009506
0.276993989944
0.279053926468
0.26057600975
0.342678070068
0.273011207581
0.295476913452
0.778403997421
0.929520845413
0.29878783226
0.284913063049
0.329075098038
0.256099939346
0.323911905289
0.288511991501
0.834496974945
0.933768987656
0.271293878555
0.765437841415
0.864717006683
0.876125097275
0.833245038986
0.819136142731
0.851001977921
0.662622928619
0.2850689888
0.29572892189
0.315495014191
0.241366863251
0.27797794342
0.283980131149
0.307839870453
0.301128864288
0.244861125946
0.286552906036
0.311679124832
0.320176839828
0.335355997086
0.286820173264
0.312079906464
0.282267093658
0.617344856262
0.316201925278
0.357162952423
0.291999816895
0.342131137848
0.367576122284
0.922243118286
0.354923009872
0.349084854126
0.345340013504
0.333475112915
0.29249215126
0.331126928329
0.319936037064
0.322834014893
0.901483058929
0.985862016678
0.698556184769
0.939772129059
0.333915948868
0.958066940308
0.979794025421
0.9659678936
1.04946208
0.969303131104
0.974764108658
0.998085975647
0.996962070465
1.00773096085
1.00306797028
1.00589084625
1.03873991966
0.918596982956
0.967734098434
0.97682595253
0.971331119537
0.966408014297
0.756801843643
0.346282958984
0.330500841141
0.328674077988
0.313353061676
0.901118040085
0.953782081604
0.315407037735
0.292304992676
0.737415075302
0.790498971939
0.823323965073
0.310605049133
0.785870075226
0.298215866089
0.759474992752
0.311815977097
0.725651979446
0.761677980423
0.688674926758
0.991865873337
0.713296175003
0.938183784485
1.01303195953
0.933104991913
0.690999984741
0.677397966385
0.707387924194
0.304921150208
0.27943611145
0.587969064713
0.566726922989
0.597519874573
0.526267051697
0.694644927979
0.576627969742
0.558417081833
0.644937992096
0.46605014801
0.697900056839
0.564713954926
0.645430088043
0.642912149429
0.307947874069
0.258356809616
0.558627128601
0.733387947083
0.796756982803
0.750062942505
0.686251878738
0.740412950516
0.731903791428
0.510383844376
0.273632764816
0.519568920135
0.306433916092
0.586874961853
0.277874946594
0.553874015808
0.609714031219
0.635700941086
0.81374502182
0.787824869156
0.867563962936
0.335402011871
0.693311929703
0.767161130905
0.757874965668
0.729005098343
0.791450023651
0.675940990448
0.308156967163
0.304634094238
0.716437101364
0.320388793945
0.938155889511
0.734666109085
0.781625986099
1.00334715843
0.709586143494
0.92317199707
0.712417840958
0.303632974625
0.689167022705
0.332698106766
0.345242023468
0.313802957535
0.660574197769
0.32426404953
0.322021961212
0.308287143707
0.361125946045
0.285525083542
0.363274812698
0.307241916656
0.313731908798
0.349556922913
0.30408000946
0.284081935883
0.395825862885
0.267670869827
0.277338981628
0.313596010208
0.342643976212
0.679949998856
0.954779148102
0.760979890823
0.355710983276
0.731479167938
0.71305513382
0.714475154877
0.723593950272
0.730306863785
0.708920001984
0.950213909149
0.819016218185
0.318826913834
0.326749801636
0.333470106125
0.309918880463
0.352878808975
0.317749977112
0.297997951508
0.293897151947
0.323390007019
0.304831981659
0.369217157364
0.319710969925
0.385635852814
0.313207149506
0.377377986908
0.316504001617
0.668565988541
0.309186935425
0.317813158035
0.902605056763
0.315149068832
0.859788894653
0.95786190033
0.926107883453
0.725075006485
0.982859134674
0.772553920746
0.710763931274
0.994119882584
0.803277015686
0.967195034027
0.911969184875
0.992399930954
0.921763896942
0.961243152618
0.98378610611
1.01422095299
0.70786190033
0.683342933655
0.890381097794
0.277526855469
0.701642036438
0.740205049515
0.725437164307
0.678268909454
0.754325151443
0.69037103653
0.724314928055
0.682862997055
0.330273866653
0.71288394928
0.715299844742
0.778680086136
0.747164011002
0.704893827438
0.748948097229
0.707161188126
0.7736120224
0.706135034561
0.323943138123
0.310714960098
0.771440982819
0.336910963058
0.311810970306
0.677420139313
0.291741847992
0.328289031982
0.622434854507
0.394587039948
0.314536094666
0.334324121475
0.302243947983
0.400661945343
0.347738027573
0.309388875961
0.302186012268
0.277449131012
0.318062067032
0.316735029221
0.300554037094
0.339765071869
0.347771883011
0.332404136658
0.291267871857
0.891386032104
0.302817106247
0.303415060043
0.325661897659
0.307014942169
0.307311058044
0.292251110077
0.313112020493
0.710320949554
0.347510099411
0.71724319458
0.708703041077
0.678822994232
0.633268117905
0.674180030823
0.66030216217
0.690891981125
0.790109872818
0.557467937469
0.539648771286
0.471187829971
0.302258014679
0.67959690094
0.687463998795
0.302942991257
0.708709001541
0.82511806488
0.721705913544
0.759125947952
