0.37
0.37
0.37
0.37
0.37
0.37
0.37
0.37
0.37
0.37
0.37
0.37
0.37
0.37
0.37
0.37
0.37
0.37
0.37
0.37
0.37
0.37
0.37
0.37
0.37
0.37
0.37
0.37
0.37
0.37
0.37
0.37
0.37
0.37
0.37
0.37
0.37
0.37
0.37
0.37
0.37
0.37
0.37
0.37
0.37
0.37
0.37
0.37
0.37
0.37
0.37
0.37
0.37
0.37
0.37
0.37
0.37
0.37
0.37
0.37
0.37
0.37
0.37
0.37
0.37
0.37
0.37
0.37
0.37
0.37
0.37
0.37
0.37
0.37
0.37
0.37
0.37
0.37
0.37
0.37
0.37
0.37
0.37
0.37
0.37
0.37
0.37
0.37
0.37
0.37
0.37
0.37
0.37
0.37
0.37
0.37
0.37
0.37
0.37
0.37
0.37
0.37
0.37
0.37
0.37
0.37
0.37
0.37
0.37
0.37
0.37
0.37
0.37
0.37
0.37
0.37
0.37
0.37
0.37
0.37
0.37
0.37
0.37
0.37
0.37
0.37
0.37
0.37
0.37
0.37
0.37
0.37
0.37
0.37
0.37
0.37
0.37
0.37
0.37
0.37
0.37
0.37
0.37
0.37
0.37
0.37
0.37
0.273494
0.274108
0.27477
0.276105
0.277534
0.278289
0.27976
0.280844
0.28151
0.282652
0.28344
0.28426
0.28591
0.286757
0.287424
0.288321
0.288965
0.289559
0.290134
0.290808
0.291163
0.291949
0.292521
0.292976
0.293914
0.294521
0.294741
0.294985
0.295265
0.295601
0.296196
0.296589
0.296629
0.2967
0.29697
0.297112
0.297801
0.297852
0.297889
0.298178
0.2984
0.298386
0.298409
0.298502
0.298603
0.298775
0.298911
0.298961
0.299016
0.299103
0.299157
0.29911
0.29909
0.299124
0.29915
0.299294
0.299276
0.299388
0.299435
0.299458
0.299565
0.299643
0.299723
0.299766
0.299731
0.299765
0.299827
0.299734
0.299785
0.299852
0.299878
0.299929
0.299953
0.299926
0.299967
0.300008
0.299964
0.300011
0.30007
0.300139
0.300235
0.300273
0.300315
0.300365
0.300362
0.300332
0.30032
0.300337
0.300337
0.296707
0.296707
0.296707
0.296707
0.296707
0.296707
0.296707
0.298691
0.298691
0.298691
0.298691
0.298691
0.298691
0.298691
0.298904
0.298904
0.298904
0.298904
0.298904
0.298904
0.298904
0.298904
0.299969
0.299969
0.299969
0.299969
0.299969
0.299969
0.299969
0.299969
0.299969
0.299646
0.299646
0.299646
0.299646
0.299646
0.299646
0.299646
0.299646
0.299646
0.299607
0.299607
0.299607
0.299607
0.299607
0.299607
0.299607
0.299607
0.299607
0.299348
0.299348
0.299348
0.299348
0.299348
0.299348
0.299348
0.299348
0.299348
0.299348
0.29946
0.29946
0.29946
0.29946
0.29946
0.29946
0.29946
0.29946
0.29946
0.299549
0.299549
0.299549
0.299549
0.299549
0.299549
0.299549
0.299549
0.299549
0.299686
0.299686
0.299686
0.299686
0.299686
0.299686
0.299686
0.299686
0.299686
0.299686
0.299765
0.299765
0.299765
0.299765
0.299765
0.299765
0.299765
0.299765
0.299765
0.299765
0.299765
0.299686
0.298596
0.29851
0.298444
0.298418
0.298371
0.29827
0.298326
0.298325
0.298336
0.298381
0.298279
0.298275
0.298333
0.298384
0.298359
0.298256
0.298195
0.29814
0.298151
0.298109
0.298123
0.298097
0.297918
0.297925
0.297931
0.29788
0.297941
0.297898
0.297788
0.297682
0.297724
0.297689
0.297612
0.297548
0.297486
0.297486
0.29744
0.297508
0.297507
0.297359
0.297268
0.297187
0.297243
0.297383
0.297366
0.297326
0.297377
0.297446
0.297545
0.297581
0.297531
0.297516
0.297616
0.297765
0.297953
0.297963
0.29813
0.298127
0.298102
0.298128
0.298286
0.298554
0.298658
0.298728
0.298769
0.299258
0.299258
0.299329
0.299447
0.299506
0.299517
0.299585
0.299617
0.300145
0.300127
0.300112
0.300104
0.300097
0.300087
0.300078
0.300071
0.300068
0.300061
0.300036
0.300022
0.30002
0.299997
0.299987
0.299977
0.299968
0.299952
0.299933
0.299925
0.299931
0.299938
0.299939
0.299941
0.29994
0.299935
0.299905
0.299898
0.299872
0.299863
0.299865
0.299868
0.299858
0.299861
0.299883
0.299903
0.299882
0.299865
0.299881
0.299879
0.299887
0.299873
0.299897
0.299872
0.299867
0.299824
0.299814
0.299802
0.299781
0.299792
0.29983
0.299862
0.299802
0.299909
0.299923
0.299953
0.299979
0.299956
0.299913
0.299863
0.299916
0.299982
0.299915
0.29985
0.299828
0.299843
0.299841
0.299799
0.299757
0.299687
0.299646
0.299639
0.299634
0.299629
0.299627
0.299654
0.299621
0.299727
0.299794
0.2998
0.299867
0.299855
0.299849
0.299906
0.299969
0.299971
0.299919
0.299966
0.299998
0.299982
0.299996
0.299961
0.299984
0.299959
0.299976
0.299966
0.299954
0.299991
0.299983
0.299987
0.299984
0.299955
0.299924
0.299951
0.299998
0.300014
0.299895
0.299916
0.299877
0.299861
0.299848
0.299803
0.299755
0.299703
0.299686
0.2996
0.299638
0.299553
0.299434
0.29943
0.299347
0.299338
0.299295
0.299276
0.299307
0.299317
0.299307
0.299242
0.29917
0.299132
0.299113
0.298995
0.299035
0.299018
0.299052
0.299096
0.29918
0.299201
0.29921
0.299259
0.299316
0.299361
0.299377
0.299445
0.299504
0.299519
0.299501
0.299396
0.29937
0.299364
0.299314
0.299351
0.299356
0.299355
0.299407
0.299476
0.299437
0.299473
0.299489
0.299509
0.299507
0.299509
0.299507
0.299507
0.299521
0.299509
0.299473
0.299426
0.299378
0.299321
0.299288
0.299291
0.299341
0.299362
0.299414
0.299465
0.299491
0.299479
0.299451
0.299444
0.299442
0.299439
0.299425
0.299417
0.299414
0.29944
0.299437
0.299535
0.29961
0.299691
0.299711
0.299798
0.29984
0.29985
0.299894
0.299921
0.299912
0.299931
0.299975
0.299983
0.299967
0.30002
0.299995
0.29997
0.299954
0.299934
0.299916
0.299934
0.299961
0.299958
0.299981
0.300023
0.300016
0.3
0.29996
0.29994
0.299934
0.299937
0.299964
0.299983
0.299997
0.300012
0.300015
0.300028
0.300001
0.29998
0.299958
0.299987
0.300002
0.299989
0.300003
0.300003
0.300008
0.300016
0.299996
0.300003
0.299999
0.299985
0.299958
0.299984
0.30001
0.300023
0.300067
0.300064
0.30008
0.300101
0.300098
0.300089
0.300074
0.300072
0.300093
0.300102
0.300109
0.300115
0.300127
0.300129
0.300122
0.300136
0.300138
0.300139
0.300117
0.300103
0.300103
0.300092
0.300091
0.300097
0.300089
0.300079
0.300065
0.300069
0.300068
0.300063
0.300055
0.300046
0.300033
0.300006
0.3
0.299998
0.299995
0.299996
0.299997
0.299998
0.299998
0.3
0.3
0.3
0.3
0.3
0.3
0.299994
0.299986
0.299972
0.29995
0.299934
0.29991
0.2999
0.299902
0.299892
0.299876
0.299876
0.299873
0.299873
0.299855
0.299824
0.299794
0.299759
0.299721
0.299676
0.299642
0.29963
0.299613
0.299608
0.299567
0.299569
0.299445
0.299437
0.29935
0.299354
0.299336
0.299322
0.299285
0.299277
0.299275
0.299274
0.299301
0.299322
0.2993
0.299302
0.299313
0.299308
0.299268
0.299261
0.29928
0.29925
0.29922
0.2992
0.299181
0.299148
0.299123
0.299103
0.299093
0.299128
0.299139
0.299154
0.299208
0.299279
0.299315
0.299389
0.299378
0.29942
0.299399
0.299419
0.299456
0.299461
0.299456
0.299478
0.299507
0.299516
0.299533
0.299518
0.299501
0.299458
0.299412
0.299389
0.299358
0.299334
0.299303
0.299312
0.29924
0.299241
0.29932
0.299373
0.299381
0.299376
0.299402
0.299389
0.299418
0.299442
0.299473
0.299543
0.299579
0.299621
0.299647
0.299699
0.299735
0.299764
0.299817
0.299828
0.299874
0.299899
0.299932
0.299945
0.299968
0.299985
0.299992
0.300003
0.300015
0.300026
0.300032
0.300038
0.300046
0.300049
0.30006
0.300056
0.300059
0.300071
0.300075
0.300081
0.300079
0.300045
0.30005
0.300061
0.300062
0.30006
0.300075
0.300088
0.30007
0.300041
0.299987
0.299969
0.29997
0.299833
0.29982
0.299807
0.299783
0.299811
0.299756
0.29973
0.299659
0.299647
0.299654
0.299698
0.299617
0.299583
0.299587
0.299551
0.299492
0.299477
0.299407
0.299324
0.299309
0.300614
0.300545
0.300559
0.300715
0.300706
0.300668
0.300727
0.300795
0.300802
0.299223
0.299287
0.299238
0.299176
0.299093
0.299002
0.298945
0.298988
0.299073
0.299084
0.299087
0.299134
0.299189
0.299216
0.299201
0.299265
0.299196
0.299275
0.299286
0.29934
0.299447
0.299486
0.299545
0.299544
0.299579
0.299579
0.299531
0.29953
0.299517
0.299507
0.299529
0.299604
0.299682
0.299657
0.299656
0.299706
0.299725
0.299773
0.299763
0.30015
0.300091
0.300031
0.300023
0.300032
0.300252
0.300251
0.30022
0.300173
0.300195
0.300181
0.300172
0.300207
0.300218
0.300228
0.300227
0.300283
0.300304
0.30034
0.300375
0.300428
0.300316
0.300295
0.300283
0.300277
0.300207
0.300135
0.300065
0.300058
0.300157
0.300192
0.30022
0.300253
0.300294
0.300298
0.300245
0.300214
0.300234
0.300288
0.300301
0.300257
0.300163
0.300078
0.300054
0.300077
0.300097
0.300048
0.300021
0.300059
0.300082
0.300073
0.300025
0.299975
0.299933
0.299901
0.299934
0.29999
0.300023
0.300046
0.300041
0.300001
0.300076
0.300082
0.300072
0.300147
0.300259
0.300235
0.30031
0.300376
0.30045
0.300506
0.300531
0.300512
0.300479
0.300504
0.300522
0.300519
0.300516
0.300486
0.300496
0.300468
0.300492
0.300515
0.300489
0.300443
0.300349
0.300306
0.300252
0.300225
0.300189
0.300156
0.300173
0.300157
0.300128
0.300062
0.300008
0.300035
0.300094
0.300112
0.30014
0.300178
0.30019
0.300159
0.300107
0.300108
0.300134
0.300171
0.300128
0.300213
0.300212
0.300185
0.300156
0.300157
0.300165
0.300207
0.30021
0.300202
0.300202
0.300165
0.300131
0.300113
0.300045
0.300045
0.300075
0.300132
0.300226
0.299686
0.299622
0.299623
0.299601
0.299582
0.299563
0.299623
0.299636
0.300367
0.300384
0.300341
0.300318
0.300365
0.30039
0.300398
0.30042
0.30044
0.300427
0.300354
0.300377
0.300397
0.300331
0.300261
0.300261
0.300287
0.300242
0.300174
0.300162
0.300127
0.300096
0.300047
0.300034
0.30002
0.300012
0.300052
0.300086
0.300101
0.300092
0.300099
0.300092
0.300063
0.300038
0.300015
0.300003
0.300015
0.300001
0.300012
0.300002
0.300017
0.300012
0.30005
0.300056
0.300094
0.300126
0.300102
0.300092
0.300097
0.300098
0.300068
0.300052
0.300077
0.300133
0.300166
0.300192
0.300255
0.300284
0.300232
0.300222
0.300189
0.300189
0.300164
0.300172
0.30019
0.300224
0.300235
0.300246
0.300244
0.30023
0.300273
0.300282
0.300261
0.30021
0.300195
0.300195
0.300191
0.300155
0.300143
0.300142
0.30014
0.300141
0.300138
0.300168
0.300225
0.30034
0.300338
0.300404
0.300419
0.300463
0.300468
0.300452
0.300428
0.300469
0.300388
0.300332
0.300333
0.30038
0.300441
0.300458
0.300433
0.300479
0.300451
0.300395
0.300424
0.300472
0.300481
0.300529
0.300564
0.300612
0.300573
0.300512
0.300499
0.300561
0.300531
0.300466
0.300419
0.300392
0.300432
0.300453
0.300412
0.300379
0.30041
0.300377
0.300346
0.300346
0.300378
0.300414
0.300434
0.300442
0.300476
0.300452
0.300428
0.300456
0.300487
0.300501
0.300555
0.300578
0.300554
0.300536
0.300576
0.300575
0.300523
0.30045
0.30042
0.300412
0.300422
0.300397
0.300362
0.300361
0.300334
0.30028
0.300355
0.300394
0.300342
0.300262
0.300258
0.300227
0.299734
0.299659
0.29963
0.299629
0.299601
0.299574
0.299601
0.299622
0.299612
0.299602
0.299638
0.299639
0.299629
0.299711
0.299808
0.299845
0.299815
0.299809
0.299857
0.299852
0.299879
0.299912
0.299919
0.299896
0.299905
0.29993
0.299957
0.299955
0.299951
0.29996
0.29999
0.29999
0.299995
0.300001
0.300007
0.300013
0.300023
0.300036
0.300044
0.300061
0.300062
0.300062
0.300065
0.300076
0.300092
0.300105
0.300103
0.300107
0.300126
0.300126
0.300111
0.3001
0.300104
0.300143
0.300153
0.300133
0.300172
0.300175
0.300163
0.300152
0.30015
0.300166
0.300198
0.300212
0.300223
0.300224
0.300205
0.300226
0.300224
0.300238
0.300211
0.300213
0.300244
0.300245
0.30022
0.300215
0.300214
0.300209
0.3002
0.300206
0.300216
0.300227
0.300236
0.300239
0.300254
0.300263
0.300247
0.300243
0.300253
0.300274
0.300261
0.300246
0.300234
0.300235
0.300231
0.300213
0.300175
0.300128
0.300104
0.300082
0.300061
0.300035
0.299999
0.299966
0.299936
0.299859
0.299788
0.299747
0.300106
0.300144
0.300197
0.300238
0.300272
0.300306
0.300341
0.300357
0.300387
0.300438
0.300477
0.300474
0.300493
0.300547
0.300588
0.30057
0.300564
0.300625
0.300718
0.300806
0.300858
0.300869
0.300826
0.30081
0.300837
0.300863
0.300894
0.300883
0.300876
0.300942
0.300937
0.300972
0.301017
0.301009
0.300981
0.300978
0.300983
0.301033
0.301143
0.30119
0.301238
0.301231
0.301234
0.301404
0.301464
0.301418
0.301309
0.301328
0.30147
0.301447
0.301441
0.301444
0.301526
0.301564
0.301573
0.301596
0.301641
0.301588
0.301518
0.301581
0.301696
0.301734
0.301676
0.301721
0.301784
0.301726
0.301668
0.30171
0.30178
0.30174
0.301734
0.301687
0.301795
0.301787
0.30164
0.301603
0.301522
0.301561
0.301653
0.301727
0.301731
0.30161
0.301573
0.301705
0.301668
0.301592
0.301546
0.301546
0.301526
0.301453
0.301423
0.301271
0.301219
0.301246
0.301247
0.301164
0.30097
0.300867
0.300864
0.300914
0.300904
0.29902
0.299127
0.299156
0.299145
0.299428
0.299458
0.299473
0.299469
0.299487
0.299585
0.299621
0.299652
0.29971
0.299702
0.299662
0.299694
0.29975
0.299793
0.299831
0.299782
0.299801
0.299838
0.299821
0.299829
0.299858
0.299938
0.299989
0.300006
0.30005
0.300106
0.300173
0.300193
0.300197
0.300193
0.300168
0.300197
0.300196
0.300186
0.300139
0.300108
0.300074
0.300047
0.30002
0.300001
0.299984
0.299975
0.299965
0.29994
0.299938
0.29993
0.299931
0.299937
0.299933
0.299916
0.2999
0.299877
0.29985
0.299805
0.299795
0.299774
0.299778
0.299796
0.299822
0.299817
0.299817
0.299839
0.299866
0.299889
0.299915
0.299923
0.299946
0.299985
0.299988
0.299985
0.299947
0.299978
0.299992
0.299944
0.299933
0.299922
0.299892
0.299875
0.299879
0.29988
0.299838
0.299769
0.299714
0.299671
0.299625
0.299604
0.299614
0.299605
0.299665
0.299701
0.299721
0.299745
0.299746
0.299752
0.299738
0.29974
0.299782
0.299813
0.299815
0.299816
0.299835
0.29985
0.299862
0.299874
0.29989
0.299929
0.299942
0.299991
0.299996
0.300047
0.30007
0.300098
0.300129
0.300144
0.300161
0.300179
0.300196
0.300227
0.300251
0.300286
0.300303
0.300297
0.300321
0.300343
0.300361
0.300385
0.300386
0.300381
0.300375
0.300388
0.300413
0.300437
0.300469
0.300457
0.30046
0.300414
0.300413
0.300461
0.300471
0.300447
0.300411
0.30037
0.300311
0.300217
0.30022
0.300241
0.300235
0.300211
0.300202
0.3002
0.300139
0.300129
0.300145
0.3002
0.300295
0.300359
0.300364
0.300377
0.300349
0.300414
0.300466
0.300489
0.30048
0.300451
0.30041
0.300394
0.300451
0.300408
0.300396
0.300433
0.300431
0.300468
0.30046
0.30046
0.300499
0.300596
0.300656
0.300724
0.300851
0.300938
0.300994
0.30094
0.300961
0.300998
0.300901
0.300791
0.300632
0.300569
0.300493
0.30038
0.300317
0.300276
0.300236
0.300205
0.300163
0.300107
0.300016
0.300006
0.300033
0.300012
0.300014
0.30004
0.300074
0.300074
0.300062
0.300045
0.300044
0.300048
0.300052
0.300045
0.300036
0.300025
0.300014
0.299984
0.29998
0.299945
0.299926
0.299902
0.299896
0.299896
0.301579
0.301463
0.301506
0.301525
0.301624
0.30171
0.301861
0.301882
0.302046
0.302097
0.302159
0.301976
0.301843
0.301646
0.301546
0.301517
0.301513
0.301463
0.301278
0.301185
0.301123
0.301041
0.300878
0.300806
0.300724
0.300642
0.300557
0.300442
0.30037
0.300322
0.300273
0.300266
0.300272
0.300277
0.300271
0.300255
0.300229
0.300203
0.300179
0.30015
0.300122
0.300108
0.300091
0.300072
0.300061
0.30005
0.300027
0.300013
0.300001
0.299988
0.299973
0.299941
0.299915
0.299892
0.299874
0.299853
0.299828
0.299804
0.299777
0.29972
0.299684
0.29968
0.299698
0.299669
0.299663
0.299635
0.299649
0.299654
0.299654
0.299686
0.299692
0.2997
0.29973
0.299742
0.29974
0.299769
0.299814
0.29984
0.299845
0.299875
0.299879
0.299895
0.299897
0.299907
0.299912
0.299916
0.299918
0.29992
0.29992
0.299923
0.299936
0.299967
0.299985
0.300003
0.300022
0.300046
0.30007
0.300097
0.300125
0.300142
0.300158
0.300173
0.300192
0.300198
0.300197
0.300197
0.30021
0.300214
0.300216
0.300218
0.300216
0.300216
0.300217
0.300217
0.300232
0.300239
0.300243
0.300252
0.300246
0.300252
0.300251
0.300267
0.300273
0.300292
0.300314
0.300315
0.300332
0.300343
0.300346
0.300358
0.300347
0.300336
0.300335
0.300323
0.300312
0.300309
0.300313
0.300318
0.300363
0.300376
0.300398
0.300388
0.300374
0.300348
0.300342
0.300351
0.300325
0.300322
0.300316
0.300389
0.300401
0.300454
0.300498
0.300517
0.300548
0.30056
0.300556
0.300549
0.300569
0.300564
0.300538
0.300498
0.30011
0.30011
0.300057
0.300043
0.300012
0.300064
0.300058
0.300031
0.300004
0.299954
0.299876
0.299929
0.299985
0.300001
0.299989
0.299971
0.300013
0.300073
0.300117
0.300069
0.300099
0.30006
0.300125
0.300002
0.299912
0.299837
0.299853
0.299927
0.299986
0.300015
0.300049
0.299981
0.299904
0.299896
0.299946
0.299953
0.2999
0.299853
0.299897
0.299883
0.29988
0.299926
0.2999
0.29989
0.299924
0.299917
0.29994
0.299956
0.299945
0.299995
0.30003
0.300041
0.299917
0.299922
0.299978
0.300019
0.300098
0.300127
0.300142
0.300129
0.300088
0.30001
0.299954
0.299923
0.299855
0.299784
0.29977
0.299785
0.299814
0.299848
0.299834
0.299753
0.299758
0.299778
0.299756
0.299754
0.299687
0.299762
0.299855
0.299895
0.299824
0.299772
0.299762
0.299784
0.299823
0.299873
0.299928
0.299982
0.299979
0.300064
0.300034
0.300097
0.300128
0.300176
0.300211
0.300208
0.300142
0.300035
0.299993
0.300004
0.299896
0.299835
0.299751
0.299763
0.299837
0.299834
0.299858
0.299875
0.299879
0.299873
0.299862
0.29986
0
12.0733
12.0733
12.0733
12.0733
12.0733
12.0733
12.0733
12.0733
12.0733
12.0733
12.0733
12.0733
12.0733
12.0733
12.0733
12.0733
12.0733
12.0733
12.0733
12.0733
12.0733
12.0733
12.0733
12.0733
12.0733
12.0733
12.0733
12.0733
12.0733
12.0733
12.0733
12.0733
12.0733
12.0733
12.0733
12.0733
12.0733
12.0733
12.0733
12.0733
12.0733
12.0733
12.0733
12.0733
12.0733
12.0733
12.0733
12.0733
12.0733
12.0733
12.0733
12.0733
12.0733
12.0733
12.0733
12.0733
12.0733
12.0733
12.0733
12.0733
12.0733
12.0733
12.0733
12.0733
12.0733
12.0733
12.0733
12.0733
12.0733
12.0733
12.0733
12.0733
12.0733
12.0733
12.0733
12.0733
12.0733
12.0733
12.0733
12.0733
12.0733
12.0733
12.0733
12.0733
12.0733
12.0733
12.0733
12.0733
12.0733
12.0733
12.0733
12.0733
12.0733
12.0733
12.0733
12.0733
12.0733
12.0733
12.0733
12.0733
12.0733
12.0733
12.0733
12.0733
12.0733
12.0733
12.0733
12.0733
12.0733
12.0733
12.0733
12.0733
12.0733
12.0733
12.0733
12.0733
12.0733
12.0733
12.0733
12.0733
12.0733
12.0733
12.0733
12.0733
12.0733
12.0733
12.0733
12.0733
12.0733
12.0733
12.0733
12.0733
12.0733
12.0733
12.0733
12.0733
12.0733
12.0733
12.0733
12.0733
12.0733
12.0733
12.0733
12.0733
12.0733
12.0733
12.0733
12.0733
12.0733
12.0733
12.0733
12.0733
12.0733
12.0733
12.0733
12.0733
12.0733
12.0733
12.0733
12.0733
12.0733
12.0733
12.0733
12.0733
12.0733
12.0733
12.0733
12.0733
12.0733
12.0733
12.0733
12.0733
12.0733
12.0733
12.0733
12.0733
12.0733
12.0733
12.0733
12.0733
12.0733
12.0733
12.0733
12.0733
12.0733
12.0733
12.0733
12.0733
12.0733
12.0733
12.0733
12.0733
12.0733
12.0733
12.0733
12.0733
12.0733
12.0733
12.0733
12.0733
12.0733
12.0733
12.0733
12.0733
12.0733
12.0733
12.0733
12.0733
12.0733
12.0733
12.0733
12.0733
12.0733
12.0733
12.0733
12.0733
12.0733
12.0733
12.0733
12.0733
12.0733
12.0733
12.0733
12.0733
12.0733
0.300908
0.301063
0.301277
0.301231
0.300907
0.300907
0.308485
0.308485
0.308485
0.308485
0.308485
0.308485
0.308485
0.308485
0.308485
0.308485
0.307968
0.307968
0.307968
0.307968
0.307968
0.307968
0.307968
0.307968
0.307968
0.307968
0.307968
0.306154
0.306154
0.306154
0.306154
0.306154
0.306154
0.306154
0.306154
0.306154
0.306154
0.306154
0.30562
0.30562
0.30562
0.30562
0.30562
0.30562
0.30562
0.30562
0.30562
0.30454
0.30454
0.30454
0.30454
0.30454
0.30454
0.30454
0.30454
0.30454
0.30454
0.303713
0.303713
0.303713
0.303713
0.303713
0.303713
0.303713
0.303713
0.303713
0.303713
0.298713
0.298713
0.298713
0.298713
0.298713
0.298713
0.298713
0.298713
0.298713
0.298713
0.299098
0.299098
0.299098
0.299098
0.299098
0.299098
0.299098
0.299098
0.299098
0.299098
0.299098
0.300716
0.300716
0.300716
0.300716
0.300716
0.300716
0.300716
0.300716
0.300716
0.296704
0.296704
0.296704
0.301688
0.301771
0.301812
0.301862
0.301878
0.301878
0.301821
0.301785
0.301748
0.301743
0.301715
0.301639
0.301595
0.301568
0.301506
0.301466
0.30146
0.301431
0.301387
0.301342
0.301375
0.301443
0.301415
0.301367
0.301338
0.301336
0.301315
0.301231
0.301198
0.301154
0.301077
0.301025
0.301005
0.300975
0.300946
0.300935
0.300917
0.30092
0.300908
0.300876
0.300956
0.300974
0.301007
0.301037
0.301023
0.30102
0.301033
0.301033
0.300977
0.300934
0.30094
0.30093
0.300946
0.300933
0.300966
0.300951
0.301012
0.301029
0.301042
0.301041
0.301004
0.300954
0.300905
0.300876
0.300807
0.300759
0.300713
0.30057
0.300482
0.300423
0.300347
0.300272
0.300225
0.300169
0.300121
0.300086
0.300055
0.300022
0.299975
0.299933
0.299884
0.299859
0.299849
0.299824
0.29976
0.299732
0.299736
0.299688
0.299634
0.299614
0.299586
0.299585
0.29958
0.299559
0.299549
0.299538
0.299445
0.299401
0.299404
0.299382
0.299292
0.299284
0.299304
0.29924
0.299227
0.299244
0.299205
0.299181
0.299224
0.299271
0.299225
0.299178
0.299168
0.299179
0.299172
0.3006
0.300648
0.300596
0.300577
0.300603
0.300619
0.300635
0.300674
0.300709
0.300725
0.30076
0.300827
0.300837
0.300869
0.300922
0.300953
0.300919
0.300945
0.300988
0.300919
0.300875
0.300866
0.300841
0.30078
0.300725
0.300709
0.300779
0.300846
0.300873
0.300893
0.300865
0.300829
0.30088
0.300872
0.300867
0.30087
0.300793
0.300757
0.300748
0.300728
0.300748
0.30082
0.300891
0.300891
0.300854
0.300842
0.300941
0.30102
0.301075
0.301045
0.301039
0.301049
0.30104
0.30108
0.30115
0.301145
0.301131
0.301181
0.301244
0.30119
0.301056
0.300923
0.300799
0.300658
0.300508
0.300337
0.300133
0.29996
0.29973
0.299689
0.299628
0.299599
0.299598
0.29959
0.29957
0.299527
0.299527
0.299457
0.299434
0.299366
0.299337
0.299343
0.299337
0.299316
0.299282
0.299225
0.299118
0.299042
0.298971
0.298863
0.298866
0.298869
0.298673
0.298688
0.298723
0.298731
0.298717
0.298681
0.298636
0.298618
0.298622
0.298608
0.298546
0.298502
0.298527
0.298539
0.298459
0.298349
0.29832
0.298241
0.298306
0.298157
0.298127
0.29815
0.298209
0.298295
0.298311
0.298341
0.298406
0.298469
0.298417
0.298351
0.298265
0.298152
0.298049
0.298047
0.298022
0.297992
0.297975
0.297882
0.297837
0.297807
0.297814
0.2979
0.297889
0.29786
0.29786
0.297961
0.297997
0.297997
0.298054
0.297972
0.29809
0.301344
0.301265
0.301126
0.300951
0.300857
0.300757
0.300818
0.300841
0.300778
0.300741
0.300738
0.300723
0.300688
0.300671
0.300685
0.300693
0.30052
0.300478
0.300522
0.30054
0.300542
0.30056
0.300576
0.300591
0.300613
0.300574
0.300506
0.300458
0.300608
0.300678
0.300739
0.300745
0.300766
0.30074
0.300687
0.300667
0.300659
0.300597
0.30056
0.299442
0.29942
0.29949
0.299567
0.299443
0.299304
0.299276
0.299325
0.299323
0.299268
0.299341
0.299351
0.299302
0.299408
0.299433
0.299548
0.299688
0.299659
0.299686
0.299755
0.299884
0.299958
0.299919
0.299865
0.299925
0.299963
0.299913
0.300058
0.299946
0.300015
0.300056
0.300083
0.29996
0.29988
0.300045
0.300018
0.29993
0.300016
0.300039
0.300071
0.300216
0.300152
0.300052
0.300045
0.300175
0.300226
0.300178
0.300028
0.299803
0.299764
0.299732
0.299823
0.299684
0.299628
0.299616
0.299578
0.299578
0.299619
0.299585
0.29946
0.299493
0.299512
0.299743
0.299834
0.300016
0.300171
0.30017
0.30024
0.300346
0.300513
0.300733
0.300827
0.300909
0.301028
0.30117
0.301232
0.301315
0.301397
0.301365
0.301337
0.30125
0.301254
0.301182
0.301171
0.301129
0.301055
0.300982
0.30092
0.300871
0.300818
0.300799
0.300745
0.300736
0.300727
0.300719
0.300686
0.300669
0.300626
0.300607
0.300584
0.30054
0.300491
0.300465
0.300438
0.30041
0.300377
0.300341
0.300317
0.300295
0.300266
0.300259
0.300224
0.3002
0.30017
0.300149
0.300127
0.300093
0.30007
0.300042
0.300008
0.299986
0.299957
0.299943
0.299909
0.299877
0.299861
0.299837
0.299814
0.299777
0.299737
0.299723
0.299636
0.299634
0.299635
0.299701
0.299775
0.299802
0.299707
0.29974
0.299769
0.299782
0.299766
0.299729
0.299704
0.299677
0.299646
0.299646
0.299625
0.299607
0.299622
0.299643
0.299637
0.299575
0.299571
0.299566
0.299503
0.299496
0.29945
0.299463
0.299483
0.299467
0.299442
0.299434
0.299425
0.299399
0.2994
0.299411
0.299417
0.299421
0.299414
0.299397
0.299404
0.299438
0.299419
0.299413
0.299363
0.299365
0.29933
0.299322
0.299317
0.299348
0.299364
0.299388
0.299438
0.299504
0.299546
0.299564
0.299546
0.299516
0.299518
0.299524
0.29953
0.299504
0.299532
0.29956
0.299583
0.299611
0.299654
0.299687
0.299709
0.299743
0.299747
0.299758
0.299732
0.299731
0.299729
0.299718
0.29973
0.299721
0.29971
0.29971
0.299705
0.299661
0.299627
0.299577
0.299506
0.299506
0.299518
0.299441
0.299441
0.299449
0.299472
0.29949
0.299516
0.299551
0.299579
0.299601
0.299642
0.299667
0.299703
0.299757
0.299789
0.299823
0.299868
0.299909
0.299919
0.299964
0.299975
0.299985
0.299998
0.300004
0.300007
0.300006
0.300008
0.300009
0.300004
0.299997
0.299985
0.299987
0.299991
0.299989
0.299988
0.299979
0.29998
0.29998
0.299973
0.299971
0.299972
0.29998
0.299992
0.299999
0.300003
0.300004
0.300003
0.300002
0.299983
0.299979
0.299976
0.299977
0.299972
0.299957
0.299934
0.299912
0.299914
0.299913
0.299917
0.299895
0.299886
0.299866
0.29987
0.299867
0.299875
0.299872
0.299856
0.299813
0.299776
0.299759
0.299765
0.299786
0.299819
0.299828
0.299736
0.29973
0.29974
0.299675
0.299651
0.299684
0.29972
0.299704
0.299636
0.29957
0.299621
0.299637
0.299557
0.299467
0.299484
0.299604
0.29971
0.299716
0.299646
0.299605
0.299574
0.299542
0.299569
0.299581
0.299592
0.299577
0.299568
0.299574
0.299515
0.299513
0.29957
0.299551
0.299497
0.299464
0.299498
0.299542
0.299577
0.29961
0.299619
0.299606
0.299518
0.299486
0.299335
0.299415
0.29949
0.299544
0.299581
0.299595
0.299689
0.29974
0.299721
0.299749
0.299746
0.299692
0.300274
0.300238
0.300267
0.300319
0.300304
0.300366
0.300339
0.300314
0.300281
0.300342
0.300283
0.300332
0.300408
0.300521
0.300588
0.300597
0.300633
0.300773
0.30087
0.300929
0.3011
0.301162
0.301181
0.301226
0.301294
0.301289
0.301282
0.301289
0.301253
0.301209
0.301291
0.301374
0.30146
0.301501
0.30155
0.30147
0.301457
0.301366
0.301284
0.30132
0.301249
0.301255
0.301357
0.301377
0.301314
0.301332
0.301419
0.301475
0.301354
0.301273
0.301206
0.30117
0.301084
0.30118
0.301241
0.301342
0.301442
0.301438
0.30141
0.301421
0.301493
0.301382
0.301367
0.301337
0.301309
0.301353
0.301474
0.301492
0.301577
0.301701
0.301834
0.301903
0.301944
0.302068
0.302098
0.302111
0.302116
0.302038
0.301897
0.301907
0.301844
0.301783
0.301713
0.301585
0.301539
0.301553
0.301677
0.301757
0.301887
0.301998
0.301893
0.302064
0.302164
0.302043
0.302025
0.301904
0.301907
0.30184
0.301685
0.301672
0.301725
0.301797
0.301918
0.301994
0.301977
0.301979
0.301807
0.301807
0.301963
0.301877
0.301744
0.301567
0.30144
0.301313
0.301195
0.301097
0.300429
0.300326
0.300196
0.299712
0.299697
0.299997
0.299944
0.299744
0.299753
0.299841
0.299848
0.299781
0.299695
0.299589
0.299558
0.299519
0.299644
0.299686
0.29976
0.299436
0.299377
0.299435
0.299521
0.299613
0.299489
0.299332
0.299251
0.299203
0.299159
0.299218
0.299251
0.299153
0.299173
0.299134
0.299025
0.299129
0.299229
0.299133
0.299073
0.299058
0.299052
0.299
0.298966
0.299053
0.299057
0.299011
0.298989
0.298736
0.298766
0.298877
0.298912
0.298915
0.298974
0.299071
0.299077
0.299095
0.299099
0.29905
0.29908
0.299136
0.299199
0.29924
0.299185
0.29914
0.299218
0.299284
0.299268
0.299219
0.299194
0.299251
0.299205
0.299241
0.299246
0.299116
0.299066
0.299054
0.29906
0.299074
0.299055
0.298969
0.298949
0.299065
0.299122
0.299042
0.299051
0.299053
0.299103
0.299111
0.299204
0.299186
0.299106
0.299074
0.299105
0.299167
0.299196
0.299204
0.299219
0.299113
0.299116
0.299389
0.299567
0.299552
0.299589
0.299704
0.299839
0.299821
0.299797
0.299811
0.299854
0.299898
0.299905
0.299935
0.299993
0.299969
0.299943
0.299908
0.299948
0.299992
0.299998
0.299991
0.299981
0.299964
0.299947
0.299955
0.29997
0.299977
0.299977
0.299978
0.299999
0.299994
0.299989
0.299985
0.299989
0.299997
0.300001
0.300001
0.300002
0.300001
0.300004
0.30001
0.300024
0.300029
0.300034
0.300032
0.300042
0.300055
0.300063
0.300059
0.300051
0.300037
0.300016
0.300013
0.300001
0.300022
0.299931
0.299915
0.299878
0.299845
0.299822
0.299839
0.29983
0.299823
0.299833
0.299867
0.299893
0.299908
0.299905
0.29991
0.299938
0.299932
0.299961
0.299923
0.299918
0.299922
0.299897
0.299896
0.299936
0.299951
0.299949
0.299923
0.299901
0.299873
0.299839
0.299831
0.300157
0.300158
0.300161
0.300037
0.300027
0.300005
0.300024
0.300006
0.300001
0.300026
0.300059
0.300087
0.30005
0.300019
0.300011
0.300019
0.300004
0.300024
0.300093
0.300148
0.300168
0.300116
0.30013
0.300174
0.300134
0.30012
0.300164
0.300145
0.300123
0.300142
0.3002
0.300196
0.300169
0.300187
0.300221
0.300204
0.300171
0.300161
0.300231
0.300223
0.300165
0.300181
0.300201
0.300193
0.300198
0.300212
0.300212
0.300197
0.300181
0.300184
0.300177
0.300161
0.300133
0.300129
0.300114
0.300088
0.300046
0.300039
0.300002
0.299985
0.299962
0.299921
0.29989
0.299856
0.299812
0.299762
0.299742
0.299725
0.299701
0.2997
0.299687
0.299631
0.299523
0.299463
0.299444
0.299431
0.299376
0.299294
0.299293
0.29928
0.299241
0.299194
0.299117
0.299091
0.29911
0.299127
0.299138
0.299142
0.299133
0.299006
0.298972
0.298965
0.298922
0.29901
0.29897
0.298879
0.298821
0.298794
0.298805
0.298803
0.298812
0.29892
0.298941
0.298881
0.298778
0.298785
0.298795
0.298889
0.298864
0.298878
0.298935
0.299033
0.299066
0.299096
0.299086
0.299038
0.298962
0.298872
0.298901
0.299011
0.299079
0.299092
0.299117
0.299187
0.29917
0.299131
0.299218
0.299207
0.299129
0.299048
0.299027
0.299021
0.299023
0.299014
0.299063
0.299067
0.299049
0.2991
0.299106
0.299029
0.299007
0.299051
0.299141
0.299158
0.299129
0.299126
0.299235
0.299241
0.299221
0.299239
0.299287
0.299247
0.299246
0.299201
0.299157
0.299167
0.299145
0.299202
0.299227
0.299179
0.299165
0.299168
0.299129
0.299163
0.299235
0.299284
0.299429
0.299418
0.299309
0.299289
0.299387
0.299473
0.299489
0.299494
0.299576
0.299617
0.299601
0.299582
0.29961
0.299633
0.299638
0.299643
0.299755
0.299806
0.299677
0.299679
0.299688
0.299683
0.299715
0.299749
0.299632
0.299544
0.299481
0.299565
0.299581
0.299441
0.299515
0.299601
0.299691
0.299766
0.299791
0.299725
0.299711
0.299717
0.299741
0.299831
0.299871
0.29973
0.299716
0.299772
0.299741
0.299737
0.29975
0.299675
0.299549
0.299556
0.299702
0.299575
0.299404
0.299421
0.299472
0.299465
0.299696
0.299697
0.299815
0.299821
0.29978
0.299813
0.299832
0.299847
0.299846
0.299816
0.299714
0.29971
0.299797
0.29984
0.299807
0.299816
0.299851
0.2999
0.299905
0.299945
0.299888
0.299891
0.29987
0.299909
0.29993
0.299909
0.299942
0.299998
0.299982
0.299984
0.299992
0.299998
0.299984
0.299986
0.299986
0.299982
0.299959
0.299985
0.29996
0.299916
0.299892
0.29989
0.299842
0.299805
0.299812
0.299817
0.299783
0.299749
0.299753
0.299718
0.299695
0.299778
0.299787
0.299795
0.299842
0.299834
0.299833
0.299887
0.299919
0.299923
0.299956
0.299938
0.299878
0.299836
0.2998
0.299824
0.299875
0.299918
0.299916
0.299906
0.299896
0.29993
0.299922
0.299937
0.299957
0.2999
0.299858
0.299831
0.299836
0.299848
0.299826
0.299803
0.299838
0.299871
0.299879
0.29989
0.299925
0.29995
0.299951
0.299916
0.299889
0.299852
0.299792
0.299764
0.299785
0.299819
0.299884
0.29989
0.29987
0.29988
0.299907
0.299982
0.300041
0.300053
0.300036
0.300068
0.300067
0.300073
0.300112
0.30016
0.300114
0.30007
0.300038
0.300064
0.300121
0.300093
0.300074
0.300058
0.300038
0.300018
0.300025
0.300042
0.300024
0.300023
0.300037
0.300028
0.300022
0.300027
0.300032
0.30003
0.300019
0.300005
0.299997
0.300001
0.299999
0.300007
0.300006
0.300009
0.30001
0.300012
0.300017
0.300028
0.300021
0.300018
0.300015
0.300012
0.300009
0.300005
0.300002
0.299999
0.299999
0.299998
0.300001
0.300001
0.3
0.299999
0.3
0.300001
0.300001
0.3
0.3
0.3
0.299998
0.299996
0.299999
0.3
0.3
0.299996
0.299993
0.299989
0.299981
0.299968
0.299969
0.299969
0.29989
0.299845
0.299957
0.300044
0.300029
0.300001
0.299942
0.299895
0.299878
0.299844
0.299838
0.299903
0.299972
0.300054
0.300065
0.300076
0.300096
0.300051
0.300049
0.300071
0.300073
0.300063
0.300042
0.300018
0.299998
0.299981
0.299991
0.300032
0.300042
0.300033
0.30004
0.300044
0.300035
0.300027
0.300019
0.300009
0.300002
0.299998
0.299991
0.299983
0.299983
0.299981
0.29998
0.299983
0.299988
0.300001
0.300002
0.299993
0.299995
0.3
0.300001
0.29999
0.29998
0.29997
0.299946
0.299932
0.299893
0.299904
0.299905
0.299897
0.299875
0.299852
0.299875
0.2999
0.299882
0.299842
0.299782
0.299714
0.29971
0.299703
0.299643
0.299637
0.299644
0.29963
0.299664
0.299724
0.299702
0.299671
0.299611
0.299581
0.299552
0.299479
0.299397
0.299354
0.299307
0.299304
0.299245
0.299278
0.299149
0.299125
0.299123
0.299129
0.299098
0.299105
0.299103
0.299104
0.299078
0.299065
0.299086
0.299091
0.299186
0.2992
0.299261
0.299346
0.29947
0.299452
0.299408
0.29939
0.299346
0.299286
0.299247
0.299196
0.29918
0.299228
0.29923
0.299221
0.299175
0.299172
0.299174
0.299215
0.299254
0.299352
0.299428
0.299549
0.299642
0.299669
0.299657
0.299609
0.299547
0.29952
0.299482
0.299444
0.29949
0.299491
0.299542
0.299517
0.299625
0.299634
0.299655
0.299705
0.299705
0.299766
0.299964
0.299964
0.299993
0.300012
0.30003
0.300037
0.3
0.3
0.299992
0.299995
0.299985
0.299984
0.299984
0.299984
0.299984
0.299987
0.299996
0.299999
0.300002
0.300004
0.300018
0.30002
0.30002
0.300019
0.300017
0.300008
0.300004
0.299976
0.299981
0.300019
0.300057
0.300066
0.300065
0.300065
0.300085
0.300104
0.300096
0.300146
0.300203
