0.130705
0.130705
0.130705
0.130705
0.315436
0.315436
0.315436
0.315436
0.315436
0.289551
0.289551
0.21544
0.21544
0.21544
0.21544
0.21544
0.220116
0.220116
0.220116
0.220116
0.220116
0.271466
0.271466
0.271466
0.271466
0.271466
0.20623
0.20623
0.20623
0.20623
0.20623
0.0884011
0.0884011
0.0884011
0.0884011
0.0884011
0.327086
0.327086
0.327086
0.327086
0.327086
0.0769377
0.0769377
0.0769377
0.0769377
0.0769377
-0.034439
-0.034439
-0.034439
-0.034439
-0.034439
0.0372103
0.0372103
0.0372103
0.0372103
0.0372103
0.0611056
0.0611056
0.0611056
0.0611056
0.0611056
-0.0867136
-0.0867136
-0.0867136
-0.0867136
-0.0867136
0.0509352
0.0509352
0.0509352
0.0509352
0.0509352
0.157374
0.157374
0.157374
0.157374
0.157374
0.0895803
0.0895803
0.0895803
0.0895803
0.0895803
-0.0362454
-0.0362454
-0.0362454
-0.0362454
-0.0362454
0.0248526
0.0248526
0.0248526
0.0248526
0.0248526
0.0741557
0.0741557
0.0741557
0.0741557
0.0741557
-0.0644005
-0.0644005
-0.0644005
-0.0644005
-0.0644005
-0.0284264
-0.0284264
-0.0284264
-0.0284264
-0.0284264
-0.038233
-0.038233
-0.038233
-0.038233
-0.038233
-0.0537813
-0.0537813
-0.0537813
-0.0537813
-0.0537813
-0.000800683
-0.000800683
-0.000800683
-0.000800683
-0.000800683
-0.110824
-0.110824
-0.110824
-0.110824
-0.110824
0.0376179
0.0376179
0.0376179
0.0376179
0.0376179
-0.151081
-0.151081
-0.151081
-0.151081
-0.151081
0.0144893
0.0144893
0.0144893
0.0144893
0.0144893
-0.115273
-0.115273
-0.115273
-0.115273
-0.115273
0.157295
0.157295
0.157295
0.157295
0.157295
-0.0537806
-0.0537806
-0.0537806
-0.0537806
-0.0537806
-0.0700229
-0.0700229
-0.0700229
-0.0700229
-0.0700229
-0.0513436
-0.0513436
-0.0513436
-0.0513436
-0.0513436
0.160151
0.160151
0.160151
0.160151
0.160151
0.199511
0.199511
0.199511
0.199511
0.199511
-0.0539561
-0.0539561
-0.0539561
-0.0539561
-0.0539561
0.0240173
0.0240173
0.0240173
0.0240173
0.0240173
0.235662
0.235662
0.235662
0.235662
0.235662
0.328629
0.328629
0.328629
0.328629
0.328629
0.264637
0.264637
0.264637
0.264637
0.264637
0.128779
0.128779
0.128779
0.128779
0.128779
-0.0105858
-0.0105858
-0.0105858
-0.0105858
-0.0105858
0.19938
0.19938
0.19938
0.19938
0.19938
0.186755
0.186755
0.186755
0.186755
0.186755
-0.065305
-0.065305
-0.065305
-0.065305
-0.065305
0.160674
0.160674
0.160674
0.160674
0.160674
0.0909226
0.0909226
0.0909226
0.0909226
0.0909226
0.0281039
0.0281039
0.0281039
0.0281039
0.0281039
0.035795
0.035795
0.035795
0.035795
0.035795
0.0828775
0.0828775
0.0828775
0.0828775
0.0828775
0.0938732
0.0938732
0.0938732
0.0938732
0.0938732
0.101408
0.101408
0.101408
0.101408
0.101408
0.00679153
0.00679153
0.00679153
0.00679153
0.00679153
0.0507575
0.0507575
0.0507575
0.0507575
0.0507575
0.446595
0.446595
0.446595
0.446595
0.446595
0.301082
0.301082
0.301082
0.301082
0.301082
0.0592838
0.0592838
0.0592838
0.0592838
0.0592838
0.0755156
0.0755156
0.0755156
0.0755156
0.0755156
0.0846135
0.0846135
0.0846135
0.0846135
0.0846135
-0.0168813
-0.0168813
-0.0168813
-0.0168813
-0.0168813
0.209066
0.209066
0.209066
0.209066
0.209066
0.0437935
0.0437935
0.0437935
0.0437935
0.0437935
0.204688
0.204688
0.204688
0.204688
0.204688
0.124452
0.124452
0.124452
0.124452
0.124452
-0.0474497
-0.0474497
-0.0474497
-0.0474497
-0.0474497
0.0347544
0.0347544
0.0347544
0.0347544
0.0347544
0.267936
0.267936
0.267936
0.267936
0.267936
0.103923
0.103923
0.103923
0.103923
0.103923
0.108422
0.108422
0.108422
0.108422
0.108422
0.0779768
0.0779768
0.0779768
0.0779768
0.0779768
-0.00758183
-0.00758183
-0.00758183
-0.00758183
-0.00758183
0.123542
0.123542
0.123542
0.123542
0.123542
0.112292
0.112292
0.112292
0.112292
0.112292
0.108089
0.108089
0.108089
0.108089
0.108089
0.0367308
0.0367308
0.0367308
0.0367308
0.0367308
0.274936
0.274936
0.274936
0.274936
0.274936
0.0650803
0.0650803
0.0650803
0.0650803
0.0650803
0.139717
0.139717
0.139717
0.139717
0.139717
0.108404
0.108404
0.108404
0.108404
0.108404
0.317388
0.317388
0.317388
0.317388
0.0981598
0.0981598
0.0981598
0.207846
0.207846
0.207846
0.207846
0.207846
0.3584
0.3584
0.3584
0.3584
0.3584
0.256136
0.256136
0.256136
0.256136
0.256136
-0.00559945
-0.00559945
-0.00559945
-0.00559945
-0.00559945
0.222752
0.222752
0.222752
0.222752
0.222752
0.201709
0.201709
0.201709
0.201709
0.201709
0.0429917
0.0429917
0.0429917
0.0429917
0.0429917
0.295203
0.295203
0.295203
0.295203
0.295203
0.146334
0.146334
0.146334
0.146334
0.146334
0.0165396
0.0165396
0.0165396
0.0165396
0.0165396
0.111198
0.111198
0.111198
0.111198
0.111198
0.209166
0.209166
0.209166
0.209166
0.209166
0.193842
0.193842
0.193842
0.193842
0.193842
0.0611949
0.0611949
0.0611949
0.0611949
0.0611949
0.241847
0.241847
0.241847
0.241847
0.241847
0.188648
0.188648
0.188648
0.188648
0.188648
0.257966
0.257966
0.257966
0.257966
0.257966
0.0403096
0.0403096
0.0403096
0.0403096
0.0403096
0.272748
0.272748
0.272748
0.272748
0.272748
0.0693226
0.0693226
0.0693226
0.0693226
0.0693226
0.0226315
0.0226315
0.0226315
0.0226315
0.0226315
0.212427
0.212427
0.212427
0.212427
0.212427
0.134619
0.134619
0.134619
0.134619
0.134619
0.0144729
0.0144729
0.0144729
0.0144729
0.0144729
0.191819
0.191819
0.191819
0.191819
0.191819
0.251366
0.251366
0.251366
0.251366
0.251366
0.0212054
0.0212054
0.0212054
0.0212054
0.0212054
0.0640273
0.0640273
0.0640273
0.0640273
0.0640273
0.11529
0.11529
0.11529
0.11529
0.11529
0.0427425
0.0427425
0.0427425
0.0427425
0.0427425
0.174617
0.174617
0.174617
0.174617
0.174617
0.109349
0.109349
0.109349
0.109349
0.109349
0.0441834
0.0441834
0.0441834
0.0441834
0.0441834
0.081101
0.081101
0.081101
0.081101
0.081101
0.0765063
0.0765063
0.0765063
0.0765063
0.0765063
0.139954
0.139954
0.139954
0.139954
0.139954
0.0833035
0.0833035
0.0833035
0.0833035
0.0833035
0.0708789
0.0708789
0.0708789
0.0708789
0.0708789
0.0534232
0.0534232
0.0534232
0.0534232
0.0534232
0.180986
0.180986
0.180986
0.180986
0.180986
0.232832
0.232832
0.232832
0.232832
0.232832
0.13056
0.13056
0.13056
0.13056
0.13056
0.236621
0.236621
0.236621
0.236621
0.236621
0.183042
0.183042
0.183042
0.183042
0.183042
0.294359
0.294359
0.294359
0.294359
0.294359
0.154533
0.154533
0.154533
0.154533
0.154533
-0.104774
-0.104774
-0.104774
-0.104774
-0.104774
0.0425183
0.0425183
0.0425183
0.0425183
0.0425183
0.0717191
0.0717191
0.0717191
0.0717191
0.0717191
0.147793
0.147793
0.147793
0.147793
0.147793
0.137669
0.137669
0.137669
0.137669
0.137669
-0.00550495
-0.00550495
-0.00550495
-0.00550495
-0.00550495
0.119394
0.119394
0.119394
0.119394
0.119394
0.0405405
0.0405405
0.0405405
0.0405405
0.0405405
0.197464
0.197464
0.197464
0.197464
0.197464
0.0968249
0.0968249
0.0968249
0.0968249
0.0968249
0.103532
0.103532
0.103532
0.103532
0.103532
0.1971
0.1971
0.1971
0.1971
0.1971
0.057589
0.057589
0.057589
0.057589
0.057589
0.143269
0.143269
0.143269
0.143269
0.143269
0.0753989
0.0753989
0.0753989
0.239748
0.239748
0.239748
0.239748
0.0835449
0.0835449
0.0835449
0.0835449
0.0835449
0.203154
0.203154
0.203154
0.203154
0.203154
0.105023
0.105023
0.105023
0.105023
0.105023
0.108677
0.108677
0.108677
0.108677
0.108677
0.174149
0.174149
0.174149
0.174149
0.174149
0.0802449
0.0802449
0.0802449
0.0802449
0.0802449
0.293112
0.293112
0.293112
0.293112
0.293112
0.228651
0.228651
0.228651
0.228651
0.228651
0.110518
0.110518
0.110518
0.110518
0.110518
0.123322
0.123322
0.123322
0.123322
0.123322
0.0841639
0.0841639
0.0841639
0.0841639
0.0841639
0.269481
0.269481
0.269481
0.269481
0.269481
0.0856664
0.0856664
0.0856664
0.0856664
0.0856664
0.210011
0.210011
0.210011
0.210011
0.210011
0.107841
0.107841
0.107841
0.107841
0.107841
0.028526
0.028526
0.028526
0.028526
0.028526
0.0751805
0.0751805
0.0751805
0.0751805
0.0751805
0.102609
0.102609
0.102609
0.102609
0.102609
0.202754
0.202754
0.202754
0.202754
0.202754
0.223148
0.223148
0.223148
0.223148
0.223148
0.268741
0.268741
0.268741
0.268741
0.268741
0.0687899
0.0687899
0.0687899
0.0687899
0.0687899
-0.0186438
-0.0186438
-0.0186438
-0.0186438
-0.0186438
0.0539609
0.0539609
0.0539609
0.0539609
0.0539609
0.0845523
0.0845523
0.0845523
0.0845523
0.0845523
0.288882
0.288882
0.288882
0.288882
0.288882
-0.0718793
-0.0718793
-0.0718793
-0.0718793
-0.0718793
-0.00521019
-0.00521019
-0.00521019
-0.00521019
-0.00521019
0.148826
0.148826
0.148826
0.148826
0.148826
-0.0632942
-0.0632942
-0.0632942
-0.0632942
-0.0632942
0.167775
0.167775
0.167775
0.167775
0.167775
0.184008
0.184008
0.184008
0.184008
0.184008
0.113589
0.113589
0.113589
0.113589
0.113589
0.176021
0.176021
0.176021
0.176021
0.176021
0.048166
0.048166
0.048166
0.048166
0.048166
0.117832
0.117832
0.117832
0.117832
0.117832
0.288404
0.288404
0.288404
0.288404
0.288404
0.223351
0.223351
0.223351
0.223351
0.223351
0.130161
0.130161
0.00381052
0.00381052
0.00381052
0.00381052
0.241698
0.241698
0.241698
0.241698
0.241698
0.26606
0.26606
0.26606
0.26606
0.26606
0.0751256
0.0751256
0.0751256
0.0751256
0.0751256
0.20993
0.20993
0.20993
0.20993
0.20993
0.159015
0.159015
0.159015
0.159015
0.159015
0.25124
0.25124
0.25124
0.25124
0.25124
0.25124
0.0973584
0.0973584
0.0973584
0.0973584
0.0489344
0.0489344
0.0489344
0.0489344
0.0489344
0.129232
0.129232
0.129232
0.129232
0.129232
0.165161
0.165161
0.165161
0.165161
0.165161
0.18758
0.18758
0.18758
0.18758
0.18758
-0.0603183
-0.0603183
-0.0603183
-0.0603183
-0.0603183
-0.0603183
0.135097
0.135097
0.135097
0.135097
0.188074
0.188074
0.188074
0.188074
0.188074
0.0854954
0.0854954
0.0854954
0.0854954
0.0854954
0.168308
0.168308
0.168308
0.168308
0.168308
0.221821
0.221821
0.221821
0.221821
0.221821
0.102758
0.102758
0.102758
0.102758
0.102758
0.102758
-0.0714682
-0.0714682
-0.0714682
-0.0714682
0.0423144
0.0423144
0.0423144
0.0423144
0.0423144
0.17173
0.17173
0.17173
0.17173
0.17173
0.042883
0.042883
0.042883
0.042883
0.042883
0.140065
0.140065
0.140065
0.140065
0.140065
0.0950037
0.0950037
0.0950037
0.0950037
0.0950037
0.166762
0.166762
0.166762
0.166762
0.166762
0.11283
0.11283
0.11283
0.11283
0.11283
0.242443
0.242443
0.242443
0.242443
0.242443
0.0768371
0.0768371
0.0768371
0.0768371
0.0768371
0.351391
0.351391
0.351391
0.351391
0.351391
0.0954692
0.0954692
0.0954692
0.0954692
0.0954692
0.140905
0.140905
0.140905
0.140905
0.140905
0.217466
0.217466
0.217466
0.217466
0.217466
0.168094
0.168094
0.168094
0.168094
0.168094
0.193405
0.193405
0.193405
0.193405
0.193405
0.101287
0.101287
0.101287
0.101287
0.101287
0.289526
0.289526
0.289526
0.289526
0.289526
0.140924
0.140924
0.140924
0.140924
0.140924
-0.0233514
-0.0233514
-0.0233514
-0.0233514
-0.0233514
-0.037421
-0.037421
-0.037421
-0.037421
-0.037421
0.353322
0.353322
0.353322
0.353322
0.353322
0.347007
0.347007
0.347007
0.347007
0.347007
0.0447161
0.0447161
0.0447161
0.0447161
0.0447161
0.294501
0.294501
0.294501
0.294501
0.294501
0.0743673
0.0743673
0.0743673
0.0743673
0.0743673
0.311945
0.311945
0.311945
0.311945
0.311945
0.0180232
0.0180232
0.0180232
0.0180232
0.0180232
0.272601
0.272601
0.272601
0.272601
0.272601
0.289089
0.289089
0.289089
0.289089
0.289089
0.229137
0.229137
0.229137
0.229137
0.229137
-0.00537661
-0.00537661
-0.00537661
-0.00537661
-0.00537661
0.124459
0.124459
0.124459
0.124459
0.124459
0.257073
0.257073
0.257073
0.257073
0.257073
0.184901
0.184901
0.184901
0.184901
0.184901
0.244498
0.244498
0.244498
0.244498
0.244498
-0.055439
-0.055439
-0.055439
-0.055439
-0.055439
0.16699
0.16699
0.16699
0.16699
0.16699
0.14733
0.14733
0.14733
0.14733
0.14733
0.305434
0.305434
0.305434
0.305434
0.305434
0.214091
0.214091
0.214091
0.214091
0.214091
0.0340613
0.0340613
0.0340613
0.0340613
0.0340613
0.17814
0.17814
0.17814
0.17814
0.17814
0.0228976
0.0228976
0.0228976
0.0228976
0.0228976
0.08378
0.08378
0.08378
0.210125
0.210125
0.210125
0.210125
0.0652105
0.0652105
0.0652105
0.0652105
0.0652105
0.315036
0.315036
0.315036
0.315036
0.315036
0.23479
0.23479
0.23479
0.23479
0.23479
-0.048578
-0.048578
-0.048578
-0.048578
-0.048578
-0.119553
-0.119553
-0.119553
-0.119553
-0.119553
0.236448
0.236448
0.236448
0.236448
0.236448
0.0047699
0.0047699
0.0047699
0.0047699
0.0047699
0.225279
0.225279
0.225279
0.225279
0.225279
0.279574
0.279574
0.279574
0.279574
0.279574
0.300754
0.300754
0.300754
0.300754
0.300754
0.171379
0.171379
0.171379
0.171379
0.171379
0.0813503
0.0813503
0.0813503
0.0813503
0.0813503
0.0293486
0.0293486
0.0293486
0.0293486
0.0293486
0.232862
0.232862
0.232862
0.232862
0.232862
0.103537
0.103537
0.103537
0.103537
0.103537
0.14774
0.14774
0.14774
0.14774
0.14774
-0.101698
-0.101698
-0.101698
-0.101698
-0.101698
0.238775
0.238775
0.238775
0.238775
0.238775
0.179222
0.179222
0.179222
0.179222
0.179222
-0.00485464
-0.00485464
-0.00485464
-0.00485464
-0.00485464
0.171506
0.171506
0.171506
0.171506
0.171506
-0.0386921
-0.0386921
-0.0386921
-0.0386921
-0.0386921
0.224924
0.224924
0.224924
0.224924
0.224924
0.202267
0.202267
0.202267
0.202267
0.202267
0.103247
0.103247
0.103247
0.103247
0.103247
0.109974
0.109974
0.109974
0.109974
0.109974
0.172661
0.172661
0.172661
0.172661
0.172661
0.0762445
0.0762445
0.0762445
0.0762445
0.0762445
0.272707
0.272707
0.272707
0.272707
0.272707
0.200576
0.200576
0.200576
0.200576
0.200576
-0.0258815
-0.0258815
-0.0258815
-0.0258815
-0.0258815
0.150223
0.150223
0.150223
0.150223
0.150223
0.170007
0.170007
0.170007
0.170007
0.170007
0.127522
0.127522
0.127522
0.127522
0.127522
0.00711704
0.00711704
0.00711704
0.00711704
0.00711704
0.0372669
0.0372669
0.0372669
0.0372669
0.0372669
0.11193
0.11193
0.11193
0.11193
0.11193
0.0248019
0.0248019
0.0248019
0.0248019
0.0248019
0.158869
0.158869
0.158869
0.158869
0.158869
0.0799679
0.0799679
0.0799679
0.0799679
0.0799679
0.168865
0.168865
0.168865
0.168865
0.168865
-0.060822
-0.060822
-0.060822
-0.060822
-0.060822
-0.0319438
-0.0319438
-0.0319438
-0.0319438
-0.0319438
0.266972
0.266972
0.266972
0.266972
0.266972
0.142404
0.142404
0.142404
0.142404
0.142404
0.0484989
0.0484989
0.0484989
0.0484989
0.0484989
-0.0455165
-0.0455165
-0.0455165
-0.0455165
-0.0455165
-0.0820764
-0.0820764
-0.0820764
-0.0820764
-0.0820764
0.21855
0.21855
0.21855
0.21855
0.21855
0.17055
0.17055
0.17055
0.17055
0.17055
0.0813919
0.0813919
0.0813919
0.0813919
0.0813919
0.0191506
0.0191506
0.0191506
0.0191506
0.0191506
0.0983296
0.0983296
0.0983296
0.0983296
0.0983296
0.106396
0.106396
0.106396
0.106396
0.106396
0.143222
0.143222
0.143222
0.143222
0.143222
0.0368184
0.0368184
0.0368184
0.0368184
0.0368184
0.172626
0.172626
0.172626
0.172626
0.172626
0.147332
0.147332
0.147332
0.147332
0.147332
0.0347993
0.0347993
0.0347993
0.0347993
0.0347993
0.231453
0.231453
0.231453
0.231453
0.231453
0.0147821
0.0147821
0.0147821
0.0147821
0.0147821
0.216754
0.216754
0.216754
0.216754
0.216754
0.356202
0.356202
0.356202
0.356202
0.356202
0.234547
0.234547
0.234547
0.234547
0.234547
0.312771
0.312771
0.312771
0.312771
0.312771
0.251116
0.251116
0.251116
0.251116
0.251116
0.0938289
0.0938289
0.0938289
0.0938289
0.0938289
0.149872
0.149872
0.149872
0.149872
0.149872
0.200089
0.200089
0.200089
0.200089
0.200089
0.0764766
0.0764766
0.0764766
0.0764766
0.0764766
0.0352719
0.0352719
0.0352719
0.0352719
0.0352719
0.00870341
0.00870341
0.00870341
0.00870341
0.00870341
0.0400565
0.0400565
0.0400565
0.0400565
0.0400565
0.168511
0.168511
0.168511
0.168511
0.168511
0.0153621
0.0153621
0.0153621
0.0153621
0.0153621
0.196984
0.196984
0.196984
0.196984
0.196984
0.206449
0.206449
0.206449
0.206449
0.206449
0.140813
0.140813
0.140813
0.140813
0.140813
0.0802993
0.0802993
0.0802993
0.0802993
0.0802993
0.100792
0.100792
0.100792
0.100792
0.100792
0.133098
0.133098
0.133098
0.133098
0.133098
-0.0495947
-0.0495947
-0.0495947
-0.0495947
-0.0495947
0.118064
0.118064
0.118064
0.118064
0.118064
0.103203
0.103203
0.103203
0.103203
0.103203
0.217983
0.217983
0.217983
0.217983
0.217983
0.0392978
0.0392978
0.0392978
0.0392978
0.0392978
0.122678
0.122678
0.122678
0.122678
0.122678
0.133075
0.133075
0.133075
0.133075
0.133075
-0.085758
-0.085758
-0.085758
-0.085758
-0.085758
0.237464
0.237464
0.237464
0.237464
0.237464
0.225634
0.225634
0.225634
0.225634
0.225634
0.0226646
0.0226646
0.0226646
0.0226646
0.0226646
0.16345
0.16345
0.16345
0.16345
0.16345
0.240441
0.240441
0.240441
0.240441
0.240441
0.354103
0.354103
0.354103
0.354103
0.354103
-0.0317579
-0.0317579
-0.0317579
-0.0317579
-0.0317579
0.0673951
0.0673951
0.0673951
0.0673951
0.0673951
0.255402
0.255402
0.255402
0.255402
0.255402
-0.0437707
-0.0437707
-0.0437707
-0.0437707
-0.0437707
0.056263
0.056263
0.056263
0.056263
0.056263
-0.00201784
-0.00201784
-0.00201784
-0.00201784
-0.00201784
0.221128
0.221128
0.221128
0.221128
0.221128
0.126511
0.126511
0.126511
0.126511
0.126511
0.141656
0.141656
0.141656
0.141656
0.141656
0.238974
0.238974
0.238974
0.238974
0.238974
0.12766
0.12766
0.12766
0.12766
0.12766
0.0648495
0.0648495
0.0648495
0.0648495
0.0648495
0.183535
0.183535
0.183535
0.183535
0.183535
-0.0263448
-0.0263448
-0.0263448
-0.0263448
-0.0263448
-0.0531611
-0.0531611
-0.0531611
-0.0531611
-0.0531611
0.142204
0.142204
0.142204
0.142204
0.142204
0.0923943
0.0923943
0.0923943
0.0923943
0.0923943
0.0787107
0.278765
0.278765
0.278765
0.278765
0.278765
0.278765
0.182702
0.182702
0.182702
0.182702
0.182702
0.189694
0.189694
0.189694
0.189694
0.189694
0.0810425
0.0810425
0.0810425
0.0810425
0.0810425
-0.0209617
-0.0209617
-0.0209617
-0.0209617
-0.0209617
0.107684
0.107684
0.107684
0.107684
0.107684
-0.0561942
-0.0561942
-0.0561942
-0.0561942
-0.0561942
0.0519533
0.0519533
0.0519533
0.0519533
0.0519533
0.181847
0.181847
0.181847
0.181847
0.181847
0.118681
0.118681
0.118681
0.118681
0.118681
-0.0616515
-0.0616515
-0.0616515
-0.0616515
-0.0616515
0.177664
0.177664
0.177664
0.177664
0.177664
0.165317
0.165317
0.165317
0.165317
0.165317
0.0408943
0.0408943
0.0408943
0.0408943
0.0408943
0.095845
0.095845
0.095845
0.095845
0.095845
0.032601
0.032601
0.032601
0.032601
0.032601
0.174178
0.174178
0.174178
0.174178
0.174178
0.293684
0.293684
0.293684
0.293684
0.293684
0.0897201
0.0897201
0.0897201
0.0897201
0.0897201
-0.0146564
-0.0146564
-0.0146564
-0.0146564
-0.0146564
0.0900881
0.0900881
0.0900881
0.0900881
0.0900881
0.292822
0.292822
0.292822
0.292822
0.292822
0.127484
0.127484
0.127484
0.127484
0.127484
0.0231308
0.0231308
0.0231308
0.0231308
0.0231308
0.0408418
0.0408418
0.0408418
0.0408418
0.0408418
0.142508
0.142508
0.142508
0.142508
0.142508
0.067939
0.067939
0.067939
0.067939
0.067939
0.0490679
0.0490679
0.0490679
0.0490679
0.0490679
0.163712
0.163712
0.163712
0.163712
0.163712
-2.27035e-05
-2.27035e-05
-2.27035e-05
-2.27035e-05
-2.27035e-05
0.137707
0.137707
0.137707
0.137707
0.137707
0.0145344
0.0145344
0.0145344
0.0145344
0.0145344
0.163095
0.163095
0.163095
0.163095
0.163095
-0.072702
-0.072702
-0.072702
-0.072702
-0.072702
0.154347
0.154347
0.154347
0.154347
0.154347
-0.0348685
-0.0348685
-0.0348685
-0.0348685
-0.0348685
-0.00213242
-0.00213242
-0.00213242
-0.00213242
-0.00213242
0.201954
0.201954
0.201954
0.201954
0.201954
0.218836
0.218836
0.218836
0.218836
0.218836
0.124485
0.124485
0.124485
0.124485
0.124485
-0.0225697
-0.0225697
-0.0225697
-0.0225697
-0.0225697
0.0336561
0.0336561
0.0336561
0.0336561
0.0336561
-0.0444648
-0.0444648
-0.0444648
-0.0444648
-0.0444648
0.0495304
0.0495304
0.0495304
0.0495304
0.0495304
-0.222997
-0.222997
-0.222997
-0.222997
-0.222997
-0.00592589
-0.00592589
-0.00592589
-0.00592589
-0.00592589
-0.0433174
-0.0433174
-0.0433174
-0.0433174
-0.0433174
0.126535
0.126535
0.126535
0.126535
0.126535
-0.178098
-0.178098
-0.178098
-0.178098
-0.178098
-0.171568
-0.171568
-0.171568
-0.171568
-0.171568
0.0543783
0.0543783
0.0543783
0.0543783
0.0543783
-0.115969
-0.115969
-0.115969
-0.115969
-0.115969
-0.140108
-0.140108
-0.140108
-0.140108
-0.140108
-0.0157051
-0.0157051
-0.0157051
-0.0157051
-0.0157051
-0.0539843
-0.0539843
-0.0539843
-0.0539843
-0.123803
-0.123803
-0.123803
0.0405122
0.0405122
0.0405122
0.0405122
0.0405122
-0.168194
-0.168194
-0.168194
-0.168194
-0.168194
-0.105565
-0.105565
-0.105565
-0.105565
-0.105565
0.0160347
0.0160347
0.0160347
0.0160347
0.0160347
0.0436517
0.0436517
0.0436517
0.0436517
0.0436517
-0.054911
-0.054911
-0.054911
-0.054911
-0.054911
-0.10182
-0.10182
-0.10182
-0.10182
-0.10182
-0.10963
-0.10963
-0.10963
-0.10963
-0.10963
-0.235943
-0.235943
-0.235943
-0.235943
-0.235943
-0.0685849
-0.0685849
-0.0685849
-0.0685849
-0.0685849
-0.0984657
-0.0984657
-0.0984657
-0.0984657
-0.0984657
-0.0835405
-0.0835405
-0.0835405
-0.0835405
-0.0835405
0.0970374
0.0970374
0.0970374
0.0970374
0.0970374
-0.0802262
-0.0802262
-0.0802262
-0.0802262
-0.0802262
-0.131635
-0.131635
-0.131635
-0.131635
-0.131635
-0.294148
-0.294148
-0.294148
-0.294148
-0.294148
-0.255906
-0.255906
-0.255906
-0.255906
-0.255906
-0.0452475
-0.0452475
-0.0452475
-0.0452475
-0.0452475
-0.350836
-0.350836
-0.350836
-0.350836
-0.350836
-0.246637
-0.246637
-0.246637
-0.246637
-0.246637
-0.286001
-0.286001
-0.286001
-0.286001
-0.286001
-0.0953493
-0.0953493
-0.0953493
-0.0953493
-0.0953493
-0.132739
-0.132739
-0.132739
-0.132739
-0.132739
-0.254154
-0.254154
-0.254154
-0.254154
-0.254154
-0.153409
-0.153409
-0.153409
-0.153409
-0.153409
-0.245108
-0.245108
-0.245108
-0.245108
-0.245108
-0.00765026
-0.00765026
-0.00765026
-0.00765026
-0.00765026
-0.0417173
-0.0417173
-0.0417173
-0.0417173
-0.0417173
-0.283891
-0.283891
-0.283891
-0.283891
-0.283891
-0.0971302
-0.0971302
-0.0971302
-0.0971302
-0.0971302
-0.122786
-0.122786
-0.122786
-0.122786
-0.122786
-0.323485
-0.323485
-0.323485
-0.323485
-0.323485
-0.124232
-0.124232
-0.124232
-0.124232
-0.124232
-0.0965848
-0.0965848
-0.0965848
-0.0965848
-0.0965848
-0.283424
-0.283424
-0.283424
-0.283424
-0.283424
-0.232342
-0.232342
-0.232342
-0.232342
-0.232342
-0.036158
-0.036158
-0.036158
-0.036158
-0.036158
-0.16973
-0.16973
-0.16973
-0.16973
-0.16973
-0.279199
-0.279199
-0.279199
-0.279199
-0.279199
-0.253106
-0.253106
-0.253106
-0.253106
-0.253106
-0.104524
-0.104524
-0.104524
-0.104524
-0.104524
0.0321789
0.0321789
0.0321789
0.0321789
0.0321789
-0.117609
-0.117609
-0.117609
-0.117609
-0.117609
-0.105549
-0.105549
-0.105549
-0.105549
-0.105549
-0.120309
-0.120309
-0.120309
-0.120309
-0.120309
-0.185647
-0.185647
-0.185647
-0.185647
-0.185647
-0.0338856
-0.0338856
-0.0338856
-0.0338856
-0.0338856
-0.277033
-0.277033
-0.277033
-0.277033
-0.277033
-0.00058981
-0.00058981
-0.00058981
-0.00058981
-0.00058981
-0.195083
-0.195083
-0.195083
-0.195083
-0.195083
-0.0933797
-0.0933797
-0.0933797
-0.0933797
-0.0933797
-0.0260765
-0.0260765
-0.0260765
-0.0260765
-0.0260765
-0.0466883
-0.0466883
-0.0466883
-0.0466883
-0.0466883
-0.0010392
-0.0010392
-0.0010392
-0.0010392
-0.0010392
0.0476743
0.0476743
0.0476743
0.0476743
0.0476743
-0.1055
-0.1055
-0.1055
-0.1055
-0.1055
-0.140746
-0.140746
-0.140746
-0.140746
-0.140746
-0.120341
-0.120341
-0.120341
-0.120341
-0.120341
0.00942775
0.00942775
0.00942775
0.00942775
0.00942775
-0.0551664
-0.0551664
-0.0551664
-0.0551664
-0.0551664
-0.273406
-0.273406
-0.273406
-0.273406
-0.273406
0.057947
0.057947
0.057947
0.057947
0.057947
-0.165302
-0.165302
-0.165302
-0.165302
-0.165302
-0.238154
-0.238154
-0.238154
-0.238154
-0.238154
0.00502972
0.00502972
0.00502972
0.00502972
0.00502972
-0.0574386
-0.0574386
-0.0574386
-0.0574386
-0.0574386
-0.228675
-0.228675
-0.228675
-0.228675
-0.228675
-0.217919
-0.217919
-0.217919
-0.217919
-0.217919
-0.258528
-0.258528
-0.258528
-0.258528
-0.258528
-0.258989
-0.258989
-0.258989
-0.258989
-0.258989
-0.172215
-0.172215
-0.172215
-0.172215
-0.172215
0.0577467
0.0577467
0.0577467
0.0577467
0.0577467
-0.027208
-0.027208
-0.027208
-0.027208
-0.027208
-0.160567
-0.160567
-0.160567
-0.160567
-0.160567
-0.167681
-0.167681
-0.167681
-0.167681
-0.167681
0.0626674
0.0626674
0.0626674
0.0626674
0.0626674
-0.114825
-0.114825
-0.114825
-0.114825
-0.114825
-0.0785023
-0.0785023
-0.0785023
-0.0785023
-0.0785023
-0.225623
-0.225623
-0.225623
-0.225623
-0.225623
-0.281242
-0.281242
-0.281242
-0.281242
-0.281242
-0.225282
-0.225282
-0.225282
-0.225282
-0.225282
-0.147038
-0.147038
-0.147038
-0.147038
-0.147038
-0.0608626
-0.0608626
-0.0608626
-0.0608626
-0.0608626
-0.0308256
-0.0308256
-0.0308256
-0.0308256
-0.0308256
-0.0602683
-0.0602683
-0.0602683
-0.0602683
-0.0602683
0.0779185
0.0779185
0.0779185
0.0779185
0.0779185
-0.180553
-0.180553
-0.180553
-0.180553
-0.180553
-0.296655
-0.296655
-0.296655
-0.296655
-0.296655
0.130856
0.130856
0.130856
0.130856
0.130856
-0.179096
-0.179096
-0.179096
-0.179096
-0.179096
-0.359402
-0.359402
-0.359402
-0.359402
-0.359402
-0.125967
-0.125967
-0.125967
-0.125967
-0.125967
-0.238043
-0.238043
-0.238043
-0.238043
-0.238043
-0.109298
-0.109298
-0.109298
-0.109298
-0.109298
-0.0696337
-0.0696337
-0.0696337
-0.0696337
-0.0696337
-0.153961
-0.153961
-0.153961
-0.153961
-0.153961
-0.144748
-0.144748
-0.144748
-0.144748
-0.144748
-0.261223
-0.261223
-0.261223
-0.261223
-0.261223
-0.0998023
-0.0998023
-0.0998023
-0.0998023
-0.0998023
-0.0845333
-0.0845333
-0.0845333
-0.0845333
-0.0845333
-0.171279
-0.171279
-0.171279
-0.171279
-0.171279
-0.194384
-0.194384
-0.194384
-0.194384
-0.194384
-0.138367
-0.138367
-0.138367
-0.138367
-0.138367
-0.246792
-0.246792
-0.246792
-0.246792
-0.246792
-0.112355
-0.112355
-0.112355
-0.112355
-0.112355
-0.232705
-0.232705
-0.232705
-0.232705
-0.232705
-0.0192707
-0.0192707
-0.0192707
-0.0192707
-0.0192707
-0.114181
-0.114181
-0.114181
-0.114181
-0.114181
-0.209342
-0.209342
-0.209342
-0.209342
-0.209342
-0.163395
-0.163395
-0.163395
-0.163395
-0.163395
-0.234277
-0.234277
-0.234277
-0.234277
-0.234277
-0.205664
-0.205664
-0.205664
-0.205664
-0.205664
-0.099175
-0.099175
-0.099175
-0.099175
-0.099175
-0.208738
-0.208738
-0.208738
-0.208738
-0.208738
-0.0636949
-0.0636949
-0.0636949
-0.0636949
-0.0636949
-0.116352
-0.116352
-0.116352
-0.116352
-0.116352
-0.100793
-0.100793
-0.100793
-0.100793
-0.100793
-0.345369
-0.345369
-0.345369
-0.185093
-0.185093
-0.185093
-0.185093
-0.173916
-0.173916
-0.173916
-0.173916
-0.173916
-0.0317653
-0.0317653
-0.0317653
-0.0317653
-0.0317653
-0.184454
-0.184454
-0.184454
-0.184454
-0.184454
-0.234772
-0.234772
-0.234772
-0.234772
-0.234772
-0.134284
-0.134284
-0.134284
-0.134284
-0.134284
-0.0919961
-0.0919961
-0.0919961
-0.0919961
-0.0919961
-0.24916
-0.24916
-0.24916
-0.24916
-0.24916
-0.201624
-0.201624
-0.201624
-0.201624
-0.201624
-0.101707
-0.101707
-0.101707
-0.101707
-0.101707
-0.128028
-0.128028
-0.128028
-0.128028
-0.128028
-0.0278207
-0.0278207
-0.0278207
-0.0278207
-0.0278207
-0.0963236
-0.0963236
-0.0963236
-0.0963236
-0.0963236
-0.0753733
-0.0753733
-0.0753733
-0.0753733
-0.0753733
-0.0727381
-0.0727381
-0.0727381
-0.0727381
-0.0727381
-0.203665
-0.203665
-0.203665
-0.203665
-0.203665
-0.212247
-0.212247
-0.212247
-0.212247
-0.212247
-0.0635884
-0.0635884
-0.0635884
-0.0635884
-0.0635884
-0.100551
-0.100551
-0.100551
-0.100551
-0.100551
-0.0544185
-0.0544185
-0.0544185
-0.0544185
-0.0544185
-0.167005
-0.167005
-0.167005
-0.167005
-0.167005
0.0160788
0.0160788
0.0160788
0.0160788
0.0160788
-0.100235
-0.100235
-0.100235
-0.100235
-0.100235
-0.24753
-0.24753
-0.24753
-0.24753
-0.24753
-0.237521
-0.237521
-0.237521
-0.237521
-0.237521
-0.117464
-0.117464
-0.117464
-0.117464
-0.117464
-0.150741
-0.150741
-0.150741
-0.150741
-0.150741
-0.1363
-0.1363
-0.1363
-0.1363
-0.1363
-0.00341134
-0.00341134
-0.00341134
-0.00341134
-0.00341134
-0.0638434
-0.0638434
-0.0638434
-0.0638434
-0.0638434
-0.217038
-0.217038
-0.217038
-0.217038
-0.217038
-0.154291
-0.154291
-0.154291
-0.154291
-0.154291
-0.232319
-0.232319
-0.232319
-0.232319
-0.232319
-0.0787994
-0.0787994
-0.0787994
-0.0787994
-0.0787994
-0.200661
-0.200661
-0.200661
-0.200661
-0.200661
0.0486639
0.0486639
0.0486639
0.0486639
0.0486639
-0.105332
-0.105332
-0.105332
-0.105332
-0.105332
-0.134381
-0.134381
-0.134381
-0.134381
-0.134381
-0.0486512
-0.0486512
-0.0486512
-0.0486512
-0.0486512
0.0200721
0.0200721
0.0200721
0.0200721
0.0200721
-0.189147
-0.189147
-0.189147
-0.189147
-0.189147
-0.151919
-0.151919
-0.151919
-0.151919
-0.151919
-0.121547
-0.121547
-0.121547
-0.121547
-0.121547
-0.0580693
-0.0580693
-0.0580693
-0.0580693
-0.0580693
0.0314627
0.0314627
0.0314627
0.0314627
0.0314627
-0.283202
-0.283202
-0.283202
-0.283202
-0.283202
-0.155003
-0.155003
-0.155003
-0.155003
-0.155003
-0.0443279
-0.0443279
-0.0443279
-0.0443279
-0.0443279
-0.238048
-0.238048
-0.238048
-0.238048
-0.238048
-0.343128
-0.343128
-0.343128
-0.343128
-0.343128
-0.106987
-0.106987
-0.106987
-0.106987
-0.106987
-0.000472253
-0.000472253
-0.000472253
-0.000472253
-0.000472253
-0.19681
-0.19681
-0.19681
-0.19681
-0.19681
-0.183565
-0.183565
-0.183565
-0.183565
-0.183565
-0.2041
-0.2041
-0.2041
-0.2041
-0.2041
-0.0577129
-0.0577129
-0.0577129
-0.0577129
-0.0577129
-0.101101
-0.101101
-0.101101
-0.101101
-0.101101
-0.0797227
-0.0797227
-0.0797227
-0.0797227
-0.0797227
-0.0507365
-0.0507365
-0.0507365
-0.0507365
-0.0507365
-0.104085
-0.104085
-0.104085
-0.104085
-0.104085
-0.0644096
-0.0644096
-0.0644096
-0.0644096
-0.0644096
-0.0284744
-0.0284744
-0.0284744
-0.0284744
-0.0284744
-0.208166
-0.208166
-0.208166
-0.208166
-0.208166
-0.185257
-0.185257
-0.185257
-0.185257
-0.185257
-0.127814
-0.127814
-0.127814
-0.127814
-0.127814
-0.156254
-0.156254
-0.156254
-0.156254
-0.156254
-0.128829
-0.128829
-0.128829
-0.128829
-0.128829
-0.240698
-0.240698
-0.240698
-0.240698
-0.240698
-0.211916
-0.211916
-0.211916
-0.211916
-0.211916
-0.0592449
-0.0592449
-0.0592449
-0.0592449
-0.0592449
-0.279967
-0.279967
-0.279967
-0.279967
-0.279967
-0.118607
-0.118607
-0.118607
-0.118607
-0.118607
-0.191697
-0.191697
-0.191697
-0.191697
-0.191697
-0.0289394
-0.0289394
-0.0289394
-0.0289394
-0.0289394
-0.234802
-0.234802
-0.234802
-0.234802
-0.234802
-0.0725464
-0.0725464
-0.0725464
-0.0725464
-0.0725464
-0.0783099
-0.0783099
-0.0783099
-0.0783099
-0.0783099
-0.150868
-0.150868
-0.150868
-0.150868
-0.150868
-0.196619
-0.196619
-0.196619
-0.196619
-0.196619
-0.0244706
-0.0244706
-0.0244706
-0.0244706
-0.0244706
-0.189321
-0.189321
-0.189321
-0.189321
-0.189321
-0.323543
-0.323543
-0.323543
-0.323543
-0.323543
-0.176472
-0.176472
-0.176472
-0.176472
-0.176472
-0.292166
-0.292166
-0.292166
-0.292166
-0.292166
-0.192227
-0.192227
-0.192227
-0.192227
-0.192227
-0.148182
-0.148182
-0.148182
-0.148182
-0.148182
-0.163137
-0.163137
-0.163137
-0.163137
-0.163137
0.00305117
0.00305117
0.00305117
0.00305117
0.00305117
-0.242779
-0.242779
-0.242779
-0.242779
-0.242779
0.067524
0.067524
0.067524
0.067524
0.067524
-0.112748
-0.112748
-0.112748
-0.112748
-0.112748
-0.205888
-0.205888
-0.205888
-0.205888
-0.205888
-0.263722
-0.263722
-0.263722
-0.263722
-0.263722
-0.203895
-0.203895
-0.203895
-0.203895
-0.203895
-0.149422
-0.149422
-0.149422
-0.149422
-0.149422
-0.207729
-0.207729
-0.207729
-0.207729
-0.207729
-0.13356
-0.13356
-0.13356
-0.13356
-0.13356
-0.17136
-0.17136
-0.17136
-0.17136
-0.17136
-0.226848
-0.226848
-0.226848
-0.226848
-0.226848
-0.132228
-0.132228
-0.132228
-0.132228
-0.132228
-0.11834
-0.11834
-0.11834
-0.11834
-0.11834
-0.2366
-0.2366
-0.2366
-0.2366
-0.2366
-0.0531072
-0.0531072
-0.0531072
-0.0531072
-0.0531072
-0.155244
-0.155244
-0.155244
-0.155244
-0.155244
-0.11759
-0.11759
-0.11759
-0.11759
-0.11759
-0.290365
-0.290365
-0.290365
-0.290365
-0.290365
-0.0703122
-0.0703122
-0.0703122
-0.0703122
-0.0703122
-0.111295
-0.111295
-0.111295
-0.111295
-0.111295
-0.0895907
-0.0895907
-0.0895907
-0.0895907
-0.0895907
-0.132202
-0.132202
-0.132202
-0.132202
-0.132202
-0.125431
-0.125431
-0.125431
-0.125431
-0.125431
-0.226317
-0.226317
-0.226317
-0.226317
-0.226317
-0.0768169
-0.0768169
-0.0768169
-0.0768169
-0.0768169
0.00919838
0.00919838
0.00919838
0.00919838
0.00919838
-0.106079
-0.106079
-0.106079
-0.106079
-0.106079
-0.148949
-0.148949
-0.148949
-0.148949
-0.148949
-0.12008
-0.12008
-0.12008
-0.12008
-0.12008
-0.142813
-0.142813
-0.142813
-0.142813
-0.142813
-0.179353
-0.179353
-0.179353
-0.179353
-0.179353
-0.239251
-0.239251
-0.239251
-0.239251
-0.239251
-0.0976653
-0.0976653
-0.0976653
-0.0976653
-0.0976653
-0.123222
-0.123222
-0.123222
-0.123222
-0.123222
-0.032024
-0.032024
-0.032024
-0.032024
-0.032024
-0.0287917
-0.0287917
-0.0287917
-0.0287917
-0.0287917
-0.18876
-0.18876
-0.18876
-0.18876
-0.18876
-0.221479
-0.221479
-0.221479
-0.221479
-0.221479
-0.158292
-0.158292
-0.158292
-0.158292
-0.158292
-0.22751
-0.22751
-0.22751
-0.22751
-0.22751
-0.179837
-0.179837
-0.179837
-0.179837
-0.179837
-0.159963
-0.159963
-0.159963
-0.159963
-0.159963
-0.116337
-0.116337
-0.116337
-0.116337
-0.116337
-0.0757874
-0.0757874
-0.0757874
-0.0757874
-0.0757874
-0.0985056
-0.0985056
-0.0985056
-0.0985056
-0.0985056
-0.133697
-0.133697
-0.133697
-0.133697
-0.133697
-0.136507
-0.136507
-0.136507
-0.136507
-0.136507
-0.102899
-0.102899
-0.102899
-0.102899
-0.102899
-0.184424
-0.184424
-0.184424
-0.184424
-0.184424
-0.19763
-0.19763
-0.19763
-0.19763
-0.19763
0.0395591
0.0395591
0.0395591
0.0395591
0.0395591
-0.22853
-0.22853
-0.22853
-0.22853
-0.22853
-0.0565279
-0.0565279
-0.0565279
-0.0565279
-0.0565279
-0.114997
-0.114997
-0.114997
-0.114997
-0.114997
-0.34196
-0.34196
-0.34196
-0.34196
-0.34196
-0.131678
-0.131678
-0.131678
-0.131678
-0.131678
-0.16095
-0.16095
-0.16095
-0.16095
-0.16095
-0.228754
-0.228754
-0.228754
-0.228754
-0.228754
-0.122757
-0.122757
-0.122757
-0.122757
-0.122757
-0.00714376
-0.00714376
-0.114459
-0.114459
-0.114459
-0.114459
-0.114459
-0.0555739
-0.0555739
-0.0555739
-0.0555739
-0.0555739
-0.186028
-0.186028
-0.186028
-0.186028
-0.186028
-0.0902303
-0.0902303
-0.0902303
-0.0902303
-0.0902303
-0.0784693
-0.0784693
-0.0784693
-0.0784693
-0.0784693
-0.223114
-0.223114
-0.223114
-0.223114
-0.223114
-0.0362274
-0.0362274
-0.0362274
-0.0362274
-0.0362274
-0.0807784
-0.0807784
-0.0807784
-0.0807784
-0.0807784
-0.14833
-0.14833
-0.14833
-0.14833
-0.14833
-0.0512549
-0.0512549
-0.0512549
-0.0512549
-0.0512549
-0.0670357
-0.0670357
-0.0670357
-0.0670357
-0.0670357
-0.241669
-0.241669
-0.241669
-0.241669
-0.241669
-0.153033
-0.153033
-0.153033
-0.153033
-0.153033
-0.44428
-0.44428
-0.44428
-0.44428
-0.44428
-0.260969
-0.260969
-0.260969
-0.260969
-0.260969
-0.201533
-0.201533
-0.201533
-0.201533
-0.201533
0.0329471
0.0329471
0.0329471
0.0329471
0.0329471
-0.0813255
-0.0813255
-0.0813255
-0.0813255
-0.0813255
-0.253917
-0.253917
-0.253917
-0.253917
-0.253917
-0.161707
-0.161707
-0.161707
-0.161707
-0.161707
-0.178737
-0.178737
-0.178737
-0.178737
-0.178737
0.0845085
0.0845085
0.0845085
0.0845085
0.0845085
-0.214896
-0.214896
-0.214896
-0.214896
-0.214896
-0.0255772
-0.0255772
-0.0255772
-0.0255772
-0.0255772
-0.203782
-0.203782
-0.203782
-0.203782
-0.203782
-0.130095
-0.130095
-0.130095
-0.130095
-0.130095
-0.0396362
-0.0396362
-0.0396362
-0.0396362
-0.0396362
-0.271547
-0.271547
-0.271547
-0.271547
-0.271547
0.11978
0.11978
0.11978
0.11978
0.11978
-0.290547
-0.290547
-0.290547
-0.290547
-0.290547
-0.25168
-0.25168
-0.25168
-0.25168
-0.25168
0.0768961
0.0768961
0.0768961
0.0768961
0.0768961
-0.0663291
-0.0663291
-0.0663291
-0.0663291
-0.0663291
-0.0527422
-0.0527422
-0.0527422
-0.0527422
-0.0527422
-0.0613206
-0.0613206
-0.0613206
-0.0613206
-0.0613206
-0.221247
-0.221247
-0.221247
-0.221247
-0.221247
0.0156235
0.0156235
0.0156235
0.0156235
0.0156235
-0.173619
-0.173619
-0.173619
-0.173619
-0.173619
-0.322939
-0.322939
-0.322939
-0.322939
-0.322939
-0.0993453
-0.0993453
-0.0993453
-0.0993453
-0.0993453
-0.0669311
-0.0669311
-0.0669311
-0.0669311
-0.0669311
-0.302238
-0.302238
-0.302238
-0.302238
-0.302238
-0.185881
-0.185881
-0.185881
-0.185881
-0.185881
-0.102313
-0.102313
-0.102313
-0.102313
-0.102313
-0.280908
-0.280908
-0.280908
-0.280908
-0.280908
-0.310552
-0.310552
-0.310552
-0.310552
-0.310552
-0.330385
-0.330385
-0.330385
-0.330385
-0.330385
-0.0649592
-0.0649592
-0.0649592
-0.0649592
-0.0649592
-0.233369
-0.233369
-0.233369
-0.233369
-0.233369
-0.164365
-0.164365
-0.164365
-0.164365
-0.164365
-0.146829
-0.146829
-0.146829
-0.146829
-0.146829
-0.0554202
-0.0554202
-0.0554202
-0.0554202
-0.0554202
-0.191976
-0.191976
-0.191976
-0.191976
-0.191976
-0.163177
-0.163177
-0.163177
-0.163177
-0.163177
-0.104053
-0.104053
-0.104053
-0.104053
-0.104053
-0.000216527
-0.000216527
-0.000216527
-0.000216527
-0.000216527
-0.243022
-0.243022
-0.243022
-0.243022
-0.243022
-0.108741
-0.108741
-0.108741
-0.108741
-0.108741
-0.125577
-0.125577
-0.125577
-0.125577
-0.125577
-0.228245
-0.228245
-0.228245
-0.228245
-0.228245
-0.118312
-0.118312
-0.118312
-0.118312
-0.118312
-0.0799823
-0.0799823
-0.0799823
-0.0799823
-0.0799823
-0.153859
-0.153859
-0.153859
-0.153859
-0.153859
-0.0506739
-0.263731
-0.263731
-0.263731
-0.263731
-0.263731
-0.156528
-0.156528
-0.156528
-0.156528
-0.156528
-0.191658
-0.191658
-0.191658
-0.191658
-0.191658
-0.230421
-0.230421
-0.230421
-0.230421
-0.230421
-0.186978
-0.186978
-0.186978
-0.186978
-0.186978
-0.0667217
-0.0667217
-0.0667217
-0.0667217
-0.0667217
-0.239727
-0.239727
-0.239727
-0.239727
-0.239727
-0.256917
-0.256917
-0.256917
-0.256917
