2
2
2
2
2
2
2
2
2
2
2
2
2
2
2
2
2
2
2
2
2
2
2
2
2
2
2
2
2
2
2
2
2
2
2
2
2
2
2
2
2
2
2
2
2
2
2
2
2
2
2
2
2
2
2
2
2
2
2
2
2
2
2
2
2
2
2
2
2
2
2
2
2
2
2
2
2
2
2
2
2
2
2
2
2
2
2
2
2
2
2
2
2
2
2
2
2
2
2
2
2
2
2
2
2
2
2
2
2
2
2
2
2
2
2
2
2
2
2
2
2
2
2
2
2
2
2
2
2
2
2
2
2
2
2
2
2
2
2
2
2
2
2
2
2
2
2
0.155156
0.150921
0.14932
0.14709
0.144287
0.142943
0.141092
0.1381
0.136119
0.134862
0.132163
0.128616
0.124723
0.122833
0.119747
0.116344
0.114198
0.112045
0.109934
0.107401
0.104317
0.101449
0.0996733
0.0976887
0.0933323
0.0913959
0.0886478
0.0866504
0.0847964
0.0830731
0.0814633
0.0787125
0.0762777
0.073967
0.0716257
0.0688419
0.0655317
0.0644779
0.0621834
0.0582609
0.0565453
0.0540724
0.0523949
0.0506773
0.0485935
0.04772
0.0467234
0.0448122
0.0424519
0.0412083
0.0399189
0.0377808
0.035676
0.0348043
0.0340271
0.0339241
0.0327702
0.0324078
0.0322819
0.0319118
0.0320091
0.0320168
0.0319824
0.0316734
0.0305099
0.0298157
0.0298615
0.0281639
0.0281601
0.0284042
0.0284653
0.0289841
0.0292358
0.028862
0.0291138
0.0291748
0.0281067
0.0281982
0.0282898
0.028511
0.0292168
0.0294228
0.0295677
0.0297127
0.0292377
0.0281391
0.0272713
0.0267029
0.0267029
-0.0162115
-0.0162115
-0.0162115
-0.0162115
-0.0162115
-0.0162115
-0.0162115
-0.0147166
-0.0147166
-0.0147166
-0.0147166
-0.0147166
-0.0147166
-0.0147166
-0.0125241
-0.0125241
-0.0125241
-0.0125241
-0.0125241
-0.0125241
-0.0125241
-0.0125241
0.000751495
0.000751495
0.000751495
0.000751495
0.000751495
0.000751495
0.000751495
0.000751495
0.000751495
0.00223064
0.00223064
0.00223064
0.00223064
0.00223064
0.00223064
0.00223064
0.00223064
0.00223064
0.00166225
0.00166225
0.00166225
0.00166225
0.00166225
0.00166225
0.00166225
0.00166225
0.00166225
0.00133419
0.00133419
0.00133419
0.00133419
0.00133419
0.00133419
0.00133419
0.00133419
0.00133419
0.00133419
0.00205517
0.00205517
0.00205517
0.00205517
0.00205517
0.00205517
0.00205517
0.00205517
0.00205517
0.0029974
0.0029974
0.0029974
0.0029974
0.0029974
0.0029974
0.0029974
0.0029974
0.0029974
-0.00357819
-0.00357819
-0.00357819
-0.00357819
-0.00357819
-0.00357819
-0.00357819
-0.00357819
-0.00357819
-0.00357819
-0.00545216
-0.00545216
-0.00545216
-0.00545216
-0.00545216
-0.00545216
-0.00545216
-0.00545216
-0.00545216
-0.00545216
-0.00545216
-0.00559616
0.0123544
0.0128856
0.0140853
0.0159483
0.0167332
0.0169764
0.0183187
0.0191407
0.0194244
0.0201492
0.0195403
0.0196419
0.0200562
0.0204616
0.0205903
0.0203061
0.0200906
0.0199847
0.0204368
0.0205216
0.0205684
0.0202641
0.0190568
0.0189052
0.0189819
0.0196924
0.0207405
0.0212426
0.0211692
0.0212369
0.0223756
0.0226116
0.023077
0.0236654
0.0247488
0.0253506
0.0262241
0.0278945
0.028626
0.0285048
0.0292444
0.0290003
0.0292196
0.0297041
0.0293498
0.0288811
0.029007
0.0292792
0.0298762
0.0303621
0.0302391
0.0303602
0.0310683
0.0322413
0.032742
0.0325484
0.0318203
0.0304666
0.0285535
0.0272441
0.0260944
0.025032
0.0238161
0.0224295
0.0203657
0.0123405
0.0123081
0.0107784
0.00729656
0.00581169
0.00554848
0.0033865
0.00252628
0.0172501
0.0165529
0.0156069
0.0149984
0.0145407
0.0143862
0.0138102
0.012989
0.0131464
0.0133085
0.0113001
0.00932312
0.00899887
0.00666237
0.00505066
0.00332832
0.00245476
0.0020504
0.00167847
0.000640869
-0.000597
-0.00169373
-0.00197601
-0.00236893
-0.00275421
-0.0029335
-0.00310898
-0.0035038
-0.00354576
-0.00390625
-0.00469589
-0.00551987
-0.00613594
-0.00715637
-0.00818062
-0.00909805
-0.00919724
-0.009552
-0.0103264
-0.0113678
-0.0122566
-0.0128555
-0.0139198
-0.0143509
-0.0153503
-0.0154648
-0.0165024
-0.017868
-0.0186119
-0.019825
-0.0213203
-0.0227089
-0.0233383
-0.0268478
-0.02742
-0.0285797
-0.0306091
-0.0306091
-0.0307388
-0.0314865
-0.0326996
-0.0344849
-0.0347443
-0.035408
-0.0364227
-0.0376282
-0.0383224
-0.0386162
-0.0387306
-0.0385284
-0.0382423
-0.0382538
-0.0383377
-0.0384789
-0.0386925
-0.0393753
-0.0393791
-0.0402985
-0.0409508
-0.0410767
-0.041481
-0.041275
-0.041153
-0.0415192
-0.0420227
-0.0421143
-0.0417938
-0.0422363
-0.0424805
-0.0425415
-0.0427246
-0.0422058
-0.0420532
-0.0415955
-0.0414429
-0.0409851
-0.0403442
-0.0397949
-0.0388184
-0.038269
-0.0374756
-0.0360565
-0.0353851
-0.0352936
-0.0356445
-0.0356445
-0.0344925
-0.0346603
-0.0344925
-0.0348282
-0.0354843
-0.0355072
-0.0354385
-0.0352821
-0.0353851
-0.034771
-0.0348358
-0.0334263
-0.0318832
-0.03125
-0.03018
-0.0299206
-0.0295887
-0.029623
-0.0301857
-0.0304279
-0.0303936
-0.0297461
-0.0286617
-0.0277205
-0.0267982
-0.0242825
-0.023632
-0.0227728
-0.0222559
-0.0217295
-0.0218678
-0.0215845
-0.0211372
-0.0208473
-0.0208883
-0.0209913
-0.020997
-0.0216103
-0.022253
-0.0224094
-0.0222111
-0.0208063
-0.0199547
-0.0197306
-0.0186701
-0.017642
-0.0173969
-0.0173292
-0.0178852
-0.018815
-0.0189104
-0.0197773
-0.0205574
-0.0215282
-0.0221939
-0.0224686
-0.0225201
-0.022253
-0.0221004
-0.0216484
-0.0208874
-0.0199337
-0.0191231
-0.0182343
-0.0173788
-0.017355
-0.0178661
-0.0185566
-0.0195274
-0.0206223
-0.0212631
-0.0214825
-0.021656
-0.0219574
-0.022007
-0.0219784
-0.0217485
-0.0215282
-0.0213146
-0.0213175
-0.0211077
-0.0221004
-0.0232029
-0.0243492
-0.0249138
-0.025856
-0.0260925
-0.0258675
-0.025856
-0.0255051
-0.024971
-0.0247803
-0.0248718
-0.0243835
-0.023407
-0.0231934
-0.0224609
-0.0215302
-0.0206299
-0.0194168
-0.0181503
-0.0178757
-0.0178833
-0.0173645
-0.0171814
-0.0172424
-0.0169373
-0.0166016
-0.01548
-0.0148392
-0.0142975
-0.0137177
-0.0136185
-0.0136719
-0.0137939
-0.0138855
-0.013916
-0.0142822
-0.013916
-0.0140381
-0.0140839
-0.0151062
-0.0163574
-0.0166016
-0.0170898
-0.0172119
-0.0174561
-0.0176697
-0.017334
-0.0169678
-0.0170898
-0.0167542
-0.0163116
-0.016571
-0.0169067
-0.016861
-0.017395
-0.0171509
-0.0169983
-0.0172386
-0.0169373
-0.0165405
-0.0160294
-0.0158234
-0.0160789
-0.01614
-0.01614
-0.0160255
-0.016016
-0.0158653
-0.0154457
-0.0158272
-0.0158863
-0.0158978
-0.0148373
-0.0140953
-0.0139427
-0.0133076
-0.0130901
-0.0132885
-0.0127544
-0.0120792
-0.0111923
-0.011219
-0.0110855
-0.0106239
-0.0101795
-0.00971794
-0.00856972
-0.00603485
-0.00469589
-0.0037384
-0.0031395
-0.00273132
-0.00239182
-0.00241852
-0.00223923
-0.00143433
-0.000762939
-0.000244141
-0.000305176
-0.000549316
-0.000732422
0.000518799
0.00126648
0.00220108
0.00297165
0.00335884
0.00380707
0.00376797
0.0034523
0.00365257
0.00441837
0.00438309
0.00425529
0.0041914
0.0043354
0.00493622
0.00535488
0.00593376
0.00651073
0.00716591
0.0077157
0.00788069
0.00812531
0.00792408
0.00789165
0.00726223
0.00676346
0.0066452
0.00604725
0.00529528
0.00501347
0.00473022
0.00496531
0.00476646
0.00437546
0.00380993
0.00305891
0.00216198
0.00174761
0.00148153
0.00116014
0.00112152
0.00151253
0.00166368
0.00174999
0.00233269
0.00306749
0.00389814
0.00446224
0.00548267
0.00647211
0.00716782
0.00780964
0.00828362
0.00935268
0.00982857
0.00966406
0.00923729
0.00922775
0.00860548
0.00897932
0.00864029
0.00889826
0.00853157
0.00806761
0.00813818
0.00831985
0.00797081
0.00736094
0.00685883
0.00559425
0.00523663
0.00481558
0.00452566
0.00421047
0.00393724
0.00382137
0.00345707
0.00321579
0.00285196
0.0034132
0.00336552
0.00225496
0.00163507
0.00184965
0.00240946
0.00277948
0.00379181
0.0037818
0.00379801
0.00367403
0.00299549
0.00277328
0.00237465
0.00241852
0.00220203
0.0021553
0.00229263
0.00286674
0.00302601
0.00364017
0.00424194
0.00441551
0.00479126
0.00477982
0.00531387
0.00562859
0.00641251
0.00701141
0.00760269
0.00808334
0.00847816
0.00927162
0.00939178
0.0104809
0.0114098
0.0119171
0.014019
0.0152969
0.0163918
0.0174446
0.0179138
0.018631
0.0194244
0.0201035
0.0208206
0.0215225
0.0220718
0.0220871
0.0219269
0.0214844
0.0214844
0.021759
0.021225
0.0214081
0.0220833
0.0237885
0.0251122
0.0255814
0.0262985
0.0267105
0.0267849
0.0290508
0.0304871
0.0308018
0.0311699
0.0317802
0.0321903
0.0323868
0.0325375
0.0326023
0.0330181
0.0338001
0.0446968
0.0461178
0.0466042
0.0490398
0.0493698
0.0493565
0.0499668
0.0505533
0.0506392
0.0402203
0.0409985
0.0409336
0.0407104
0.0403938
0.0398226
0.0394917
0.0397186
0.0401192
0.0401697
0.0400658
0.0400639
0.0401325
0.0399609
0.0394955
0.0395031
0.0388603
0.0392284
0.0391521
0.0393486
0.0399303
0.0401802
0.0407543
0.0410004
0.0413857
0.0414276
0.0412273
0.0413952
0.041666
0.0415974
0.0416355
0.0419579
0.0422592
0.0419693
0.0419312
0.0422287
0.0423317
0.0426483
0.0426788
0.045372
0.0449524
0.0444641
0.0442505
0.0441895
0.0466957
0.0466309
0.0470276
0.0475693
0.0486603
0.0490341
0.0492859
0.0497055
0.0497131
0.0495071
0.0493355
0.0494576
0.0493279
0.0492859
0.0493469
0.04953
0.0485344
0.0482788
0.0481567
0.0480461
0.0473328
0.0465622
0.0457764
0.0453644
0.0456085
0.0455551
0.045517
0.0455055
0.0456314
0.0455627
0.0450897
0.0447502
0.0448227
0.0452805
0.045887
0.0461349
0.0463181
0.0463867
0.046814
0.0476227
0.0483398
0.0482788
0.0483398
0.0484467
0.0482635
0.0476227
0.0463867
0.0453491
0.0441284
0.0427856
0.042511
0.0423584
0.0420532
0.041687
0.0412598
0.0390625
0.0403442
0.0402985
0.0401306
0.040741
0.0415688
0.0413055
0.0417137
0.0417633
0.0418911
0.0417709
0.0412712
0.0401154
0.0388947
0.0382385
0.0379257
0.0374603
0.0370445
0.0361099
0.0361786
0.0358562
0.0362034
0.0366116
0.0363827
0.0360336
0.0352135
0.0348988
0.0346222
0.0346298
0.0346031
0.0345154
0.0349541
0.0351524
0.03508
0.0345764
0.0340576
0.0344543
0.0351868
0.0354996
0.0358353
0.0362778
0.0363693
0.0360031
0.0353012
0.034996
0.0350952
0.0353508
0.0349121
0.0357819
0.0360641
0.0359879
0.0358734
0.0359726
0.0361481
0.0365829
0.0365372
0.0363426
0.0362282
0.0359116
0.0356827
0.0355911
0.0350342
0.0349579
0.0349731
0.0352707
0.0354767
0.0300255
0.0289345
0.0284996
0.0280685
0.0276127
0.027113
0.0274334
0.0275307
0.0347366
0.0350323
0.0345497
0.0341721
0.0344429
0.0344296
0.0342789
0.0341759
0.033968
0.0335293
0.0321846
0.0319824
0.0318718
0.0301151
0.0287437
0.0286598
0.0283432
0.0272961
0.0260124
0.0255623
0.0248299
0.0240326
0.0227203
0.0220032
0.0212402
0.0204163
0.0202255
0.0202522
0.0199623
0.019268
0.0185509
0.0183029
0.0174789
0.0169983
0.0166321
0.0164795
0.0172119
0.017334
0.0180054
0.0183105
0.0194092
0.0202637
0.0219879
0.0227661
0.024292
0.0250626
0.0250092
0.0252838
0.0255432
0.0256424
0.0252686
0.0250549
0.0253448
0.0260315
0.0265503
0.026989
0.0279522
0.0286312
0.0280323
0.0279083
0.027504
0.0275307
0.0273399
0.0276566
0.02808
0.0286255
0.0288353
0.029068
0.0291195
0.0289993
0.029686
0.029932
0.0297031
0.0291214
0.0290375
0.0292854
0.0294876
0.029274
0.0293808
0.029541
0.029911
0.0306511
0.031044
0.0320244
0.033535
0.0362072
0.0361843
0.038538
0.0389786
0.0398674
0.0407352
0.0406532
0.0410023
0.0415649
0.0409336
0.04039
0.0402985
0.040554
0.0409031
0.0407715
0.0402107
0.0402622
0.0396786
0.0388336
0.0386448
0.0386639
0.0386505
0.0383415
0.0383892
0.0386419
0.0380096
0.0371952
0.0369606
0.0374498
0.036726
0.0356598
0.0347652
0.0338669
0.0334949
0.0331993
0.0315819
0.0306091
0.0305843
0.0298405
0.0292416
0.0292168
0.0297909
0.0305691
0.0310831
0.0314436
0.03232
0.0325346
0.0327072
0.0341873
0.035202
0.0359192
0.0370493
0.0375843
0.0375366
0.0375328
0.0380278
0.0379896
0.0373478
0.0365009
0.0362129
0.0361557
0.0362797
0.0360756
0.035778
0.0358086
0.0356236
0.0352516
0.0361633
0.0366211
0.0361843
0.0354004
0.0353699
0.0352173
0.0310669
0.030798
0.0308189
0.0309601
0.0307827
0.030283
0.0297928
0.0292721
0.0282955
0.0269394
0.0257587
0.0250587
0.0238476
0.02355
0.0232468
0.0227165
0.0202217
0.0185928
0.0174637
0.0151939
0.0141525
0.0129662
0.0111618
0.00946808
0.00847244
0.00785446
0.00720215
0.00555801
0.0044632
0.00390244
-0.00131226
-0.00127792
-0.0020752
-0.0036087
-0.00450897
-0.00518417
-0.00647354
-0.00805855
-0.00898743
-0.0105114
-0.0105534
-0.0106392
-0.0110073
-0.0118866
-0.012928
-0.0138435
-0.0139675
-0.0143585
-0.0153923
-0.0156059
-0.0151825
-0.0150375
-0.0154915
-0.0171013
-0.0176659
-0.0173683
-0.0191727
-0.0192757
-0.0193787
-0.0193138
-0.0195923
-0.0202427
-0.0212078
-0.0216312
-0.0219135
-0.0219097
-0.0213871
-0.0217266
-0.0215893
-0.0217876
-0.0207272
-0.02071
-0.021286
-0.0212088
-0.0202827
-0.0199451
-0.0198317
-0.0195532
-0.0191498
-0.0193815
-0.0198097
-0.0202675
-0.0207176
-0.020936
-0.0215206
-0.0218935
-0.0216112
-0.0215149
-0.0218754
-0.0224743
-0.0220423
-0.0215111
-0.0210247
-0.0208235
-0.0203791
-0.019577
-0.017786
-0.0153427
-0.0140142
-0.0129633
-0.0120621
-0.0103607
-0.00897408
-0.00814342
-0.0067749
-0.00340462
-0.00181007
-0.000621796
0.015337
0.0166683
0.0189657
0.0207701
0.0221424
0.0235167
0.0250072
0.0258226
0.0269613
0.0285416
0.0306873
0.0314846
0.0324402
0.033865
0.0351629
0.0356293
0.0365686
0.038023
0.0399275
0.0417328
0.0427332
0.04319
0.0430975
0.0433474
0.0438137
0.0442581
0.0447311
0.0447922
0.044899
0.0460463
0.046031
0.0468283
0.0475121
0.0478296
0.0481844
0.0487108
0.0494709
0.0509596
0.053237
0.0545835
0.0559492
0.0571604
0.0584698
0.061038
0.062232
0.0625286
0.0627966
0.062952
0.064167
0.064126
0.0641575
0.0642395
0.0648136
0.0651054
0.0652189
0.0655441
0.0661135
0.0659637
0.0657549
0.0665045
0.0677652
0.0684366
0.0690393
0.0698004
0.0707378
0.0711012
0.0713072
0.0720749
0.0729847
0.0733423
0.0739317
0.0739059
0.0749149
0.0748672
0.0741215
0.0739307
0.0736151
0.0739079
0.074502
0.075037
0.0752115
0.0747385
0.0746269
0.0753565
0.0751629
0.0745974
0.0740356
0.0734863
0.0725193
0.0709505
0.070015
0.0683632
0.0672722
0.0667362
0.0660143
0.0645132
0.0620251
0.0603962
0.0592613
0.0581036
0.0563259
0.043725
0.0424824
0.0403748
0.0392227
0.0379372
0.0374451
0.0364933
0.0329342
0.032793
0.0316257
0.0309696
0.0304947
0.0303879
0.0298729
0.0288773
0.0284882
0.028141
0.0281181
0.0278282
0.0266266
0.0259476
0.025898
0.0249672
0.0239792
0.0235672
0.0232239
0.0233154
0.0230713
0.0233612
0.0237007
0.0241127
0.0239868
0.0235462
0.0229149
0.0218468
0.0215569
0.0196648
0.018919
0.0158749
0.0139618
0.0116749
0.00976944
0.00764275
0.00668526
0.00571442
0.00452042
0.0045948
0.00442886
0.00440979
0.00339317
0.00267792
0.00179672
0.00101089
0.000591278
0.000455856
0.000425339
0.00041008
-0.000515938
-0.0007267
-0.00227261
-0.00337029
-0.00507545
-0.00705147
-0.00790596
-0.00874138
-0.00997353
-0.0112
-0.0120926
-0.0129852
-0.0135078
-0.0142059
-0.0152283
-0.0155029
-0.0157776
-0.0157776
-0.0164032
-0.0166626
-0.0154724
-0.0149307
-0.0144539
-0.0139656
-0.0139084
-0.0142822
-0.014782
-0.0146217
-0.0140991
-0.0134258
-0.0127754
-0.0117455
-0.0110683
-0.0108032
-0.0102186
-0.0101776
-0.00992393
-0.00918579
-0.00852203
-0.0074501
-0.00705338
-0.00624847
-0.00611687
-0.0067215
-0.00713921
-0.00687027
-0.00633812
-0.00566292
-0.00494194
-0.00391769
-0.00249672
-0.000421524
0.0015049
0.00272179
0.00713158
0.00756645
0.0105534
0.0116405
0.0134068
0.0152569
0.0161724
0.0171871
0.0182056
0.019186
0.0205727
0.0215263
0.0228882
0.0234995
0.0235109
0.0243769
0.0251932
0.0260096
0.0270939
0.0275393
0.0279942
0.0285168
0.029129
0.0299273
0.0307169
0.0317659
0.0322762
0.032814
0.0326939
0.0332642
0.0347137
0.035017
0.03545
0.0353165
0.0351448
0.0348663
0.034359
0.0346146
0.0350342
0.03508
0.0348511
0.0348396
0.0349274
0.0346146
0.0349884
0.0355225
0.0372658
0.03899
0.0405769
0.041256
0.0419807
0.0425873
0.0442276
0.0453644
0.046278
0.0471973
0.0482559
0.0487442
0.0493393
0.0505733
0.0512009
0.0515251
0.0530014
0.0532227
0.0544586
0.0548325
0.0552483
0.0560875
0.0574493
0.0583382
0.0592651
0.0606251
0.0616894
0.0621948
0.0615902
0.0610695
0.06036
0.0584888
0.0565815
0.0538311
0.0511723
0.0490341
0.0464821
0.0437164
0.0404205
0.0380516
0.0357742
0.0333977
0.0303574
0.0251465
0.0224609
0.0214386
0.0197449
0.0181885
0.0172348
0.0164452
0.0156059
0.0142136
0.0123901
0.0114899
0.0107956
0.0100784
0.00903702
0.00811768
0.00692177
0.00541687
0.00327873
0.00307655
0.00125885
0.000190735
-0.00113869
-0.00294304
-0.00294304
0.100914
0.0995674
0.0986633
0.0978374
0.0969887
0.0958729
0.0921936
0.0918169
0.0889158
0.0869265
0.0849018
0.0817213
0.0791321
0.0756502
0.0722237
0.0701952
0.0683107
0.0657177
0.0618467
0.0594044
0.0572033
0.0544624
0.0506325
0.0483198
0.0459595
0.0417957
0.0391598
0.0361366
0.0335445
0.0315075
0.0290833
0.0268345
0.0259457
0.0245056
0.0228863
0.0217342
0.02036
0.0191383
0.0180502
0.0166283
0.0152121
0.0142756
0.0132561
0.0118599
0.0111847
0.0104408
0.00809097
0.00659943
0.00607872
0.00522995
0.00400352
0.00290871
0.00198364
0.000738144
-0.00119019
-0.00344467
-0.00460052
-0.00573158
-0.0070591
-0.00809288
-0.00876427
-0.0105858
-0.011528
-0.0115967
-0.011673
-0.0110474
-0.010807
-0.0101929
-0.00917912
-0.00825882
-0.00742149
-0.00628376
-0.00524616
-0.00444603
-0.00352955
-0.00312996
-0.00298309
-0.00286293
-0.00225067
-0.00110626
-0.0007267
0.000915527
0.00209808
0.0027504
0.00318909
0.00351334
0.00402832
0.00483799
0.00602436
0.00681114
0.00739288
0.00915623
0.0107155
0.0124273
0.0143147
0.0151682
0.0158682
0.016366
0.0170708
0.0179424
0.0185194
0.0186205
0.0193892
0.0196743
0.0190926
0.0190697
0.019803
0.0200434
0.0201197
0.0201235
0.0198936
0.0198231
0.0198374
0.0197792
0.0205269
0.0208511
0.0210104
0.0214691
0.0211382
0.0213985
0.0213327
0.022027
0.0222521
0.0229979
0.0238752
0.0238161
0.0244455
0.0248442
0.0249701
0.0253792
0.025034
0.0247049
0.024662
0.0242834
0.0241003
0.0241852
0.025198
0.0255966
0.0276403
0.0283499
0.0292768
0.029562
0.029705
0.0294552
0.0295067
0.0297451
0.0294971
0.0297127
0.0298119
0.0311966
0.0313854
0.0322952
0.0329733
0.0332327
0.0335608
0.0336094
0.0333414
0.0330086
0.0331097
0.0329094
0.032383
0.0316591
0.0265884
0.0265884
0.026886
0.0272827
0.02771
0.0299225
0.030014
0.0302429
0.0310059
0.0308838
0.0304642
0.0311584
0.0317383
0.03125
0.0317383
0.0315552
0.0321045
0.0328217
0.033371
0.032959
0.0332108
0.0328522
0.033493
0.0322266
0.031662
0.0309982
0.031105
0.0315704
0.0317993
0.0320435
0.0322571
0.0317993
0.0314789
0.0316772
0.0323486
0.0327301
0.0324554
0.0320892
0.0326843
0.0326691
0.0326614
0.0332336
0.0330734
0.0330048
0.0332642
0.0331039
0.0331116
0.03302
0.0326233
0.0327148
0.0328369
0.0326538
0.0305252
0.0304565
0.030304
0.0306396
0.0314865
0.0319977
0.032486
0.0327835
0.0330505
0.0331421
0.0331268
0.0332336
0.0332413
0.0329094
0.0330925
0.0333748
0.0336914
0.0340271
0.0339127
0.0332298
0.0333099
0.0335236
0.0333748
0.0335045
0.0331764
0.0339394
0.0350266
0.0358124
0.0355988
0.0356445
0.03619
0.037075
0.0378189
0.0385284
0.0391388
0.0396118
0.0397339
0.0403137
0.0400085
0.0402832
0.0400543
0.0399475
0.03965
0.038929
0.0372772
0.0346069
0.0333252
0.0314941
0.0284119
0.0264206
0.0241776
0.0225754
0.0204735
0.0194588
0.0187263
0.0179253
0.0174332
0.0169144
0.016468
0.0161018
0
-0.217904
-0.217904
-0.217904
-0.217904
-0.217904
-0.217904
-0.217904
-0.217904
-0.217904
-0.217904
-0.217904
-0.217904
-0.217904
-0.217904
-0.217904
-0.217904
-0.217904
-0.217904
-0.217904
-0.217904
-0.217904
-0.217904
-0.217904
-0.217904
-0.217904
-0.217904
-0.217904
-0.217904
-0.217904
-0.217904
-0.217904
-0.217904
-0.217904
-0.217904
-0.217904
-0.217904
-0.217904
-0.217904
-0.217904
-0.217904
-0.217904
-0.217904
-0.217904
-0.217904
-0.217904
-0.217904
-0.217904
-0.217904
-0.217904
-0.217904
-0.217904
-0.217904
-0.217904
-0.217904
-0.217904
-0.217904
-0.217904
-0.217904
-0.217904
-0.217904
-0.217904
-0.217904
-0.217904
-0.217904
-0.217904
-0.217904
-0.217904
-0.217904
-0.217904
-0.217904
-0.217904
-0.217904
-0.217904
-0.217904
-0.217904
-0.217904
-0.217904
-0.217904
-0.217904
-0.217904
-0.217904
-0.217904
-0.217904
-0.217904
-0.217904
-0.217904
-0.217904
-0.217904
-0.217904
-0.217904
-0.217904
-0.217904
-0.217904
-0.217904
-0.217904
-0.217904
-0.217904
-0.217904
-0.217904
-0.217904
-0.217904
-0.217904
-0.217904
-0.217904
-0.217904
-0.217904
-0.217904
-0.217904
-0.217904
-0.217904
-0.217904
-0.217904
-0.217904
-0.217904
-0.217904
-0.217904
-0.217904
-0.217904
-0.217904
-0.217904
-0.217904
-0.217904
-0.217904
-0.217904
-0.217904
-0.217904
-0.217904
-0.217904
-0.217904
-0.217904
-0.217904
-0.217904
-0.217904
-0.217904
-0.217904
-0.217904
-0.217904
-0.217904
-0.217904
-0.217904
-0.217904
-0.217904
-0.217904
-0.217904
-0.217904
-0.217904
-0.217904
-0.217904
-0.217904
-0.217904
-0.217904
-0.217904
-0.217904
-0.217904
-0.217904
-0.217904
-0.217904
-0.217904
-0.217904
-0.217904
-0.217904
-0.217904
-0.217904
-0.217904
-0.217904
-0.217904
-0.217904
-0.217904
-0.217904
-0.217904
-0.217904
-0.217904
-0.217904
-0.217904
-0.217904
-0.217904
-0.217904
-0.217904
-0.217904
-0.217904
-0.217904
-0.217904
-0.217904
-0.217904
-0.217904
-0.217904
-0.217904
-0.217904
-0.217904
-0.217904
-0.217904
-0.217904
-0.217904
-0.217904
-0.217904
-0.217904
-0.217904
-0.217904
-0.217904
-0.217904
-0.217904
-0.217904
-0.217904
-0.217904
-0.217904
-0.217904
-0.217904
-0.217904
-0.217904
-0.217904
-0.217904
-0.217904
-0.217904
-0.217904
-0.217904
-0.217904
-0.217904
-0.217904
-0.217904
-0.217904
-0.217904
-0.217904
-0.217904
-0.217904
-0.217904
0.173794
0.169941
0.161396
0.159416
0.151493
0.151493
0.15921
0.15921
0.15921
0.15921
0.15921
0.15921
0.15921
0.15921
0.15921
0.15921
0.143354
0.143354
0.143354
0.143354
0.143354
0.143354
0.143354
0.143354
0.143354
0.143354
0.143354
0.128984
0.128984
0.128984
0.128984
0.128984
0.128984
0.128984
0.128984
0.128984
0.128984
0.128984
0.115742
0.115742
0.115742
0.115742
0.115742
0.115742
0.115742
0.115742
0.115742
0.100673
0.100673
0.100673
0.100673
0.100673
0.100673
0.100673
0.100673
0.100673
0.100673
0.0878963
0.0878963
0.0878963
0.0878963
0.0878963
0.0878963
0.0878963
0.0878963
0.0878963
0.0878963
0.0721951
0.0721951
0.0721951
0.0721951
0.0721951
0.0721951
0.0721951
0.0721951
0.0721951
0.0721951
0.0636234
0.0636234
0.0636234
0.0636234
0.0636234
0.0636234
0.0636234
0.0636234
0.0636234
0.0636234
0.0636234
0.0624428
0.0624428
0.0624428
0.0624428
0.0624428
0.0624428
0.0624428
0.0624428
0.0624428
0.0512795
0.0512795
0.0512795
-0.0579944
-0.0595107
-0.059926
-0.0607228
-0.0608306
-0.0606227
-0.0596242
-0.058836
-0.057981
-0.0573502
-0.05651
-0.0551686
-0.0542383
-0.053596
-0.0525479
-0.0518293
-0.0516591
-0.0511642
-0.0504575
-0.0497603
-0.0502214
-0.0515027
-0.0510092
-0.0507054
-0.0501065
-0.0500898
-0.0495782
-0.0481749
-0.0473676
-0.0464067
-0.0449166
-0.0437317
-0.0431075
-0.0423417
-0.0415978
-0.0411782
-0.0406919
-0.0406942
-0.0404315
-0.0397635
-0.0414839
-0.0418806
-0.0426092
-0.0432787
-0.0430388
-0.0429749
-0.04318
-0.0431194
-0.0419831
-0.0411005
-0.0411539
-0.0409465
-0.0412865
-0.0410199
-0.0418677
-0.0415177
-0.0428395
-0.0431685
-0.0434284
-0.0433683
-0.0425801
-0.0415168
-0.0404344
-0.039712
-0.0381012
-0.0369544
-0.0359888
-0.0326166
-0.0302262
-0.0289345
-0.0266981
-0.0241656
-0.0229683
-0.0217781
-0.0203795
-0.018486
-0.0172234
-0.0160112
-0.0150223
-0.0145941
-0.0137863
-0.0117321
-0.0104885
-0.00927067
-0.00890064
-0.00840759
-0.00668907
-0.00575542
-0.00535011
-0.00426483
-0.00188255
-0.00136852
0.00101089
0.00211334
0.00385571
0.00566196
0.00664425
0.00758457
0.00894165
0.0101767
0.0106735
0.01126
0.0123558
0.0124216
0.0128927
0.0135221
0.0136881
0.0145044
0.0156641
0.0168428
0.0169992
0.0170012
0.0173635
0.0179529
0.018445
0.0349035
0.036006
0.0358076
0.0357151
0.0365038
0.0370226
0.0375547
0.0385389
0.0395966
0.0401382
0.0411339
0.0426865
0.0433617
0.0443316
0.0454721
0.0460806
0.0460291
0.0463514
0.0467453
0.0460167
0.0455961
0.0455446
0.0453148
0.0447502
0.0442543
0.0441713
0.0449972
0.0458889
0.0463066
0.0468044
0.0468063
0.0469532
0.0480452
0.0484238
0.048811
0.0493631
0.049324
0.0494099
0.0497227
0.0503845
0.0509472
0.0518875
0.0526924
0.0528526
0.0525942
0.0524015
0.0527992
0.0530796
0.0530329
0.0522451
0.0518579
0.0516062
0.0511627
0.0511417
0.0515575
0.0509806
0.0504427
0.0503159
0.0504971
0.0480857
0.0446362
0.0410566
0.0379195
0.034544
0.0310807
0.0273499
0.0236282
0.0202198
0.0158396
0.0151281
0.0146227
0.013339
0.0122671
0.0112514
0.0104232
0.00968409
0.00820303
0.00754833
0.0069685
0.00629902
0.00587606
0.00456285
0.00372744
0.00289536
0.0019927
0.000734806
-0.000290394
-0.000724792
-0.00122499
-0.00293875
-0.00328636
-0.00399399
-0.00535965
-0.00546885
-0.00664568
-0.0088954
-0.00905657
-0.0108576
-0.0113215
-0.0121632
-0.0130901
-0.0131369
-0.0129876
-0.0129943
-0.0134025
-0.0138273
-0.0139246
-0.015173
-0.015204
-0.0154529
-0.0166698
-0.0181923
-0.0190382
-0.0199003
-0.0210419
-0.0220528
-0.0223002
-0.0224781
-0.0228744
-0.0232506
-0.0229964
-0.0225682
-0.0220881
-0.0216885
-0.0216298
-0.0219884
-0.0230107
-0.0232635
-0.0237765
-0.0239034
-0.0238199
-0.0237355
-0.0238228
-0.0242667
-0.0240116
-0.023499
-0.0230818
-0.0232172
-0.0230689
-0.0229168
-0.0238647
-0.0239549
-0.0253415
-0.0510011
-0.0503068
-0.0491705
-0.0478592
-0.0470743
-0.0464401
-0.0473642
-0.0477619
-0.0475368
-0.0476828
-0.0483227
-0.048605
-0.0487919
-0.0493202
-0.0501709
-0.0504761
-0.0503445
-0.0503063
-0.050642
-0.0507908
-0.0507755
-0.0508442
-0.05089
-0.0510044
-0.0513859
-0.0516453
-0.0515556
-0.0516281
-0.0536575
-0.0546494
-0.0555477
-0.0560265
-0.0562763
-0.0562229
-0.0560074
-0.056179
-0.0567875
-0.0569
-0.0571537
-0.0530529
-0.055706
-0.058033
-0.0605354
-0.0619812
-0.0631809
-0.064703
-0.0662956
-0.0673714
-0.0662556
-0.0657692
-0.0650387
-0.0640564
-0.0632057
-0.0628738
-0.0624809
-0.0626144
-0.0620003
-0.0617714
-0.0618668
-0.0624084
-0.0627136
-0.062561
-0.0624084
-0.0628662
-0.0632629
-0.0632324
-0.0641479
-0.0639038
-0.0653076
-0.0654602
-0.0664978
-0.0664978
-0.0668793
-0.0680542
-0.0683594
-0.068634
-0.0695801
-0.0701904
-0.0706787
-0.0717697
-0.0716248
-0.071228
-0.0712891
-0.0718307
-0.0718536
-0.071373
-0.0704346
-0.0688705
-0.0684662
-0.0683899
-0.0688171
-0.0681229
-0.0677147
-0.0673904
-0.0668411
-0.0663605
-0.0660744
-0.0653572
-0.0641785
-0.0628586
-0.0626259
-0.062706
-0.0625763
-0.0626221
-0.0625076
-0.061348
-0.0608597
-0.0604973
-0.0602875
-0.0601864
-0.0597115
-0.0591602
-0.0586042
-0.0580368
-0.0574684
-0.0563288
-0.0559282
-0.0544844
-0.0534277
-0.0516052
-0.0505772
-0.0491095
-0.0482988
-0.0470514
-0.0452509
-0.0437145
-0.0422907
-0.0410452
-0.0396843
-0.0388451
-0.0375977
-0.0370522
-0.0362597
-0.0360365
-0.0351195
-0.0347519
-0.0337114
-0.0334196
-0.0330706
-0.0320706
-0.0309424
-0.0305657
-0.0303144
-0.03022
-0.0301094
-0.0294914
-0.0296659
-0.029768
-0.0290723
-0.02879
-0.0270705
-0.0256133
-0.0243435
-0.0231156
-0.0217853
-0.0206647
-0.0194039
-0.0184669
-0.0179811
-0.0164423
-0.0151081
-0.0140257
-0.012393
-0.0119362
-0.0108871
-0.0108194
-0.0108471
-0.0111666
-0.0113869
-0.0112648
-0.0129461
-0.012845
-0.0136418
-0.0135474
-0.0137072
-0.0136685
0.00998974
0.00887012
0.00810242
0.00761604
0.00757694
0.00799465
0.0083189
0.00876713
0.00950432
0.00992584
0.0107179
0.011591
0.0118885
0.0116968
0.0117126
0.0116258
0.0114546
0.0109172
0.010334
0.0102224
0.00987244
0.00946808
0.00902128
0.00900459
0.00924206
0.00923777
0.00939751
0.00990105
0.00974989
0.00928593
0.00892067
0.00845671
0.0080657
0.00725651
0.00710583
0.00645256
0.0068965
0.007164
0.00821733
0.00815296
0.00845194
0.00812912
0.00754309
0.00609493
0.005126
0.00405169
0.00257206
0.00103188
0.000185966
-0.000336647
4.673e-05
0.00090313
0.00112343
0.0014267
0.00215721
0.00315666
0.00317574
0.0031023
0.00309086
0.00317764
0.00305843
0.00294113
0.00309753
0.00339508
0.00387287
0.00389767
0.00433922
0.00367641
0.00269318
0.00150585
0.000236511
-0.00065136
-0.00162792
-0.00283623
-0.00421333
-0.00491428
-0.00507545
-0.00490379
-0.00542641
-0.0056572
-0.00630856
-0.00573254
-0.0055275
-0.00510502
-0.00440502
-0.00314999
-0.00240517
-7.34329e-05
0.00123501
0.00270939
0.00357628
0.00472927
0.00613022
0.00740051
0.00818825
0.00872993
0.00902939
0.00916004
0.00950909
0.00902748
0.00954819
0.00995922
0.0100689
0.0103121
0.0106764
0.0108147
0.0105543
0.0101547
0.00996304
0.00967693
0.00987625
0.00968647
0.00991344
0.0103359
0.0103426
0.0107164
0.0103235
0.0101566
0.0103645
0.0103693
0.0102768
0.00989914
0.00910091
0.00820732
0.00757027
0.00742531
0.00670242
0.00675011
0.00697517
0.00629425
0.00535774
0.00379944
0.00325203
0.00324631
0.00354576
0.00338364
0.00203323
0.0014801
0.000797272
0.000478745
0.000408173
0.000574112
0.000165939
-0.000324249
-0.00120926
-0.00222969
-0.00248146
-0.00281525
-0.00348091
-0.00438499
-0.00609589
-0.00845909
-0.0102501
-0.0115604
-0.0129433
-0.0133495
-0.0144749
-0.0157604
-0.016716
-0.0184441
-0.0199108
-0.0208702
-0.0213051
-0.0219765
-0.0238266
-0.0246201
-0.0244141
-0.0247688
-0.024992
-0.0266228
-0.0276337
-0.0278282
-0.0274525
-0.0275536
-0.027483
-0.0278168
-0.0289288
-0.0293655
-0.030117
-0.0308056
-0.0311832
-0.0315285
-0.0314903
-0.0314846
-0.0323715
-0.0323696
-0.0321732
-0.0323334
-0.0327797
-0.0336285
-0.0345478
-0.0352154
-0.035799
-0.0362549
-0.0371113
-0.0371094
-0.03722
-0.0383053
-0.0391254
-0.0402832
-0.0412216
-0.0420074
-0.043335
-0.0442772
-0.0447884
-0.0453682
-0.0457077
-0.0457573
-0.0493164
-0.0490799
-0.0492783
-0.0496407
-0.0496521
-0.0503616
-0.0504532
-0.0505943
-0.0508385
-0.0518875
-0.0520172
-0.0534286
-0.0545158
-0.0558662
-0.0567703
-0.0573063
-0.0581589
-0.0597153
-0.0611877
-0.0623341
-0.064271
-0.0652637
-0.0660486
-0.0671673
-0.0685472
-0.0692186
-0.0698671
-0.0706005
-0.0709829
-0.0710373
-0.0717669
-0.0725784
-0.0735254
-0.0739632
-0.0743961
-0.0742521
-0.0743799
-0.0741911
-0.0745916
-0.075201
-0.0753345
-0.0756588
-0.07652
-0.0771637
-0.0771942
-0.0775642
-0.078145
-0.078434
-0.077673
-0.077055
-0.0761738
-0.0754204
-0.074398
-0.0743198
-0.0741835
-0.0742998
-0.0744343
-0.0740061
-0.0735092
-0.0734453
-0.0737648
-0.0733747
-0.073246
-0.0733662
-0.073391
-0.073885
-0.0749722
-0.0753765
-0.0761414
-0.0771751
-0.078331
-0.0790396
-0.0796156
-0.0805168
-0.0812721
-0.0813065
-0.0818329
-0.0817318
-0.0815477
-0.0821867
-0.0822439
-0.0822754
-0.0822468
-0.0819349
-0.0818987
-0.0821428
-0.0828905
-0.0834379
-0.0840826
-0.084672
-0.0843687
-0.0853291
-0.0859156
-0.0858231
-0.0858793
-0.0855303
-0.0856819
-0.0856009
-0.0852489
-0.0854082
-0.0856113
-0.0858383
-0.0861835
-0.0857325
-0.0852814
-0.0845804
-0.0823269
-0.0819731
-0.0818462
-0.0810261
-0.0800581
-0.0788641
-0.0779743
-0.0771475
-0.0763721
-0.0756054
-0.0718269
-0.0711174
-0.0702133
-0.067894
-0.0676956
-0.0683594
-0.0686646
-0.0677643
-0.0676041
-0.0678253
-0.0677338
-0.0672607
-0.0666351
-0.0658569
-0.0655441
-0.0652466
-0.0656929
-0.0657806
-0.0660095
-0.0642891
-0.0637894
-0.0633049
-0.0631943
-0.0629082
-0.0613708
-0.0598431
-0.0586395
-0.0574169
-0.0559711
-0.0554199
-0.0547466
-0.0534687
-0.0523281
-0.051878
-0.0506878
-0.0508347
-0.0510921
-0.0504704
-0.050045
-0.0498657
-0.0497017
-0.049324
-0.0491238
-0.0495243
-0.0494404
-0.0489712
-0.0487022
-0.0471621
-0.0471926
-0.0473337
-0.0471964
-0.0469761
-0.0467072
-0.0469818
-0.0470066
-0.0471992
-0.0472298
-0.0469627
-0.0470848
-0.0473728
-0.0477848
-0.0481033
-0.0478706
-0.0475483
-0.047842
-0.0480843
-0.0477543
-0.047308
-0.046629
-0.046587
-0.0460739
-0.0461483
-0.0461483
-0.045599
-0.0454483
-0.0454922
-0.0457001
-0.0460529
-0.0461159
-0.0456142
-0.0453653
-0.0457611
-0.0458012
-0.0451336
-0.044754
-0.0444794
-0.0444546
-0.0441723
-0.0442028
-0.0433979
-0.042347
-0.041563
-0.0410194
-0.0404949
-0.040081
-0.0396538
-0.0393581
-0.0381165
-0.037879
-0.0388184
-0.0392284
-0.0380573
-0.0372696
-0.036869
-0.0361252
-0.0337486
-0.0319824
-0.0304451
-0.0286369
-0.0264053
-0.0247803
-0.0234985
-0.0209351
-0.0190125
-0.0170135
-0.0149498
-0.0145187
-0.0140991
-0.0129395
-0.0118408
-0.0108337
-0.00960541
-0.00827408
-0.00792694
-0.00778961
-0.00731659
-0.00617981
-0.00527191
-0.0045166
-0.00349426
-0.00216675
-0.000267029
0.000488281
0.00128937
0.00164795
0.00231934
0.00308228
0.00354004
0.0043335
0.00526428
0.00691605
0.00761414
0.00841522
0.00875092
0.00966263
0.0107841
0.0116844
0.0119095
0.012001
0.0119324
0.0118866
0.0124512
0.0124512
0.0133209
0.0116348
0.0114059
0.010643
0.00991249
0.00929451
0.00943565
0.0093689
0.00954819
0.0102253
0.0116234
0.0127068
0.0137329
0.01474
0.0159035
0.0175171
0.0180893
0.0190735
0.0194626
0.0195999
0.0200119
0.0204163
0.0209503
0.0220032
0.022583
0.023056
0.0233078
0.0234528
0.0235939
0.0237503
0.0242996
0.0284157
0.0288086
0.0292053
0.0285339
0.0285645
0.0290527
0.0296021
0.0296631
0.0302734
0.0301819
0.0307159
0.0311584
0.0309143
0.0306396
0.0305176
0.0305481
0.0305176
0.0308228
0.0317993
0.0325317
0.0328369
0.032135
0.0320053
0.0315132
0.0302773
0.0292358
0.0288239
0.0278816
0.0269127
0.0263977
0.0263901
0.0259094
0.0251427
0.0248947
0.0249386
0.0240917
0.0232506
0.022831
0.0236359
0.0234489
0.022049
0.0221119
0.0221596
0.0216599
0.0214481
0.0213699
0.0209961
0.020153
0.019104
0.0185719
0.0180511
0.0171719
0.0156517
0.0152855
0.0145779
0.0128384
0.0102005
0.00989342
0.00889969
0.00785923
0.00658512
0.00531006
0.00432968
0.00320244
0.00156879
-0.000788689
-0.00268459
-0.00509071
-0.0078125
-0.00978851
-0.0115013
-0.0125923
-0.0135126
-0.0163927
-0.0168352
-0.0195723
-0.0205164
-0.021656
-0.0238085
-0.0247221
-0.0261154
-0.0272655
-0.0282087
-0.0285692
-0.0294962
-0.0305481
-0.0311718
-0.0316839
-0.0319166
-0.0315228
-0.0316525
-0.0324011
-0.0323782
-0.0329571
-0.0327005
-0.0322037
-0.031949
-0.0320463
-0.0325193
-0.0328131
-0.0332899
-0.0342894
-0.0344782
-0.0341387
-0.033493
-0.0334597
-0.0334139
-0.0338507
-0.0335093
-0.0334978
-0.0338144
-0.0345507
-0.034853
-0.0351181
-0.0350904
-0.034771
-0.034317
-0.0338116
-0.0340672
-0.0348511
-0.0352926
-0.0352793
-0.0353603
-0.0360317
-0.0360851
-0.036129
-0.0370617
-0.0373325
-0.0372553
-0.0373268
-0.0377045
-0.0383282
-0.0386171
-0.038969
-0.0395708
-0.0396328
-0.0394754
-0.0393858
-0.0388365
-0.0376463
-0.0368195
-0.0362635
-0.0358286
-0.0353546
-0.034749
-0.0343838
-0.0348148
-0.0347252
-0.034565
-0.034729
-0.0351219
-0.0349808
-0.0351372
-0.0352001
-0.0355196
-0.0364265
-0.0366192
-0.0372105
-0.0373592
-0.0370026
-0.0368328
-0.0366745
-0.035984
-0.03578
-0.0358562
-0.0358219
-0.0363445
-0.0362053
-0.0355682
-0.0354786
-0.0360756
-0.0366135
-0.0367165
-0.0367031
-0.0371227
-0.0372734
-0.0370846
-0.0369987
-0.037281
-0.0374832
-0.0375633
-0.0377502
-0.0390167
-0.0396805
-0.0403709
-0.0404816
-0.0418777
-0.0425644
-0.0434341
-0.0444298
-0.0446587
-0.0446205
-0.0451527
-0.0466614
-0.0471878
-0.0470486
-0.0480423
-0.0489731
-0.0495644
-0.0499573
-0.049942
-0.0494919
-0.0493317
-0.0493774
-0.0498047
-0.0505829
-0.0510254
-0.050499
-0.0508461
-0.0514755
-0.0516891
-0.0520935
-0.0524597
-0.0523682
-0.0523529
-0.0524559
-0.0535622
-0.0528641
-0.0518742
-0.0517063
-0.0516014
-0.0509548
-0.0492935
-0.0492287
-0.0482254
-0.047821
-0.0468216
-0.045639
-0.0456009
-0.044838
-0.0444412
-0.0438919
-0.0428696
-0.0425682
-0.0426712
-0.0423355
-0.041626
-0.0411224
-0.0407257
-0.0393829
-0.0391846
-0.037735
-0.0362854
-0.0360718
-0.0343246
-0.033638
-0.0325165
-0.0314407
-0.030899
-0.0305176
-0.0293579
-0.0288696
-0.0286865
-0.0283203
-0.0275269
-0.0272217
-0.0266724
-0.0259399
-0.025238
-0.0250854
-0.0244141
-0.0237045
-0.0231857
-0.0230789
-0.02248
-0.0221062
-0.0222321
-0.0223961
-0.0220718
-0.0218277
-0.0222321
-0.02215
-0.0222225
-0.0239525
-0.024437
-0.0245552
-0.0255737
-0.0257568
-0.0259857
-0.0266953
-0.0272217
-0.0276413
-0.0285034
-0.028656
-0.0284195
-0.0281448
-0.0277405
-0.02771
-0.027832
-0.0277786
-0.0272598
-0.0266037
-0.0256653
-0.0257111
-0.0254898
-0.0256042
-0.0259094
-0.025528
-0.0252571
-0.0251083
-0.0253601
-0.0257263
-0.0257149
-0.0256844
-0.0264359
-0.0270386
-0.0275726
-0.0279388
-0.0285797
-0.0290985
-0.0292664
-0.0290375
-0.0287018
-0.0282669
-0.0276299
-0.0272293
-0.0273514
-0.0277214
-0.0283432
-0.0283508
-0.0282135
-0.0282593
-0.0285492
-0.0294495
-0.0305634
-0.0311584
-0.0314026
-0.0318756
-0.0317688
-0.0317307
-0.0318985
-0.031868
-0.0300751
-0.028511
-0.0256958
-0.0243378
-0.023056
-0.0213089
-0.0197754
-0.0183105
-0.0167847
-0.0149536
-0.0135345
-0.013092
-0.0118408
-0.0102768
-0.01017
-0.00945282
-0.00894928
-0.00894928
-0.00905609
-0.00878906
-0.0082016
-0.00750732
-0.00708008
-0.00732422
-0.00756836
-0.00811768
-0.00820923
-0.00842285
-0.00842285
-0.00784302
-0.00753021
-0.00747681
-0.00654984
-0.00592041
-0.0053215
-0.0045929
-0.00395203
-0.00313568
-0.0022583
-0.00158691
-0.00140381
-0.00109863
-0.00158691
-0.00158691
-0.00134277
-0.00109863
-0.000976562
-0.00154114
-0.00165558
-0.00132751
-0.000488281
-0.000640869
-0.00134277
-0.00155258
-0.000549316
-9.15527e-05
-0.000213623
-0.000900269
-0.000610352
-0.000339508
-0.000198364
0.00141525
0.00178528
0.00178528
-0.0442581
-0.04245
-0.0421143
-0.0414124
-0.0393982
-0.0371094
-0.034729
-0.0327606
-0.0310593
-0.0287857
-0.0265274
-0.0259476
-0.0256653
-0.0246124
-0.0243301
-0.0236588
-0.022171
-0.0208282
-0.0199738
-0.0195389
-0.0185165
-0.0176392
-0.0165634
-0.0153503
-0.0141602
-0.012558
-0.0122375
-0.0126724
-0.0122757
-0.0111008
-0.0106277
-0.0100861
-0.0089798
-0.00693512
-0.0058136
-0.00419617
-0.00308609
-0.00207901
-0.00146484
-0.000774384
0.000595093
0.0017128
0.00227356
0.0030899
0.00411987
0.00537109
0.00592041
0.00637817
0.00689697
0.00732422
0.00805664
0.00796509
0.00802612
0.00827789
0.00837708
0.00841141
0.00827026
0.0096283
0.01054
0.0112915
0.0120926
0.0142097
0.0156441
0.0168533
0.0173874
0.0175514
0.0176048
0.0176277
0.0180702
0.0185528
0.0184746
0.0187931
0.0193062
0.0203419
0.0215492
0.0231915
0.0235577
0.0242004
0.0247765
0.0252171
0.0256615
0.0258999
0.0261059
0.0262547
0.0262918
0.0267315
0.0268459
0.0273733
0.0274582
0.0275269
0.0285664
0.0290794
0.0293875
0.0299835
0.0301895
0.0303144
0.030076
0.0296698
0.0295677
0.0293474
0.0296736
0.0292807
0.0294828
0.0295696
0.0303783
0.0301476
0.0296688
0.0293579
0.0288067
0.0279646
0.0274134
0.0267353
0.0262861
0.0263071
0.0261183
0.0259056
0.0255394
0.0257063
0.0259151
0.0266972
0.0278225
0.0286713
0.029295
0.0302143
0.0308514
0.0308533
0.0303764
0.0291824
0.0273895
0.0263004
0.0251198
0.0236778
0.022604
0.0215645
0.0208836
0.0189724
0.016346
0.0160618
0.0134888
0.0124149
0.0104752
0.0102749
0.00975037
0.00975037
0.0101929
0.0106506
0.0110397
0.0110474
0.00390625
0.00830078
0.00738525
0.00662231
0.00539398
0.00452423
0.00337982
0.00216675
0.00127029
0.000553131
0.000450134
-0.000305176
-0.00170898
-0.00268555
-0.00576401
-0.00673676
-0.00694275
-0.00911713
-0.0103302
-0.0111084
-0.0123291
-0.0133057
-0.0144043
-0.0161591
-0.018158
-0.0199356
-0.021019
-0.02211
-0.0236359
-0.0252686
-0.025795
-0.0273285
-0.0289879
