-0.0308017
-0.0308017
-0.0308017
-0.0308017
0.12566
0.12566
0.12566
0.12566
0.12566
0.362019
0.362019
0.350658
0.350658
0.350658
0.350658
0.350658
0.595052
0.595052
0.595052
0.595052
0.595052
0.359726
0.359726
0.359726
0.359726
0.359726
0.46354
0.46354
0.46354
0.46354
0.46354
0.379534
0.379534
0.379534
0.379534
0.379534
0.355125
0.355125
0.355125
0.355125
0.355125
0.289659
0.289659
0.289659
0.289659
0.289659
0.257806
0.257806
0.257806
0.257806
0.257806
0.307298
0.307298
0.307298
0.307298
0.307298
0.226936
0.226936
0.226936
0.226936
0.226936
0.231547
0.231547
0.231547
0.231547
0.231547
0.360832
0.360832
0.360832
0.360832
0.360832
0.0925506
0.0925506
0.0925506
0.0925506
0.0925506
0.266021
0.266021
0.266021
0.266021
0.266021
0.203265
0.203265
0.203265
0.203265
0.203265
0.157513
0.157513
0.157513
0.157513
0.157513
0.271145
0.271145
0.271145
0.271145
0.271145
0.207845
0.207845
0.207845
0.207845
0.207845
0.225301
0.225301
0.225301
0.225301
0.225301
0.177427
0.177427
0.177427
0.177427
0.177427
0.0874726
0.0874726
0.0874726
0.0874726
0.0874726
0.112729
0.112729
0.112729
0.112729
0.112729
0.091149
0.091149
0.091149
0.091149
0.091149
0.0969775
0.0969775
0.0969775
0.0969775
0.0969775
0.159492
0.159492
0.159492
0.159492
0.159492
0.0788484
0.0788484
0.0788484
0.0788484
0.0788484
-0.0935202
-0.0935202
-0.0935202
-0.0935202
-0.0935202
0.0601531
0.0601531
0.0601531
0.0601531
0.0601531
0.122497
0.122497
0.122497
0.122497
0.122497
0.245603
0.245603
0.245603
0.245603
0.245603
0.0304842
0.0304842
0.0304842
0.0304842
0.0304842
0.148705
0.148705
0.148705
0.148705
0.148705
-0.0159091
-0.0159091
-0.0159091
-0.0159091
-0.0159091
-0.0531634
-0.0531634
-0.0531634
-0.0531634
-0.0531634
0.120924
0.120924
0.120924
0.120924
0.120924
-0.143147
-0.143147
-0.143147
-0.143147
-0.143147
0.133631
0.133631
0.133631
0.133631
0.133631
0.105376
0.105376
0.105376
0.105376
0.105376
0.0922355
0.0922355
0.0922355
0.0922355
0.0922355
0.160929
0.160929
0.160929
0.160929
0.160929
0.0148272
0.0148272
0.0148272
0.0148272
0.0148272
0.127783
0.127783
0.127783
0.127783
0.127783
0.0985604
0.0985604
0.0985604
0.0985604
0.0985604
-0.135092
-0.135092
-0.135092
-0.135092
-0.135092
0.101115
0.101115
0.101115
0.101115
0.101115
-0.158889
-0.158889
-0.158889
-0.158889
-0.158889
-0.103833
-0.103833
-0.103833
-0.103833
-0.103833
0.132108
0.132108
0.132108
0.132108
0.132108
-0.116379
-0.116379
-0.116379
-0.116379
-0.116379
0.112279
0.112279
0.112279
0.112279
0.112279
-0.0789724
-0.0789724
-0.0789724
-0.0789724
-0.0789724
0.0908932
0.0908932
0.0908932
0.0908932
0.0908932
0.0389875
0.0389875
0.0389875
0.0389875
0.0389875
-0.0181997
-0.0181997
-0.0181997
-0.0181997
-0.0181997
0.0550922
0.0550922
0.0550922
0.0550922
0.0550922
0.0560986
0.0560986
0.0560986
0.0560986
0.0560986
-0.0522533
-0.0522533
-0.0522533
-0.0522533
-0.0522533
0.124468
0.124468
0.124468
0.124468
0.124468
0.103528
0.103528
0.103528
0.103528
0.103528
-0.0834118
-0.0834118
-0.0834118
-0.0834118
-0.0834118
0.00289578
0.00289578
0.00289578
0.00289578
0.00289578
0.0418855
0.0418855
0.0418855
0.0418855
0.0418855
0.0876038
0.0876038
0.0876038
0.0876038
0.0876038
-0.208055
-0.208055
-0.208055
-0.208055
-0.208055
-0.2
-0.2
-0.2
-0.2
-0.2
-0.13889
-0.13889
-0.13889
-0.13889
-0.13889
0.0246056
0.0246056
0.0246056
0.0246056
0.0246056
-0.0693785
-0.0693785
-0.0693785
-0.0693785
-0.0693785
-0.0767586
-0.0767586
-0.0767586
-0.0767586
-0.0767586
0.0154457
0.0154457
0.0154457
0.0154457
0.0154457
-0.14309
-0.14309
-0.14309
-0.14309
-0.14309
-0.0600719
-0.0600719
-0.0600719
-0.0600719
-0.0600719
-0.0825599
-0.0825599
-0.0825599
-0.0825599
-0.0825599
0.00434234
0.00434234
0.00434234
0.00434234
0.00434234
0.212018
0.212018
0.212018
0.212018
0.212018
0.102255
0.102255
0.102255
0.102255
0.102255
0.163942
0.163942
0.163942
0.163942
0.163942
-0.0844896
-0.0844896
-0.0844896
-0.0844896
0.120741
0.120741
0.120741
0.0987331
0.0987331
0.0987331
0.0987331
0.0987331
-0.0653606
-0.0653606
-0.0653606
-0.0653606
-0.0653606
-0.240687
-0.240687
-0.240687
-0.240687
-0.240687
-0.0407709
-0.0407709
-0.0407709
-0.0407709
-0.0407709
-0.0348148
-0.0348148
-0.0348148
-0.0348148
-0.0348148
0.142869
0.142869
0.142869
0.142869
0.142869
0.0476782
0.0476782
0.0476782
0.0476782
0.0476782
-0.0108279
-0.0108279
-0.0108279
-0.0108279
-0.0108279
-0.131071
-0.131071
-0.131071
-0.131071
-0.131071
0.00083313
0.00083313
0.00083313
0.00083313
0.00083313
-0.196665
-0.196665
-0.196665
-0.196665
-0.196665
0.00811917
0.00811917
0.00811917
0.00811917
0.00811917
-0.17135
-0.17135
-0.17135
-0.17135
-0.17135
-0.0363021
-0.0363021
-0.0363021
-0.0363021
-0.0363021
0.185269
0.185269
0.185269
0.185269
0.185269
0.00533719
0.00533719
0.00533719
0.00533719
0.00533719
-0.0428702
-0.0428702
-0.0428702
-0.0428702
-0.0428702
0.0666424
0.0666424
0.0666424
0.0666424
0.0666424
-0.019753
-0.019753
-0.019753
-0.019753
-0.019753
0.0846435
0.0846435
0.0846435
0.0846435
0.0846435
-0.0188321
-0.0188321
-0.0188321
-0.0188321
-0.0188321
0.102681
0.102681
0.102681
0.102681
0.102681
-0.120708
-0.120708
-0.120708
-0.120708
-0.120708
0.129081
0.129081
0.129081
0.129081
0.129081
-0.0531791
-0.0531791
-0.0531791
-0.0531791
-0.0531791
-0.0381274
-0.0381274
-0.0381274
-0.0381274
-0.0381274
0.0667692
0.0667692
0.0667692
0.0667692
0.0667692
0.0626953
0.0626953
0.0626953
0.0626953
0.0626953
0.079718
0.079718
0.079718
0.079718
0.079718
0.0961589
0.0961589
0.0961589
0.0961589
0.0961589
-0.200638
-0.200638
-0.200638
-0.200638
-0.200638
-0.0010042
-0.0010042
-0.0010042
-0.0010042
-0.0010042
0.126057
0.126057
0.126057
0.126057
0.126057
0.00388716
0.00388716
0.00388716
0.00388716
0.00388716
-0.0166442
-0.0166442
-0.0166442
-0.0166442
-0.0166442
-0.25202
-0.25202
-0.25202
-0.25202
-0.25202
0.146327
0.146327
0.146327
0.146327
0.146327
-0.143228
-0.143228
-0.143228
-0.143228
-0.143228
0.135624
0.135624
0.135624
0.135624
0.135624
-0.215922
-0.215922
-0.215922
-0.215922
-0.215922
0.0563497
0.0563497
0.0563497
0.0563497
0.0563497
-0.0782962
-0.0782962
-0.0782962
-0.0782962
-0.0782962
-0.110515
-0.110515
-0.110515
-0.110515
-0.110515
-0.0463371
-0.0463371
-0.0463371
-0.0463371
-0.0463371
-0.0362885
-0.0362885
-0.0362885
-0.0362885
-0.0362885
0.053036
0.053036
0.053036
0.053036
0.053036
0.0488058
0.0488058
0.0488058
0.0488058
0.0488058
0.0966301
0.0966301
0.0966301
0.0966301
0.0966301
0.135771
0.135771
0.135771
0.135771
0.135771
0.0695791
0.0695791
0.0695791
0.0695791
0.0695791
-0.0715639
-0.0715639
-0.0715639
-0.0715639
-0.0715639
0.013863
0.013863
0.013863
0.013863
0.013863
0.120267
0.120267
0.120267
0.120267
0.120267
0.10163
0.10163
0.10163
0.10163
0.10163
0.0353087
0.0353087
0.0353087
0.0353087
0.0353087
-0.155069
-0.155069
-0.155069
-0.155069
-0.155069
0.0451436
0.0451436
0.0451436
0.0451436
0.0451436
-0.0135268
-0.0135268
-0.0135268
-0.0135268
-0.0135268
-0.11798
-0.11798
-0.11798
-0.11798
-0.11798
-0.0378678
-0.0378678
-0.0378678
-0.0378678
-0.0378678
-0.0795851
-0.0795851
-0.0795851
0.149645
0.149645
0.149645
0.149645
0.0441615
0.0441615
0.0441615
0.0441615
0.0441615
0.0473805
0.0473805
0.0473805
0.0473805
0.0473805
-0.0806179
-0.0806179
-0.0806179
-0.0806179
-0.0806179
0.0377519
0.0377519
0.0377519
0.0377519
0.0377519
-0.0928448
-0.0928448
-0.0928448
-0.0928448
-0.0928448
-0.180126
-0.180126
-0.180126
-0.180126
-0.180126
-0.0523636
-0.0523636
-0.0523636
-0.0523636
-0.0523636
-0.0427334
-0.0427334
-0.0427334
-0.0427334
-0.0427334
0.0696441
0.0696441
0.0696441
0.0696441
0.0696441
-0.144004
-0.144004
-0.144004
-0.144004
-0.144004
-0.0924762
-0.0924762
-0.0924762
-0.0924762
-0.0924762
-0.000496841
-0.000496841
-0.000496841
-0.000496841
-0.000496841
-0.136307
-0.136307
-0.136307
-0.136307
-0.136307
0.168077
0.168077
0.168077
0.168077
0.168077
-0.148669
-0.148669
-0.148669
-0.148669
-0.148669
0.128363
0.128363
0.128363
0.128363
0.128363
0.0348438
0.0348438
0.0348438
0.0348438
0.0348438
-0.228395
-0.228395
-0.228395
-0.228395
-0.228395
0.0264045
0.0264045
0.0264045
0.0264045
0.0264045
-0.0770129
-0.0770129
-0.0770129
-0.0770129
-0.0770129
0.14942
0.14942
0.14942
0.14942
0.14942
-0.0436496
-0.0436496
-0.0436496
-0.0436496
-0.0436496
-0.0342137
-0.0342137
-0.0342137
-0.0342137
-0.0342137
-0.107943
-0.107943
-0.107943
-0.107943
-0.107943
-0.0258849
-0.0258849
-0.0258849
-0.0258849
-0.0258849
0.117094
0.117094
0.117094
0.117094
0.117094
0.0557242
0.0557242
0.0557242
0.0557242
0.0557242
-0.137466
-0.137466
-0.137466
-0.137466
-0.137466
0.0453122
0.0453122
0.0453122
0.0453122
0.0453122
-0.173014
-0.173014
-0.173014
-0.173014
-0.173014
-0.0332212
-0.0332212
-0.0332212
-0.0332212
-0.0332212
0.0573823
0.0573823
0.0573823
0.0573823
0.0573823
0.149112
0.149112
0.149112
0.149112
0.149112
-0.0408616
-0.0408616
-0.0408616
-0.0408616
-0.0408616
-0.0391045
-0.0391045
-0.0391045
-0.0391045
-0.0391045
0.0110999
0.0110999
0.0110999
0.0110999
0.0110999
0.0166909
0.0166909
0.0166909
0.0166909
0.0166909
0.00914033
0.00914033
0.00914033
0.00914033
0.00914033
0.169646
0.169646
-0.0862437
-0.0862437
-0.0862437
-0.0862437
-0.00416951
-0.00416951
-0.00416951
-0.00416951
-0.00416951
-0.175252
-0.175252
-0.175252
-0.175252
-0.175252
0.113353
0.113353
0.113353
0.113353
0.113353
0.0305557
0.0305557
0.0305557
0.0305557
0.0305557
-0.0203245
-0.0203245
-0.0203245
-0.0203245
-0.0203245
-0.0918755
-0.0918755
-0.0918755
-0.0918755
-0.0918755
-0.0918755
0.0446388
0.0446388
0.0446388
0.0446388
-0.0155147
-0.0155147
-0.0155147
-0.0155147
-0.0155147
0.0508721
0.0508721
0.0508721
0.0508721
0.0508721
-0.0407994
-0.0407994
-0.0407994
-0.0407994
-0.0407994
0.0200057
0.0200057
0.0200057
0.0200057
0.0200057
-0.121029
-0.121029
-0.121029
-0.121029
-0.121029
-0.121029
0.200079
0.200079
0.200079
0.200079
0.0684041
0.0684041
0.0684041
0.0684041
0.0684041
-0.146799
-0.146799
-0.146799
-0.146799
-0.146799
-0.127492
-0.127492
-0.127492
-0.127492
-0.127492
0.106538
0.106538
0.106538
0.106538
0.106538
0.0801318
0.0801318
0.0801318
0.0801318
0.0801318
0.0801318
0.10219
0.10219
0.10219
0.10219
0.0114494
0.0114494
0.0114494
0.0114494
0.0114494
-0.126658
-0.126658
-0.126658
-0.126658
-0.126658
-0.00923418
-0.00923418
-0.00923418
-0.00923418
-0.00923418
-0.0315684
-0.0315684
-0.0315684
-0.0315684
-0.0315684
0.154392
0.154392
0.154392
0.154392
0.154392
0.0559563
0.0559563
0.0559563
0.0559563
0.0559563
-0.037016
-0.037016
-0.037016
-0.037016
-0.037016
-0.0752494
-0.0752494
-0.0752494
-0.0752494
-0.0752494
0.0297673
0.0297673
0.0297673
0.0297673
0.0297673
-0.128553
-0.128553
-0.128553
-0.128553
-0.128553
0.0607889
0.0607889
0.0607889
0.0607889
0.0607889
0.147301
0.147301
0.147301
0.147301
0.147301
-0.0569708
-0.0569708
-0.0569708
-0.0569708
-0.0569708
0.0819116
0.0819116
0.0819116
0.0819116
0.0819116
-0.0896311
-0.0896311
-0.0896311
-0.0896311
-0.0896311
0.00139379
0.00139379
0.00139379
0.00139379
0.00139379
0.118485
0.118485
0.118485
0.118485
0.118485
0.0631861
0.0631861
0.0631861
0.0631861
0.0631861
-0.0911211
-0.0911211
-0.0911211
-0.0911211
-0.0911211
-0.0780235
-0.0780235
-0.0780235
-0.0780235
-0.0780235
0.108412
0.108412
0.108412
0.108412
0.108412
0.107304
0.107304
0.107304
0.107304
0.107304
-0.126965
-0.126965
-0.126965
-0.126965
-0.126965
0.0942267
0.0942267
0.0942267
0.0942267
0.0942267
0.149628
0.149628
0.149628
0.149628
0.149628
-0.183728
-0.183728
-0.183728
-0.183728
-0.183728
-0.0547598
-0.0547598
-0.0547598
-0.0547598
-0.0547598
-0.136748
-0.136748
-0.136748
-0.136748
-0.136748
-0.07617
-0.07617
-0.07617
-0.07617
-0.07617
-0.0335315
-0.0335315
-0.0335315
-0.0335315
-0.0335315
0.116211
0.116211
0.116211
0.116211
0.116211
0.0549902
0.0549902
0.0549902
0.0549902
0.0549902
-0.117017
-0.117017
-0.117017
-0.117017
-0.117017
0.0660658
0.0660658
0.0660658
0.0660658
0.0660658
0.0247144
0.0247144
0.0247144
0.0247144
0.0247144
0.13646
0.13646
0.13646
0.13646
0.13646
0.0559104
0.0559104
0.0559104
0.0559104
0.0559104
0.239027
0.239027
0.239027
0.239027
0.239027
-0.000109366
-0.000109366
-0.000109366
-0.000109366
-0.000109366
-0.0816367
-0.0816367
-0.0816367
-0.0816367
-0.0816367
0.140472
0.140472
0.140472
0.140472
0.140472
-0.20636
-0.20636
-0.20636
-0.20636
-0.20636
0.064995
0.064995
0.064995
0.064995
0.064995
-0.0714184
-0.0714184
-0.0714184
-0.0634168
-0.0634168
-0.0634168
-0.0634168
-0.14103
-0.14103
-0.14103
-0.14103
-0.14103
-0.0717993
-0.0717993
-0.0717993
-0.0717993
-0.0717993
-0.204924
-0.204924
-0.204924
-0.204924
-0.204924
0.0185612
0.0185612
0.0185612
0.0185612
0.0185612
0.174898
0.174898
0.174898
0.174898
0.174898
-0.00554677
-0.00554677
-0.00554677
-0.00554677
-0.00554677
-0.0534481
-0.0534481
-0.0534481
-0.0534481
-0.0534481
-0.128983
-0.128983
-0.128983
-0.128983
-0.128983
0.0728287
0.0728287
0.0728287
0.0728287
0.0728287
0.0507871
0.0507871
0.0507871
0.0507871
0.0507871
0.0694837
0.0694837
0.0694837
0.0694837
0.0694837
-0.11173
-0.11173
-0.11173
-0.11173
-0.11173
-0.0293996
-0.0293996
-0.0293996
-0.0293996
-0.0293996
0.00440919
0.00440919
0.00440919
0.00440919
0.00440919
0.0267895
0.0267895
0.0267895
0.0267895
0.0267895
-0.169521
-0.169521
-0.169521
-0.169521
-0.169521
0.0869746
0.0869746
0.0869746
0.0869746
0.0869746
0.0396129
0.0396129
0.0396129
0.0396129
0.0396129
0.0839257
0.0839257
0.0839257
0.0839257
0.0839257
0.061683
0.061683
0.061683
0.061683
0.061683
-0.10561
-0.10561
-0.10561
-0.10561
-0.10561
-0.0698238
-0.0698238
-0.0698238
-0.0698238
-0.0698238
0.00563704
0.00563704
0.00563704
0.00563704
0.00563704
-0.0057943
-0.0057943
-0.0057943
-0.0057943
-0.0057943
0.112037
0.112037
0.112037
0.112037
0.112037
0.104684
0.104684
0.104684
0.104684
0.104684
0.141782
0.141782
0.141782
0.141782
0.141782
0.0588022
0.0588022
0.0588022
0.0588022
0.0588022
-0.0253892
-0.0253892
-0.0253892
-0.0253892
-0.0253892
-0.0582635
-0.0582635
-0.0582635
-0.0582635
-0.0582635
0.0136554
0.0136554
0.0136554
0.0136554
0.0136554
0.181461
0.181461
0.181461
0.181461
0.181461
-0.152063
-0.152063
-0.152063
-0.152063
-0.152063
0.0398347
0.0398347
0.0398347
0.0398347
0.0398347
-0.0386263
-0.0386263
-0.0386263
-0.0386263
-0.0386263
-0.111109
-0.111109
-0.111109
-0.111109
-0.111109
0.0938724
0.0938724
0.0938724
0.0938724
0.0938724
0.0945542
0.0945542
0.0945542
0.0945542
0.0945542
-0.0498363
-0.0498363
-0.0498363
-0.0498363
-0.0498363
0.172227
0.172227
0.172227
0.172227
0.172227
0.0960963
0.0960963
0.0960963
0.0960963
0.0960963
-0.190548
-0.190548
-0.190548
-0.190548
-0.190548
0.246796
0.246796
0.246796
0.246796
0.246796
-0.0959604
-0.0959604
-0.0959604
-0.0959604
-0.0959604
-0.0567988
-0.0567988
-0.0567988
-0.0567988
-0.0567988
-0.0640718
-0.0640718
-0.0640718
-0.0640718
-0.0640718
0.0106488
0.0106488
0.0106488
0.0106488
0.0106488
0.113761
0.113761
0.113761
0.113761
0.113761
-0.147561
-0.147561
-0.147561
-0.147561
-0.147561
0.123805
0.123805
0.123805
0.123805
0.123805
0.0423778
0.0423778
0.0423778
0.0423778
0.0423778
0.0796992
0.0796992
0.0796992
0.0796992
0.0796992
0.00612537
0.00612537
0.00612537
0.00612537
0.00612537
0.0125541
0.0125541
0.0125541
0.0125541
0.0125541
-0.13277
-0.13277
-0.13277
-0.13277
-0.13277
0.0674826
0.0674826
0.0674826
0.0674826
0.0674826
-0.0497573
-0.0497573
-0.0497573
-0.0497573
-0.0497573
-0.102025
-0.102025
-0.102025
-0.102025
-0.102025
-0.109281
-0.109281
-0.109281
-0.109281
-0.109281
-0.00698691
-0.00698691
-0.00698691
-0.00698691
-0.00698691
-0.00618773
-0.00618773
-0.00618773
-0.00618773
-0.00618773
0.00182977
0.00182977
0.00182977
0.00182977
0.00182977
0.00783288
0.00783288
0.00783288
0.00783288
0.00783288
-0.0901182
-0.0901182
-0.0901182
-0.0901182
-0.0901182
-0.119367
-0.119367
-0.119367
-0.119367
-0.119367
0.0820945
0.0820945
0.0820945
0.0820945
0.0820945
-0.0953392
-0.0953392
-0.0953392
-0.0953392
-0.0953392
0.0305242
0.0305242
0.0305242
0.0305242
0.0305242
0.135117
0.135117
0.135117
0.135117
0.135117
0.0231153
0.0231153
0.0231153
0.0231153
0.0231153
-0.0447307
-0.0447307
-0.0447307
-0.0447307
-0.0447307
0.13907
0.13907
0.13907
0.13907
0.13907
0.048912
0.048912
0.048912
0.048912
0.048912
-0.178989
-0.178989
-0.178989
-0.178989
-0.178989
0.144978
0.144978
0.144978
0.144978
0.144978
-0.0384189
-0.0384189
-0.0384189
-0.0384189
-0.0384189
-0.0781165
-0.0781165
-0.0781165
-0.0781165
-0.0781165
-0.00379093
-0.00379093
-0.00379093
-0.00379093
-0.00379093
-0.0866851
-0.0866851
-0.0866851
-0.0866851
-0.0866851
0.0869355
0.0869355
0.0869355
0.0869355
0.0869355
0.157315
0.157315
0.157315
0.157315
0.157315
0.125414
0.125414
0.125414
0.125414
0.125414
-0.0518682
-0.0518682
-0.0518682
-0.0518682
-0.0518682
0.152764
0.152764
0.152764
0.152764
0.152764
0.0158195
0.0158195
0.0158195
0.0158195
0.0158195
-0.110153
-0.110153
-0.110153
-0.110153
-0.110153
0.119219
0.119219
0.119219
0.119219
0.119219
-0.0902857
-0.0902857
-0.0902857
-0.0902857
-0.0902857
-0.0620132
-0.0620132
-0.0620132
-0.0620132
-0.0620132
0.028159
0.028159
0.028159
0.028159
0.028159
-0.0235172
-0.0235172
-0.0235172
-0.0235172
-0.0235172
0.0663731
0.0663731
0.0663731
0.0663731
0.0663731
-0.214539
-0.214539
-0.214539
-0.214539
-0.214539
-0.112394
-0.112394
-0.112394
-0.112394
-0.112394
-0.141787
-0.141787
-0.141787
-0.141787
-0.141787
-0.00078161
-0.00078161
-0.00078161
-0.00078161
-0.00078161
0.177127
0.177127
0.177127
0.177127
0.177127
-0.0298091
-0.0298091
-0.0298091
-0.0298091
-0.0298091
-0.00635256
-0.00635256
-0.00635256
-0.00635256
-0.00635256
-0.0967048
-0.0967048
-0.0967048
-0.0967048
-0.0967048
0.125818
0.125818
0.125818
0.125818
0.125818
-0.280564
-0.280564
-0.280564
-0.280564
-0.280564
0.0289813
0.0289813
0.0289813
0.0289813
0.0289813
-0.154354
-0.154354
-0.154354
-0.154354
-0.154354
0.109785
0.109785
0.109785
0.109785
0.109785
-0.120847
-0.120847
-0.120847
-0.120847
-0.120847
0.0776803
0.0776803
0.0776803
0.0776803
0.0776803
-0.226701
-0.226701
-0.226701
-0.226701
-0.226701
-0.0554251
-0.0554251
-0.0554251
-0.0554251
-0.0554251
-0.033445
-0.033445
-0.033445
-0.033445
-0.033445
0.0681015
0.0681015
0.0681015
0.0681015
0.0681015
-0.06695
-0.06695
-0.06695
-0.06695
-0.06695
-0.192426
0.0303314
0.0303314
0.0303314
0.0303314
0.0303314
0.0303314
-0.0615661
-0.0615661
-0.0615661
-0.0615661
-0.0615661
-0.01034
-0.01034
-0.01034
-0.01034
-0.01034
0.0675784
0.0675784
0.0675784
0.0675784
0.0675784
-0.177621
-0.177621
-0.177621
-0.177621
-0.177621
0.00187743
0.00187743
0.00187743
0.00187743
0.00187743
0.0540016
0.0540016
0.0540016
0.0540016
0.0540016
-0.153549
-0.153549
-0.153549
-0.153549
-0.153549
-0.0288908
-0.0288908
-0.0288908
-0.0288908
-0.0288908
-0.206361
-0.206361
-0.206361
-0.206361
-0.206361
-0.114722
-0.114722
-0.114722
-0.114722
-0.114722
-0.0470832
-0.0470832
-0.0470832
-0.0470832
-0.0470832
-0.124085
-0.124085
-0.124085
-0.124085
-0.124085
0.0883152
0.0883152
0.0883152
0.0883152
0.0883152
0.113685
0.113685
0.113685
0.113685
0.113685
0.0311864
0.0311864
0.0311864
0.0311864
0.0311864
0.080641
0.080641
0.080641
0.080641
0.080641
-0.0243727
-0.0243727
-0.0243727
-0.0243727
-0.0243727
0.328829
0.328829
0.328829
0.328829
0.328829
0.0102856
0.0102856
0.0102856
0.0102856
0.0102856
0.0539643
0.0539643
0.0539643
0.0539643
0.0539643
-0.0372569
-0.0372569
-0.0372569
-0.0372569
-0.0372569
0.0223177
0.0223177
0.0223177
0.0223177
0.0223177
0.0260551
0.0260551
0.0260551
0.0260551
0.0260551
-0.0566842
-0.0566842
-0.0566842
-0.0566842
-0.0566842
-0.0538105
-0.0538105
-0.0538105
-0.0538105
-0.0538105
0.0148165
0.0148165
0.0148165
0.0148165
0.0148165
-0.0122073
-0.0122073
-0.0122073
-0.0122073
-0.0122073
0.0254721
0.0254721
0.0254721
0.0254721
0.0254721
-0.00805966
-0.00805966
-0.00805966
-0.00805966
-0.00805966
0.0533779
0.0533779
0.0533779
0.0533779
0.0533779
-0.122945
-0.122945
-0.122945
-0.122945
-0.122945
0.00254686
0.00254686
0.00254686
0.00254686
0.00254686
0.164904
0.164904
0.164904
0.164904
0.164904
0.0512093
0.0512093
0.0512093
0.0512093
0.0512093
0.0837841
0.0837841
0.0837841
0.0837841
0.0837841
-0.128455
-0.128455
-0.128455
-0.128455
-0.128455
-0.209778
-0.209778
-0.209778
-0.209778
-0.209778
0.209556
0.209556
0.209556
0.209556
0.209556
-0.0296934
-0.0296934
-0.0296934
-0.0296934
-0.0296934
-0.250827
-0.250827
-0.250827
-0.250827
-0.250827
-0.593046
-0.593046
-0.593046
-0.593046
-0.593046
-0.732239
-0.732239
-0.732239
-0.732239
-0.732239
-0.407893
-0.407893
-0.407893
-0.407893
-0.407893
-0.422786
-0.422786
-0.422786
-0.422786
-0.422786
-0.561107
-0.561107
-0.561107
-0.561107
-0.561107
-0.589617
-0.589617
-0.589617
-0.589617
-0.589617
-0.48041
-0.48041
-0.48041
-0.48041
-0.48041
-0.218958
-0.218958
-0.218958
-0.218958
-0.218958
-0.26397
-0.26397
-0.26397
-0.26397
-0.26397
-0.256148
-0.256148
-0.256148
-0.256148
-0.256148
-0.299653
-0.299653
-0.299653
-0.299653
-0.299653
-0.234152
-0.234152
-0.234152
-0.234152
-0.234152
-0.164806
-0.164806
-0.164806
-0.164806
-0.164806
-0.0565044
-0.0565044
-0.0565044
-0.0565044
0.0186274
0.0186274
0.0186274
-0.450369
-0.450369
-0.450369
-0.450369
-0.450369
-0.211863
-0.211863
-0.211863
-0.211863
-0.211863
-0.0554342
-0.0554342
-0.0554342
-0.0554342
-0.0554342
-0.0856352
-0.0856352
-0.0856352
-0.0856352
-0.0856352
-0.215787
-0.215787
-0.215787
-0.215787
-0.215787
-0.206033
-0.206033
-0.206033
-0.206033
-0.206033
-0.0747586
-0.0747586
-0.0747586
-0.0747586
-0.0747586
-0.105786
-0.105786
-0.105786
-0.105786
-0.105786
-0.128716
-0.128716
-0.128716
-0.128716
-0.128716
-0.0713368
-0.0713368
-0.0713368
-0.0713368
-0.0713368
-0.0952324
-0.0952324
-0.0952324
-0.0952324
-0.0952324
-0.163042
-0.163042
-0.163042
-0.163042
-0.163042
-0.0546014
-0.0546014
-0.0546014
-0.0546014
-0.0546014
-0.162765
-0.162765
-0.162765
-0.162765
-0.162765
0.0306512
0.0306512
0.0306512
0.0306512
0.0306512
-0.00329471
-0.00329471
-0.00329471
-0.00329471
-0.00329471
0.0669022
0.0669022
0.0669022
0.0669022
0.0669022
0.0481911
0.0481911
0.0481911
0.0481911
0.0481911
-0.0386336
-0.0386336
-0.0386336
-0.0386336
-0.0386336
-0.0767144
-0.0767144
-0.0767144
-0.0767144
-0.0767144
-0.0833586
-0.0833586
-0.0833586
-0.0833586
-0.0833586
-0.0712993
-0.0712993
-0.0712993
-0.0712993
-0.0712993
0.105485
0.105485
0.105485
0.105485
0.105485
-0.129745
-0.129745
-0.129745
-0.129745
-0.129745
-0.0357634
-0.0357634
-0.0357634
-0.0357634
-0.0357634
-0.0253401
-0.0253401
-0.0253401
-0.0253401
-0.0253401
0.0691499
0.0691499
0.0691499
0.0691499
0.0691499
0.0468856
0.0468856
0.0468856
0.0468856
0.0468856
0.170478
0.170478
0.170478
0.170478
0.170478
-0.170551
-0.170551
-0.170551
-0.170551
-0.170551
-0.0382794
-0.0382794
-0.0382794
-0.0382794
-0.0382794
-0.0780319
-0.0780319
-0.0780319
-0.0780319
-0.0780319
-0.0600564
-0.0600564
-0.0600564
-0.0600564
-0.0600564
0.131782
0.131782
0.131782
0.131782
0.131782
0.0492897
0.0492897
0.0492897
0.0492897
0.0492897
0.0628935
0.0628935
0.0628935
0.0628935
0.0628935
-0.147081
-0.147081
-0.147081
-0.147081
-0.147081
0.0689756
0.0689756
0.0689756
0.0689756
0.0689756
-0.0693257
-0.0693257
-0.0693257
-0.0693257
-0.0693257
0.0907509
0.0907509
0.0907509
0.0907509
0.0907509
0.0515098
0.0515098
0.0515098
0.0515098
0.0515098
0.0649499
0.0649499
0.0649499
0.0649499
0.0649499
-0.0290003
-0.0290003
-0.0290003
-0.0290003
-0.0290003
0.0849784
0.0849784
0.0849784
0.0849784
0.0849784
-0.0638967
-0.0638967
-0.0638967
-0.0638967
-0.0638967
0.053911
0.053911
0.053911
0.053911
0.053911
0.164224
0.164224
0.164224
0.164224
0.164224
0.0405646
0.0405646
0.0405646
0.0405646
0.0405646
0.0321007
0.0321007
0.0321007
0.0321007
0.0321007
0.0542156
0.0542156
0.0542156
0.0542156
0.0542156
0.0770883
0.0770883
0.0770883
0.0770883
0.0770883
0.00294411
0.00294411
0.00294411
0.00294411
0.00294411
-0.0437425
-0.0437425
-0.0437425
-0.0437425
-0.0437425
-0.0378568
-0.0378568
-0.0378568
-0.0378568
-0.0378568
0.0214948
0.0214948
0.0214948
0.0214948
0.0214948
0.12754
0.12754
0.12754
0.12754
0.12754
0.00266684
0.00266684
0.00266684
0.00266684
0.00266684
-0.0362244
-0.0362244
-0.0362244
-0.0362244
-0.0362244
-0.125478
-0.125478
-0.125478
-0.125478
-0.125478
-0.159664
-0.159664
-0.159664
-0.159664
-0.159664
0.0950499
0.0950499
0.0950499
0.0950499
0.0950499
0.0499105
0.0499105
0.0499105
0.0499105
0.0499105
-0.0443767
-0.0443767
-0.0443767
-0.0443767
-0.0443767
-0.0381636
-0.0381636
-0.0381636
-0.0381636
-0.0381636
0.049646
0.049646
0.049646
0.049646
0.049646
-0.0417873
-0.0417873
-0.0417873
-0.0417873
-0.0417873
-0.0209107
-0.0209107
-0.0209107
-0.0209107
-0.0209107
-0.0927982
-0.0927982
-0.0927982
-0.0927982
-0.0927982
0.050936
0.050936
0.050936
0.050936
0.050936
0.166104
0.166104
0.166104
0.166104
0.166104
0.0495033
0.0495033
0.0495033
0.0495033
0.0495033
0.231157
0.231157
0.231157
0.231157
0.231157
-0.0604284
-0.0604284
-0.0604284
-0.0604284
-0.0604284
-0.00653544
-0.00653544
-0.00653544
-0.00653544
-0.00653544
-0.00401698
-0.00401698
-0.00401698
-0.00401698
-0.00401698
-0.232241
-0.232241
-0.232241
-0.232241
-0.232241
-0.0546994
-0.0546994
-0.0546994
-0.0546994
-0.0546994
-0.0677533
-0.0677533
-0.0677533
-0.0677533
-0.0677533
0.0790908
0.0790908
0.0790908
0.0790908
0.0790908
0.133561
0.133561
0.133561
0.133561
0.133561
0.00588922
0.00588922
0.00588922
0.00588922
0.00588922
-0.176264
-0.176264
-0.176264
-0.176264
-0.176264
0.0232042
0.0232042
0.0232042
0.0232042
0.0232042
0.0981749
0.0981749
0.0981749
0.0981749
0.0981749
0.0729895
0.0729895
0.0729895
0.0729895
0.0729895
-0.0850666
-0.0850666
-0.0850666
-0.0850666
-0.0850666
-0.0232677
-0.0232677
-0.0232677
-0.0232677
-0.0232677
-0.0633398
-0.0633398
-0.0633398
-0.0633398
-0.0633398
-0.0291796
-0.0291796
-0.0291796
-0.0291796
-0.0291796
-0.189567
-0.189567
-0.189567
-0.189567
-0.189567
-0.0371518
-0.0371518
-0.0371518
-0.0371518
-0.0371518
-0.0717862
-0.0717862
-0.0717862
-0.0717862
-0.0717862
-0.070145
-0.070145
-0.070145
-0.070145
-0.070145
0.078259
0.078259
0.078259
0.078259
0.078259
0.120231
0.120231
0.120231
0.120231
0.120231
-0.0626432
-0.0626432
-0.0626432
-0.0626432
-0.0626432
0.086323
0.086323
0.086323
0.086323
0.086323
0.161319
0.161319
0.161319
0.161319
0.161319
-0.0268254
-0.0268254
-0.0268254
-0.0268254
-0.0268254
-0.139032
-0.139032
-0.139032
-0.139032
-0.139032
0.0262758
0.0262758
0.0262758
0.0262758
0.0262758
0.130023
0.130023
0.130023
0.130023
0.130023
-0.0868556
-0.0868556
-0.0868556
-0.0868556
-0.0868556
-0.0183834
-0.0183834
-0.0183834
-0.0183834
-0.0183834
0.0946781
0.0946781
0.0946781
0.0946781
0.0946781
-0.142791
-0.142791
-0.142791
-0.142791
-0.142791
-0.0913593
-0.0913593
-0.0913593
-0.0913593
-0.0913593
0.00998924
0.00998924
0.00998924
0.00998924
0.00998924
0.102872
0.102872
0.102872
0.102872
0.102872
0.0534906
0.0534906
0.0534906
0.0534906
0.0534906
-0.0313782
-0.0313782
-0.0313782
-0.0313782
-0.0313782
-0.0552417
-0.0552417
-0.0552417
-0.0552417
-0.0552417
0.0940436
0.0940436
0.0940436
0.0940436
0.0940436
-0.0907356
-0.0907356
-0.0907356
-0.0907356
-0.0907356
-0.132972
-0.132972
-0.132972
-0.132972
-0.132972
0.0122331
0.0122331
0.0122331
0.0122331
0.0122331
0.0626724
0.0626724
0.0626724
0.0626724
0.0626724
0.0363286
0.0363286
0.0363286
-0.213883
-0.213883
-0.213883
-0.213883
-0.24012
-0.24012
-0.24012
-0.24012
-0.24012
-0.055355
-0.055355
-0.055355
-0.055355
-0.055355
0.0654146
0.0654146
0.0654146
0.0654146
0.0654146
0.168747
0.168747
0.168747
0.168747
0.168747
0.112015
0.112015
0.112015
0.112015
0.112015
-0.0827851
-0.0827851
-0.0827851
-0.0827851
-0.0827851
0.0608822
0.0608822
0.0608822
0.0608822
0.0608822
0.136793
0.136793
0.136793
0.136793
0.136793
-0.133791
-0.133791
-0.133791
-0.133791
-0.133791
-0.0974393
-0.0974393
-0.0974393
-0.0974393
-0.0974393
-0.0283582
-0.0283582
-0.0283582
-0.0283582
-0.0283582
-0.00438232
-0.00438232
-0.00438232
-0.00438232
-0.00438232
-0.0813287
-0.0813287
-0.0813287
-0.0813287
-0.0813287
0.198097
0.198097
0.198097
0.198097
0.198097
-0.0868871
-0.0868871
-0.0868871
-0.0868871
-0.0868871
-0.144921
-0.144921
-0.144921
-0.144921
-0.144921
0.216496
0.216496
0.216496
0.216496
0.216496
0.102077
0.102077
0.102077
0.102077
0.102077
-0.00818581
-0.00818581
-0.00818581
-0.00818581
-0.00818581
-0.0178593
-0.0178593
-0.0178593
-0.0178593
-0.0178593
0.0353579
0.0353579
0.0353579
0.0353579
0.0353579
-0.15339
-0.15339
-0.15339
-0.15339
-0.15339
0.00646274
0.00646274
0.00646274
0.00646274
0.00646274
-0.0712377
-0.0712377
-0.0712377
-0.0712377
-0.0712377
-0.0694077
-0.0694077
-0.0694077
-0.0694077
-0.0694077
-0.0944507
-0.0944507
-0.0944507
-0.0944507
-0.0944507
0.0504434
0.0504434
0.0504434
0.0504434
0.0504434
-0.0363006
-0.0363006
-0.0363006
-0.0363006
-0.0363006
-0.0522497
-0.0522497
-0.0522497
-0.0522497
-0.0522497
0.0784131
0.0784131
0.0784131
0.0784131
0.0784131
0.0673525
0.0673525
0.0673525
0.0673525
0.0673525
0.0910981
0.0910981
0.0910981
0.0910981
0.0910981
-0.131431
-0.131431
-0.131431
-0.131431
-0.131431
-0.128882
-0.128882
-0.128882
-0.128882
-0.128882
-0.0339568
-0.0339568
-0.0339568
-0.0339568
-0.0339568
0.118364
0.118364
0.118364
0.118364
0.118364
-0.13791
-0.13791
-0.13791
-0.13791
-0.13791
-0.0294382
-0.0294382
-0.0294382
-0.0294382
-0.0294382
-0.16726
-0.16726
-0.16726
-0.16726
-0.16726
0.0705771
0.0705771
0.0705771
0.0705771
0.0705771
0.020643
0.020643
0.020643
0.020643
0.020643
0.218816
0.218816
0.218816
0.218816
0.218816
0.105115
0.105115
0.105115
0.105115
0.105115
-0.049565
-0.049565
-0.049565
-0.049565
-0.049565
-0.0942071
-0.0942071
-0.0942071
-0.0942071
-0.0942071
-0.101942
-0.101942
-0.101942
-0.101942
-0.101942
-0.0156275
-0.0156275
-0.0156275
-0.0156275
-0.0156275
0.194012
0.194012
0.194012
0.194012
0.194012
-0.162892
-0.162892
-0.162892
-0.162892
-0.162892
0.0770689
0.0770689
0.0770689
0.0770689
0.0770689
-0.0487542
-0.0487542
-0.0487542
-0.0487542
-0.0487542
-0.0531016
-0.0531016
-0.0531016
-0.0531016
-0.0531016
-0.0815842
-0.0815842
-0.0815842
-0.0815842
-0.0815842
-0.167653
-0.167653
-0.167653
-0.167653
-0.167653
-0.0374121
-0.0374121
-0.0374121
-0.0374121
-0.0374121
-0.0229745
-0.0229745
-0.0229745
-0.0229745
-0.0229745
-0.0531755
-0.0531755
-0.0531755
-0.0531755
-0.0531755
-0.0343135
-0.0343135
-0.0343135
-0.0343135
-0.0343135
0.076571
0.076571
0.076571
0.076571
0.076571
-0.0627807
-0.0627807
-0.0627807
-0.0627807
-0.0627807
-0.11223
-0.11223
-0.11223
-0.11223
-0.11223
0.0858877
0.0858877
0.0858877
0.0858877
0.0858877
0.0294728
0.0294728
0.0294728
0.0294728
0.0294728
0.0657034
0.0657034
0.0657034
0.0657034
0.0657034
0.0149138
0.0149138
0.0149138
0.0149138
0.0149138
-0.108985
-0.108985
-0.108985
-0.108985
-0.108985
0.0606935
0.0606935
0.0606935
0.0606935
0.0606935
0.088396
0.088396
0.088396
0.088396
0.088396
0.0821802
0.0821802
0.0821802
0.0821802
0.0821802
0.120369
0.120369
0.120369
0.120369
0.120369
-0.108317
-0.108317
-0.108317
-0.108317
-0.108317
0.0944217
0.0944217
0.0944217
0.0944217
0.0944217
0.209277
0.209277
0.209277
0.209277
0.209277
-0.0263646
-0.0263646
-0.0263646
-0.0263646
-0.0263646
0.0478162
0.0478162
0.0478162
0.0478162
0.0478162
0.021589
0.021589
0.021589
0.021589
0.021589
-0.197717
-0.197717
-0.197717
-0.197717
-0.197717
0.0458526
0.0458526
0.0458526
0.0458526
0.0458526
-0.169509
-0.169509
-0.169509
-0.169509
-0.169509
0.0152939
0.0152939
0.0152939
0.0152939
0.0152939
-0.0457389
-0.0457389
-0.0457389
-0.0457389
-0.0457389
-0.0935082
-0.0935082
-0.0935082
-0.0935082
-0.0935082
0.0952537
0.0952537
0.0952537
0.0952537
0.0952537
-0.114546
-0.114546
-0.114546
-0.114546
-0.114546
0.0491773
0.0491773
0.0491773
0.0491773
0.0491773
-0.107809
-0.107809
-0.107809
-0.107809
-0.107809
0.0399111
0.0399111
0.0399111
0.0399111
0.0399111
0.0327691
0.0327691
0.0327691
0.0327691
0.0327691
-0.101808
-0.101808
-0.101808
-0.101808
-0.101808
-0.15609
-0.15609
-0.15609
-0.15609
-0.15609
-0.0279974
-0.0279974
-0.0279974
-0.0279974
-0.0279974
0.06137
0.06137
0.06137
0.06137
0.06137
0.107291
0.107291
0.107291
0.107291
0.107291
0.0537859
0.0537859
0.0537859
0.0537859
0.0537859
0.0192066
0.0192066
0.0192066
0.0192066
0.0192066
0.0933975
0.0933975
0.0933975
0.0933975
0.0933975
0.134688
0.134688
0.134688
0.134688
0.134688
-0.02003
-0.02003
-0.02003
-0.02003
-0.02003
-0.11491
-0.11491
-0.11491
-0.11491
-0.11491
0.104622
0.104622
0.104622
0.104622
0.104622
0.0629613
0.0629613
0.0629613
0.0629613
0.0629613
0.194085
0.194085
0.194085
0.194085
0.194085
0.0372743
0.0372743
0.0372743
0.0372743
0.0372743
0.154924
0.154924
0.154924
0.154924
0.154924
0.232543
0.232543
0.232543
0.232543
0.232543
-0.0415378
-0.0415378
-0.0415378
-0.0415378
-0.0415378
-0.0686323
-0.0686323
-0.0686323
-0.0686323
-0.0686323
0.0809527
0.0809527
0.0809527
0.0809527
0.0809527
-0.101533
-0.101533
-0.101533
-0.101533
-0.101533
0.188539
0.188539
0.188539
0.188539
0.188539
-0.0815488
-0.0815488
-0.0815488
-0.0815488
-0.0815488
-0.0598654
-0.0598654
-0.0598654
-0.0598654
-0.0598654
-0.0672761
-0.0672761
-0.0672761
-0.0672761
-0.0672761
-0.0421877
-0.0421877
-0.0421877
-0.0421877
-0.0421877
0.0947983
0.0947983
0.0947983
0.0947983
0.0947983
-0.0705056
-0.0705056
-0.0705056
-0.0705056
-0.0705056
-0.0832954
-0.0832954
-0.0832954
-0.0832954
-0.0832954
0.123934
0.123934
0.123934
0.123934
0.123934
0.0843491
0.0843491
0.0843491
0.0843491
0.0843491
-0.156226
-0.156226
-0.156226
-0.156226
-0.156226
-0.0804808
-0.0804808
-0.0804808
-0.0804808
-0.0804808
0.0385094
0.0385094
0.0385094
0.0385094
0.0385094
0.0713139
0.0713139
0.0713139
0.0713139
0.0713139
0.210055
0.210055
0.210055
0.210055
0.210055
-0.0471444
-0.0471444
-0.0471444
-0.0471444
-0.0471444
-0.0993391
-0.0993391
-0.0993391
-0.0993391
-0.0993391
0.00768342
0.00768342
0.00768342
0.00768342
0.00768342
0.0801274
0.0801274
0.0801274
0.0801274
0.0801274
-0.0875928
-0.0875928
-0.0875928
-0.0875928
-0.0875928
0.0599867
0.0599867
0.0599867
0.0599867
0.0599867
0.145987
0.145987
0.145987
0.145987
0.145987
0.151716
0.151716
0.151716
0.151716
0.151716
0.0843908
0.0843908
0.0843908
0.0843908
0.0843908
0.0651831
0.0651831
0.0651831
0.0651831
0.0651831
-0.0687146
-0.0687146
-0.0687146
-0.0687146
-0.0687146
0.0575994
0.0575994
0.0575994
0.0575994
0.0575994
-0.0543859
-0.0543859
-0.0543859
-0.0543859
-0.0543859
0.19845
0.19845
0.19845
0.19845
0.19845
-0.0515502
-0.0515502
-0.0515502
-0.0515502
-0.0515502
-0.0655733
-0.0655733
-0.0655733
-0.0655733
-0.0655733
-0.00988568
-0.00988568
-0.00988568
-0.00988568
-0.00988568
-0.155381
-0.155381
-0.155381
-0.155381
-0.155381
0.0792013
0.0792013
0.0792013
0.0792013
0.0792013
-0.0916596
-0.0916596
-0.0916596
-0.0916596
-0.0916596
-0.0417577
-0.0417577
-0.0417577
-0.0417577
-0.0417577
-0.133663
-0.133663
-0.133663
-0.133663
-0.133663
0.245404
0.245404
-0.0495034
-0.0495034
-0.0495034
-0.0495034
-0.0495034
0.0822202
0.0822202
0.0822202
0.0822202
0.0822202
-0.0381895
-0.0381895
-0.0381895
-0.0381895
-0.0381895
-0.0113811
-0.0113811
-0.0113811
-0.0113811
-0.0113811
0.0188129
0.0188129
0.0188129
0.0188129
0.0188129
0.094714
0.094714
0.094714
0.094714
0.094714
-0.0184453
-0.0184453
-0.0184453
-0.0184453
-0.0184453
0.01885
0.01885
0.01885
0.01885
0.01885
-0.114179
-0.114179
-0.114179
-0.114179
-0.114179
-0.279541
-0.279541
-0.279541
-0.279541
-0.279541
-0.0244544
-0.0244544
-0.0244544
-0.0244544
-0.0244544
0.0771626
0.0771626
0.0771626
0.0771626
0.0771626
-0.0514521
-0.0514521
-0.0514521
-0.0514521
-0.0514521
0.162638
0.162638
0.162638
0.162638
0.162638
-0.0243551
-0.0243551
-0.0243551
-0.0243551
-0.0243551
-0.0766543
-0.0766543
-0.0766543
-0.0766543
-0.0766543
0.0863439
0.0863439
0.0863439
0.0863439
0.0863439
-0.0745194
-0.0745194
-0.0745194
-0.0745194
-0.0745194
0.0014191
0.0014191
0.0014191
0.0014191
0.0014191
-0.145622
-0.145622
-0.145622
-0.145622
-0.145622
0.228659
0.228659
0.228659
0.228659
0.228659
-0.0267623
-0.0267623
-0.0267623
-0.0267623
-0.0267623
0.0890697
0.0890697
0.0890697
0.0890697
0.0890697
0.262444
0.262444
0.262444
0.262444
0.262444
0.24554
0.24554
0.24554
0.24554
0.24554
-0.0383138
-0.0383138
-0.0383138
-0.0383138
-0.0383138
0.0573511
0.0573511
0.0573511
0.0573511
0.0573511
0.0703578
0.0703578
0.0703578
0.0703578
0.0703578
-0.175255
-0.175255
-0.175255
-0.175255
-0.175255
0.0139561
0.0139561
0.0139561
0.0139561
0.0139561
0.0983283
0.0983283
0.0983283
0.0983283
0.0983283
0.156469
0.156469
0.156469
0.156469
0.156469
-0.0125024
-0.0125024
-0.0125024
-0.0125024
-0.0125024
0.0492418
0.0492418
0.0492418
0.0492418
0.0492418
0.201996
0.201996
0.201996
0.201996
0.201996
0.0501333
0.0501333
0.0501333
0.0501333
0.0501333
-0.0514162
-0.0514162
-0.0514162
-0.0514162
-0.0514162
0.233453
0.233453
0.233453
0.233453
0.233453
0.0180133
0.0180133
0.0180133
0.0180133
0.0180133
-0.039226
-0.039226
-0.039226
-0.039226
-0.039226
-0.0388948
-0.0388948
-0.0388948
-0.0388948
-0.0388948
0.0331693
0.0331693
0.0331693
0.0331693
0.0331693
0.0602707
0.0602707
0.0602707
0.0602707
0.0602707
0.0315579
0.0315579
0.0315579
0.0315579
0.0315579
-0.0146326
-0.0146326
-0.0146326
-0.0146326
-0.0146326
0.165577
0.165577
0.165577
0.165577
0.165577
0.0596653
0.0596653
0.0596653
0.0596653
0.0596653
0.0205136
0.0205136
0.0205136
0.0205136
0.0205136
0.138188
0.138188
0.138188
0.138188
0.138188
0.203768
0.203768
0.203768
0.203768
0.203768
0.0688811
0.0688811
0.0688811
0.0688811
0.0688811
0.174312
0.174312
0.174312
0.174312
0.174312
0.0230999
0.0230999
0.0230999
0.0230999
0.0230999
0.11837
0.11837
0.11837
0.11837
0.11837
0.0892748
0.0892748
0.0892748
0.0892748
0.0892748
0.0201371
0.0201371
0.0201371
0.0201371
0.0201371
0.0145554
0.0145554
0.0145554
0.0145554
0.0145554
0.169643
0.169643
0.169643
0.169643
0.169643
0.0641115
0.0641115
0.0641115
0.0641115
0.0641115
0.0619774
0.0619774
0.0619774
0.0619774
0.0619774
-0.160328
-0.160328
-0.160328
-0.160328
-0.160328
-0.0338098
-0.0338098
-0.0338098
-0.0338098
-0.0338098
0.0570705
0.0570705
0.0570705
0.0570705
0.0570705
0.0515133
-0.350582
-0.350582
-0.350582
-0.350582
-0.350582
-0.0363713
-0.0363713
-0.0363713
-0.0363713
-0.0363713
-0.160198
-0.160198
-0.160198
-0.160198
-0.160198
0.116081
0.116081
0.116081
0.116081
0.116081
-0.114042
-0.114042
-0.114042
-0.114042
-0.114042
-0.132225
-0.132225
-0.132225
-0.132225
-0.132225
-0.0779358
-0.0779358
-0.0779358
-0.0779358
-0.0779358
-0.0550386
-0.0550386
-0.0550386
-0.0550386
