0.526146
0.526146
0.526146
0.526146
0.5209
0.5209
0.5209
0.5209
0.5209
0.399036
0.399036
0.23938
0.23938
0.23938
0.23938
0.23938
0.101805
0.101805
0.101805
0.101805
0.101805
-0.0117785
-0.0117785
-0.0117785
-0.0117785
-0.0117785
0.25984
0.25984
0.25984
0.25984
0.25984
0.0378379
0.0378379
0.0378379
0.0378379
0.0378379
0.0977002
0.0977002
0.0977002
0.0977002
0.0977002
0.150369
0.150369
0.150369
0.150369
0.150369
-0.0339564
-0.0339564
-0.0339564
-0.0339564
-0.0339564
0.155846
0.155846
0.155846
0.155846
0.155846
0.0393042
0.0393042
0.0393042
0.0393042
0.0393042
-0.160252
-0.160252
-0.160252
-0.160252
-0.160252
0.133148
0.133148
0.133148
0.133148
0.133148
0.0603429
0.0603429
0.0603429
0.0603429
0.0603429
-0.0743964
-0.0743964
-0.0743964
-0.0743964
-0.0743964
0.0521289
0.0521289
0.0521289
0.0521289
0.0521289
-0.0199277
-0.0199277
-0.0199277
-0.0199277
-0.0199277
-0.18299
-0.18299
-0.18299
-0.18299
-0.18299
-0.121459
-0.121459
-0.121459
-0.121459
-0.121459
0.0756325
0.0756325
0.0756325
0.0756325
0.0756325
0.187563
0.187563
0.187563
0.187563
0.187563
0.0827776
0.0827776
0.0827776
0.0827776
0.0827776
-0.105318
-0.105318
-0.105318
-0.105318
-0.105318
0.0101475
0.0101475
0.0101475
0.0101475
0.0101475
-0.0184838
-0.0184838
-0.0184838
-0.0184838
-0.0184838
0.00310626
0.00310626
0.00310626
0.00310626
0.00310626
0.0912933
0.0912933
0.0912933
0.0912933
0.0912933
0.105635
0.105635
0.105635
0.105635
0.105635
0.0533974
0.0533974
0.0533974
0.0533974
0.0533974
0.0627977
0.0627977
0.0627977
0.0627977
0.0627977
-0.0877338
-0.0877338
-0.0877338
-0.0877338
-0.0877338
-0.19942
-0.19942
-0.19942
-0.19942
-0.19942
-0.0487558
-0.0487558
-0.0487558
-0.0487558
-0.0487558
-0.00166886
-0.00166886
-0.00166886
-0.00166886
-0.00166886
0.0937739
0.0937739
0.0937739
0.0937739
0.0937739
-0.0517459
-0.0517459
-0.0517459
-0.0517459
-0.0517459
0.198309
0.198309
0.198309
0.198309
0.198309
0.00178523
0.00178523
0.00178523
0.00178523
0.00178523
-0.147541
-0.147541
-0.147541
-0.147541
-0.147541
0.116688
0.116688
0.116688
0.116688
0.116688
-0.00338944
-0.00338944
-0.00338944
-0.00338944
-0.00338944
-0.0578494
-0.0578494
-0.0578494
-0.0578494
-0.0578494
-0.16252
-0.16252
-0.16252
-0.16252
-0.16252
0.160111
0.160111
0.160111
0.160111
0.160111
-0.0255337
-0.0255337
-0.0255337
-0.0255337
-0.0255337
-0.249168
-0.249168
-0.249168
-0.249168
-0.249168
0.194058
0.194058
0.194058
0.194058
0.194058
0.00952352
0.00952352
0.00952352
0.00952352
0.00952352
0.075407
0.075407
0.075407
0.075407
0.075407
-0.047177
-0.047177
-0.047177
-0.047177
-0.047177
0.0357424
0.0357424
0.0357424
0.0357424
0.0357424
0.126843
0.126843
0.126843
0.126843
0.126843
0.128684
0.128684
0.128684
0.128684
0.128684
-0.00366431
-0.00366431
-0.00366431
-0.00366431
-0.00366431
0.00846954
0.00846954
0.00846954
0.00846954
0.00846954
-0.161971
-0.161971
-0.161971
-0.161971
-0.161971
-0.0387057
-0.0387057
-0.0387057
-0.0387057
-0.0387057
0.184337
0.184337
0.184337
0.184337
0.184337
0.0027306
0.0027306
0.0027306
0.0027306
0.0027306
0.0828886
0.0828886
0.0828886
0.0828886
0.0828886
0.0971915
0.0971915
0.0971915
0.0971915
0.0971915
0.144562
0.144562
0.144562
0.144562
0.144562
-0.0555532
-0.0555532
-0.0555532
-0.0555532
-0.0555532
0.0531889
0.0531889
0.0531889
0.0531889
0.0531889
-0.172559
-0.172559
-0.172559
-0.172559
-0.172559
0.161367
0.161367
0.161367
0.161367
0.161367
-0.00202771
-0.00202771
-0.00202771
-0.00202771
-0.00202771
-0.00953325
-0.00953325
-0.00953325
-0.00953325
-0.00953325
0.0566627
0.0566627
0.0566627
0.0566627
0.0566627
0.108601
0.108601
0.108601
0.108601
0.108601
0.026187
0.026187
0.026187
0.026187
0.026187
-0.164579
-0.164579
-0.164579
-0.164579
-0.164579
0.206532
0.206532
0.206532
0.206532
0.206532
-0.0567413
-0.0567413
-0.0567413
-0.0567413
-0.0567413
-0.116266
-0.116266
-0.116266
-0.116266
-0.116266
-0.0010681
-0.0010681
-0.0010681
-0.0010681
-0.0010681
0.141266
0.141266
0.141266
0.141266
0.141266
0.15031
0.15031
0.15031
0.15031
0.15031
-0.0456091
-0.0456091
-0.0456091
-0.0456091
-0.0802836
-0.0802836
-0.0802836
-0.000465584
-0.000465584
-0.000465584
-0.000465584
-0.000465584
0.12154
0.12154
0.12154
0.12154
0.12154
0.024846
0.024846
0.024846
0.024846
0.024846
0.0874836
0.0874836
0.0874836
0.0874836
0.0874836
-0.111961
-0.111961
-0.111961
-0.111961
-0.111961
0.176651
0.176651
0.176651
0.176651
0.176651
-0.0314751
-0.0314751
-0.0314751
-0.0314751
-0.0314751
-0.0593936
-0.0593936
-0.0593936
-0.0593936
-0.0593936
-0.0131685
-0.0131685
-0.0131685
-0.0131685
-0.0131685
-0.0914689
-0.0914689
-0.0914689
-0.0914689
-0.0914689
-0.0388995
-0.0388995
-0.0388995
-0.0388995
-0.0388995
-0.158865
-0.158865
-0.158865
-0.158865
-0.158865
0.0746717
0.0746717
0.0746717
0.0746717
0.0746717
0.0807603
0.0807603
0.0807603
0.0807603
0.0807603
-0.0967885
-0.0967885
-0.0967885
-0.0967885
-0.0967885
-0.0673733
-0.0673733
-0.0673733
-0.0673733
-0.0673733
0.193095
0.193095
0.193095
0.193095
0.193095
-0.081075
-0.081075
-0.081075
-0.081075
-0.081075
0.079457
0.079457
0.079457
0.079457
0.079457
0.00345184
0.00345184
0.00345184
0.00345184
0.00345184
0.115494
0.115494
0.115494
0.115494
0.115494
-0.0408071
-0.0408071
-0.0408071
-0.0408071
-0.0408071
0.105927
0.105927
0.105927
0.105927
0.105927
0.132602
0.132602
0.132602
0.132602
0.132602
0.0995858
0.0995858
0.0995858
0.0995858
0.0995858
0.108884
0.108884
0.108884
0.108884
0.108884
-0.1525
-0.1525
-0.1525
-0.1525
-0.1525
-0.193041
-0.193041
-0.193041
-0.193041
-0.193041
0.100999
0.100999
0.100999
0.100999
0.100999
-0.097637
-0.097637
-0.097637
-0.097637
-0.097637
0.0318836
0.0318836
0.0318836
0.0318836
0.0318836
-0.122991
-0.122991
-0.122991
-0.122991
-0.122991
-0.0438223
-0.0438223
-0.0438223
-0.0438223
-0.0438223
0.036627
0.036627
0.036627
0.036627
0.036627
-0.0311523
-0.0311523
-0.0311523
-0.0311523
-0.0311523
0.0322581
0.0322581
0.0322581
0.0322581
0.0322581
-0.0346837
-0.0346837
-0.0346837
-0.0346837
-0.0346837
-0.0442382
-0.0442382
-0.0442382
-0.0442382
-0.0442382
-0.0173328
-0.0173328
-0.0173328
-0.0173328
-0.0173328
-0.0828347
-0.0828347
-0.0828347
-0.0828347
-0.0828347
-0.0199578
-0.0199578
-0.0199578
-0.0199578
-0.0199578
-0.0981649
-0.0981649
-0.0981649
-0.0981649
-0.0981649
0.0374781
0.0374781
0.0374781
0.0374781
0.0374781
-0.0174858
-0.0174858
-0.0174858
-0.0174858
-0.0174858
0.0646673
0.0646673
0.0646673
0.0646673
0.0646673
0.0608482
0.0608482
0.0608482
0.0608482
0.0608482
-0.0152531
-0.0152531
-0.0152531
-0.0152531
-0.0152531
0.134094
0.134094
0.134094
0.134094
0.134094
-0.0743799
-0.0743799
-0.0743799
-0.0743799
-0.0743799
-0.0688435
-0.0688435
-0.0688435
-0.0688435
-0.0688435
0.0163149
0.0163149
0.0163149
0.0163149
0.0163149
-0.0145986
-0.0145986
-0.0145986
-0.0145986
-0.0145986
0.0128639
0.0128639
0.0128639
0.0128639
0.0128639
0.0227287
0.0227287
0.0227287
0.0227287
0.0227287
-0.0834886
-0.0834886
-0.0834886
-0.0834886
-0.0834886
-0.0418344
-0.0418344
-0.0418344
-0.0418344
-0.0418344
-0.0217982
-0.0217982
-0.0217982
-0.0217982
-0.0217982
0.0182178
0.0182178
0.0182178
0.0182178
0.0182178
-0.0345038
-0.0345038
-0.0345038
-0.0345038
-0.0345038
-0.037679
-0.037679
-0.037679
-0.037679
-0.037679
0.0220711
0.0220711
0.0220711
-0.0439896
-0.0439896
-0.0439896
-0.0439896
0.087154
0.087154
0.087154
0.087154
0.087154
-0.0444235
-0.0444235
-0.0444235
-0.0444235
-0.0444235
0.0624663
0.0624663
0.0624663
0.0624663
0.0624663
-0.125175
-0.125175
-0.125175
-0.125175
-0.125175
0.171743
0.171743
0.171743
0.171743
0.171743
-0.112721
-0.112721
-0.112721
-0.112721
-0.112721
-0.0347095
-0.0347095
-0.0347095
-0.0347095
-0.0347095
-0.0519594
-0.0519594
-0.0519594
-0.0519594
-0.0519594
-0.0428815
-0.0428815
-0.0428815
-0.0428815
-0.0428815
0.0741522
0.0741522
0.0741522
0.0741522
0.0741522
-0.159007
-0.159007
-0.159007
-0.159007
-0.159007
-0.145659
-0.145659
-0.145659
-0.145659
-0.145659
0.102652
0.102652
0.102652
0.102652
0.102652
-0.014313
-0.014313
-0.014313
-0.014313
-0.014313
0.0422402
0.0422402
0.0422402
0.0422402
0.0422402
-0.0966501
-0.0966501
-0.0966501
-0.0966501
-0.0966501
0.0214739
0.0214739
0.0214739
0.0214739
0.0214739
0.10632
0.10632
0.10632
0.10632
0.10632
-0.0152265
-0.0152265
-0.0152265
-0.0152265
-0.0152265
-0.00674188
-0.00674188
-0.00674188
-0.00674188
-0.00674188
-0.010234
-0.010234
-0.010234
-0.010234
-0.010234
0.105526
0.105526
0.105526
0.105526
0.105526
-0.0103514
-0.0103514
-0.0103514
-0.0103514
-0.0103514
-0.0231663
-0.0231663
-0.0231663
-0.0231663
-0.0231663
-0.048389
-0.048389
-0.048389
-0.048389
-0.048389
0.0643077
0.0643077
0.0643077
0.0643077
0.0643077
-0.0457674
-0.0457674
-0.0457674
-0.0457674
-0.0457674
-0.0553306
-0.0553306
-0.0553306
-0.0553306
-0.0553306
-0.0622048
-0.0622048
-0.0622048
-0.0622048
-0.0622048
0.0750223
0.0750223
0.0750223
0.0750223
0.0750223
-0.0100951
-0.0100951
-0.0100951
-0.0100951
-0.0100951
-0.0255359
-0.0255359
-0.0255359
-0.0255359
-0.0255359
-0.0241203
-0.0241203
-0.0241203
-0.0241203
-0.0241203
-0.0303852
-0.0303852
-0.0303852
-0.0303852
-0.0303852
-0.0432028
-0.0432028
-0.0432028
-0.0432028
-0.0432028
0.00873862
0.00873862
0.00873862
0.00873862
0.00873862
0.0749586
0.0749586
0.0749586
0.0749586
0.0749586
0.0631862
0.0631862
0.0631862
0.0631862
0.0631862
0.0303528
0.0303528
0.0664497
0.0664497
0.0664497
0.0664497
-0.0516199
-0.0516199
-0.0516199
-0.0516199
-0.0516199
0.176031
0.176031
0.176031
0.176031
0.176031
-0.0892182
-0.0892182
-0.0892182
-0.0892182
-0.0892182
-0.00811575
-0.00811575
-0.00811575
-0.00811575
-0.00811575
0.0919424
0.0919424
0.0919424
0.0919424
0.0919424
-0.0295801
-0.0295801
-0.0295801
-0.0295801
-0.0295801
-0.0295801
0.0899798
0.0899798
0.0899798
0.0899798
0.0595292
0.0595292
0.0595292
0.0595292
0.0595292
-0.11316
-0.11316
-0.11316
-0.11316
-0.11316
0.0735201
0.0735201
0.0735201
0.0735201
0.0735201
-0.00746584
-0.00746584
-0.00746584
-0.00746584
-0.00746584
-0.0311909
-0.0311909
-0.0311909
-0.0311909
-0.0311909
-0.0311909
0.0318236
0.0318236
0.0318236
0.0318236
0.0760562
0.0760562
0.0760562
0.0760562
0.0760562
0.062834
0.062834
0.062834
0.062834
0.062834
-0.0559262
-0.0559262
-0.0559262
-0.0559262
-0.0559262
0.0361471
0.0361471
0.0361471
0.0361471
0.0361471
0.0403419
0.0403419
0.0403419
0.0403419
0.0403419
0.0403419
-0.0442965
-0.0442965
-0.0442965
-0.0442965
-0.0875934
-0.0875934
-0.0875934
-0.0875934
-0.0875934
0.224774
0.224774
0.224774
0.224774
0.224774
-0.0760937
-0.0760937
-0.0760937
-0.0760937
-0.0760937
-0.106465
-0.106465
-0.106465
-0.106465
-0.106465
0.0369993
0.0369993
0.0369993
0.0369993
0.0369993
-0.0556182
-0.0556182
-0.0556182
-0.0556182
-0.0556182
-0.0135685
-0.0135685
-0.0135685
-0.0135685
-0.0135685
-0.0449455
-0.0449455
-0.0449455
-0.0449455
-0.0449455
0.0759892
0.0759892
0.0759892
0.0759892
0.0759892
-0.0158815
-0.0158815
-0.0158815
-0.0158815
-0.0158815
-0.0501111
-0.0501111
-0.0501111
-0.0501111
-0.0501111
0.0910048
0.0910048
0.0910048
0.0910048
0.0910048
-0.0493716
-0.0493716
-0.0493716
-0.0493716
-0.0493716
-0.105557
-0.105557
-0.105557
-0.105557
-0.105557
-0.102342
-0.102342
-0.102342
-0.102342
-0.102342
-0.0334051
-0.0334051
-0.0334051
-0.0334051
-0.0334051
-0.230444
-0.230444
-0.230444
-0.230444
-0.230444
0.187264
0.187264
0.187264
0.187264
0.187264
0.143043
0.143043
0.143043
0.143043
0.143043
-0.137145
-0.137145
-0.137145
-0.137145
-0.137145
-0.117411
-0.117411
-0.117411
-0.117411
-0.117411
-0.142161
-0.142161
-0.142161
-0.142161
-0.142161
0.0943755
0.0943755
0.0943755
0.0943755
0.0943755
0.00467846
0.00467846
0.00467846
0.00467846
0.00467846
0.0754036
0.0754036
0.0754036
0.0754036
0.0754036
-0.0962287
-0.0962287
-0.0962287
-0.0962287
-0.0962287
0.00314796
0.00314796
0.00314796
0.00314796
0.00314796
0.106814
0.106814
0.106814
0.106814
0.106814
0.00417143
0.00417143
0.00417143
0.00417143
0.00417143
-0.0647131
-0.0647131
-0.0647131
-0.0647131
-0.0647131
0.0848799
0.0848799
0.0848799
0.0848799
0.0848799
-0.0398289
-0.0398289
-0.0398289
-0.0398289
-0.0398289
-0.0115579
-0.0115579
-0.0115579
-0.0115579
-0.0115579
-0.0384736
-0.0384736
-0.0384736
-0.0384736
-0.0384736
-0.0579984
-0.0579984
-0.0579984
-0.0579984
-0.0579984
0.0860528
0.0860528
0.0860528
0.0860528
0.0860528
0.0169841
0.0169841
0.0169841
0.0169841
0.0169841
-0.172385
-0.172385
-0.172385
-0.172385
-0.172385
-0.128153
-0.128153
-0.128153
-0.128153
-0.128153
-0.0577941
-0.0577941
-0.0577941
-0.0577941
-0.0577941
-0.037047
-0.037047
-0.037047
-0.037047
-0.037047
-0.00824073
-0.00824073
-0.00824073
-0.00824073
-0.00824073
-0.140294
-0.140294
-0.140294
-0.140294
-0.140294
-0.0351272
-0.0351272
-0.0351272
0.079585
0.079585
0.079585
0.079585
-0.0215323
-0.0215323
-0.0215323
-0.0215323
-0.0215323
0.120689
0.120689
0.120689
0.120689
0.120689
-0.0413016
-0.0413016
-0.0413016
-0.0413016
-0.0413016
-0.0283184
-0.0283184
-0.0283184
-0.0283184
-0.0283184
-0.00869718
-0.00869718
-0.00869718
-0.00869718
-0.00869718
-0.0544127
-0.0544127
-0.0544127
-0.0544127
-0.0544127
0.0696189
0.0696189
0.0696189
0.0696189
0.0696189
0.0827614
0.0827614
0.0827614
0.0827614
0.0827614
-0.0225955
-0.0225955
-0.0225955
-0.0225955
-0.0225955
-0.0308989
-0.0308989
-0.0308989
-0.0308989
-0.0308989
-0.113856
-0.113856
-0.113856
-0.113856
-0.113856
-0.0777035
-0.0777035
-0.0777035
-0.0777035
-0.0777035
0.0877223
0.0877223
0.0877223
0.0877223
0.0877223
0.229642
0.229642
0.229642
0.229642
0.229642
0.03377
0.03377
0.03377
0.03377
0.03377
0.016768
0.016768
0.016768
0.016768
0.016768
-0.165453
-0.165453
-0.165453
-0.165453
-0.165453
0.0975407
0.0975407
0.0975407
0.0975407
0.0975407
-0.0327393
-0.0327393
-0.0327393
-0.0327393
-0.0327393
-0.134948
-0.134948
-0.134948
-0.134948
-0.134948
0.090406
0.090406
0.090406
0.090406
0.090406
0.108709
0.108709
0.108709
0.108709
0.108709
-0.118348
-0.118348
-0.118348
-0.118348
-0.118348
-0.249134
-0.249134
-0.249134
-0.249134
-0.249134
0.0237965
0.0237965
0.0237965
0.0237965
0.0237965
-0.0118422
-0.0118422
-0.0118422
-0.0118422
-0.0118422
-0.0231656
-0.0231656
-0.0231656
-0.0231656
-0.0231656
-0.0464916
-0.0464916
-0.0464916
-0.0464916
-0.0464916
0.0171739
0.0171739
0.0171739
0.0171739
0.0171739
-0.00398892
-0.00398892
-0.00398892
-0.00398892
-0.00398892
-0.0244772
-0.0244772
-0.0244772
-0.0244772
-0.0244772
0.110289
0.110289
0.110289
0.110289
0.110289
0.0722675
0.0722675
0.0722675
0.0722675
0.0722675
0.130017
0.130017
0.130017
0.130017
0.130017
0.00553556
0.00553556
0.00553556
0.00553556
0.00553556
-0.0886924
-0.0886924
-0.0886924
-0.0886924
-0.0886924
0.118078
0.118078
0.118078
0.118078
0.118078
0.00863257
0.00863257
0.00863257
0.00863257
0.00863257
0.039576
0.039576
0.039576
0.039576
0.039576
-0.071729
-0.071729
-0.071729
-0.071729
-0.071729
0.017024
0.017024
0.017024
0.017024
0.017024
-0.174433
-0.174433
-0.174433
-0.174433
-0.174433
0.0546064
0.0546064
0.0546064
0.0546064
0.0546064
0.1464
0.1464
0.1464
0.1464
0.1464
0.0262602
0.0262602
0.0262602
0.0262602
0.0262602
-0.0518709
-0.0518709
-0.0518709
-0.0518709
-0.0518709
-0.243319
-0.243319
-0.243319
-0.243319
-0.243319
0.0287489
0.0287489
0.0287489
0.0287489
0.0287489
0.0252154
0.0252154
0.0252154
0.0252154
0.0252154
-0.0553785
-0.0553785
-0.0553785
-0.0553785
-0.0553785
0.145841
0.145841
0.145841
0.145841
0.145841
0.104185
0.104185
0.104185
0.104185
0.104185
0.0735913
0.0735913
0.0735913
0.0735913
0.0735913
-0.117033
-0.117033
-0.117033
-0.117033
-0.117033
-0.112879
-0.112879
-0.112879
-0.112879
-0.112879
0.0899062
0.0899062
0.0899062
0.0899062
0.0899062
-0.110105
-0.110105
-0.110105
-0.110105
-0.110105
-0.00250779
-0.00250779
-0.00250779
-0.00250779
-0.00250779
-0.0050835
-0.0050835
-0.0050835
-0.0050835
-0.0050835
0.146369
0.146369
0.146369
0.146369
0.146369
-0.0910054
-0.0910054
-0.0910054
-0.0910054
-0.0910054
-0.0521292
-0.0521292
-0.0521292
-0.0521292
-0.0521292
0.20917
0.20917
0.20917
0.20917
0.20917
-0.0470102
-0.0470102
-0.0470102
-0.0470102
-0.0470102
-0.0231936
-0.0231936
-0.0231936
-0.0231936
-0.0231936
-0.038145
-0.038145
-0.038145
-0.038145
-0.038145
0.0413507
0.0413507
0.0413507
0.0413507
0.0413507
0.0475752
0.0475752
0.0475752
0.0475752
0.0475752
0.0441416
0.0441416
0.0441416
0.0441416
0.0441416
0.00984639
0.00984639
0.00984639
0.00984639
0.00984639
-0.105674
-0.105674
-0.105674
-0.105674
-0.105674
0.150953
0.150953
0.150953
0.150953
0.150953
0.095602
0.095602
0.095602
0.095602
0.095602
0.0709739
0.0709739
0.0709739
0.0709739
0.0709739
-0.064656
-0.064656
-0.064656
-0.064656
-0.064656
0.0647368
0.0647368
0.0647368
0.0647368
0.0647368
0.0362849
0.0362849
0.0362849
0.0362849
0.0362849
-0.0579131
-0.0579131
-0.0579131
-0.0579131
-0.0579131
-0.00756343
-0.00756343
-0.00756343
-0.00756343
-0.00756343
0.268359
0.268359
0.268359
0.268359
0.268359
-0.00329845
-0.00329845
-0.00329845
-0.00329845
-0.00329845
-0.0952813
-0.0952813
-0.0952813
-0.0952813
-0.0952813
-0.0162959
-0.0162959
-0.0162959
-0.0162959
-0.0162959
0.119155
0.119155
0.119155
0.119155
0.119155
-0.0162549
-0.0162549
-0.0162549
-0.0162549
-0.0162549
0.0995865
0.0995865
0.0995865
0.0995865
0.0995865
-0.00885109
-0.00885109
-0.00885109
-0.00885109
-0.00885109
-0.206834
-0.206834
-0.206834
-0.206834
-0.206834
0.144745
0.144745
0.144745
0.144745
0.144745
0.208142
0.208142
0.208142
0.208142
0.208142
-0.161937
-0.161937
-0.161937
-0.161937
-0.161937
0.0106528
0.0106528
0.0106528
0.0106528
0.0106528
-0.186701
-0.186701
-0.186701
-0.186701
-0.186701
-0.0516848
-0.0516848
-0.0516848
-0.0516848
-0.0516848
-0.0555799
-0.0555799
-0.0555799
-0.0555799
-0.0555799
-0.0618525
-0.0618525
-0.0618525
-0.0618525
-0.0618525
-0.144829
-0.144829
-0.144829
-0.144829
-0.144829
-0.0600002
-0.0600002
-0.0600002
-0.0600002
-0.0600002
-0.0307679
-0.0307679
-0.0307679
-0.0307679
-0.0307679
-0.216447
-0.216447
-0.216447
-0.216447
-0.216447
0.194635
0.194635
0.194635
0.194635
0.194635
-0.132176
-0.132176
-0.132176
-0.132176
-0.132176
0.000563581
0.000563581
0.000563581
0.000563581
0.000563581
0.0854548
0.0854548
0.0854548
0.0854548
0.0854548
0.0043698
0.0043698
0.0043698
0.0043698
0.0043698
-0.0483162
-0.0483162
-0.0483162
-0.0483162
-0.0483162
0.129043
0.129043
0.129043
0.129043
0.129043
0.061698
0.061698
0.061698
0.061698
0.061698
0.03163
0.03163
0.03163
0.03163
0.03163
-0.0471415
-0.0471415
-0.0471415
-0.0471415
-0.0471415
-0.0767962
-0.0767962
-0.0767962
-0.0767962
-0.0767962
-0.0294221
-0.0294221
-0.0294221
-0.0294221
-0.0294221
0.217026
0.00742172
0.00742172
0.00742172
0.00742172
0.00742172
0.00742172
-0.0085047
-0.0085047
-0.0085047
-0.0085047
-0.0085047
0.0263055
0.0263055
0.0263055
0.0263055
0.0263055
-0.0982039
-0.0982039
-0.0982039
-0.0982039
-0.0982039
-0.0476041
-0.0476041
-0.0476041
-0.0476041
-0.0476041
-0.000290748
-0.000290748
-0.000290748
-0.000290748
-0.000290748
0.0932385
0.0932385
0.0932385
0.0932385
0.0932385
-0.0572834
-0.0572834
-0.0572834
-0.0572834
-0.0572834
-0.068087
-0.068087
-0.068087
-0.068087
-0.068087
-0.106515
-0.106515
-0.106515
-0.106515
-0.106515
0.0226959
0.0226959
0.0226959
0.0226959
0.0226959
-0.028652
-0.028652
-0.028652
-0.028652
-0.028652
-0.129766
-0.129766
-0.129766
-0.129766
-0.129766
-0.0393923
-0.0393923
-0.0393923
-0.0393923
-0.0393923
-0.0922703
-0.0922703
-0.0922703
-0.0922703
-0.0922703
0.0322845
0.0322845
0.0322845
0.0322845
0.0322845
-0.0815161
-0.0815161
-0.0815161
-0.0815161
-0.0815161
-0.032595
-0.032595
-0.032595
-0.032595
-0.032595
0.0266929
0.0266929
0.0266929
0.0266929
0.0266929
-0.0266596
-0.0266596
-0.0266596
-0.0266596
-0.0266596
0.285887
0.285887
0.285887
0.285887
0.285887
-0.132796
-0.132796
-0.132796
-0.132796
-0.132796
0.0551812
0.0551812
0.0551812
0.0551812
0.0551812
-0.18733
-0.18733
-0.18733
-0.18733
-0.18733
0.134618
0.134618
0.134618
0.134618
0.134618
-0.0354438
-0.0354438
-0.0354438
-0.0354438
-0.0354438
0.0496956
0.0496956
0.0496956
0.0496956
0.0496956
-0.0569564
-0.0569564
-0.0569564
-0.0569564
-0.0569564
0.304629
0.304629
0.304629
0.304629
0.304629
-0.00745129
-0.00745129
-0.00745129
-0.00745129
-0.00745129
-0.0942694
-0.0942694
-0.0942694
-0.0942694
-0.0942694
-0.064886
-0.064886
-0.064886
-0.064886
-0.064886
0.1117
0.1117
0.1117
0.1117
0.1117
0.0153929
0.0153929
0.0153929
0.0153929
0.0153929
0.116583
0.116583
0.116583
0.116583
0.116583
0.0635163
0.0635163
0.0635163
0.0635163
0.0635163
-0.085398
-0.085398
-0.085398
-0.085398
-0.085398
-0.0911823
-0.0911823
-0.0911823
-0.0911823
-0.0911823
-0.0602961
-0.0602961
-0.0602961
-0.0602961
-0.0602961
0.123467
0.123467
0.123467
0.123467
0.123467
-0.167288
-0.167288
-0.167288
-0.167288
-0.167288
0.197032
0.197032
0.197032
0.197032
0.197032
-0.0484346
-0.0484346
-0.0484346
-0.0484346
-0.0484346
-0.00938737
-0.00938737
-0.00938737
-0.00938737
-0.00938737
-0.0751105
-0.0751105
-0.0751105
-0.0751105
-0.0751105
0.0648
0.0648
0.0648
0.0648
0.0648
0.0420679
0.0420679
0.0420679
0.0420679
0.0420679
0.0122239
0.0122239
0.0122239
0.0122239
0.0122239
-0.00638065
-0.00638065
-0.00638065
-0.00638065
-0.00638065
-0.102976
-0.102976
-0.102976
-0.102976
-0.102976
0.0380732
0.0380732
0.0380732
0.0380732
0.0380732
-0.0264299
-0.0264299
-0.0264299
-0.0264299
-0.0264299
-0.0402333
-0.0402333
-0.0402333
-0.0402333
-0.0402333
0.0272845
0.0272845
0.0272845
0.0272845
0.0272845
0.07662
0.07662
0.07662
0.07662
0.101477
0.101477
0.101477
0.0038968
0.0038968
0.0038968
0.0038968
0.0038968
0.114706
0.114706
0.114706
0.114706
0.114706
-0.0825787
-0.0825787
-0.0825787
-0.0825787
-0.0825787
-0.030836
-0.030836
-0.030836
-0.030836
-0.030836
-0.133713
-0.133713
-0.133713
-0.133713
-0.133713
-0.0290387
-0.0290387
-0.0290387
-0.0290387
-0.0290387
-0.00190749
-0.00190749
-0.00190749
-0.00190749
-0.00190749
0.287258
0.287258
0.287258
0.287258
0.287258
-0.0591412
-0.0591412
-0.0591412
-0.0591412
-0.0591412
-0.0596851
-0.0596851
-0.0596851
-0.0596851
-0.0596851
-0.0181046
-0.0181046
-0.0181046
-0.0181046
-0.0181046
0.179704
0.179704
0.179704
0.179704
0.179704
0.00988884
0.00988884
0.00988884
0.00988884
0.00988884
0.00144575
0.00144575
0.00144575
0.00144575
0.00144575
-0.135487
-0.135487
-0.135487
-0.135487
-0.135487
-0.0578998
-0.0578998
-0.0578998
-0.0578998
-0.0578998
0.0964522
0.0964522
0.0964522
0.0964522
0.0964522
-0.0790295
-0.0790295
-0.0790295
-0.0790295
-0.0790295
-0.147558
-0.147558
-0.147558
-0.147558
-0.147558
0.0461628
0.0461628
0.0461628
0.0461628
0.0461628
-0.0231104
-0.0231104
-0.0231104
-0.0231104
-0.0231104
0.010853
0.010853
0.010853
0.010853
0.010853
-0.0909004
-0.0909004
-0.0909004
-0.0909004
-0.0909004
-0.31042
-0.31042
-0.31042
-0.31042
-0.31042
0.340316
0.340316
0.340316
0.340316
0.340316
-0.00693196
-0.00693196
-0.00693196
-0.00693196
-0.00693196
0.0919084
0.0919084
0.0919084
0.0919084
0.0919084
-0.0822038
-0.0822038
-0.0822038
-0.0822038
-0.0822038
0.119016
0.119016
0.119016
0.119016
0.119016
-0.0387844
-0.0387844
-0.0387844
-0.0387844
-0.0387844
0.138615
0.138615
0.138615
0.138615
0.138615
0.00944611
0.00944611
0.00944611
0.00944611
0.00944611
-0.0589503
-0.0589503
-0.0589503
-0.0589503
-0.0589503
0.0421397
0.0421397
0.0421397
0.0421397
0.0421397
0.172398
0.172398
0.172398
0.172398
0.172398
0.0401037
0.0401037
0.0401037
0.0401037
0.0401037
0.0372349
0.0372349
0.0372349
0.0372349
0.0372349
-0.161558
-0.161558
-0.161558
-0.161558
-0.161558
-0.0962199
-0.0962199
-0.0962199
-0.0962199
-0.0962199
0.180779
0.180779
0.180779
0.180779
0.180779
0.0529069
0.0529069
0.0529069
0.0529069
0.0529069
-0.178722
-0.178722
-0.178722
-0.178722
-0.178722
0.0928173
0.0928173
0.0928173
0.0928173
0.0928173
0.05902
0.05902
0.05902
0.05902
0.05902
-0.107568
-0.107568
-0.107568
-0.107568
-0.107568
0.0972534
0.0972534
0.0972534
0.0972534
0.0972534
-0.0134001
-0.0134001
-0.0134001
-0.0134001
-0.0134001
-0.0375436
-0.0375436
-0.0375436
-0.0375436
-0.0375436
-0.0674688
-0.0674688
-0.0674688
-0.0674688
-0.0674688
-0.0642679
-0.0642679
-0.0642679
-0.0642679
-0.0642679
-0.00748708
-0.00748708
-0.00748708
-0.00748708
-0.00748708
-0.110991
-0.110991
-0.110991
-0.110991
-0.110991
0.0513962
0.0513962
0.0513962
0.0513962
0.0513962
-0.247104
-0.247104
-0.247104
-0.247104
-0.247104
0.0210459
0.0210459
0.0210459
0.0210459
0.0210459
-0.00800223
-0.00800223
-0.00800223
-0.00800223
-0.00800223
-0.139264
-0.139264
-0.139264
-0.139264
-0.139264
0.0506549
0.0506549
0.0506549
0.0506549
0.0506549
-0.00566485
-0.00566485
-0.00566485
-0.00566485
-0.00566485
0.243859
0.243859
0.243859
0.243859
0.243859
-0.184087
-0.184087
-0.184087
-0.184087
-0.184087
0.0952473
0.0952473
0.0952473
0.0952473
0.0952473
-0.0279535
-0.0279535
-0.0279535
-0.0279535
-0.0279535
-0.0874413
-0.0874413
-0.0874413
-0.0874413
-0.0874413
-0.043294
-0.043294
-0.043294
-0.043294
-0.043294
-0.0111653
-0.0111653
-0.0111653
-0.0111653
-0.0111653
0.188416
0.188416
0.188416
0.188416
0.188416
-0.0684035
-0.0684035
-0.0684035
-0.0684035
-0.0684035
-0.0348461
-0.0348461
-0.0348461
-0.0348461
-0.0348461
-0.0207568
-0.0207568
-0.0207568
-0.0207568
-0.0207568
0.00110101
0.00110101
0.00110101
0.00110101
0.00110101
-0.0399879
-0.0399879
-0.0399879
-0.0399879
-0.0399879
-0.0601039
-0.0601039
-0.0601039
-0.0601039
-0.0601039
0.107707
0.107707
0.107707
0.107707
0.107707
-0.0748546
-0.0748546
-0.0748546
-0.0748546
-0.0748546
0.0501077
0.0501077
0.0501077
0.0501077
0.0501077
-0.0821396
-0.0821396
-0.0821396
-0.0821396
-0.0821396
-0.139163
-0.139163
-0.139163
-0.139163
-0.139163
-0.229479
-0.229479
-0.229479
-0.229479
-0.229479
-0.240234
-0.240234
-0.240234
-0.240234
-0.240234
0.11894
0.11894
0.11894
0.11894
0.11894
-0.0177359
-0.0177359
-0.0177359
-0.0177359
-0.0177359
0.0123025
0.0123025
0.0123025
0.0123025
0.0123025
-0.0635941
-0.0635941
-0.0635941
-0.0635941
-0.0635941
0.181639
0.181639
0.181639
0.181639
0.181639
-0.190742
-0.190742
-0.190742
-0.190742
-0.190742
0.0254576
0.0254576
0.0254576
0.0254576
0.0254576
-0.111752
-0.111752
-0.111752
-0.111752
-0.111752
0.0280445
0.0280445
0.0280445
0.0280445
0.0280445
-0.292076
-0.292076
-0.292076
-0.292076
-0.292076
0.0776593
0.0776593
0.0776593
0.0776593
0.0776593
0.00443473
0.00443473
0.00443473
0.00443473
0.00443473
0.111453
0.111453
0.111453
0.111453
0.111453
-0.193646
-0.193646
-0.193646
-0.193646
-0.193646
0.0166352
0.0166352
0.0166352
0.0166352
0.0166352
-0.176017
-0.176017
-0.176017
-0.176017
-0.176017
-0.0337309
-0.0337309
-0.0337309
-0.0337309
-0.0337309
-0.0502551
-0.0502551
-0.0502551
-0.0502551
-0.0502551
-0.00594563
-0.00594563
-0.00594563
-0.00594563
-0.00594563
0.0162362
0.0162362
0.0162362
0.0162362
0.0162362
-0.0581537
-0.0581537
-0.0581537
-0.0581537
-0.0581537
0.035686
0.035686
0.035686
0.035686
0.035686
-0.0949103
-0.0949103
-0.0949103
-0.0949103
-0.0949103
0.037069
0.037069
0.037069
0.037069
0.037069
-0.00598167
-0.00598167
-0.00598167
-0.00598167
-0.00598167
-0.0686361
-0.0686361
-0.0686361
-0.0686361
-0.0686361
0.110941
0.110941
0.110941
0.110941
0.110941
-0.0874129
-0.0874129
-0.0874129
-0.0874129
-0.0874129
0.096094
0.096094
0.096094
0.096094
0.096094
0.0407417
0.0407417
0.0407417
0.0407417
0.0407417
-0.0728587
-0.0728587
-0.0728587
-0.0728587
-0.0728587
0.166792
0.166792
0.166792
0.166792
0.166792
-0.0177254
-0.0177254
-0.0177254
-0.0177254
-0.0177254
-0.120275
-0.120275
-0.120275
-0.120275
-0.120275
-0.08049
-0.08049
-0.08049
-0.08049
-0.08049
-0.00340035
-0.00340035
-0.00340035
-0.00340035
-0.00340035
0.0224858
0.0224858
0.0224858
0.0224858
0.0224858
-0.0848591
-0.0848591
-0.0848591
-0.0674956
-0.0674956
-0.0674956
-0.0674956
0.0466203
0.0466203
0.0466203
0.0466203
0.0466203
0.0659446
0.0659446
0.0659446
0.0659446
0.0659446
-0.0137975
-0.0137975
-0.0137975
-0.0137975
-0.0137975
0.00861019
0.00861019
0.00861019
0.00861019
0.00861019
0.0778545
0.0778545
0.0778545
0.0778545
0.0778545
-0.0401062
-0.0401062
-0.0401062
-0.0401062
-0.0401062
0.0917519
0.0917519
0.0917519
0.0917519
0.0917519
-0.025861
-0.025861
-0.025861
-0.025861
-0.025861
0.178016
0.178016
0.178016
0.178016
0.178016
-0.0889954
-0.0889954
-0.0889954
-0.0889954
-0.0889954
0.202121
0.202121
0.202121
0.202121
0.202121
0.0547847
0.0547847
0.0547847
0.0547847
0.0547847
-0.0664685
-0.0664685
-0.0664685
-0.0664685
-0.0664685
0.0207105
0.0207105
0.0207105
0.0207105
0.0207105
0.0124716
0.0124716
0.0124716
0.0124716
0.0124716
0.00458333
0.00458333
0.00458333
0.00458333
0.00458333
-0.0852409
-0.0852409
-0.0852409
-0.0852409
-0.0852409
-0.146212
-0.146212
-0.146212
-0.146212
-0.146212
0.132208
0.132208
0.132208
0.132208
0.132208
-0.134337
-0.134337
-0.134337
-0.134337
-0.134337
-0.00981393
-0.00981393
-0.00981393
-0.00981393
-0.00981393
0.163206
0.163206
0.163206
0.163206
0.163206
-0.093659
-0.093659
-0.093659
-0.093659
-0.093659
0.00962027
0.00962027
0.00962027
0.00962027
0.00962027
-0.1393
-0.1393
-0.1393
-0.1393
-0.1393
0.0324694
0.0324694
0.0324694
0.0324694
0.0324694
0.212576
0.212576
0.212576
0.212576
0.212576
-0.233124
-0.233124
-0.233124
-0.233124
-0.233124
-0.138122
-0.138122
-0.138122
-0.138122
-0.138122
0.0586199
0.0586199
0.0586199
0.0586199
0.0586199
-0.106311
-0.106311
-0.106311
-0.106311
-0.106311
-0.0537784
-0.0537784
-0.0537784
-0.0537784
-0.0537784
0.0319346
0.0319346
0.0319346
0.0319346
0.0319346
-0.016971
-0.016971
-0.016971
-0.016971
-0.016971
0.0125483
0.0125483
0.0125483
0.0125483
0.0125483
0.0679428
0.0679428
0.0679428
0.0679428
0.0679428
-0.0595535
-0.0595535
-0.0595535
-0.0595535
-0.0595535
-0.0112559
-0.0112559
-0.0112559
-0.0112559
-0.0112559
-0.0913588
-0.0913588
-0.0913588
-0.0913588
-0.0913588
-0.229032
-0.229032
-0.229032
-0.229032
-0.229032
0.0991829
0.0991829
0.0991829
0.0991829
0.0991829
-0.0699274
-0.0699274
-0.0699274
-0.0699274
-0.0699274
-0.0168047
-0.0168047
-0.0168047
-0.0168047
-0.0168047
0.0731289
0.0731289
0.0731289
0.0731289
0.0731289
0.036557
0.036557
0.036557
0.036557
0.036557
0.0474558
0.0474558
0.0474558
0.0474558
0.0474558
0.0941852
0.0941852
0.0941852
0.0941852
0.0941852
-0.0935963
-0.0935963
-0.0935963
-0.0935963
-0.0935963
-0.074153
-0.074153
-0.074153
-0.074153
-0.074153
0.21623
0.21623
0.21623
0.21623
0.21623
0.101322
0.101322
0.101322
0.101322
0.101322
0.113502
0.113502
0.113502
0.113502
0.113502
0.0119007
0.0119007
0.0119007
0.0119007
0.0119007
0.107703
0.107703
0.107703
0.107703
0.107703
-0.192125
-0.192125
-0.192125
-0.192125
-0.192125
-0.00461732
-0.00461732
-0.00461732
-0.00461732
-0.00461732
-0.0995268
-0.0995268
-0.0995268
-0.0995268
-0.0995268
0.0686239
0.0686239
0.0686239
0.0686239
0.0686239
-0.169114
-0.169114
-0.169114
-0.169114
-0.169114
-0.0941418
-0.0941418
-0.0941418
-0.0941418
-0.0941418
-0.0174172
-0.0174172
-0.0174172
-0.0174172
-0.0174172
-0.056184
-0.056184
-0.056184
-0.056184
-0.056184
0.0987334
0.0987334
0.0987334
0.0987334
0.0987334
-0.051781
-0.051781
-0.051781
-0.051781
-0.051781
-0.0630074
-0.0630074
-0.0630074
-0.0630074
-0.0630074
-0.0978317
-0.0978317
-0.0978317
-0.0978317
-0.0978317
-0.0735613
-0.0735613
-0.0735613
-0.0735613
-0.0735613
0.137653
0.137653
0.137653
0.137653
0.137653
-0.155026
-0.155026
-0.155026
-0.155026
-0.155026
-0.0828946
-0.0828946
-0.0828946
-0.0828946
-0.0828946
0.0786306
0.0786306
0.0786306
0.0786306
0.0786306
-0.0141675
-0.0141675
-0.0141675
-0.0141675
-0.0141675
0.186221
0.186221
0.186221
0.186221
0.186221
-0.273201
-0.273201
-0.273201
-0.273201
-0.273201
-0.084635
-0.084635
-0.084635
-0.084635
-0.084635
0.0572384
0.0572384
0.0572384
0.0572384
0.0572384
0.0954054
0.0954054
0.0954054
0.0954054
0.0954054
-0.171112
-0.171112
-0.171112
-0.171112
-0.171112
0.14606
0.14606
0.14606
0.14606
0.14606
-0.0271214
-0.0271214
-0.0271214
-0.0271214
-0.0271214
0.00505352
0.00505352
0.00505352
0.00505352
0.00505352
0.129108
0.129108
0.129108
0.129108
0.129108
-0.168906
-0.168906
-0.168906
-0.168906
-0.168906
0.119377
0.119377
0.119377
0.119377
0.119377
0.140028
0.140028
0.140028
0.140028
0.140028
-0.148395
-0.148395
-0.148395
-0.148395
-0.148395
-0.00440441
-0.00440441
-0.00440441
-0.00440441
-0.00440441
-0.0705751
-0.0705751
-0.0705751
-0.0705751
-0.0705751
0.158382
0.158382
0.158382
0.158382
0.158382
0.0141049
0.0141049
0.0141049
0.0141049
0.0141049
-0.0327266
-0.0327266
-0.0327266
-0.0327266
-0.0327266
0.0479583
0.0479583
0.0479583
0.0479583
0.0479583
0.0843752
0.0843752
0.0843752
0.0843752
0.0843752
0.0835283
0.0835283
0.0835283
0.0835283
0.0835283
-0.0186359
-0.0186359
-0.0186359
-0.0186359
-0.0186359
-0.0387595
-0.0387595
-0.0387595
-0.0387595
-0.0387595
0.0795704
0.0795704
0.0795704
0.0795704
0.0795704
-0.0589501
-0.0589501
-0.0589501
-0.0589501
-0.0589501
-0.0944203
-0.0944203
-0.0944203
-0.0944203
-0.0944203
0.0398227
0.0398227
0.0398227
0.0398227
0.0398227
0.0225672
0.0225672
0.0225672
0.0225672
0.0225672
-0.164152
-0.164152
-0.164152
-0.164152
-0.164152
0.265044
0.265044
0.265044
0.265044
0.265044
-0.0147393
-0.0147393
-0.0147393
-0.0147393
-0.0147393
-0.153379
-0.153379
-0.153379
-0.153379
-0.153379
-0.0506286
-0.0506286
-0.0506286
-0.0506286
-0.0506286
-0.022573
-0.022573
-0.022573
-0.022573
-0.022573
0.0986048
0.0986048
0.0986048
0.0986048
0.0986048
-0.0101402
-0.0101402
-0.0101402
-0.0101402
-0.0101402
-0.119581
-0.119581
-0.119581
-0.119581
-0.119581
0.0822487
0.0822487
0.0822487
0.0822487
0.0822487
-0.0401022
-0.0401022
-0.0401022
-0.0401022
-0.0401022
-0.116865
-0.116865
-0.116865
-0.116865
-0.116865
-0.0505961
-0.0505961
-0.0505961
-0.0505961
-0.0505961
0.0374842
0.0374842
0.0374842
0.0374842
0.0374842
0.0658648
0.0658648
0.0658648
0.0658648
0.0658648
0.022033
0.022033
0.022033
0.022033
0.022033
-0.254054
-0.254054
-0.254054
-0.254054
-0.254054
0.00515285
0.00515285
0.00515285
0.00515285
0.00515285
0.0191551
0.0191551
0.0191551
0.0191551
0.0191551
0.0136077
0.0136077
0.0136077
0.0136077
0.0136077
-0.000381306
-0.000381306
-0.000381306
-0.000381306
-0.000381306
0.0443114
0.0443114
0.0443114
0.0443114
0.0443114
-0.12534
-0.12534
-0.12534
-0.12534
-0.12534
-0.0838799
-0.0838799
-0.0838799
-0.0838799
-0.0838799
-0.0386543
-0.0386543
-0.0386543
-0.0386543
-0.0386543
0.095641
0.095641
0.095641
0.095641
0.095641
0.084761
0.084761
0.084761
0.084761
0.084761
0.141289
0.141289
0.141289
0.141289
0.141289
0.092719
0.092719
0.092719
0.092719
0.092719
0.128209
0.128209
0.128209
0.128209
0.128209
0.0174458
0.0174458
0.0174458
0.0174458
0.0174458
0.0529192
0.0529192
0.0529192
0.0529192
0.0529192
-0.015352
-0.015352
-0.015352
-0.015352
-0.015352
0.00256098
0.00256098
0.00256098
0.00256098
0.00256098
0.00424965
0.00424965
0.00424965
0.00424965
0.00424965
-0.0236189
-0.0236189
-0.0236189
-0.0236189
-0.0236189
0.20973
0.20973
0.20973
0.20973
0.20973
-0.146888
-0.146888
-0.146888
-0.146888
-0.146888
-0.0706948
-0.0706948
-0.0706948
-0.0706948
-0.0706948
0.155036
0.155036
0.155036
0.155036
0.155036
-0.0222109
-0.0222109
-0.0222109
-0.0222109
-0.0222109
0.0317397
0.0317397
0.0317397
0.0317397
0.0317397
0.125148
0.125148
0.125148
0.125148
0.125148
-0.0983317
-0.0983317
-0.0983317
-0.0983317
-0.0983317
0.131852
0.131852
0.131852
0.131852
0.131852
-0.00844482
-0.00844482
0.127139
0.127139
0.127139
0.127139
0.127139
-0.079789
-0.079789
-0.079789
-0.079789
-0.079789
-0.0549354
-0.0549354
-0.0549354
-0.0549354
-0.0549354
0.0850133
0.0850133
0.0850133
0.0850133
0.0850133
0.0395833
0.0395833
0.0395833
0.0395833
0.0395833
0.0651002
0.0651002
0.0651002
0.0651002
0.0651002
0.180689
0.180689
0.180689
0.180689
0.180689
-0.0433495
-0.0433495
-0.0433495
-0.0433495
-0.0433495
-0.13907
-0.13907
-0.13907
-0.13907
-0.13907
-0.0742018
-0.0742018
-0.0742018
-0.0742018
-0.0742018
-0.128197
-0.128197
-0.128197
-0.128197
-0.128197
0.0616165
0.0616165
0.0616165
0.0616165
0.0616165
0.308883
0.308883
0.308883
0.308883
0.308883
0.0133039
0.0133039
0.0133039
0.0133039
0.0133039
-0.0167837
-0.0167837
-0.0167837
-0.0167837
-0.0167837
-0.0464956
-0.0464956
-0.0464956
-0.0464956
-0.0464956
-0.26259
-0.26259
-0.26259
-0.26259
-0.26259
0.115707
0.115707
0.115707
0.115707
0.115707
0.116031
0.116031
0.116031
0.116031
0.116031
-0.150006
-0.150006
-0.150006
-0.150006
-0.150006
0.0539584
0.0539584
0.0539584
0.0539584
0.0539584
-0.125195
-0.125195
-0.125195
-0.125195
-0.125195
-0.0247813
-0.0247813
-0.0247813
-0.0247813
-0.0247813
-0.176587
-0.176587
-0.176587
-0.176587
-0.176587
0.0129163
0.0129163
0.0129163
0.0129163
0.0129163
0.0680039
0.0680039
0.0680039
0.0680039
0.0680039
0.0686142
0.0686142
0.0686142
0.0686142
0.0686142
-0.122993
-0.122993
-0.122993
-0.122993
-0.122993
0.00158665
0.00158665
0.00158665
0.00158665
0.00158665
-0.0718972
-0.0718972
-0.0718972
-0.0718972
-0.0718972
-0.06256
-0.06256
-0.06256
-0.06256
-0.06256
0.0406282
0.0406282
0.0406282
0.0406282
0.0406282
-0.104899
-0.104899
-0.104899
-0.104899
-0.104899
0.00350549
0.00350549
0.00350549
0.00350549
0.00350549
-0.0857196
-0.0857196
-0.0857196
-0.0857196
-0.0857196
-0.158344
-0.158344
-0.158344
-0.158344
-0.158344
0.155018
0.155018
0.155018
0.155018
0.155018
0.0392213
0.0392213
0.0392213
0.0392213
0.0392213
-0.0786138
-0.0786138
-0.0786138
-0.0786138
-0.0786138
0.102395
0.102395
0.102395
0.102395
0.102395
-0.0366705
-0.0366705
-0.0366705
-0.0366705
-0.0366705
0.00744761
0.00744761
0.00744761
0.00744761
0.00744761
0.00852048
0.00852048
0.00852048
0.00852048
0.00852048
-0.0364565
-0.0364565
-0.0364565
-0.0364565
-0.0364565
0.269677
0.269677
0.269677
0.269677
0.269677
-0.0390402
-0.0390402
-0.0390402
-0.0390402
-0.0390402
-0.0360745
-0.0360745
-0.0360745
-0.0360745
-0.0360745
-0.000113731
-0.000113731
-0.000113731
-0.000113731
-0.000113731
0.114477
0.114477
0.114477
0.114477
0.114477
0.0269526
0.0269526
0.0269526
0.0269526
0.0269526
0.0931502
0.0931502
0.0931502
0.0931502
0.0931502
0.0407617
0.0407617
0.0407617
0.0407617
0.0407617
-0.038298
-0.038298
-0.038298
-0.038298
-0.038298
0.020361
0.020361
0.020361
0.020361
0.020361
0.160461
0.160461
0.160461
0.160461
0.160461
0.0467313
0.0467313
0.0467313
0.0467313
0.0467313
0.161106
0.161106
0.161106
0.161106
0.161106
-0.0255199
-0.0255199
-0.0255199
-0.0255199
-0.0255199
-0.0681503
-0.0681503
-0.0681503
-0.0681503
-0.0681503
-0.0617154
-0.0617154
-0.0617154
-0.0617154
-0.0617154
-0.109688
-0.109688
-0.109688
-0.109688
-0.109688
-0.213711
-0.213711
-0.213711
-0.213711
-0.213711
0.12193
0.12193
0.12193
0.12193
0.12193
-0.15845
-0.0109357
-0.0109357
-0.0109357
-0.0109357
-0.0109357
0.023593
0.023593
0.023593
0.023593
0.023593
-0.0847953
-0.0847953
-0.0847953
-0.0847953
-0.0847953
0.0300238
0.0300238
0.0300238
0.0300238
0.0300238
-0.0244154
-0.0244154
-0.0244154
-0.0244154
-0.0244154
0.204706
0.204706
0.204706
0.204706
0.204706
0.0143946
0.0143946
0.0143946
0.0143946
0.0143946
0.107573
0.107573
0.107573
0.107573
