-9.21709e+14
-9.21709e+14
-9.21709e+14
-9.21709e+14
-9.21709e+14
-9.21709e+14
-9.21709e+14
-9.21709e+14
-9.21709e+14
-9.21709e+14
-9.21709e+14
-9.21709e+14
-9.21709e+14
-9.21709e+14
-9.21709e+14
-9.21709e+14
-9.21709e+14
-9.21709e+14
-9.21709e+14
-9.21709e+14
-9.21709e+14
-9.21709e+14
-9.21709e+14
-9.21709e+14
-9.21709e+14
-9.21709e+14
-9.21709e+14
-9.21709e+14
-9.21709e+14
-9.21709e+14
-9.21709e+14
-9.21709e+14
-9.21709e+14
-9.21709e+14
-9.21709e+14
-9.21709e+14
-9.21709e+14
-9.21709e+14
-9.21709e+14
-9.21709e+14
-9.21709e+14
-9.21709e+14
-9.21709e+14
-9.21709e+14
-9.21709e+14
-9.21709e+14
-9.21709e+14
-9.21709e+14
-9.21709e+14
-9.21709e+14
-9.21709e+14
-9.21709e+14
-9.21709e+14
-9.21709e+14
-9.21709e+14
-9.21709e+14
-9.21709e+14
-9.21709e+14
-9.21709e+14
-9.21709e+14
-9.21709e+14
-9.21709e+14
-9.21709e+14
-9.21709e+14
-9.21709e+14
-9.21709e+14
-9.21709e+14
-9.21709e+14
-9.21709e+14
-9.21709e+14
-9.21709e+14
-9.21709e+14
-9.21709e+14
-9.21709e+14
-9.21709e+14
-9.21709e+14
-9.21709e+14
-9.21709e+14
-9.21709e+14
-9.21709e+14
-9.21709e+14
-9.21709e+14
-9.21709e+14
-9.21709e+14
-9.21709e+14
-9.21709e+14
-9.21709e+14
-9.21709e+14
-9.21709e+14
-9.21709e+14
-9.21709e+14
-9.21709e+14
-9.21709e+14
-9.21709e+14
-9.21709e+14
-9.21709e+14
-9.21709e+14
-9.21709e+14
-9.21709e+14
-9.21709e+14
-9.21709e+14
-9.21709e+14
-9.21709e+14
-9.21709e+14
-9.21709e+14
-9.21709e+14
-9.21709e+14
-9.21709e+14
-9.21709e+14
-9.21709e+14
-9.21709e+14
-9.21709e+14
-9.21709e+14
-9.21709e+14
-9.21709e+14
-9.21709e+14
-9.21709e+14
-9.21709e+14
-9.21709e+14
-9.21709e+14
-9.21709e+14
-9.21709e+14
-9.21709e+14
-9.21709e+14
-9.21709e+14
-9.21709e+14
-9.21709e+14
-9.21709e+14
-9.21709e+14
-9.21709e+14
-9.21709e+14
-9.21709e+14
-9.21709e+14
-9.21709e+14
-9.21709e+14
-9.21709e+14
-9.21709e+14
-9.21709e+14
-9.21709e+14
-9.21709e+14
-9.21709e+14
-9.21709e+14
-9.21709e+14
-9.21709e+14
-9.21709e+14
-9.21709e+14
-9.21709e+14
-9.21709e+14
-9.21709e+14
-9.21709e+14
-9.21709e+14
-9.21709e+14
-9.21709e+14
-9.21709e+14
-9.21709e+14
-9.21709e+14
-9.21709e+14
0.0150926
0.0150926
0.0150926
0.0150926
0.0150926
0.0150926
0.0150926
0.0150926
0.0150926
0.0150926
0.0150926
0.0150926
0.0150926
0.0150926
0.0150926
0.0150926
0.0150926
0.0150926
0.0150926
0.0150926
0.0150926
0.0150926
0.0150926
0.0150926
0.0150926
0.0150926
0.0150926
0.0150926
0.0150926
0.0150926
0.0150926
0.0150926
0.0150926
0.0150926
0.0150926
0.0150926
0.0150926
0.0150926
0.0150926
0.0150926
0.0150926
0.0150926
0.0150926
0.0150926
0.0150926
0.0150926
0.0150926
0.0150926
0.0150926
0.0150926
0.0150926
0.0150926
0.0150926
0.0150926
0.0150926
0.0150926
0.0150926
0.0150926
0.0150926
0.0150926
0.0150926
0.0150926
0.0150926
0.0150926
0.0150926
0.0150926
0.0150926
0.0150926
0.0150926
0.0150926
0.0150926
0.0150926
0.0150926
0.0150926
0.0150926
0.0150926
0.0150926
0.0150926
0.0150926
0.0150926
0.0150926
0.0150926
0.0150926
0.0150926
0.0150926
0.0150926
0.0150926
0.0150926
0.0150926
0.0150926
0.0150926
0.0150926
0.0150926
0.0150926
0.0150926
0.0150926
0.0150926
0.0150926
0.0150926
0.0150926
0.0150926
0.0150926
0.0150926
0.0150926
0.0150926
0.0150926
0.0150926
0.0150926
0.0150926
0.0150926
0.0150926
0.0150926
0.0150926
0.0150926
0.0150926
0.0150926
0.0150926
0.0150926
0.0150926
0.0150926
0.0150926
0.0150926
0.0150926
0.0150926
0.0150926
0.0150926
0.0150926
0.0150926
0.0150926
0.0150926
0.0150926
0.0150926
0.0150926
0.0150926
0.0150926
0.0150926
0.0150926
0.0150926
0.0150926
0.0150926
0.0150926
0.0150926
0.0150926
0.0150926
0.0150926
0.0150926
0.0150926
0.0150926
0.0150926
0.0150926
0.0150926
0.0150926
0.0150926
0.0150926
0.0150926
0.0150926
0.0150926
0.0150926
0.0150926
0.0150926
0.0150926
0.0150926
0.0150926
0.0150926
0.0150926
0.0150926
0.0150926
0.0150926
0.0150926
0.0150926
0.0150926
0.0150926
0.0150926
0.0150926
0.0150926
0.0150926
0.0150926
0.0150926
0.0150926
0.0150926
0.0150926
0.0150926
0.0150926
0.0150926
0.0150926
0.0150926
0.0150926
0.0150926
0.0150926
0.0150926
0.0150926
0.0150926
0.0150926
0.0150926
0.0150926
0.0150926
0.0150926
0.0150926
0.0150926
0.0150926
0.0150926
0.0150926
0.0150926
0.0150926
0.0150926
0.0150926
0.0150926
0.0150926
0.0150926
0.0150926
0.0150926
0.0150926
0.0150926
0.0150926
0.0150926
0.0150926
0.0150926
0.0150926
0.0150926
0.0150926
0.0150926
0.0150926
0.0150926
0.0150926
0.0150926
0.0150926
0.0150926
0.0150926
0.0150926
0.0150926
0.0150926
0.0150926
0.0150926
0.0150926
0.0150926
0.0150926
0.0150926
0.0150926
0.0150926
0.0150926
0.0150926
0.0150926
0.0150926
0.0150926
0.0150926
0.0150926
0.0150926
0.0150926
0.0150926
0.0150926
0.0150926
0.0131818
0.0127925
0.0125668
0.0122696
0.0120486
0.0120239
0.0121343
0.0122552
0.0123473
0.0123934
0.0123965
0.0123552
0.0122854
0.0121821
0.0120625
0.0119185
0.0117679
0.0115888
0.0114065
0.0112127
0.010997
0.0107454
0.0104927
0.0102455
0.00996362
0.0096641
0.00936136
0.00904455
0.00871015
0.00838482
0.00804647
0.00771917
0.00740241
0.00707716
0.00674605
0.00642816
0.00610646
0.0057981
0.00549847
0.00475895
0.00404555
0.0033645
0.00270664
0.00208228
0.00148458
0.00090761
0.000348371
-0.000185956
-0.000704524
-0.00120064
-0.00168265
-0.00214425
-0.00259951
-0.00302924
-0.00344862
-0.00384829
-0.00423694
-0.00460965
-0.00497193
-0.00531934
-0.00565682
-0.00598133
-0.00629619
-0.00660049
-0.00689272
-0.00717184
-0.00744212
-0.0077009
-0.00795117
-0.00819065
-0.00842196
-0.00864508
-0.00885834
-0.00898945
-0.00911465
-0.00923418
-0.00934899
-0.00945907
-0.00956407
-0.00966437
-0.0097598
-0.00985085
-0.00993735
-0.0100197
-0.0100978
-0.0101718
-0.0102419
-0.0103081
-0.0103706
-0.0104295
-0.010485
-0.010537
-0.0105857
-0.0106311
-0.0106731
-0.0107122
-0.0107485
-0.0107812
-0.0108114
-0.0108391
-0.0108645
-0.0108871
-0.0109074
-0.0109244
-0.01094
-0.010953
-0.0109635
-0.0109722
-0.0109786
-0.0109833
-0.0109858
-0.0109867
-0.0109847
-0.0109822
-0.0109773
-0.0109715
-0.0109636
-0.0109547
-0.0109438
-0.010932
-0.0109184
-0.0109039
-0.0108877
-0.0108708
-0.0108516
-0.0108319
-0.0108106
-0.0107887
-0.0107654
-0.0107416
-0.0107164
-0.0106908
-0.0106631
-0.0106359
-0.0106075
-0.0105779
-0.0105472
-0.010516
-0.0104849
-0.0104535
-0.0104209
-0.0103884
-0.0103547
-0.0103199
-0.0102851
-0.0102494
-0.0102138
-0.0101775
-0.0101412
-0.0101039
-0.0100666
-0.0100289
-0.00999115
-0.00995257
-0.00991411
-0.0098752
-0.00983644
-0.0097969
-0.00975771
-0.00971797
-0.00967916
-0.00963964
-0.00960049
-0.00956015
-0.00952075
-0.0094807
-0.00944106
-0.00940095
-0.00936092
-0.00931997
-0.00927996
-0.00923939
-0.00919926
-0.00915861
-0.00911841
-0.00907786
-0.00903762
-0.00899722
-0.00895728
-0.00891644
-0.00887578
-0.00883547
-0.00879548
-0.00875525
-0.00871492
-0.0086748
-0.0086346
-0.00859476
-0.00855471
-0.00851489
-0.00847503
-0.00843552
-0.00839584
-0.00835662
-0.00831841
-0.00828207
-0.00824881
-0.00821973
-0.00819691
-0.00817977
-0.00817288
-0.0081759
-0.00818362
-0.00820216
-0.00823294
-0.008276
-0.00832662
-0.00838446
-0.00845342
-0.00852856
-0.00861329
-0.00870382
-0.0088013
-0.00890229
-0.00901201
-0.00912367
-0.00923681
-0.00935314
-0.00946992
-0.00958681
-0.00970548
-0.00982455
-0.00994265
-0.0100596
-0.0101764
-0.010293
-0.0104079
-0.0104248
-0.0104423
-0.0104607
-0.0104799
-0.0104995
-0.0105194
-0.01054
-0.0105613
-0.0105828
-0.0106048
-0.0106271
-0.0106496
-0.0106725
-0.0106956
-0.0107189
-0.0107424
-0.010766
-0.0107895
-0.0108131
-0.0108366
-0.01086
-0.0108833
-0.0109064
-0.0109292
-0.0109517
-0.010974
-0.0109959
-0.0110173
-0.0110383
-0.0110589
-0.011079
-0.0110985
-0.0111175
-0.0111357
-0.0111534
-0.0111704
-0.0111869
-0.0112028
-0.011218
-0.0112327
-0.0112466
-0.0112601
-0.0112728
-0.0112851
-0.0112968
-0.0113078
-0.0113183
-0.0113282
-0.0113375
-0.0113461
-0.011354
-0.0113614
-0.0113684
-0.0113747
-0.0113799
-0.0113846
-0.0113891
-0.0113932
-0.0113966
-0.0113996
-0.0114018
-0.0114038
-0.011405
-0.0114059
-0.0114061
-0.011406
-0.0114055
-0.0114047
-0.0114033
-0.0114015
-0.011399
-0.0113963
-0.0113929
-0.011389
-0.0113847
-0.0113802
-0.011375
-0.0113697
-0.0113637
-0.011357
-0.0113502
-0.011343
-0.0113352
-0.0113273
-0.0113187
-0.01131
-0.0113008
-0.0112911
-0.0112812
-0.0112709
-0.0112603
-0.0112496
-0.0112384
-0.0112271
-0.0112153
-0.0112034
-0.0111909
-0.0111786
-0.0111659
-0.011153
-0.0111397
-0.011126
-0.0111121
-0.011098
-0.0110836
-0.0110689
-0.0110541
-0.011039
-0.0110237
-0.0110081
-0.0109922
-0.010976
-0.0109597
-0.0109434
-0.0109269
-0.0109101
-0.0108933
-0.0108762
-0.010859
-0.0108416
-0.0108241
-0.0108063
-0.0107886
-0.0107705
-0.0107524
-0.0107341
-0.0107156
-0.0106972
-0.0106787
-0.01066
-0.0106409
-0.010622
-0.010603
-0.0105838
-0.0105646
-0.0105449
-0.0105254
-0.0105056
-0.0104858
-0.010466
-0.0104461
-0.0104261
-0.010406
-0.0103859
-0.0103655
-0.0103451
-0.0103246
-0.0103041
-0.0102834
-0.0102625
-0.0102417
-0.010221
-0.0102
-0.0101792
-0.0101585
-0.0101379
-0.010118
-0.0100991
-0.0100816
-0.0100651
-0.0100509
-0.0100388
-0.0100285
-0.010021
-0.0100158
-0.0100132
-0.0100126
-0.0100149
-0.010019
-0.0100257
-0.0100341
-0.0100446
-0.0100567
-0.0100698
-0.0100847
-0.0100383
-0.00999361
-0.00995072
-0.00990918
-0.00986911
-0.00983015
-0.00979252
-0.00975569
-0.00971982
-0.00968483
-0.00965057
-0.00961701
-0.00958416
-0.00955194
-0.00952036
-0.00948937
-0.00945904
-0.00942928
-0.00940007
-0.0093714
-0.00934327
-0.00931565
-0.00928855
-0.00926195
-0.00923583
-0.00921018
-0.00918498
-0.00916023
-0.0091359
-0.00911197
-0.00908844
-0.00906528
-0.0090424
-0.00901984
-0.00899761
-0.00897567
-0.00895402
-0.00893262
-0.00891143
-0.00889051
-0.00886977
-0.00884928
-0.00882901
-0.0088089
-0.00878893
-0.00876915
-0.00874936
-0.00873018
-0.00871109
-0.00869218
-0.00867333
-0.00865466
-0.00863604
-0.00861719
-0.0085984
-0.00857992
-0.00856106
-0.00854251
-0.00852385
-0.0085055
-0.00848719
-0.00846892
-0.00845069
-0.00843258
-0.0084145
-0.00839651
-0.00837866
-0.00836083
-0.00834301
-0.00832539
-0.00830779
-0.00829043
-0.00827311
-0.00825587
-0.00823862
-0.00822139
-0.00820408
-0.00818703
-0.00816987
-0.00815279
-0.00813565
-0.00811857
-0.00810159
-0.00808471
-0.00806781
-0.00805088
-0.00803406
-0.00801732
-0.00800038
-0.00798371
-0.00796685
-0.00795014
-0.00793345
-0.00791684
-0.00790013
-0.00788359
-0.00786712
-0.00785064
-0.00783415
-0.00781773
-0.0078013
-0.00778495
-0.00776858
-0.00775218
-0.00773596
-0.00771963
-0.00770347
-0.00768729
-0.00767119
-0.00765507
-0.00763902
-0.00762296
-0.00755606
-0.00748969
-0.00742386
-0.0073585
-0.00729383
-0.0072298
-0.00716626
-0.00710321
-0.00704064
-0.00697823
-0.00691663
-0.00685591
-0.00679565
-0.00673571
-0.0066765
-0.00661734
-0.00655903
-0.00650077
-0.00644322
-0.00638649
-0.00632993
-0.00627405
-0.00621834
-0.00616342
-0.00610904
-0.00605493
-0.00600147
-0.00594817
-0.00589561
-0.00584333
-0.00579166
-0.00573969
-0.00568845
-0.00563727
-0.00558669
-0.00553671
-0.00548667
-0.00543723
-0.00538763
-0.00533873
-0.00549654
-0.00565247
-0.00580673
-0.0059593
-0.00611006
-0.00625908
-0.0064065
-0.00655229
-0.0066964
-0.0068388
-0.00697968
-0.00711887
-0.00725659
-0.00739288
-0.00752764
-0.00766098
-0.00779281
-0.00792337
-0.00805255
-0.00818025
-0.00830675
-0.00843197
-0.00855584
-0.00867847
-0.00879973
-0.00891996
-0.00903885
-0.00915641
-0.0092727
-0.00938778
-0.00950159
-0.00961421
-0.00972559
-0.00983578
-0.00994466
-0.0100523
-0.0101587
-0.010264
-0.0103681
-0.0104711
-0.0105729
-0.0106735
-0.010773
-0.0108714
-0.0109687
-0.0110648
-0.0111599
-0.0112538
-0.0113467
-0.0114386
-0.0115294
-0.0116194
-0.0117083
-0.0117962
-0.0118832
-0.0119691
-0.012054
-0.0121379
-0.0122209
-0.0123029
-0.012384
-0.0124642
-0.0125434
-0.0126217
-0.012699
-0.0127755
-0.0128618
-0.012947
-0.0130314
-0.0131147
-0.0131971
-0.0132785
-0.013359
-0.0134386
-0.0135172
-0.013595
-0.0136718
-0.0137477
-0.0138228
-0.0138969
-0.0139702
-0.0139702
-0.0139702
-0.0139702
-0.0139702
-0.0139702
-0.0139702
-0.0139702
-0.0139702
-0.0139702
-0.0139702
-0.0139702
-0.0139702
-0.0139702
-0.0139702
-0.0139702
-0.0139702
-0.0139702
-0.0139702
-0.0139702
-0.0139702
-0.0139702
-0.0139702
-0.0139702
-0.0139702
-0.0139702
-0.0139702
-0.0139702
-0.0139702
-0.0139702
-0.0139702
-0.0140426
-0.0141123
-0.0141809
-0.0142486
-0.0143153
-0.0143811
-0.0144459
-0.0145098
-0.0145728
-0.0146349
-0.0146961
-0.0147564
-0.0148159
-0.0148745
-0.0149323
-0.0149893
-0.0150454
-0.0151008
-0.0151553
-0.0152091
-0.0152621
-0.0153144
-0.0153658
-0.0154166
-0.0154666
-0.0155158
-0.0155643
-0.0156121
-0.0156592
-0.0157056
-0.0157513
-0.0157964
-0.0158407
-0.0158844
-0.015927
-0.015969
-0.0160104
-0.0160511
-0.0160912
-0.0161307
-0.0161696
-0.0162078
-0.0162455
-0.0162826
-0.0163191
-0.0163551
-0.0163904
-0.0164252
-0.0164596
-0.0164934
-0.0165266
-0.0165593
-0.0165915
-0.0166232
-0.0166544
-0.016685
-0.0167152
-0.0167449
-0.0167741
-0.0168028
-0.016831
-0.0168588
-0.0168861
-0.016913
-0.0169395
-0.0169656
-0.0169912
-0.0170162
-0.0170407
-0.0170648
-0.0170886
-0.017112
-0.017135
-0.0171576
-0.0171797
-0.0172014
-0.0172229
-0.0172438
-0.0172645
-0.0172845
-0.0173043
-0.0173237
-0.0173427
-0.0173614
-0.0173797
-0.0173978
-0.0174155
-0.0174334
-0.0174511
-0.0174691
-0.0174877
-0.0175075
-0.0175298
-0.0175526
-0.017578
-0.0176051
-0.0176341
-0.0176661
-0.0177004
-0.0177375
-0.0177778
-0.01782
-0.017865
-0.0179117
-0.0179608
-0.0180116
-0.0180676
-0.0181248
-0.0181814
-0.0182374
-0.0182944
-0.018352
-0.0184104
-0.0184691
-0.0185283
-0.0185876
-0.0186473
-0.0187072
-0.018767
-0.0188269
-0.0188866
-0.0189461
-0.0190057
-0.019065
-0.0191242
-0.0191831
-0.0192419
-0.0193005
-0.019359
-0.0194172
-0.0194753
-0.0195332
-0.0195909
-0.0196486
-0.019706
-0.0197632
-0.0198201
-0.0198769
-0.0199333
-0.0199894
-0.0200454
-0.0201011
-0.0201566
-0.0202118
-0.0202666
-0.0203211
-0.0203753
-0.0204291
-0.0204825
-0.0205355
-0.0205882
-0.0206405
-0.0206923
-0.0207437
-0.0207947
-0.0208453
-0.0208952
-0.0209448
-0.0209938
-0.0210425
-0.0210907
-0.0211385
-0.0211858
-0.0212327
-0.0212792
-0.0213253
-0.0213709
-0.021416
-0.0214608
-0.0215051
-0.0215489
-0.0215924
-0.0216354
-0.021678
-0.0217202
-0.0217619
-0.0218032
-0.0218441
-0.0218845
-0.0219245
-0.0219641
-0.0220033
-0.022042
-0.0220804
-0.0221183
-0.0221558
-0.0221928
-0.0222295
-0.0222656
-0.0223012
-0.0223365
-0.0223713
-0.0224058
-0.0224398
-0.0224734
-0.0225067
-0.0225395
-0.022572
-0.022604
-0.0226357
-0.022667
-0.0226979
-0.0227284
-0.0227585
-0.0227883
-0.0228177
-0.0228467
-0.0228754
-0.0229037
-0.0229316
-0.0229592
-0.0229864
-0.0230132
-0.0230397
-0.0230658
-0.0230916
-0.0231171
-0.0231422
-0.0231669
-0.0230934
-0.0230203
-0.0229475
-0.0228749
-0.0228028
-0.022731
-0.0226598
-0.0225888
-0.0225181
-0.0224477
-0.0223777
-0.022308
-0.0222387
-0.0221696
-0.0221009
-0.0220324
-0.0219644
-0.0218966
-0.0218291
-0.021762
-0.0216952
-0.0216284
-0.021562
-0.0214952
-0.0214289
-0.0213621
-0.0212958
-0.0212299
-0.0211634
-0.0210974
-0.021031
-0.0209652
-0.0208996
-0.0208337
-0.0207685
-0.0207028
-0.0206375
-0.0205718
-0.0205067
-0.0204411
-0.020376
-0.0203106
-0.0202457
-0.020182
-0.0201193
-0.0200606
-0.0200025
-0.0199501
-0.0198989
-0.0198531
-0.0198077
-0.0197667
-0.0197263
-0.0196886
-0.0196513
-0.0196156
-0.0195801
-0.0195454
-0.0195111
-0.0194772
-0.0194436
-0.0194104
-0.0193775
-0.019345
-0.0193127
-0.0192809
-0.0192494
-0.0192183
-0.0191874
-0.0191569
-0.0191267
-0.0190968
-0.0190671
-0.0190377
-0.0190085
-0.0189795
-0.0189508
-0.0189223
-0.018894
-0.018866
-0.0188381
-0.0188105
-0.0187832
-0.018756
-0.0187291
-0.0187024
-0.0186758
-0.0186496
-0.0186236
-0.0185977
-0.0185719
-0.0185464
-0.0185209
-0.0184956
-0.0184704
-0.0184453
-0.0184203
-0.0183954
-0.0183707
-0.0183461
-0.0183216
-0.0182971
-0.0182728
-0.0182486
-0.0182244
-0.0182005
-0.0181767
-0.018153
-0.0181293
-0.0181058
-0.0180823
-0.0180588
-0.0180355
-0.0180122
-0.017989
-0.0179658
-0.0179427
-0.0179197
-0.0178968
-0.0178737
-0.0178506
-0.0178276
-0.0178046
-0.0177818
-0.0177589
-0.0177362
-0.0177135
-0.0176909
-0.0176683
-0.0176458
-0.0176234
-0.017601
-0.0175786
-0.0175563
-0.0175342
-0.017512
-0.0174899
-0.0174678
-0.0174457
-0.0174238
-0.0174018
-0.0173799
-0.0173581
-0.0173363
-0.0173146
-0.0172929
-0.0172713
-0.0172497
-0.0172281
-0.0172067
-0.0171853
-0.0171641
-0.017143
-0.0171219
-0.0171009
-0.0170799
-0.0170589
-0.0170381
-0.0170172
-0.0169964
-0.0169756
-0.0169549
-0.0169342
-0.0169136
-0.016893
-0.0168724
-0.0168519
-0.0168314
-0.016811
-0.0167906
-0.0167703
-0.01675
-0.0167297
-0.0167095
-0.0166893
-0.0166692
-0.0166491
-0.0166291
-0.0166091
-0.0165891
-0.0165693
-0.0165494
-0.0165296
-0.0165098
-0.01649
-0.0164703
-0.0164506
-0.016431
-0.0164115
-0.016392
-0.0163725
-0.016353
-0.0163336
-0.0163142
-0.0162949
-0.0162756
-0.0162564
-0.0162371
-0.0162178
-0.0161987
-0.0161795
-0.0161604
-0.0161413
-0.0161223
-0.0161033
-0.0160844
-0.0160654
-0.0160465
-0.0160277
-0.016009
-0.0159904
-0.0159719
-0.0159535
-0.0159353
-0.0159171
-0.0158991
-0.0158813
-0.0158635
-0.0158459
-0.0158284
-0.0158111
-0.0157939
-0.0157768
-0.0157599
-0.0157431
-0.0157864
-0.0158295
-0.0158722
-0.0159146
-0.0159567
-0.0159985
-0.01604
-0.0160812
-0.0161222
-0.0161628
-0.0162031
-0.0162432
-0.016283
-0.0163225
-0.0163617
-0.0164007
-0.0164394
-0.0164778
-0.016516
-0.0165539
-0.0165915
-0.0166289
-0.0166661
-0.016703
-0.0167396
-0.016776
-0.0168122
-0.0168481
-0.0168839
-0.0169193
-0.0169546
-0.0169896
-0.0170244
-0.0170589
-0.0170933
-0.0171274
-0.0171613
-0.017195
-0.0172284
-0.0172617
-0.0172948
-0.0173276
-0.0173603
-0.0173927
-0.0174248
-0.0174567
-0.0174884
-0.0175199
-0.0175513
-0.0175824
-0.0176133
-0.0176441
-0.0176747
-0.017705
-0.0177352
-0.0177653
-0.0177951
-0.0178248
-0.0178543
-0.0178836
-0.0178836
-0.0179127
-0.0179416
-0.0179704
-0.017999
-0.0180274
-0.0180557
-0.0180838
-0.0181117
-0.0181394
-0.0181671
-0.0181945
-0.0182218
-0.0182489
-0.0182759
-0.0183027
-0.0183295
-0.0183561
-0.0183826
-0.0184089
-0.018435
-0.0184611
-0.0184869
-0.0185127
-0.0185382
-0.0185637
-0.018589
-0.0186142
-0.0186392
-0.0186641
-0.0186888
-0.0187135
-0.0187379
-0.0187623
-0.0187865
-0.0188106
-0.0188346
-0.0188584
-0.0188821
-0.0189057
-0.0189291
-0.0189525
-0.0189757
-0.0189988
-0.0190217
-0.0190446
-0.0190673
-0.0190899
-0.0191124
-0.0191348
-0.019157
-0.0191792
-0.0192012
-0.0192231
-0.0192449
-0.0192666
-0.0192882
-0.0193097
-0.019331
-0.0193523
-0.0193734
-0.0193945
-0.0194154
-0.0194362
-0.0194569
-0.0194776
-0.0194981
-0.0195185
-0.0195388
-0.0195591
-0.0195792
-0.0195992
-0.0196191
-0.0196389
-0.0196587
-0.0196783
-0.0196978
-0.0197172
-0.0197366
-0.0197558
-0.0197749
-0.0197939
-0.0198129
-0.0198317
-0.0198505
-0.0198692
-0.0198878
