0
0
0
0
0
0
0
0
0
0
0
0
0
0
0
0
0
0
0
0
0
0
0
0
0
0
0
0
0
0
0
0
0
0
0
0
0
0
0
0
0
0
0
0
0
0
0
0
0
0
0
0
0
0
0
0
0
0
0
0
0
0
0
0
0
0
0
0
0
0
0
0
0
0
0
0
0
0
0
0
0
0
0
0
0
0
0
0
0
0
0
0
0
0
0
0
0
0
0
0
0
0
0
0
0
0
0
0
0
0
0
0
0
0
0
0
0
0
0
0
0
0
0
0
0
0
0
0
0
0
0
0
0
0
0
0
0
0
0
0
0
0
0
0
0
0
0
0
0
0
0
0
0
0
0
0
0
7.55508e+31
7.55508e+31
7.55508e+31
7.55508e+31
7.55508e+31
7.55508e+31
7.55508e+31
7.55508e+31
7.55508e+31
7.55508e+31
7.55508e+31
7.55508e+31
7.55508e+31
7.55508e+31
7.55508e+31
7.55508e+31
7.55508e+31
7.55508e+31
7.55508e+31
7.55508e+31
7.55508e+31
7.55508e+31
7.55508e+31
7.55508e+31
7.55508e+31
7.55508e+31
7.55508e+31
7.55508e+31
7.55508e+31
7.55508e+31
7.55508e+31
7.55508e+31
7.55508e+31
7.55508e+31
7.55508e+31
7.55508e+31
7.55508e+31
7.55508e+31
7.55508e+31
7.55508e+31
7.55508e+31
7.55508e+31
7.55508e+31
7.55508e+31
7.55508e+31
7.55508e+31
7.55508e+31
7.55508e+31
7.55508e+31
7.55508e+31
7.55508e+31
7.55508e+31
7.55508e+31
7.55508e+31
7.55508e+31
7.55508e+31
7.55508e+31
7.55508e+31
7.55508e+31
7.55508e+31
7.55508e+31
7.55508e+31
7.55508e+31
7.55508e+31
7.55508e+31
7.55508e+31
7.55508e+31
7.55508e+31
7.55508e+31
7.55508e+31
7.55508e+31
7.55508e+31
7.55508e+31
7.55508e+31
7.55508e+31
7.55508e+31
7.55508e+31
7.55508e+31
7.55508e+31
7.55508e+31
7.55508e+31
7.55508e+31
7.55508e+31
7.55508e+31
7.55508e+31
7.55508e+31
7.55508e+31
7.55508e+31
7.55508e+31
7.55508e+31
7.55508e+31
7.55508e+31
7.55508e+31
7.55508e+31
7.55508e+31
7.55508e+31
7.55508e+31
7.55508e+31
7.55508e+31
7.55508e+31
7.55508e+31
7.55508e+31
7.55508e+31
7.55508e+31
7.55508e+31
7.55508e+31
7.55508e+31
7.55508e+31
7.55508e+31
7.55508e+31
7.55508e+31
7.55508e+31
7.55508e+31
7.55508e+31
7.55508e+31
7.55508e+31
7.55508e+31
7.55508e+31
7.55508e+31
7.55508e+31
7.55508e+31
7.55508e+31
7.55508e+31
7.55508e+31
7.55508e+31
7.55508e+31
7.55508e+31
7.55508e+31
7.55508e+31
7.55508e+31
7.55508e+31
7.55508e+31
7.55508e+31
7.55508e+31
7.55508e+31
7.55508e+31
7.55508e+31
7.55508e+31
7.55508e+31
7.55508e+31
7.55508e+31
7.55508e+31
7.55508e+31
7.55508e+31
7.55508e+31
7.55508e+31
7.55508e+31
7.55508e+31
7.55508e+31
7.55508e+31
7.55508e+31
7.55508e+31
7.55508e+31
7.55508e+31
7.55508e+31
7.55508e+31
7.55508e+31
7.55508e+31
7.55508e+31
7.55508e+31
7.55508e+31
7.55508e+31
7.55508e+31
7.55508e+31
7.55508e+31
7.55508e+31
7.55508e+31
7.55508e+31
7.55508e+31
7.55508e+31
7.55508e+31
7.55508e+31
7.55508e+31
7.55508e+31
7.55508e+31
7.55508e+31
7.55508e+31
7.55508e+31
7.55508e+31
7.55508e+31
7.55508e+31
7.55508e+31
7.55508e+31
7.55508e+31
7.55508e+31
7.55508e+31
7.55508e+31
7.55508e+31
7.55508e+31
7.55508e+31
7.55508e+31
7.55508e+31
7.55508e+31
7.55508e+31
7.55508e+31
7.55508e+31
7.55508e+31
7.55508e+31
7.55508e+31
7.55508e+31
7.55508e+31
7.55508e+31
7.55508e+31
7.55508e+31
7.55508e+31
7.55508e+31
7.55508e+31
7.55508e+31
7.55508e+31
7.55508e+31
7.55508e+31
7.55508e+31
7.55508e+31
7.55508e+31
7.55508e+31
7.55508e+31
7.55508e+31
7.55508e+31
7.55508e+31
7.55508e+31
7.55508e+31
7.55508e+31
7.55508e+31
7.55508e+31
7.55508e+31
7.55508e+31
7.55508e+31
7.55508e+31
7.55508e+31
7.55508e+31
7.55508e+31
7.55508e+31
7.55508e+31
7.55508e+31
7.55508e+31
7.55508e+31
7.55508e+31
7.55508e+31
7.55508e+31
7.55508e+31
7.55508e+31
7.55508e+31
7.55508e+31
7.55508e+31
7.55508e+31
7.55508e+31
7.55508e+31
7.55508e+31
7.55508e+31
7.55508e+31
0.03435
0.0324415
0.0322321
0.032727
0.0326183
0.0316214
0.030665
0.0304448
0.0305601
0.030849
0.0311847
0.0314954
0.0317293
0.0318945
0.0318784
0.0317933
0.0316141
0.0313711
0.0310622
0.0307585
0.0303722
0.029969
0.0296029
0.0292467
0.0288681
0.0284841
0.0281326
0.0277726
0.0274239
0.0270694
0.0267336
0.026391
0.0260647
0.0257528
0.0254342
0.0251103
0.0248056
0.0244906
0.02419
0.0239009
0.0231691
0.0224644
0.0217905
0.0211394
0.0205203
0.0199307
0.0193619
0.0188079
0.018281
0.0177709
0.0172832
0.0168108
0.0163656
0.0159142
0.0154966
0.0150854
0.0146959
0.0143172
0.0139547
0.0136024
0.0132671
0.0129377
0.0126253
0.0123223
0.0120261
0.0117419
0.0114747
0.0112125
0.0109656
0.0107235
0.0104961
0.0102748
0.0100617
0.00985798
0.00973546
0.00961693
0.00950741
0.00940095
0.00929898
0.00920089
0.00910727
0.00901851
0.00893414
0.00885456
0.00878155
0.00870743
0.00864152
0.00857816
0.00851745
0.00846304
0.00840935
0.00836078
0.00831551
0.00827487
0.00823618
0.00820085
0.0081672
0.00814046
0.00811305
0.00808951
0.00806725
0.00804998
0.00803293
0.00802331
0.00800894
0.00800001
0.00799391
0.00799133
0.00798954
0.00798983
0.00799174
0.0079962
0.00800597
0.00801058
0.00802125
0.00803158
0.00804268
0.00805864
0.00807428
0.00809202
0.00811052
0.0081308
0.00815222
0.00817507
0.00819871
0.00822451
0.00825122
0.00827918
0.00830917
0.00833771
0.00836845
0.00840029
0.00843663
0.00846719
0.00850227
0.00853569
0.00856957
0.00860361
0.00863738
0.00867115
0.00870656
0.00874199
0.00877857
0.00881558
0.00885371
0.00889191
0.00893097
0.00896984
0.00900975
0.00904988
0.00909004
0.00913134
0.00917174
0.00921278
0.0092547
0.0092965
0.00933898
0.0093818
0.00942396
0.00946648
0.00950956
0.00955171
0.00959457
0.00963848
0.00968097
0.00972371
0.0097671
0.0098108
0.00985352
0.00989832
0.00994143
0.00998477
0.0100287
0.0100721
0.0101161
0.0101597
0.0102036
0.0102479
0.0102911
0.0103363
0.0103786
0.0104233
0.0104662
0.0105103
0.0105538
0.0105978
0.0106412
0.0106848
0.0107279
0.0107713
0.0108145
0.0108565
0.0108924
0.0109328
0.0109732
0.0110143
0.011053
0.0110892
0.0111213
0.011148
0.0111687
0.0111799
0.011179
0.0111751
0.0111601
0.0111325
0.0110911
0.0110426
0.0109874
0.0109201
0.0108461
0.0107623
0.0106723
0.0105762
0.0104764
0.0103669
0.0102565
0.010144
0.0100287
0.00991236
0.00979643
0.00967895
0.00956083
0.00944321
0.00932742
0.00921134
0.00909526
0.00897984
0.00896246
0.00894449
0.00892586
0.00890643
0.00888684
0.00886667
0.0088463
0.00882507
0.00880357
0.00878175
0.00875948
0.00873727
0.00871436
0.00869152
0.00866815
0.00864468
0.00862128
0.00859782
0.00857424
0.00855076
0.00852728
0.00850406
0.00848096
0.00845815
0.00843535
0.00841309
0.00839123
0.00836977
0.00834874
0.00832891
0.0083098
0.0082919
0.0082736
0.00825541
0.00823776
0.00822048
0.00820396
0.0081881
0.0081729
0.00815824
0.00814429
0.00813084
0.00811808
0.00810561
0.00809389
0.00808286
0.00807235
0.00806252
0.00805319
0.00804458
0.00803665
0.00802925
0.00802228
0.00801623
0.00801246
0.00800844
0.00800493
0.00800086
0.00799745
0.00799447
0.00799219
0.00799027
0.00798898
0.0079881
0.0079879
0.00798803
0.00798853
0.00798934
0.00799076
0.00799254
0.00799498
0.00799771
0.00800108
0.00800503
0.0080093
0.00801383
0.00801897
0.00802435
0.00803033
0.00803705
0.00804384
0.00805103
0.0080588
0.00806676
0.00807528
0.00808403
0.00809326
0.0081041
0.00811611
0.00812762
0.00813844
0.00814915
0.00816037
0.00817171
0.00818348
0.00819542
0.00820783
0.00822015
0.00823288
0.00824577
0.00825911
0.00827277
0.00828663
0.0083008
0.00831515
0.00832986
0.00834467
0.00835977
0.00837504
0.00839064
0.00840652
0.00842272
0.00843905
0.00845539
0.00847186
0.00848863
0.00850546
0.00852253
0.00853972
0.00855712
0.00857463
0.00859242
0.00861019
0.00862823
0.00864636
0.0086647
0.00868313
0.00870152
0.00872
0.00873873
0.00875786
0.00877677
0.00879575
0.00881496
0.00883416
0.00885381
0.00887339
0.00889318
0.00891295
0.00893271
0.00895267
0.00897261
0.00899274
0.00901285
0.00903324
0.00905365
0.00907419
0.00909469
0.00911535
0.00913624
0.00915702
0.00917658
0.00919777
0.00921885
0.00924171
0.00926318
0.00928408
0.00930444
0.00932238
0.00934003
0.00935528
0.00936854
0.00937999
0.00938842
0.0093944
0.00939791
0.00939897
0.0093967
0.00939235
0.00938491
0.00937731
0.00936721
0.00935633
0.00934302
0.00932885
0.00937638
0.00942205
0.0094659
0.00950839
0.00954966
0.00958956
0.00962791
0.00966569
0.00970204
0.00973632
0.0097701
0.00980318
0.0098358
0.00986778
0.00989912
0.00992987
0.0099602
0.00998972
0.0100189
0.0100476
0.010076
0.0101036
0.0101307
0.0101575
0.0101836
0.0102095
0.0102347
0.0102595
0.0102838
0.010308
0.0103315
0.0103547
0.0103776
0.0104001
0.0104223
0.0104443
0.0104657
0.0104871
0.0105083
0.0105292
0.01055
0.0105702
0.0105905
0.0106106
0.0106306
0.0106501
0.0106699
0.0106891
0.0107082
0.0107271
0.0107459
0.0107646
0.0107832
0.0108018
0.0108206
0.0108391
0.010858
0.0108765
0.0108952
0.0109135
0.0109318
0.0109501
0.0109683
0.0109865
0.0110045
0.0110225
0.0110404
0.0110582
0.011076
0.0110936
0.0111112
0.0111286
0.0111459
0.0111632
0.0111804
0.0111976
0.011215
0.011232
0.0112492
0.0112663
0.0112834
0.0113005
0.0113175
0.0113343
0.0113512
0.0113682
0.011385
0.0114017
0.0114187
0.0114353
0.0114522
0.0114689
0.0114856
0.0115022
0.0115189
0.0115355
0.0115519
0.0115684
0.0115849
0.0116013
0.0116178
0.0116341
0.0116505
0.0116669
0.0116831
0.0116994
0.0117156
0.0117318
0.0117479
0.011764
0.0117801
0.0117961
0.011863
0.0119294
0.0119952
0.0120606
0.0121253
0.0121893
0.0122529
0.0123159
0.0123785
0.0124409
0.0125025
0.012563
0.0126233
0.0126832
0.0127424
0.0128016
0.0128599
0.0129182
0.0129758
0.0130325
0.0130891
0.0131452
0.0132009
0.0132558
0.0133102
0.0133643
0.0134178
0.0134711
0.0135234
0.0135757
0.0136274
0.0136794
0.0137306
0.0137818
0.0138324
0.0138824
0.0139324
0.0139819
0.0140315
0.0140804
0.0139226
0.0137666
0.0136123
0.0134597
0.013309
0.0131599
0.0130125
0.0128671
0.0127237
0.0125808
0.0124397
0.0123003
0.0121625
0.0120265
0.0118917
0.0117586
0.011627
0.0114966
0.0113677
0.0112405
0.0111142
0.0109892
0.0108656
0.0107429
0.0106219
0.0105017
0.0103828
0.0102655
0.0101492
0.0100341
0.00992027
0.00980741
0.00969604
0.00958585
0.00947696
0.00936909
0.00926269
0.0091574
0.00905302
0.0089501
0.00884828
0.00874771
0.00864794
0.00854957
0.00845228
0.00835612
0.00826109
0.00816711
0.00807422
0.00798237
0.00789153
0.00780159
0.00771265
0.00762476
0.00753785
0.00745196
0.00736703
0.00728309
0.00720009
0.00711809
0.00703701
0.00695689
0.00687768
0.00679942
0.00672205
0.0066456
0.00655933
0.00647406
0.00638976
0.00630643
0.00622406
0.00614264
0.00606215
0.00598258
0.00590395
0.00582623
0.00574939
0.00567349
0.00559846
0.00552433
0.00545105
0.00545105
0.00545105
0.00545105
0.00545105
0.00545105
0.00545105
0.00545105
0.00545105
0.00545105
0.00545105
0.00545105
0.00545105
0.00545105
0.00545105
0.00545105
0.00545105
0.00545105
0.00545105
0.00545105
0.00545105
0.00545105
0.00545105
0.00545105
0.00545105
0.00545105
0.00545105
0.00545105
0.00545105
0.00545105
0.00545105
0.00537863
0.00530901
0.00524037
0.00517271
0.00510601
0.00504026
0.00497545
0.00491155
0.00484857
0.00478649
0.0047253
0.00466497
0.00460552
0.00454691
0.00448913
0.00443219
0.00437607
0.0043207
0.00426615
0.00421237
0.00415939
0.00410716
0.00405571
0.00400499
0.003955
0.00390579
0.00385732
0.0038095
0.00376242
0.00371601
0.00367027
0.00362527
0.00358092
0.00353722
0.00349461
0.00345262
0.0034113
0.00337057
0.0033305
0.00329101
0.00325215
0.00321391
0.00317624
0.00313916
0.00310264
0.00306667
0.00303138
0.00299654
0.00296223
0.00292844
0.00289521
0.00286248
0.00283029
0.00279864
0.00276749
0.00273685
0.00270669
0.00267699
0.00264782
0.00261909
0.00259085
0.00256306
0.00253577
0.00250891
0.00248238
0.00245632
0.00243078
0.00240572
0.00238128
0.00235718
0.00233337
0.00230996
0.002287
0.00226442
0.00224227
0.00222056
0.00219915
0.00217817
0.00215754
0.00213751
0.00211776
0.00209837
0.00207937
0.00206447
0.00203898
0.00200902
0.00197366
0.00195456
0.00193424
0.00191842
0.00190391
0.00189788
0.00187969
0.00187049
0.00185034
0.00182918
0.00180523
0.00177465
0.00174061
0.0017025
0.00166104
0.001617
0.00157079
0.00152342
0.00147378
0.00142375
0.00136949
0.00131227
0.00125569
0.00120117
0.00114484
0.00108874
0.00103154
0.000974089
0.000915595
0.00085702
0.000798265
0.000738395
0.000679352
0.00061948
0.000560261
0.000501476
0.000442684
0.000382688
0.000322964
0.000263859
0.000205047
0.00014649
8.80491e-05
3.01059e-05
-2.7515e-05
-8.53483e-05
-0.000142604
-0.000199987
-0.000257123
-0.000314085
-0.000370747
-0.000427483
-0.000483662
-0.000539787
-0.000595672
-0.000651378
-0.00070684
-0.000762277
-0.000817094
-0.000871785
-0.000925929
-0.000979962
-0.00103358
-0.00108685
-0.00113972
-0.00119195
-0.00124399
-0.00129564
-0.00134662
-0.00139743
-0.00144734
-0.00149707
-0.00154613
-0.00159477
-0.0016432
-0.00169096
-0.00173829
-0.00178518
-0.00183163
-0.00187789
-0.00192347
-0.00196862
-0.00201334
-0.00205762
-0.00210146
-0.00214487
-0.00218789
-0.00223047
-0.00227262
-0.00231434
-0.00235563
-0.00239648
-0.00243715
-0.00247714
-0.0025167
-0.00255585
-0.00259457
-0.00263288
-0.00267077
-0.00270823
-0.00274529
-0.00278193
-0.002818
-0.00285388
-0.00288913
-0.00292396
-0.00295838
-0.0029924
-0.003026
-0.00305923
-0.00309204
-0.00312448
-0.00315651
-0.00318817
-0.00321942
-0.00325031
-0.00328081
-0.00331094
-0.00334069
-0.00337009
-0.0033991
-0.00342776
-0.00345603
-0.0034842
-0.00351175
-0.00353892
-0.00356575
-0.00359219
-0.00361832
-0.00364412
-0.00366956
-0.00369463
-0.00371937
-0.00364593
-0.00357279
-0.00350003
-0.00342747
-0.00335545
-0.00328369
-0.00321248
-0.00314156
-0.00307088
-0.00300051
-0.0029305
-0.00286092
-0.0027916
-0.00272256
-0.00265386
-0.00258546
-0.00251744
-0.00244968
-0.00238226
-0.00231513
-0.00224837
-0.00218157
-0.00211522
-0.00204846
-0.00198218
-0.00191546
-0.0018492
-0.00185103
-0.00178523
-0.00171336
-0.00164528
-0.00157733
-0.00157498
-0.00150914
-0.00143056
-0.00136368
-0.00128177
-0.00121538
-0.00113744
-0.00107115
-0.000958149
-0.000880786
-0.000721023
-0.000650531
-0.000553189
-0.000494333
-0.000436259
-0.000384113
-0.000332413
-0.000286382
-0.000236489
-0.000195248
-0.000150654
-0.000111934
-7.52099e-05
-3.99258e-05
-1.35619e-05
2.11187e-05
5.04628e-05
8.41301e-05
0.000116991
0.000150157
0.000176571
0.000205783
0.000134788
0.000162059
0.000163743
0.000197006
0.000281941
0.000318874
0.000579868
0.000612183
0.000619423
0.000647422
0.000699462
0.000729859
0.000762139
0.000788761
0.000812981
0.000810016
0.000841161
0.000902361
0.000960945
0.00100859
0.00104385
0.00106963
0.00108853
0.0011064
0.0011167
0.00113138
0.00114614
0.00115547
0.00116589
0.00117857
0.001194
0.00120453
0.0012262
0.00124341
0.00126144
0.00127987
0.00129747
0.00131808
0.00133787
0.00135709
0.00137669
0.0013963
0.00141799
0.00143837
0.00145794
0.00147865
0.00149806
0.00151815
0.00153818
0.00155812
0.00157801
0.0015978
0.00161755
0.00163794
0.0016568
0.00167611
0.00169632
0.0017167
0.00173746
0.00176008
0.00178291
0.00180564
0.00182834
0.00185119
0.00187378
0.00189628
0.00191868
0.00194107
0.00196341
0.00198568
0.00200786
0.00203001
0.00205215
0.00207423
0.00209627
0.00211823
0.00213992
0.00216182
0.00218364
0.00220401
0.0022243
0.00224404
0.00226566
0.00228702
0.00230856
0.00233002
0.00235141
0.00237255
0.00239366
0.00241475
0.00243577
0.00245676
0.00247769
0.00249855
0.00251946
0.00254023
0.00256098
0.00258172
0.00260239
0.00262304
0.00264363
0.0026642
0.0026847
0.00270519
0.00272465
0.00274381
0.00276411
0.00278414
0.00280445
0.00282464
0.00284481
0.00286468
0.00288262
0.00290197
0.00292026
0.00293974
0.00295961
0.00297951
0.0029993
0.00301907
0.00303887
0.00305853
0.00307846
0.00309804
0.00311759
0.00313708
0.00315656
0.00317602
0.00319542
0.0032148
0.00323417
0.00325343
0.00327244
0.00329167
0.00331093
0.00324738
0.00318261
0.00326037
0.0033548
0.00347944
0.00352154
0.00353613
0.00354415
0.00351748
0.00349097
0.00347344
0.00343602
0.00342829
0.0034152
0.00342105
0.0034182
0.00342428
0.00344168
0.00345917
0.00347917
0.00350284
0.00352112
0.00354714
0.00356922
0.00358853
0.00362752
0.00358418
0.00354235
0.00350487
0.00346652
0.00342895
0.00339215
0.00335399
0.00331589
0.00327903
0.00324294
0.00320714
0.00316996
0.0031371
0.00309856
0.00306434
0.0030273
0.00299314
0.00295949
0.00292252
0.00289106
0.00285414
0.00282009
0.00278295
0.0027494
0.00271395
0.00268017
0.00264472
0.00261094
0.00257668
0.00254122
0.002506
0.00247099
0.00243622
0.00240167
0.00236734
0.00233323
0.00229933
0.00226565
0.00223219
0.00219893
0.00216589
0.00213305
0.00210042
0.00206799
0.00203589
0.00200399
0.00197229
0.00194078
0.00190947
0.00187835
0.00184741
0.00181667
0.00178611
0.00175573
0.00172554
0.00169552
0.00166569
0.00163604
0.00160656
0.00157725
0.00157725
0.00154812
0.0015192
0.00149046
0.00146188
0.00143347
0.00140522
0.00137714
0.00134922
0.00132147
0.00129387
0.00126643
0.00123915
0.00121202
0.00118505
0.00115823
0.00113148
0.00110488
0.00107843
0.00105212
0.00102597
0.000999961
0.000974095
0.000948374
0.000922796
0.000897359
0.000872061
0.000846904
0.000821885
0.000797
0.000772253
0.000747645
0.000723168
0.000698827
0.000674615
0.000650535
0.000626581
0.000602758
0.000579061
0.000555489
0.000532044
0.000508722
0.000485523
0.000462448
0.000439493
0.000416661
0.000393946
0.000371352
0.000348866
0.000326497
0.000304246
0.000282109
0.000260089
0.00023818
0.000216385
0.000194704
0.000173131
0.000151668
0.000130314
0.000109071
8.79318e-05
6.68988e-05
4.59701e-05
2.51476e-05
4.42751e-06
-1.61901e-05
-3.67034e-05
-5.71162e-05
-7.74264e-05
-9.7638e-05
-0.000117749
-0.000137761
-0.000157675
-0.000177491
-0.000197211
-0.000216834
-0.000236362
-0.000255764
-0.00027507
-0.000294283
-0.000313403
-0.000332432
-0.000351368
-0.000370214
-0.000388969
-0.000407632
-0.000426209
