1.77965e-43
1.77965e-43
1.77965e-43
1.77965e-43
1.77965e-43
1.77965e-43
1.77965e-43
1.77965e-43
1.77965e-43
1.77965e-43
1.77965e-43
1.77965e-43
1.77965e-43
1.77965e-43
1.77965e-43
1.77965e-43
1.77965e-43
1.77965e-43
1.77965e-43
1.77965e-43
1.77965e-43
1.77965e-43
1.77965e-43
1.77965e-43
1.77965e-43
1.77965e-43
1.77965e-43
1.77965e-43
1.77965e-43
1.77965e-43
1.77965e-43
1.77965e-43
1.77965e-43
1.77965e-43
1.77965e-43
1.77965e-43
1.77965e-43
1.77965e-43
1.77965e-43
1.77965e-43
1.77965e-43
1.77965e-43
1.77965e-43
1.77965e-43
1.77965e-43
1.77965e-43
1.77965e-43
1.77965e-43
1.77965e-43
1.77965e-43
1.77965e-43
1.77965e-43
1.77965e-43
1.77965e-43
1.77965e-43
1.77965e-43
1.77965e-43
1.77965e-43
1.77965e-43
1.77965e-43
1.77965e-43
1.77965e-43
1.77965e-43
1.77965e-43
1.77965e-43
1.77965e-43
1.77965e-43
1.77965e-43
1.77965e-43
1.77965e-43
1.77965e-43
1.77965e-43
1.77965e-43
1.77965e-43
1.77965e-43
1.77965e-43
1.77965e-43
1.77965e-43
1.77965e-43
1.77965e-43
1.77965e-43
1.77965e-43
1.77965e-43
1.77965e-43
1.77965e-43
1.77965e-43
1.77965e-43
1.77965e-43
1.77965e-43
1.77965e-43
1.77965e-43
1.77965e-43
1.77965e-43
1.77965e-43
1.77965e-43
1.77965e-43
1.77965e-43
1.77965e-43
1.77965e-43
1.77965e-43
1.77965e-43
1.77965e-43
1.77965e-43
1.77965e-43
1.77965e-43
1.77965e-43
1.77965e-43
1.77965e-43
1.77965e-43
1.77965e-43
1.77965e-43
1.77965e-43
1.77965e-43
1.77965e-43
1.77965e-43
1.77965e-43
1.77965e-43
1.77965e-43
1.77965e-43
1.77965e-43
1.77965e-43
1.77965e-43
1.77965e-43
1.77965e-43
1.77965e-43
1.77965e-43
1.77965e-43
1.77965e-43
1.77965e-43
1.77965e-43
1.77965e-43
1.77965e-43
1.77965e-43
1.77965e-43
1.77965e-43
1.77965e-43
1.77965e-43
1.77965e-43
1.77965e-43
1.77965e-43
1.77965e-43
1.77965e-43
1.77965e-43
1.77965e-43
1.77965e-43
1.77965e-43
1.77965e-43
1.77965e-43
1.77965e-43
1.77965e-43
1.77965e-43
1.77965e-43
1.77965e-43
1.77965e-43
1.77965e-43
1.77965e-43
1.77965e-43
0
0
0
0
0
0
0
0
0
0
0
0
0
0
0
0
0
0
0
0
0
0
0
0
0
0
0
0
0
0
0
0
0
0
0
0
0
0
0
0
0
0
0
0
0
0
0
0
0
0
0
0
0
0
0
0
0
0
0
0
0
0
0
0
0
0
0
0
0
0
0
0
0
0
0
0
0
0
0
0
0
0
0
0
0
0
0
0
0
0
0
0
0
0
0
0
0
0
0
0
0
0
0
0
0
0
0
0
0
0
0
0
0
0
0
0
0
0
0
0
0
0
0
0
0
0
0
0
0
0
0
0
0
0
0
0
0
0
0
0
0
0
0
0
0
0
0
0
0
0
0
0
0
0
0
0
0
0
0
0
0
0
0
0
0
0
0
0
0
0
0
0
0
0
0
0
0
0
0
0
0
0
0
0
0
0
0
0
0
0
0
0
0
0
0
0
0
0
0
0
0
0
0
0
0
0
0
0
0
0
0
0
0
0
0
0
0
0
0
0
0
0
0
0
0
0
0
0
0
0
0
0
0
0
0
0
0
0
0
0
0
0
0
0
0
0
0
0
0
0
0
-0.0123557
-0.0149782
-0.0161428
-0.0168693
-0.0173378
-0.0175494
-0.0174828
-0.0171667
-0.016687
-0.0158963
-0.0149044
-0.0135784
-0.012109
-0.0103672
-0.008461
-0.00632264
-0.00410367
-0.00166625
0.000809877
0.00334406
0.0059768
0.00872489
0.0114345
0.0140794
0.0167644
0.0194273
0.0220259
0.0245762
0.027075
0.0294825
0.0318242
0.0340745
0.0362369
0.0383275
0.0403443
0.0422793
0.0441427
0.0459314
0.0476506
0.0481668
0.0486604
0.0491283
0.0495741
0.049995
0.050394
0.0507729
0.0511325
0.0514728
0.0517949
0.0520997
0.0523873
0.052659
0.0529127
0.0531537
0.0533784
0.0535888
0.0537842
0.0539675
0.0541363
0.054294
0.0544378
0.0545707
0.0546904
0.0547981
0.0548963
0.0549872
0.0550665
0.0551385
0.0551997
0.0552545
0.0552995
0.0553353
0.0553659
0.0553707
0.0553728
0.0553723
0.0553676
0.0553587
0.0553476
0.0553335
0.055318
0.0552995
0.0552799
0.0552578
0.0552331
0.0552082
0.0551816
0.0551546
0.0551273
0.0550988
0.0550702
0.0550409
0.0550116
0.0549819
0.0549519
0.0549223
0.0548931
0.0548636
0.0548349
0.054807
0.0547797
0.0547531
0.0547273
0.0547024
0.0546784
0.0546555
0.0546338
0.054613
0.0545937
0.0545753
0.0545586
0.0545428
0.0545294
0.0545165
0.0545056
0.0544955
0.0544874
0.0544804
0.0544754
0.0544715
0.0544697
0.054469
0.0544704
0.0544729
0.0544782
0.0544844
0.054493
0.0545025
0.0545143
0.0545271
0.0545422
0.0545582
0.054578
0.0545971
0.0546186
0.0546426
0.0546689
0.0546965
0.0547243
0.054753
0.0547844
0.0548162
0.0548506
0.0548879
0.0549258
0.054966
0.0550063
0.055049
0.0550922
0.0551382
0.0551847
0.055233
0.0552817
0.0553332
0.055385
0.0554387
0.0554926
0.0555492
0.0556056
0.0556642
0.0557216
0.0557816
0.0558413
0.0559051
0.055967
0.0560315
0.0560956
0.0561618
0.0562286
0.0562988
0.0563671
0.0564379
0.0565082
0.0565809
0.056653
0.0567271
0.0568011
0.0568767
0.0569517
0.0570304
0.0571094
0.0571882
0.0572669
0.0573472
0.0574288
0.0575106
0.0575935
0.0576762
0.0577604
0.0578449
0.0579304
0.0580155
0.0581023
0.0581885
0.0582727
0.0583528
0.0584257
0.0584877
0.0585334
0.0585638
0.0585662
0.0585412
0.0585029
0.0584339
0.0583295
0.0581891
0.0580264
0.0578419
0.0576236
0.0573861
0.0571185
0.0568323
0.0565233
0.0562025
0.0558518
0.0554938
0.0551299
0.0547536
0.0543745
0.0539937
0.0536044
0.0532117
0.0528206
0.0524318
0.0520411
0.0516484
0.0512597
0.0511296
0.0509977
0.0508632
0.0507263
0.0505883
0.0504493
0.0503083
0.0501653
0.0500215
0.049876
0.04973
0.0495834
0.0494354
0.0492868
0.0491374
0.0489877
0.0488375
0.0486881
0.0485383
0.048389
0.0482397
0.0480915
0.0479439
0.0477974
0.0476519
0.0475077
0.0473651
0.0472241
0.0470849
0.0469476
0.0468123
0.046679
0.046548
0.0464204
0.046295
0.0461722
0.0460517
0.0459339
0.045819
0.0457064
0.0455969
0.0454896
0.0453854
0.0452834
0.0451838
0.0450873
0.0449931
0.044902
0.0448132
0.0447277
0.0446454
0.0445656
0.0444878
0.0444132
0.0443438
0.0442767
0.044211
0.0441472
0.0440866
0.0440281
0.0439731
0.04392
0.0438701
0.0438222
0.0437778
0.0437352
0.0436946
0.0436557
0.04362
0.0435862
0.043556
0.0435273
0.0435021
0.04348
0.0434597
0.0434409
0.0434255
0.0434115
0.0434009
0.0433944
0.0433884
0.0433847
0.0433843
0.0433851
0.0433892
0.0433947
0.0434031
0.0434141
0.0434264
0.0434416
0.0434584
0.0434761
0.0434971
0.0435189
0.0435434
0.0435691
0.0435979
0.0436265
0.0436577
0.0436901
0.0437255
0.043763
0.043802
0.0438432
0.0438856
0.0439306
0.0439765
0.0440244
0.0440736
0.0441252
0.0441789
0.0442348
0.0442919
0.0443493
0.0444079
0.0444688
0.0445303
0.0445937
0.0446581
0.0447244
0.0447916
0.044861
0.0449306
0.0450023
0.045075
0.0451494
0.0452247
0.0453004
0.0453771
0.0454557
0.0455374
0.0456181
0.0456995
0.0457829
0.0458667
0.0459539
0.046041
0.0461299
0.0462192
0.0463088
0.0464001
0.0464918
0.0465851
0.0466788
0.0467747
0.0468712
0.046969
0.047067
0.0471667
0.0472683
0.0473697
0.0474711
0.0475746
0.0476777
0.0477804
0.0478824
0.0479814
0.0480746
0.048159
0.0482372
0.0483021
0.0483533
0.048393
0.0484152
0.0484234
0.0484143
0.0483926
0.0483524
0.0483003
0.0482312
0.0481516
0.0480571
0.0479528
0.0478417
0.0477185
0.0480347
0.0483407
0.0486353
0.0489215
0.0491986
0.0494686
0.0497308
0.0499877
0.0502388
0.0504847
0.050726
0.0509629
0.0511956
0.0514243
0.0516494
0.0518707
0.052088
0.0523019
0.0525123
0.0527194
0.0529233
0.0531239
0.0533214
0.0535159
0.0537074
0.0538959
0.0540815
0.0542645
0.0544448
0.0546227
0.054798
0.0549709
0.0551422
0.0553117
0.055479
0.0556447
0.0558085
0.0559709
0.0561322
0.0562918
0.0564505
0.0566075
0.0567631
0.056918
0.0570723
0.0572253
0.0573791
0.0575283
0.057677
0.0578248
0.0579725
0.058119
0.0582655
0.0584146
0.0585636
0.0587102
0.0588608
0.059009
0.0591585
0.0593057
0.0594528
0.0596
0.0597473
0.0598938
0.0600404
0.0601866
0.0603318
0.0604773
0.0606229
0.0607671
0.0609116
0.0610543
0.061197
0.0613392
0.0614819
0.0616248
0.0617688
0.0619106
0.0620538
0.0621965
0.0623402
0.0624836
0.0626263
0.0627685
0.0629111
0.0630543
0.0631968
0.0633389
0.0634831
0.0636251
0.0637693
0.0639123
0.0640553
0.0641978
0.0643417
0.0644842
0.0646263
0.0647688
0.0649117
0.0650543
0.0651972
0.0653397
0.0654826
0.0656261
0.0657682
0.0659116
0.0660537
0.0661962
0.0663384
0.0664809
0.0666231
0.0667656
0.067357
0.0679452
0.0685297
0.0691116
0.0696882
0.0702599
0.0708286
0.0713943
0.071957
0.0725204
0.073077
0.0736256
0.0741713
0.0747157
0.075254
0.0757942
0.0763268
0.0768608
0.0773888
0.0779094
0.0784302
0.0789453
0.0794606
0.0799688
0.0804727
0.0809756
0.0814729
0.0819705
0.0824613
0.0829509
0.0834352
0.0839253
0.0844087
0.0848936
0.0853731
0.0858474
0.0863245
0.0867963
0.0872722
0.0877415
0.0862731
0.0848203
0.0833802
0.0819533
0.0805415
0.0791441
0.077759
0.0763866
0.0750281
0.0736841
0.0723519
0.0710342
0.0697279
0.0684327
0.0671501
0.0658788
0.0646204
0.0633714
0.0621341
0.0609097
0.0596943
0.058489
0.057295
0.056111
0.0549387
0.0537732
0.0526194
0.0514772
0.0503458
0.0492242
0.0481134
0.0470124
0.0459222
0.0448416
0.0437718
0.0427131
0.0416654
0.0406265
0.0395972
0.0385787
0.0375693
0.0365717
0.035582
0.0346028
0.0336325
0.0326725
0.0317227
0.0307816
0.0298505
0.028928
0.0280141
0.0271082
0.0262108
0.025323
0.0244434
0.0235733
0.0227114
0.0218585
0.0210137
0.0201782
0.0193505
0.0185318
0.0177211
0.0169193
0.0161252
0.0153398
0.0144313
0.0135322
0.0126416
0.0117604
0.0108875
0.0100238
0.00916829
0.00832081
0.00748253
0.00665235
0.00583004
0.00501725
0.00421256
0.00341644
0.00262813
0.00262813
0.00262813
0.00262813
0.00262813
0.00262813
0.00262813
0.00262813
0.00262813
0.00262813
0.00262813
0.00262813
0.00262813
0.00262813
0.00262813
0.00262813
0.00262813
0.00262813
0.00262813
0.00262813
0.00262813
0.00262813
0.00262813
0.00262813
0.00262813
0.00262813
0.00262813
0.00262813
0.00262813
0.00262813
0.00262813
0.00184759
0.00106583
0.000294443
-0.00046712
-0.00121857
-0.00196034
-0.0026925
-0.00341487
-0.00412786
-0.0048314
-0.00552573
-0.00621079
-0.00688689
-0.00755396
-0.00821214
-0.00886166
-0.00950248
-0.0101355
-0.01076
-0.0113762
-0.0119841
-0.0125839
-0.0131756
-0.0137593
-0.0143351
-0.0149031
-0.0154633
-0.0160159
-0.016561
-0.0170986
-0.0176289
-0.0181516
-0.0186672
-0.0191757
-0.019672
-0.0201615
-0.020644
-0.0211197
-0.0215886
-0.0220509
-0.0225065
-0.0229554
-0.023398
-0.0238341
-0.024264
-0.0246878
-0.0251045
-0.0255159
-0.0259214
-0.0263212
-0.0267148
-0.0271027
-0.0274847
-0.0278609
-0.0282314
-0.0285962
-0.0289555
-0.0293096
-0.029658
-0.0300013
-0.030339
-0.0306716
-0.0309987
-0.0313209
-0.0316395
-0.0319528
-0.0322604
-0.0325625
-0.032858
-0.0331494
-0.0334371
-0.0337202
-0.0339982
-0.0342718
-0.0345404
-0.0348039
-0.0350638
-0.0353189
-0.0355697
-0.0358139
-0.0360547
-0.0362912
-0.0365233
-0.0367519
-0.0369759
-0.0371965
-0.0374133
-0.0376331
-0.0378502
-0.0380709
-0.0382995
-0.0385449
-0.038821
-0.0391045
-0.0394214
-0.0397608
-0.0401239
-0.0405267
-0.040959
-0.0414288
-0.0419393
-0.0424743
-0.0430472
-0.0436418
-0.0442698
-0.0449188
-0.0456375
-0.0463737
-0.0471017
-0.0478215
-0.0485567
-0.0492988
-0.0500533
-0.0508118
-0.0515789
-0.0523477
-0.0531233
-0.0539021
-0.0546802
-0.0554609
-0.05624
-0.0570174
-0.057796
-0.0585723
-0.0593494
-0.0601223
-0.0608956
-0.0616662
-0.0624364
-0.0632039
-0.0639714
-0.0647361
-0.0655006
-0.0662647
-0.0670264
-0.0677868
-0.0685438
-0.0692998
-0.0700522
-0.0708015
-0.0715486
-0.072294
-0.0730372
-0.0737778
-0.0745141
-0.0752462
-0.0759752
-0.0767004
-0.0774207
-0.0781373
-0.078849
-0.0795564
-0.0802586
-0.0809565
-0.0816489
-0.0823369
-0.0830165
-0.0836914
-0.0843608
-0.0850254
-0.0856844
-0.0863386
-0.0869873
-0.0876309
-0.0882691
-0.0889021
-0.0895297
-0.0901522
-0.0907695
-0.0913813
-0.0919875
-0.0925886
-0.0931848
-0.0937757
-0.0943612
-0.0949414
-0.0955163
-0.0960858
-0.09665
-0.0972088
-0.0977622
-0.0983102
-0.0988528
-0.0993901
-0.0999221
-0.100449
-0.10097
-0.101486
-0.101994
-0.102498
-0.102995
-0.103488
-0.103975
-0.104458
-0.104935
-0.105406
-0.105873
-0.106335
-0.106791
-0.107243
-0.107689
-0.10813
-0.108566
-0.108998
-0.109424
-0.109846
-0.110263
-0.110675
-0.111082
-0.111484
-0.111881
-0.112273
-0.112661
-0.113044
-0.113422
-0.113796
-0.114165
-0.114529
-0.114888
-0.113803
-0.11272
-0.111642
-0.110566
-0.109497
-0.10843
-0.107371
-0.106315
-0.105261
-0.10421
-0.103163
-0.102123
-0.101085
-0.100049
-0.0990178
-0.0979898
-0.0969665
-0.0959459
-0.0949294
-0.093916
-0.0929073
-0.0918963
-0.0908915
-0.0898765
-0.0888686
-0.0878498
-0.0868376
-0.0858301
-0.0848084
-0.083796
-0.0827716
-0.0817567
-0.0807447
-0.0797245
-0.0787137
-0.0776919
-0.076677
-0.0756508
-0.0746341
-0.0736054
-0.072584
-0.071553
-0.0705308
-0.0695253
-0.0685322
-0.0676012
-0.066679
-0.0658439
-0.0650271
-0.0642942
-0.0635682
-0.0629097
-0.0622623
-0.0616535
-0.0610537
-0.0604751
-0.0599019
-0.0593387
-0.0587808
-0.0582282
-0.0576808
-0.0571381
-0.0566006
-0.0560661
-0.0555367
-0.0550128
-0.0544939
-0.0539799
-0.0534709
-0.0529663
-0.0524666
-0.0519711
-0.0514803
-0.0509927
-0.0505097
-0.0500288
-0.0495523
-0.0490775
-0.0486069
-0.0481401
-0.0476767
-0.0472167
-0.0467604
-0.0463073
-0.0458576
-0.0454108
-0.0449671
-0.0445283
-0.0440924
-0.0436585
-0.0432271
-0.0427984
-0.0423712
-0.0419455
-0.0415213
-0.041099
-0.0406772
-0.0402583
-0.039841
-0.0394247
-0.0390102
-0.0385965
-0.0381845
-0.0377735
-0.0373638
-0.0369576
-0.0365522
-0.0361483
-0.035746
-0.035344
-0.0349436
-0.0345432
-0.0341434
-0.0337451
-0.0333471
-0.0329504
-0.032554
-0.0321587
-0.0317647
-0.0313669
-0.0309693
-0.0305727
-0.0301774
-0.0297826
-0.0293878
-0.0289944
-0.0286013
-0.0282093
-0.0278173
-0.0274265
-0.0270372
-0.0266477
-0.0262586
-0.0258704
-0.0254837
-0.025097
-0.0247101
-0.024324
-0.0239379
-0.0235533
-0.0231687
-0.0227841
-0.0224006
-0.0220172
-0.0216349
-0.0212536
-0.0208723
-0.0204911
-0.0201106
-0.0197312
-0.0193528
-0.0189784
-0.0186043
-0.0182301
-0.0178568
-0.0174836
-0.0171113
-0.0167399
-0.0163672
-0.0159968
-0.0156263
-0.0152557
-0.014886
-0.0145163
-0.0141475
-0.0137786
-0.0134106
-0.0130426
-0.0126754
-0.0123091
-0.0119435
-0.0115781
-0.0112112
-0.0108466
-0.0104819
-0.0101181
-0.00975429
-0.00939038
-0.00902841
-0.00866614
-0.00830507
-0.00794297
-0.0075828
-0.00722261
-0.00686119
-0.00650244
-0.00614245
-0.00578459
-0.00542669
-0.00506969
-0.00471262
-0.00435524
-0.00399898
-0.00364263
-0.00328618
-0.00293157
-0.00257683
-0.00222197
-0.00186601
-0.00151162
-0.00115706
-0.000803298
-0.00044947
-9.68433e-05
0.000255509
0.000605892
0.00095875
0.00130947
0.00165905
0.00200716
0.00235335
0.00269766
0.00303969
0.00337955
0.00371703
0.00405213
0.00438473
0.00471483
0.00504245
0.00536748
0.00568979
0.00600973
0.00632702
0.00664182
0.00695426
0.00615175
0.00535506
0.00456422
0.00377926
0.00300008
0.00222665
0.00145898
0.000696886
-5.96197e-05
-0.000810674
-0.00155628
-0.00229648
-0.00303149
-0.0037612
-0.00448587
-0.00520543
-0.00592002
-0.00662963
-0.00733434
-0.00803424
-0.00872916
-0.00941937
-0.0101049
-0.0107859
-0.0114623
-0.0121341
-0.0128015
-0.0134644
-0.014123
-0.0147772
-0.0154272
-0.0160729
-0.0167144
-0.0173517
-0.0179849
-0.018614
-0.019239
-0.0198601
-0.0204771
-0.0210902
-0.0216994
-0.0223048
-0.0229063
-0.023504
-0.0240955
-0.0246833
-0.0252674
-0.0258479
-0.0264248
-0.0269981
-0.0275679
-0.0281342
-0.028697
-0.0292564
-0.0298123
-0.0303649
-0.0309141
-0.0314601
-0.0320027
-0.0325421
-0.0325421
-0.0330782
-0.0336103
-0.0341392
-0.034665
-0.0351877
-0.0357073
-0.0362238
-0.0367373
-0.0372477
-0.0377552
-0.0382598
-0.0387614
-0.0392601
-0.0397559
-0.0402489
-0.0407406
-0.0412295
-0.0417156
-0.0421989
-0.0426795
-0.0431574
-0.0436325
-0.044105
-0.0445748
-0.045042
-0.0455065
-0.0459685
-0.0464279
-0.0468847
-0.047339
-0.0477907
-0.0482399
-0.0486867
-0.0491309
-0.0495728
-0.0500122
-0.0504493
-0.0508839
-0.0513163
-0.0517462
-0.0521739
-0.0525993
-0.0530223
-0.0534431
-0.0538617
-0.054278
-0.0546921
-0.0551041
-0.055514
-0.0559216
-0.0563272
-0.0567305
-0.0571318
-0.0575309
-0.057928
-0.058323
-0.0587159
-0.0591068
-0.0594957
-0.0598826
-0.0602675
-0.0606504
-0.0610315
-0.0614105
-0.0617877
-0.0621629
-0.0625362
-0.0629076
-0.0632772
-0.0636449
-0.0640107
-0.0643747
-0.0647369
-0.0650973
-0.0654559
-0.0658127
-0.0661671
-0.0665198
-0.0668707
-0.0672199
-0.0675674
-0.0679131
-0.0682572
-0.0685995
-0.0689402
-0.0692792
