0
0
0
0
0
0
0
0
0
0
0
0
0
0
0
0
0
0
0
0
0
0
0
0
0
0
0
0
0
0
0
0
0
0
0
0
0
0
0
0
0
0
0
0
0
0
0
0
0
0
0
0
0
0
0
0
0
0
0
0
0
0
0
0
0
0
0
0
0
0
0
0
0
0
0
0
0
0
0
0
0
0
0
0
0
0
0
0
0
0
0
0
0
0
0
0
0
0
0
0
0
0
0
0
0
0
0
0
0
0
0
0
0
0
0
0
0
0
0
0
0
0
0
0
0
0
0
0
0
0
0
0
0
0
0
0
0
0
0
0
0
0
0
0
0
0
0
0
0
0
0
0
0
0
0
0
0
2.22344e-10
2.22344e-10
2.22344e-10
2.22344e-10
2.22344e-10
2.22344e-10
2.22344e-10
2.22344e-10
2.22344e-10
2.22344e-10
2.22344e-10
2.22344e-10
2.22344e-10
2.22344e-10
2.22344e-10
2.22344e-10
2.22344e-10
2.22344e-10
2.22344e-10
2.22344e-10
2.22344e-10
2.22344e-10
2.22344e-10
2.22344e-10
2.22344e-10
2.22344e-10
2.22344e-10
2.22344e-10
2.22344e-10
2.22344e-10
2.22344e-10
2.22344e-10
2.22344e-10
2.22344e-10
2.22344e-10
2.22344e-10
2.22344e-10
2.22344e-10
2.22344e-10
2.22344e-10
2.22344e-10
2.22344e-10
2.22344e-10
2.22344e-10
2.22344e-10
2.22344e-10
2.22344e-10
2.22344e-10
2.22344e-10
2.22344e-10
2.22344e-10
2.22344e-10
2.22344e-10
2.22344e-10
2.22344e-10
2.22344e-10
2.22344e-10
2.22344e-10
2.22344e-10
2.22344e-10
2.22344e-10
2.22344e-10
2.22344e-10
2.22344e-10
2.22344e-10
2.22344e-10
2.22344e-10
2.22344e-10
2.22344e-10
2.22344e-10
2.22344e-10
2.22344e-10
2.22344e-10
2.22344e-10
2.22344e-10
2.22344e-10
2.22344e-10
2.22344e-10
2.22344e-10
2.22344e-10
2.22344e-10
2.22344e-10
2.22344e-10
2.22344e-10
2.22344e-10
2.22344e-10
2.22344e-10
2.22344e-10
2.22344e-10
2.22344e-10
2.22344e-10
2.22344e-10
2.22344e-10
2.22344e-10
2.22344e-10
2.22344e-10
2.22344e-10
2.22344e-10
2.22344e-10
2.22344e-10
2.22344e-10
2.22344e-10
2.22344e-10
2.22344e-10
2.22344e-10
2.22344e-10
2.22344e-10
2.22344e-10
2.22344e-10
2.22344e-10
2.22344e-10
2.22344e-10
2.22344e-10
2.22344e-10
2.22344e-10
2.22344e-10
2.22344e-10
2.22344e-10
2.22344e-10
2.22344e-10
2.22344e-10
2.22344e-10
2.22344e-10
2.22344e-10
2.22344e-10
2.22344e-10
2.22344e-10
2.22344e-10
2.22344e-10
2.22344e-10
2.22344e-10
2.22344e-10
2.22344e-10
2.22344e-10
2.22344e-10
2.22344e-10
2.22344e-10
2.22344e-10
2.22344e-10
2.22344e-10
2.22344e-10
2.22344e-10
2.22344e-10
2.22344e-10
2.22344e-10
2.22344e-10
2.22344e-10
2.22344e-10
2.22344e-10
2.22344e-10
2.22344e-10
2.22344e-10
2.22344e-10
2.22344e-10
2.22344e-10
2.22344e-10
2.22344e-10
2.22344e-10
2.22344e-10
2.22344e-10
2.22344e-10
2.22344e-10
2.22344e-10
2.22344e-10
2.22344e-10
2.22344e-10
2.22344e-10
2.22344e-10
2.22344e-10
2.22344e-10
2.22344e-10
2.22344e-10
2.22344e-10
2.22344e-10
2.22344e-10
2.22344e-10
2.22344e-10
2.22344e-10
2.22344e-10
2.22344e-10
2.22344e-10
2.22344e-10
2.22344e-10
2.22344e-10
2.22344e-10
2.22344e-10
2.22344e-10
2.22344e-10
2.22344e-10
2.22344e-10
2.22344e-10
2.22344e-10
2.22344e-10
2.22344e-10
2.22344e-10
2.22344e-10
2.22344e-10
2.22344e-10
2.22344e-10
2.22344e-10
2.22344e-10
2.22344e-10
2.22344e-10
2.22344e-10
2.22344e-10
2.22344e-10
2.22344e-10
2.22344e-10
2.22344e-10
2.22344e-10
2.22344e-10
2.22344e-10
2.22344e-10
2.22344e-10
2.22344e-10
2.22344e-10
2.22344e-10
2.22344e-10
2.22344e-10
2.22344e-10
2.22344e-10
2.22344e-10
2.22344e-10
2.22344e-10
2.22344e-10
2.22344e-10
2.22344e-10
2.22344e-10
2.22344e-10
2.22344e-10
2.22344e-10
2.22344e-10
2.22344e-10
2.22344e-10
2.22344e-10
2.22344e-10
2.22344e-10
2.22344e-10
2.22344e-10
2.22344e-10
2.22344e-10
2.22344e-10
2.22344e-10
2.22344e-10
2.22344e-10
2.22344e-10
2.22344e-10
2.22344e-10
2.22344e-10
2.22344e-10
0.0222088
0.0222088
0.0222088
0.0222088
0.0222088
0.0221858
0.0221858
0.0221858
0.0221858
0.0221858
0.0221858
0.0221858
0.0221858
0.0221858
0.0221858
0.0221858
0.0221858
0.0221858
0.0221858
0.0221858
0.0221858
0.0222069
0.0222069
0.0222069
0.0222069
0.0222069
0.0222069
0.0222069
0.0222069
0.0222069
0.0222069
0.0222069
0.0222069
0.0222069
0.0222069
0.0222069
0.0222069
0.0222069
0.0222069
0.0491583
0.0491583
0.0491583
0.0491583
0.0491583
0.0491583
0.0491583
0.0491583
0.0491583
0.0491583
0.0491583
0.0491583
0.0491583
0.0491583
0.0491583
0.0491583
0.0493273
0.0493273
0.0493273
0.0493273
0.0493273
0.0493273
0.0493273
0.0493273
0.0493273
0.0493273
0.0493273
0.0493273
0.0493273
0.0493273
0.0493273
0.0493273
0.0493273
0.0493273
0.0615784
0.0615784
0.0615784
0.0615784
0.0615784
0.0615784
0.0615784
0.0615784
0.0615784
0.0615784
0.0615784
0.0615784
0.0615784
0.0615784
0.0615784
0.0615784
0.061556
0.061556
0.061556
0.061556
0.061556
0.061556
0.061556
0.061556
0.061556
0.061556
0.061556
0.061556
0.061556
0.061556
0.061556
0.061556
0.061556
0.061556
0.061556
0.0615233
0.0615233
0.0615233
0.0615233
0.0615233
0.0615233
0.0615233
0.0615233
0.0615233
0.0615233
0.0615233
0.0615233
0.0615233
0.0615233
0.0615233
0.0615233
0.0616801
0.0616801
0.0616801
0.0616801
0.0616801
0.0616801
0.0616801
0.0616801
0.0616801
0.0616801
0.0616801
0.0616801
0.0616801
0.0616801
0.0616801
0.0616801
0.0616801
0.0616801
0.0617379
0.0617379
0.0617379
0.0617379
0.0617379
0.0617379
0.0617379
0.0617379
0.0617379
0.0617379
0.0617379
0.0617379
0.0617379
0.0617379
0.0617379
0.0617379
0.0617379
0.0617379
0.0614545
0.0614545
0.0614545
0.0614545
0.0614545
0.0614545
0.0614545
0.0614545
0.0614545
0.0614545
0.0614545
0.0614545
0.0614545
0.0614545
0.0614545
0.0614545
0.0614545
0.0613197
0.0613197
0.0613197
0.0613197
0.0613197
0.0613197
0.0613197
0.0613197
0.0613197
0.0613197
0.0613197
0.0613197
0.0613197
0.0613197
0.0613197
0.0613197
0.0613197
0.0613197
0.0613197
0.0615623
0.0615623
0.0615623
0.0615623
0.0615623
0.0615623
0.0615623
0.0615623
0.0615623
0.0615623
0.0615623
0.0615623
0.0615623
0.0615623
0.0615623
0.0615623
0.0614958
0.0614958
0.0614958
0.0614958
0.0614958
0.0614958
0.0614958
0.0614958
0.0614958
0.0614958
0.0614958
0.0614958
0.0614958
0.0614958
0.0614958
0.136736
0.136736
0.136736
0.136736
0.136736
0.136736
0.136736
0.136736
0.136736
0.136736
0.136736
0.136736
0.136736
0.136736
0.136736
0.136736
0.136736
0.136833
0.136833
0.136833
0.136833
0.136833
0.136833
0.136833
0.136833
0.136833
0.136833
0.136833
0.136833
0.136833
0.136833
0.136833
0.136833
0.137014
0.137014
0.137014
0.137014
0.137014
0.137014
0.137014
0.137014
0.137014
0.137014
0.137014
0.137014
0.137014
0.137014
0.137014
0.137014
0.137037
0.137037
0.137037
0.137037
0.137037
0.137037
0.137037
0.137037
0.137037
0.137037
0.137037
0.137037
0.137037
0.137037
0.137037
0.137037
0.137037
0.136751
0.136751
0.136751
0.136751
0.136751
0.136751
0.136751
0.136751
0.136751
0.136751
0.136751
0.136751
0.136751
0.136751
0.136751
0.13695
0.13695
0.13695
0.13695
0.13695
0.13695
0.13695
0.13695
0.13695
0.13695
0.13695
0.13695
0.13695
0.13695
0.13695
0.13695
0.13675
0.13675
0.13675
0.13675
0.13675
0.13675
0.13675
0.13675
0.13675
0.13675
0.13675
0.13675
0.13675
0.13675
0.13675
0.136731
0.136731
0.136731
0.136731
0.136731
0.136731
0.136731
0.136731
0.136731
0.136731
0.136731
0.136731
0.136731
0.136731
0.136731
0.136454
0.136454
0.136454
0.136454
0.136454
0.136454
0.136454
0.136454
0.136454
0.136454
0.136454
0.136454
0.136454
0.136454
0.136454
0.136454
0.136454
0.136591
0.136591
0.136591
0.136591
0.136591
0.136591
0.136591
0.136591
0.136591
0.136591
0.136591
0.136591
0.136591
0.136591
0.136591
0.136324
0.136324
0.136324
0.136324
0.136324
0.136324
0.136324
0.136324
0.136324
0.136324
0.136324
0.136324
0.136324
0.136324
0.136324
0.136324
0.221935
0.221935
0.221935
0.221935
0.221935
0.221935
0.221935
0.221935
0.221935
0.221935
0.221935
0.221935
0.221935
0.221935
0.221935
0.221935
0.221809
0.221809
0.221809
0.221809
0.221809
0.221809
0.221809
0.221809
0.221809
0.221809
0.221809
0.221809
0.221809
0.221809
0.221809
0.221809
0.221923
0.221923
0.221923
0.221923
0.221923
0.221923
0.221923
0.221923
0.221923
0.221923
0.221923
0.221923
0.221923
0.221923
0.221923
0.221368
0.221368
0.221368
0.221368
0.221368
0.221368
0.221368
0.221368
0.221368
0.221368
0.221368
0.221368
0.221368
0.221368
0.221368
0.221368
0.221368
0.221368
0.221368
0.221368
0.221368
0.221368
0.221368
0.221368
0.221008
0.221008
0.221008
0.221008
0.221008
0.221008
0.221008
0.221008
0.221008
0.221008
0.221008
0.221008
0.221008
0.221008
0.221008
0.221008
0.221008
0.221008
0.221008
0.221008
0.221008
0.221177
0.221177
0.221177
0.221177
0.221177
0.221177
0.221177
0.221177
0.221177
0.221177
0.221177
0.221177
0.221177
0.221177
0.221177
0.221177
0.221177
0.221177
0.221177
0.221177
0.342218
0.342218
0.342218
0.342218
0.342218
0.342218
0.342218
0.342218
0.342218
0.342218
0.342218
0.342218
0.342218
0.342218
0.342218
0.342218
0.342218
0.342548
0.342548
0.342548
0.342548
0.342548
0.342548
0.342548
0.342548
0.342548
0.342548
0.342548
0.342548
0.342548
0.342548
0.342548
0.342548
0.342548
0.342548
0.342548
0.342548
0.342548
0.342548
0.342548
-0.240786
-0.240786
-0.240786
-0.240786
-0.240786
-0.240786
-0.240786
-0.240786
-0.240786
-0.240786
-0.240786
-0.240786
-0.240786
-0.240786
-0.240786
-0.240786
-0.240786
-0.240786
-0.24104
-0.24104
-0.24104
-0.24104
-0.24104
-0.24104
-0.24104
-0.24104
-0.24104
-0.24104
-0.24104
-0.24104
-0.24104
-0.24104
-0.24104
-0.24104
-0.240584
-0.240584
-0.240584
-0.240584
-0.240584
-0.240584
-0.240584
-0.240584
-0.240584
-0.240584
-0.240584
-0.240584
-0.240584
-0.240584
-0.240584
-0.240584
-0.240584
-0.241144
-0.241144
-0.241144
-0.241144
-0.241144
-0.241144
-0.241144
-0.241144
-0.241144
-0.241144
-0.241144
-0.241144
-0.241144
-0.241144
-0.241144
-0.267488
-0.267488
-0.267488
-0.267488
-0.267488
-0.267488
-0.267488
-0.267488
-0.267488
-0.267488
-0.267488
-0.267488
-0.267488
-0.267488
-0.267488
-0.267488
-0.267488
-0.267488
-0.267488
-0.267488
-0.267488
-0.267488
-0.267488
-0.267488
-0.267488
-0.267488
-0.267488
-0.267488
-0.267488
-0.267488
-0.267488
-0.267488
-0.267488
-0.267488
-0.267488
-0.267488
-0.267488
-0.267488
-0.267488
-0.267488
-0.267488
-0.267488
-0.267488
-0.267488
-0.267488
-0.267488
-0.262182
-0.262182
-0.262182
-0.262182
-0.262182
-0.262182
-0.262182
-0.262182
-0.262182
-0.262182
-0.262182
-0.262182
-0.262182
-0.262182
-0.262182
-0.262182
-0.262379
-0.262379
-0.262379
-0.262379
-0.262379
-0.262379
-0.262379
-0.262379
-0.262379
-0.262379
-0.262379
-0.262379
-0.262379
-0.262379
-0.262379
-0.262379
-0.262379
-0.260787
-0.260787
-0.260787
-0.260787
-0.260787
-0.260787
-0.260787
-0.260787
-0.260787
-0.260787
-0.260787
-0.260787
-0.260787
-0.260787
-0.260917
-0.260917
-0.260917
-0.260917
-0.260917
-0.260917
-0.260917
-0.260917
-0.260917
-0.260917
-0.260917
-0.260917
-0.260917
-0.260917
-0.260917
-0.260917
-0.261586
-0.261586
-0.261586
-0.261586
-0.261586
-0.261586
-0.261586
-0.261586
-0.261586
-0.261586
-0.261586
-0.261586
-0.261586
-0.261586
-0.261586
-0.261586
-0.261586
-0.261586
-0.261586
-0.261586
-0.261586
-0.261586
-0.261586
-0.261586
-0.261586
-0.261586
-0.261586
-0.261586
-0.261586
-0.261586
-0.262208
-0.262208
-0.262208
-0.262208
-0.262208
-0.262208
-0.262208
-0.262208
-0.262208
-0.262208
-0.262208
-0.262208
-0.262208
-0.262208
-0.262208
-0.262208
-0.261644
-0.261644
-0.261644
-0.261644
-0.261644
-0.261644
-0.261644
-0.261644
-0.261644
-0.261644
-0.261644
-0.261644
-0.261644
-0.261644
-0.261644
-0.260702
-0.260702
-0.260702
-0.260702
-0.260702
-0.260702
-0.260702
-0.260702
-0.260702
-0.260702
-0.260702
-0.260702
-0.260702
-0.260702
-0.260702
-0.260702
-0.261611
-0.261611
-0.261611
-0.261611
-0.261611
-0.261611
-0.261611
-0.261611
-0.261611
-0.261611
-0.261611
-0.261611
-0.261611
-0.261611
-0.261611
-0.260386
-0.260386
-0.260386
-0.260386
-0.260386
-0.260386
-0.260386
-0.260386
-0.260386
-0.260386
-0.260386
-0.260386
-0.260386
-0.260386
-0.260386
-0.260386
-0.260639
-0.260639
-0.260639
-0.260639
-0.260639
-0.260639
-0.260639
-0.260639
-0.260639
-0.260639
-0.260639
-0.260639
-0.260639
-0.260639
-0.260639
-0.260639
-0.259637
-0.259637
-0.259637
-0.259637
-0.259637
-0.259637
-0.259637
-0.259637
-0.259637
-0.259637
-0.259637
-0.259637
-0.259637
-0.259637
-0.259637
-0.259637
-0.259759
-0.259759
-0.259759
-0.259759
-0.259759
-0.259759
-0.259759
-0.259759
-0.259759
-0.259759
-0.259759
-0.259759
-0.259759
-0.259759
-0.259759
0.397848
0.397848
0.397848
0.397848
0.397848
0.397848
0.397848
0.397848
0.397848
0.397848
0.397848
0.397848
0.397848
0.397848
0.397848
0.397848
0.397848
0.397848
0.397848
0.397848
0.397848
0.399064
0.399064
0.399064
0.399064
0.399064
0.399064
0.399064
0.399064
0.399064
0.399064
0.399064
0.399064
0.399064
0.399064
0.399064
0.399064
0.399064
0.399064
0.399064
0.399064
0.39943
0.39943
0.39943
0.39943
0.39943
0.39943
0.39943
0.39943
0.39943
0.39943
0.39943
0.39943
0.39943
0.39943
0.39943
0.39943
0.39943
0.39943
0.39943
0.39943
0.39943
0.39943
0.400491
0.400491
0.400491
0.400491
0.400491
0.400491
0.400491
0.400491
0.400491
0.400491
0.400491
0.400491
0.400491
0.400491
0.400491
0.400491
0.400491
0.400491
0.400491
0.400491
0.400491
0.400491
0.400491
0.400491
0.399404
0.399404
0.399404
0.399404
0.399404
0.399404
0.399404
0.399404
0.399404
0.399404
0.399404
0.399404
0.399404
0.399404
0.399404
0.399404
0.399404
0.399404
0.398051
0.398051
0.398051
0.398051
0.398051
0.398051
0.398051
0.398051
0.398051
0.398051
0.398051
0.398051
0.398051
0.398051
0.400172
0.400172
0.400172
0.400172
0.400172
0.400172
0.400172
0.400172
0.400172
0.400172
0.400172
0.400172
0.400172
0.400172
0.400172
0.400172
0.400172
0.400374
0.400374
0.400374
0.400374
0.400374
0.400374
0.400374
0.400374
0.400374
0.400374
0.400374
0.400374
0.400374
0.400374
0.400374
0.398317
0.398317
0.398317
0.398317
0.398317
0.398317
0.398317
0.398317
0.398317
0.398317
0.398317
0.398317
0.398317
0.398317
0.398317
0.398317
0.398317
0.397814
0.397814
0.397814
0.397814
0.397814
0.397814
0.397814
0.397814
0.397814
0.397814
0.397814
0.397814
0.397814
0.397814
0.397814
0.397814
0.397814
0.397533
0.397533
0.397533
0.397533
0.397533
0.397533
0.397533
0.397533
0.397533
0.397533
0.397533
0.397533
0.397533
0.397533
0.397533
0.397533
0.397533
0.397533
0.397533
0.397533
0.397533
0.39889
0.39889
0.39889
0.39889
0.39889
0.39889
0.39889
0.39889
0.39889
0.39889
0.39889
0.39889
0.39889
0.39889
0.39889
0.39889
0.39889
0.39889
0.39889
-0.271243
-0.271243
-0.271243
-0.271243
-0.271243
-0.271243
-0.271243
-0.271243
-0.271243
-0.271243
-0.271243
-0.271243
-0.271243
-0.271243
-0.271243
-0.271243
-0.271243
-0.271243
-0.271243
-0.271243
-0.271125
-0.271125
-0.271125
-0.271125
-0.271125
-0.271125
-0.271125
-0.271125
-0.271125
-0.271125
-0.271125
-0.271125
-0.271125
-0.271125
-0.271125
-0.271125
-0.271125
-0.271125
-0.271125
-0.271125
-0.271125
-0.271125
-0.271125
-0.271125
-0.269455
-0.269455
-0.269455
-0.269455
-0.269455
-0.269455
-0.269455
-0.269455
-0.269455
-0.269455
-0.269455
-0.269455
-0.269455
-0.269455
-0.269455
-0.269455
-0.269455
-0.269455
-0.268839
-0.268839
-0.268839
-0.268839
-0.268839
-0.268839
-0.268839
-0.268839
-0.268839
-0.268839
-0.268839
-0.268839
-0.268839
-0.268839
-0.270029
-0.270029
-0.270029
-0.270029
-0.270029
-0.270029
-0.270029
-0.270029
-0.270029
-0.270029
-0.270029
-0.270029
-0.270029
-0.270029
-0.270029
-0.269962
-0.269962
-0.269962
-0.269962
-0.269962
-0.269962
-0.269962
-0.269962
-0.269962
-0.269962
-0.269962
-0.269962
-0.269962
-0.269962
-0.269962
-0.269962
-0.269962
-0.270106
-0.270106
-0.270106
-0.270106
-0.270106
-0.270106
-0.270106
-0.270106
-0.270106
-0.270106
-0.270106
-0.270106
-0.270106
-0.270106
-0.270152
-0.270152
-0.270152
-0.270152
-0.270152
-0.270152
-0.270152
-0.270152
-0.270152
-0.270152
-0.270152
-0.270152
-0.270152
-0.270152
-0.270152
-0.269645
-0.269645
-0.269645
-0.269645
-0.269645
-0.269645
-0.269645
-0.269645
-0.269645
-0.269645
-0.269645
