0
0
0
0
0
0
0
0
0
0
0
0
0
0
0
0
0
0
0
0
0
0
0
0
0
0
0
0
0
0
0
0
0
0
0
0
0
0
0
0
0
0
0
0
0
0
0
0
0
0
0
0
0
0
0
0
0
0
0
0
0
0
0
0
0
0
0
0
0
0
0
0
0
0
0
0
0
0
0
0
0
0
0
0
0
0
0
0
0
0
0
0
0
0
0
0
0
0
0
0
0
0
0
0
0
0
0
0
0
0
0
0
0
0
0
0
0
0
0
0
0
0
0
0
0
0
0
0
0
0
0
0
0
0
0
0
0
0
0
0
0
0
0
0
0
0
0
0
0
0
0
0
0
0
0
0
0
3.08654e+29
3.08654e+29
3.08654e+29
3.08654e+29
3.08654e+29
3.08654e+29
3.08654e+29
3.08654e+29
3.08654e+29
3.08654e+29
3.08654e+29
3.08654e+29
3.08654e+29
3.08654e+29
3.08654e+29
3.08654e+29
3.08654e+29
3.08654e+29
3.08654e+29
3.08654e+29
3.08654e+29
3.08654e+29
3.08654e+29
3.08654e+29
3.08654e+29
3.08654e+29
3.08654e+29
3.08654e+29
3.08654e+29
3.08654e+29
3.08654e+29
3.08654e+29
3.08654e+29
3.08654e+29
3.08654e+29
3.08654e+29
3.08654e+29
3.08654e+29
3.08654e+29
3.08654e+29
3.08654e+29
3.08654e+29
3.08654e+29
3.08654e+29
3.08654e+29
3.08654e+29
3.08654e+29
3.08654e+29
3.08654e+29
3.08654e+29
3.08654e+29
3.08654e+29
3.08654e+29
3.08654e+29
3.08654e+29
3.08654e+29
3.08654e+29
3.08654e+29
3.08654e+29
3.08654e+29
3.08654e+29
3.08654e+29
3.08654e+29
3.08654e+29
3.08654e+29
3.08654e+29
3.08654e+29
3.08654e+29
3.08654e+29
3.08654e+29
3.08654e+29
3.08654e+29
3.08654e+29
3.08654e+29
3.08654e+29
3.08654e+29
3.08654e+29
3.08654e+29
3.08654e+29
3.08654e+29
3.08654e+29
3.08654e+29
3.08654e+29
3.08654e+29
3.08654e+29
3.08654e+29
3.08654e+29
3.08654e+29
3.08654e+29
3.08654e+29
3.08654e+29
3.08654e+29
3.08654e+29
3.08654e+29
3.08654e+29
3.08654e+29
3.08654e+29
3.08654e+29
3.08654e+29
3.08654e+29
3.08654e+29
3.08654e+29
3.08654e+29
3.08654e+29
3.08654e+29
3.08654e+29
3.08654e+29
3.08654e+29
3.08654e+29
3.08654e+29
3.08654e+29
3.08654e+29
3.08654e+29
3.08654e+29
3.08654e+29
3.08654e+29
3.08654e+29
3.08654e+29
3.08654e+29
3.08654e+29
3.08654e+29
3.08654e+29
3.08654e+29
3.08654e+29
3.08654e+29
3.08654e+29
3.08654e+29
3.08654e+29
3.08654e+29
3.08654e+29
3.08654e+29
3.08654e+29
3.08654e+29
3.08654e+29
3.08654e+29
3.08654e+29
3.08654e+29
3.08654e+29
3.08654e+29
3.08654e+29
3.08654e+29
3.08654e+29
3.08654e+29
3.08654e+29
3.08654e+29
3.08654e+29
3.08654e+29
3.08654e+29
3.08654e+29
3.08654e+29
3.08654e+29
3.08654e+29
3.08654e+29
3.08654e+29
3.08654e+29
3.08654e+29
3.08654e+29
3.08654e+29
3.08654e+29
3.08654e+29
3.08654e+29
3.08654e+29
3.08654e+29
3.08654e+29
3.08654e+29
3.08654e+29
3.08654e+29
3.08654e+29
3.08654e+29
3.08654e+29
3.08654e+29
3.08654e+29
3.08654e+29
3.08654e+29
3.08654e+29
3.08654e+29
3.08654e+29
3.08654e+29
3.08654e+29
3.08654e+29
3.08654e+29
3.08654e+29
3.08654e+29
3.08654e+29
3.08654e+29
3.08654e+29
3.08654e+29
3.08654e+29
3.08654e+29
3.08654e+29
3.08654e+29
3.08654e+29
3.08654e+29
3.08654e+29
3.08654e+29
3.08654e+29
3.08654e+29
3.08654e+29
3.08654e+29
3.08654e+29
3.08654e+29
3.08654e+29
3.08654e+29
3.08654e+29
3.08654e+29
3.08654e+29
3.08654e+29
3.08654e+29
3.08654e+29
3.08654e+29
3.08654e+29
3.08654e+29
3.08654e+29
3.08654e+29
3.08654e+29
3.08654e+29
3.08654e+29
3.08654e+29
3.08654e+29
3.08654e+29
3.08654e+29
3.08654e+29
3.08654e+29
3.08654e+29
3.08654e+29
3.08654e+29
3.08654e+29
3.08654e+29
3.08654e+29
3.08654e+29
3.08654e+29
3.08654e+29
3.08654e+29
3.08654e+29
3.08654e+29
3.08654e+29
3.08654e+29
3.08654e+29
3.08654e+29
3.08654e+29
3.08654e+29
3.08654e+29
3.08654e+29
3.08654e+29
3.08654e+29
3.08654e+29
3.08654e+29
3.08654e+29
3.08654e+29
3.08654e+29
0.00459171
0.016025
0.0184566
0.0195095
0.0201616
0.0208816
0.022313
0.0244051
0.0263412
0.0302647
0.0335813
0.0390192
0.0424989
0.0482144
0.0527113
0.0587553
0.0624838
0.0691742
0.0725647
0.0765457
0.081688
0.0876878
0.0898314
0.0911593
0.0957531
0.0985588
0.0999258
0.101888
0.103801
0.1038
0.105001
0.10462
0.10416
0.104675
0.104934
0.104119
0.104125
0.103229
0.102538
0.102203
0.10219
0.10162
0.101517
0.100623
0.100061
0.0997868
0.0996268
0.0989164
0.098726
0.0980222
0.0977961
0.0970896
0.0972225
0.0960753
0.0958255
0.0949897
0.094581
0.0938183
0.0933313
0.0925394
0.0919738
0.0912037
0.0905547
0.0898158
0.0889794
0.0880797
0.0873148
0.0864366
0.0856237
0.084739
0.083889
0.0830145
0.0821237
0.0812286
0.0806621
0.0800982
0.0794962
0.0788809
0.0783008
0.0776898
0.077131
0.0764975
0.0759464
0.0753098
0.0746415
0.0741289
0.0734851
0.0729576
0.0724362
0.0717959
0.0712839
0.0706446
0.0701434
0.0695056
0.0688681
0.0683845
0.0678686
0.0670775
0.0666516
0.0661921
0.065738
0.0651184
0.0646786
0.0638891
0.06364
0.063036
0.0624354
0.0620287
0.0614377
0.0610432
0.0604627
0.0600806
0.0593179
0.0591475
0.05854
0.0582386
0.0576883
0.0573477
0.056815
0.0564872
0.0559611
0.0556478
0.0551393
0.0548372
0.0543344
0.0540491
0.0535661
0.0532962
0.0528202
0.0525576
0.0520951
0.0518468
0.0511963
0.0511698
0.0507274
0.0502933
0.0498694
0.049608
0.0494533
0.04925
0.0487946
0.0486483
0.0482486
0.0478085
0.0476322
0.0472569
0.0471418
0.0467775
0.0466212
0.0462093
0.0460568
0.0457564
0.0456126
0.0452222
0.0450893
0.0448103
0.0446852
0.0443173
0.0442508
0.0439422
0.0438341
0.0434823
0.0434266
0.0429422
0.0430397
0.0427046
0.0426565
0.0423695
0.0422323
0.041814
0.0419244
0.0416086
0.0415805
0.0412734
0.0412514
0.0409991
0.040936
0.0406459
0.0406331
0.0402138
0.0401202
0.040073
0.0400262
0.0398027
0.0396292
0.0395476
0.0393803
0.0393472
0.039142
0.0390708
0.0389155
0.0388917
0.0387027
0.0387479
0.0390539
0.0398616
0.0415455
0.0435069
0.0465954
0.0493894
0.0546409
0.0597653
0.0622433
0.0679948
0.0745598
0.0812297
0.0855264
0.0897254
0.0959997
0.0997795
0.105351
0.109012
0.113215
0.115743
0.120856
0.122582
0.124065
0.12633
0.12725
0.127979
0.129406
0.130142
0.130248
0.130247
0.130571
0.130806
0.130486
0.130348
0.130847
0.131574
0.132249
0.132645
0.133025
0.133626
0.134205
0.13454
0.135083
0.135387
0.13568
0.136157
0.136456
0.136822
0.137068
0.137364
0.137512
0.137769
0.137888
0.138051
0.138057
0.138136
0.138109
0.138103
0.138049
0.137936
0.137806
0.13765
0.137456
0.13726
0.137041
0.136781
0.136483
0.136214
0.135897
0.135625
0.135258
0.134875
0.13458
0.134147
0.133869
0.133444
0.133132
0.132816
0.132372
0.132051
0.131595
0.13127
0.130802
0.130329
0.129963
0.129673
0.129188
0.12838
0.128049
0.127842
0.127552
0.127052
0.126723
0.126175
0.12589
0.125383
0.125055
0.124501
0.12422
0.123664
0.123383
0.122868
0.122544
0.121981
0.121711
0.121146
0.120636
0.120322
0.12006
0.119502
0.119248
0.118688
0.118034
0.117895
0.11765
0.1171
0.116865
0.116325
0.116047
0.115557
0.115125
0.114855
0.11438
0.114066
0.113857
0.113329
0.113125
0.112659
0.11241
0.1119
0.111712
0.111256
0.111013
0.110506
0.110111
0.109829
0.109443
0.109167
0.108737
0.108524
0.108149
0.107881
0.107455
0.107088
0.106673
0.106422
0.106281
0.106034
0.105631
0.105445
0.105102
0.104869
0.104532
0.104306
0.103919
0.103798
0.103411
0.103188
0.102862
0.102646
0.102326
0.102113
0.101744
0.101222
0.101286
0.101085
0.10073
0.100588
0.100031
0.0999493
0.0996084
0.0994795
0.0993517
0.0990182
0.0988954
0.0985676
0.0984497
0.0981276
0.0979646
0.0977011
0.0975939
0.097284
0.0969275
0.0968798
0.0967814
0.0964292
0.0964015
0.0964219
0.0966338
0.0973899
0.0987852
0.100852
0.101862
0.105026
0.108244
0.110872
0.115004
0.118289
0.122365
0.12535
0.129743
0.132582
0.136663
0.139201
0.142783
0.145205
0.146909
0.149872
0.152009
0.154172
0.156806
0.158579
0.160688
0.16213
0.164139
0.164985
0.166335
0.167536
0.168434
0.169283
0.170241
0.171001
0.171894
0.172566
0.173398
0.174067
0.174807
0.175451
0.176222
0.176819
0.177537
0.178239
0.17892
0.179398
0.180044
0.180661
0.181177
0.181737
0.18221
0.182664
0.183136
0.183571
0.183951
0.184321
0.184657
0.184965
0.185232
0.18551
0.18572
0.185966
0.186188
0.186342
0.186473
0.186651
0.186598
0.186904
0.186967
0.187098
0.187114
0.187252
0.187246
0.186881
0.186871
0.187167
0.186583
0.186882
0.186651
0.186948
0.1869
0.186847
0.186789
0.186842
0.186772
0.186787
0.186863
0.186774
0.186682
0.186842
0.186743
0.186733
0.186654
0.186671
0.186515
0.186428
0.18616
0.186446
0.186144
0.186148
0.185905
0.185875
0.185915
0.185915
0.185769
0.185589
0.185625
0.185624
0.185183
0.18547
0.185029
0.185135
0.185168
0.185165
0.184866
0.185006
0.184996
0.18484
0.184686
0.18468
0.184528
0.184523
0.184369
0.184173
0.184348
0.184041
0.18418
0.184023
0.184014
0.183859
0.183852
0.183699
0.183657
0.184416
0.185199
0.185904
0.186823
0.187698
0.188424
0.189148
0.18987
0.19028
0.19131
0.192428
0.19313
0.193696
0.194658
0.19496
0.196044
0.196475
0.19742
0.19848
0.198904
0.199826
0.200249
0.201283
0.20206
0.202581
0.203468
0.203863
0.20486
0.205371
0.206235
0.206161
0.207143
0.207427
0.208285
0.209133
0.209307
0.210152
0.210225
0.211178
0.21177
0.208463
0.205068
0.20172
0.198481
0.195236
0.19192
0.188652
0.185469
0.182344
0.179128
0.176109
0.172997
0.169955
0.16704
0.164147
0.161353
0.158551
0.155845
0.15318
0.150506
0.147873
0.145269
0.142668
0.140101
0.137457
0.134895
0.13234
0.129775
0.127168
0.124598
0.121976
0.119401
0.116765
0.114087
0.111546
0.109013
0.106293
0.103647
0.101132
0.0984538
0.096095
0.0932975
0.0908261
0.088181
0.0857415
0.0833194
0.0807073
0.0783093
0.0757239
0.073151
0.0707985
0.0682491
0.0659236
0.0634011
0.0611057
0.0586096
0.0562894
0.0538126
0.0516246
0.049112
0.0468965
0.0445234
0.0423359
0.0399193
0.0377533
0.0353615
0.0330091
0.0304217
0.0280917
0.0255265
0.0232262
0.0206871
0.0180885
0.0158886
0.013376
0.0108092
0.00885228
0.00644496
0.00425198
0.00180295
-0.000638641
-0.000638641
-0.000638641
-0.000638641
-0.000638641
-0.000638641
-0.000638641
-0.000638641
-0.000638641
-0.000638641
-0.000638641
-0.000638641
-0.000638641
-0.000638641
-0.000638641
-0.000638641
-0.000638641
-0.000638641
-0.000638641
-0.000638641
-0.000638641
-0.000638641
-0.000638641
-0.000638641
-0.000638641
-0.000638641
-0.000638641
-0.000638641
-0.000638641
-0.000638641
-0.000638641
-0.0240055
-0.026191
-0.0287133
-0.030864
-0.0332835
-0.0356876
-0.0377151
-0.040088
-0.0422272
-0.0444968
-0.0465305
-0.0488432
-0.0508451
-0.0528312
-0.0551751
-0.0570553
-0.0592964
-0.061525
-0.0634366
-0.0656378
-0.0675201
-0.0697711
-0.0715478
-0.0733872
-0.0759092
-0.0780314
-0.0794398
-0.0816224
-0.0833215
-0.0850867
-0.0874771
-0.0892157
-0.0909415
-0.0930569
-0.0946663
-0.0967483
-0.0983323
-0.100392
-0.102032
-0.103988
-0.10585
-0.107537
-0.109377
-0.110958
-0.112528
-0.115164
-0.116046
-0.117914
-0.11935
-0.12127
-0.122767
-0.124502
-0.126309
-0.127857
-0.129562
-0.131089
-0.132439
-0.134282
-0.135612
-0.137352
-0.138747
-0.140556
-0.141853
-0.143654
-0.145363
-0.147321
-0.149097
-0.151724
-0.152702
-0.153327
-0.154636
-0.156369
-0.157573
-0.159203
-0.160911
-0.161739
-0.163344
-0.164592
-0.167317
-0.168106
-0.169414
-0.17089
-0.171743
-0.173292
-0.174213
-0.175472
-0.174549
-0.175025
-0.173462
-0.17043
-0.164137
-0.152883
-0.149755
-0.137902
-0.129318
-0.120166
-0.105274
-0.0939456
-0.0797591
-0.0643426
-0.0546932
-0.0402637
-0.0315573
-0.0187691
-0.0102838
0.0146042
0.0216373
0.0200887
0.0185572
0.0252851
0.0286539
0.0336645
0.0359684
0.0395563
0.0410102
0.0438099
0.0454551
0.0459807
0.0473053
0.047482
0.0475607
0.0483525
0.0482541
0.04884
0.0488156
0.04928
0.049018
0.0492389
0.0489344
0.0492519
0.0488948
0.0491211
0.0492785
0.0489435
0.0488283
0.0482595
0.0481249
0.0474434
0.046819
0.0463196
0.0454629
0.0448608
0.0441361
0.0430673
0.0420033
0.0410066
0.0398724
0.0385801
0.0373303
0.0359587
0.0345601
0.0330985
0.0315959
0.0300701
0.0284709
0.0268928
0.0252193
0.0236059
0.0218659
0.02022
0.0184257
0.0167537
0.0149145
0.0132225
0.0113447
0.00963578
0.00767308
0.00579023
0.0040569
0.00232178
0.000349441
-0.00139681
-0.00339733
-0.0051555
-0.00718068
-0.00929085
-0.0110655
-0.0130571
-0.015208
-0.0169168
-0.0186997
-0.0207976
-0.022583
-0.0244492
-0.0264816
-0.0282664
-0.0303931
-0.0321767
-0.0343056
-0.0360816
-0.0382158
-0.0403534
-0.0421219
-0.0443546
-0.0460227
-0.0481614
-0.049915
-0.0521475
-0.0537974
-0.0559303
-0.0576672
-0.0597964
-0.0615223
-0.0636475
-0.0653631
-0.0674831
-0.0691881
-0.0714054
-0.072996
-0.0751012
-0.0772061
-0.0789864
-0.0810845
-0.0826424
-0.0842989
-0.0863838
-0.0884618
-0.0902079
-0.0921717
-0.0912219
-0.0899487
-0.0893417
-0.0875398
-0.0867261
-0.0848339
-0.0839276
-0.0831394
-0.0821356
-0.0809201
-0.0794966
-0.078619
-0.077751
-0.0765634
-0.0755948
-0.0743104
-0.073457
-0.0722882
-0.0713447
-0.0700877
-0.0696821
-0.0681093
-0.0696939
-0.0680055
-0.0696918
-0.0681019
-0.0668372
-0.0691959
-0.067076
-0.0689801
-0.0668548
-0.0659424
-0.0671301
-0.0650136
-0.0667391
-0.0651087
-0.0668847
-0.0647555
-0.0667022
-0.0649777
-0.0658614
-0.0636764
-0.0532749
-0.0492837
-0.0182785
-0.0163446
0.0254444
0.0323517
0.0720762
0.0736008
0.105695
0.109531
0.12828
0.131334
0.142356
0.143563
0.149637
0.150812
0.154726
0.15612
0.159749
0.160882
0.164762
0.165879
0.169575
0.17095
0.173611
0.174856
0.176815
0.177908
0.179139
0.180177
0.181205
0.182226
0.183479
0.184514
0.185876
0.186899
0.187954
0.18903
0.190068
0.191055
0.192007
0.192917
0.193752
0.19458
0.195314
0.196058
0.196628
0.197294
0.197966
0.198387
0.198794
0.199201
0.19967
0.19981
0.200488
0.200887
0.201097
0.201513
0.201672
0.202055
0.202233
0.202522
0.202599
0.202717
0.203025
0.203323
0.20333
0.203608
0.203519
0.203561
0.203816
0.203767
0.204007
0.203942
0.204097
0.204321
0.204312
0.20423
0.204372
0.204591
0.204568
0.204386
0.204668
0.204556
0.204751
0.204552
0.204744
0.20501
0.204798
0.204738
0.204837
0.205095
0.204944
0.204789
0.204879
0.204718
0.204962
0.204797
0.204629
0.204784
0.204609
0.204763
0.204913
0.204727
0.204542
0.204605
0.204749
0.204885
0.204688
0.204566
0.204363
0.204491
0.20428
0.204401
0.20452
0.20389
0.204428
0.204214
0.204002
0.204118
0.203895
0.204008
0.203785
0.203898
0.203676
0.203456
0.203568
0.203597
0.203461
0.202831
0.203359
0.203143
0.203263
0.20306
0.202868
0.203317
0.203053
0.203267
0.202771
0.203223
0.203053
0.202494
0.203022
0.202451
0.202978
0.202798
0.202923
0.202733
0.202458
0.202656
0.202453
0.202243
0.202676
0.20246
0.202239
0.201696
0.20204
0.20181
0.201909
0.201693
0.201904
0.201796
0.202276
0.20208
0.202623
0.202831
0.203144
0.203618
0.204075
0.204677
0.205232
0.205868
0.206497
0.20714
0.207837
0.208533
0.209234
0.209973
0.210654
0.211385
0.212091
0.212773
0.213547
0.211841
0.210162
0.208508
0.20686
0.205224
0.203614
0.201995
0.200398
0.1988
0.197217
0.195639
0.194066
0.192501
0.190947
0.1894
0.187864
0.186327
0.1848
0.183294
0.181773
0.180287
0.178807
0.177345
0.175875
0.174421
0.172961
0.171529
0.170096
0.168675
0.16727
0.165878
0.164484
0.163099
0.161718
0.160359
0.159003
0.15765
0.156324
0.154993
0.153674
0.152365
0.151058
0.149764
0.148473
0.147195
0.14593
0.144673
0.143429
0.142197
0.140971
0.139754
0.138544
0.13734
0.136143
0.134955
0.133772
0.132597
0.131429
0.130268
0.129114
0.129114
0.127963
0.126821
0.125686
0.124557
0.123435
0.122319
0.12121
0.120107
0.11901
0.117919
0.116835
0.115757
0.114685
0.113618
0.112558
0.111501
0.110449
0.109403
0.108363
0.107328
0.106299
0.105277
0.10426
0.103247
0.102241
0.10124
0.100244
0.0992546
0.0982722
0.0972955
0.0963243
0.0953581
0.0943975
0.0934416
0.0924911
0.0915457
0.0906048
0.0896692
0.0887387
0.0878127
0.0868916
0.0859752
0.0850635
0.08414
0.0832346
0.0823261
0.0814255
0.0805259
0.0796343
0.0787437
0.0778645
0.0769821
0.0761058
0.0752357
0.0743788
0.0735258
0.0726774
0.0718332
0.0709932
0.0701575
0.0693256
0.0684982
0.0676744
0.0668554
0.0660394
0.0652281
0.0644205
0.0636169
0.0628172
0.0620214
0.0612294
0.0604415
0.0596572
0.0588767
0.0580999
0.0573165
0.0565407
0.0557649
0.0549964
0.054228
0.0534657
0.0527054
0.0519477
0.0511972
0.05045
0.0497028
