0
0
0
0
0
0
0
0
0
0
0
0
0
0
0
0
0
0
0
0
0
0
0
0
0
0
0
0
0
0
0
0
0
0
0
0
0
0
0
0
0
0
0
0
0
0
0
0
0
0
0
0
0
0
0
0
0
0
0
0
0
0
0
0
0
0
0
0
0
0
0
0
0
0
0
0
0
0
0
0
0
0
0
0
0
0
0
0
0
0
0
0
0
0
0
0
0
0
0
0
0
0
0
0
0
0
0
0
0
0
0
0
0
0
0
0
0
0
0
0
0
0
0
0
0
0
0
0
0
0
0
0
0
0
0
0
0
0
0
0
0
0
0
0
0
0
0
0
0
0
0
0
0
0
0
0
0
0.30005
0.30005
0.30005
0.300049
0.300045
0.300054
0.300101
0.300139
0.300227
0.300278
0.300364
0.300412
0.300472
0.300492
0.300506
0.300503
0.300475
0.300451
0.300391
0.300353
0.300274
0.300224
0.300148
0.300104
0.300029
0.299987
0.299933
0.299906
0.299865
0.299849
0.299828
0.299822
0.299818
0.29982
0.299829
0.299846
0.299858
0.299884
0.299899
0.299915
0.299932
0.299953
0.299969
0.299989
0.300001
0.300017
0.300026
0.300036
0.300047
0.30005
0.300053
0.300056
0.300058
0.300058
0.300058
0.300057
0.300055
0.300053
0.300051
0.300048
0.300046
0.300044
0.300043
0.300041
0.30004
0.300038
0.300038
0.300037
0.300037
0.300037
0.300038
0.300038
0.300039
0.30004
0.30004
0.300041
0.300042
0.300043
0.300044
0.300044
0.300045
0.300046
0.300046
0.300047
0.300047
0.300047
0.300047
0.300047
0.300047
0.300047
0.300047
0.300047
0.300046
0.300046
0.300046
0.300045
0.300045
0.300044
0.300044
0.300043
0.300042
0.300042
0.300041
0.300041
0.30004
0.30004
0.30004
0.30004
0.300039
0.300039
0.300039
0.300038
0.300038
0.300038
0.300037
0.300037
0.300037
0.300037
0.300036
0.300036
0.300036
0.300035
0.300034
0.300034
0.300033
0.300033
0.300032
0.300031
0.30003
0.30003
0.300029
0.300029
0.300028
0.300027
0.300027
0.300026
0.300026
0.300025
0.300024
0.300024
0.300023
0.300022
0.300022
0.300021
0.300021
0.300021
0.30002
0.30002
0.30002
0.300019
0.300019
0.300019
0.300018
0.300018
0.300018
0.300017
0.300017
0.300017
0.300017
0.300016
0.300016
0.300015
0.300014
0.300014
0.300013
0.300013
0.300012
0.300011
0.300011
0.30001
0.300009
0.300009
0.300008
0.300007
0.300007
0.300006
0.300006
0.300005
0.300005
0.300005
0.300004
0.300004
0.300004
0.300003
0.300003
0.300003
0.300002
0.300002
0.300002
0.300002
0.300001
0.300001
0.300001
0.3
0.3
0.3
0.299999
0.299999
0.299999
0.299998
0.299998
0.299998
0.299998
0.299997
0.299997
0.299997
0.299996
0.299996
0.299995
0.299995
0.299994
0.299993
0.299993
0.299992
0.299992
0.299991
0.299991
0.29999
0.29999
0.29999
0.299989
0.299989
0.299989
0.299988
0.299988
0.299988
0.299987
0.299987
0.299987
0.299987
0.299986
0.299986
0.299986
0.299986
0.299985
0.299985
0.299985
0.299985
0.299984
0.299984
0.299984
0.299984
0.299983
0.299983
0.299983
0.299982
0.299982
0.299982
0.299982
0.299981
0.299981
0.300363
0.30044
0.300479
0.300499
0.300511
0.300544
0.300605
0.300666
0.300792
0.300902
0.301082
0.301199
0.301387
0.30153
0.301718
0.301828
0.302025
0.302112
0.302215
0.302345
0.302496
0.30253
0.30254
0.302642
0.302688
0.302695
0.302716
0.302736
0.302702
0.302702
0.302659
0.302615
0.302598
0.302574
0.302522
0.302492
0.30244
0.302394
0.302359
0.302288
0.302208
0.302142
0.302061
0.301991
0.30193
0.301873
0.301808
0.301755
0.301695
0.301646
0.30159
0.301551
0.301491
0.301449
0.301399
0.301358
0.301313
0.301273
0.301231
0.301194
0.301155
0.30112
0.301084
0.301049
0.301014
0.300982
0.30095
0.300921
0.300892
0.300864
0.300837
0.300811
0.300786
0.300771
0.300757
0.300742
0.300728
0.300715
0.300702
0.30069
0.300678
0.300667
0.300655
0.300644
0.300634
0.300624
0.300615
0.300606
0.300597
0.300589
0.30058
0.300573
0.300565
0.300557
0.300551
0.300544
0.300536
0.300531
0.300526
0.300521
0.300514
0.30051
0.300503
0.3005
0.300495
0.30049
0.300486
0.300481
0.300478
0.300474
0.300471
0.300465
0.300464
0.30046
0.300458
0.300454
0.300452
0.300449
0.300447
0.300444
0.300443
0.30044
0.300438
0.300435
0.300434
0.300432
0.300431
0.300429
0.300428
0.300425
0.300425
0.300421
0.300423
0.30042
0.300418
0.300416
0.300416
0.300416
0.300416
0.300413
0.300414
0.300412
0.30041
0.30041
0.300408
0.300409
0.300408
0.300408
0.300406
0.300406
0.300405
0.300406
0.300404
0.300405
0.300404
0.300404
0.300403
0.300404
0.300403
0.300403
0.300402
0.300403
0.3004
0.300403
0.300401
0.300402
0.300401
0.300402
0.300399
0.300402
0.300401
0.300402
0.300401
0.300402
0.300401
0.300402
0.300401
0.300402
0.3004
0.3004
0.300401
0.300403
0.300402
0.300402
0.300402
0.300402
0.300403
0.300403
0.300404
0.300403
0.300405
0.300404
0.300406
0.300411
0.300421
0.300441
0.300464
0.3005
0.300532
0.300592
0.300649
0.300677
0.300741
0.300814
0.300886
0.30093
0.300973
0.301037
0.301072
0.301125
0.301156
0.301191
0.301208
0.30125
0.301255
0.301257
0.301266
0.301261
0.301254
0.301253
0.301246
0.301232
0.301217
0.301205
0.301192
0.301174
0.301159
0.301161
0.301165
0.301169
0.30117
0.30117
0.301173
0.301176
0.301176
0.301178
0.301177
0.301177
0.301178
0.301178
0.301178
0.301177
0.301176
0.301174
0.301174
0.301171
0.30117
0.301166
0.301164
0.301161
0.301157
0.301154
0.30115
0.301146
0.301142
0.301137
0.301133
0.301129
0.301124
0.301119
0.301114
0.301109
0.301105
0.3011
0.301094
0.30109
0.301085
0.30108
0.301075
0.301071
0.301067
0.301062
0.301058
0.301053
0.301049
0.301044
0.301039
0.301035
0.301032
0.301027
0.30102
0.301016
0.301014
0.301012
0.301007
0.301004
0.300999
0.300997
0.300992
0.30099
0.300985
0.300983
0.300978
0.300976
0.300972
0.30097
0.300965
0.300964
0.300959
0.300956
0.300954
0.300952
0.300948
0.300947
0.300943
0.300938
0.300938
0.300937
0.300933
0.300932
0.300929
0.300927
0.300924
0.300922
0.300921
0.300918
0.300917
0.300917
0.300914
0.300913
0.300911
0.30091
0.300907
0.300907
0.300904
0.300904
0.300901
0.300899
0.300898
0.300897
0.300896
0.300894
0.300894
0.300892
0.300891
0.30089
0.300888
0.300886
0.300886
0.300886
0.300886
0.300884
0.300884
0.300883
0.300883
0.300882
0.300882
0.30088
0.300881
0.300879
0.300879
0.300878
0.300878
0.300877
0.300877
0.300876
0.300873
0.300876
0.300876
0.300874
0.300875
0.300872
0.300873
0.300872
0.300873
0.300874
0.300873
0.300873
0.300872
0.300873
0.300872
0.300873
0.300872
0.300873
0.300872
0.300871
0.300873
0.300874
0.300872
0.300874
0.300876
0.30088
0.300889
0.300904
0.300925
0.300937
0.300968
0.301
0.301026
0.301066
0.301097
0.301136
0.301165
0.301206
0.301233
0.30127
0.301293
0.301326
0.301347
0.301362
0.301387
0.301405
0.301433
0.301464
0.301488
0.301514
0.301535
0.30156
0.301575
0.301594
0.301611
0.301626
0.30164
0.301655
0.301668
0.301682
0.301694
0.301707
0.301719
0.301731
0.301743
0.301756
0.301767
0.301779
0.301791
0.301802
0.301812
0.301823
0.301833
0.301843
0.301853
0.301863
0.301871
0.30188
0.301889
0.301897
0.301905
0.301912
0.30192
0.301926
0.301933
0.301939
0.301945
0.301951
0.301957
0.301962
0.301967
0.301971
0.301977
0.301982
0.301987
0.30199
0.301995
0.301998
0.301998
0.302001
0.302008
0.302005
0.302012
0.302013
0.302019
0.302022
0.302025
0.302028
0.302032
0.302034
0.302038
0.302042
0.302044
0.302046
0.302051
0.302053
0.302057
0.302059
0.302062
0.302064
0.302066
0.302066
0.302072
0.302072
0.302075
0.302076
0.302078
0.302082
0.302085
0.302087
0.302088
0.302091
0.302094
0.302092
0.302099
0.302097
0.302101
0.302104
0.302107
0.302107
0.302111
0.302114
0.302116
0.302117
0.30212
0.302121
0.302124
0.302125
0.302126
0.302131
0.30213
0.302135
0.302136
0.302139
0.30214
0.302142
0.302143
0.302146
0.302167
0.302188
0.302209
0.302232
0.302254
0.302275
0.302295
0.302316
0.302333
0.302357
0.302383
0.302403
0.302422
0.302445
0.30246
0.302486
0.302502
0.302526
0.302551
0.302567
0.30259
0.302607
0.302631
0.302653
0.30267
0.302693
0.302709
0.302733
0.30275
0.302773
0.302782
0.302806
0.30282
0.302843
0.302865
0.302877
0.302899
0.302911
0.302934
0.302953
0.302874
0.302795
0.302719
0.302645
0.302572
0.3025
0.30243
0.302362
0.302296
0.30223
0.302168
0.302106
0.302045
0.301987
0.301931
0.301877
0.301823
0.301772
0.301722
0.301673
0.301625
0.301578
0.301533
0.301488
0.301443
0.3014
0.301358
0.301317
0.301275
0.301235
0.301195
0.301157
0.301118
0.30108
0.301044
0.301008
0.300972
0.300937
0.300903
0.300869
0.300839
0.300805
0.300774
0.300743
0.300714
0.300686
0.300657
0.30063
0.300602
0.300574
0.300549
0.300523
0.300499
0.300475
0.300452
0.300428
0.300407
0.300384
0.300364
0.300342
0.300323
0.300303
0.300284
0.300265
0.300247
0.300228
0.30021
0.300191
0.300173
0.300155
0.300139
0.300121
0.300104
0.30009
0.300074
0.300058
0.300046
0.300032
0.300019
0.300005
0.299992
0.299989
0.299985
0.299982
0.299977
0.299974
0.299969
0.299965
0.299962
0.299959
0.299954
0.299951
0.299947
0.299944
0.299939
0.299936
0.299932
0.299929
0.299924
0.299919
0.299915
0.299912
0.299909
0.299905
0.299901
0.299897
0.299892
0.299889
0.299886
0.299882
0.299879
0.299867
0.299857
0.299845
0.299836
0.299826
0.299816
0.299809
0.299799
0.299792
0.299784
0.299777
0.299769
0.299763
0.299757
0.299749
0.299744
0.299738
0.299731
0.299727
0.299721
0.299717
0.299711
0.299707
0.299704
0.299697
0.299693
0.299691
0.299687
0.299684
0.299682
0.299677
0.299675
0.299672
0.299669
0.299667
0.299664
0.299663
0.29966
0.299659
0.299656
0.299654
0.299653
0.299651
0.29965
0.299649
0.299645
0.299647
0.299645
0.299645
0.299644
0.299643
0.299642
0.299641
0.299641
0.29964
0.29964
0.29964
0.299639
0.29964
0.299639
0.29964
0.299639
0.299639
0.299639
0.299638
0.299637
0.299637
0.299634
0.299635
0.299638
0.299638
0.299638
0.299639
0.299639
0.299638
0.29964
0.29964
0.299641
0.299638
0.29964
0.299641
0.299641
0.299642
0.299642
0.299644
0.299647
0.299655
0.299657
0.299664
0.299672
0.299687
0.299709
0.299718
0.299742
0.29976
0.29978
0.299809
0.299833
0.299861
0.29989
0.299909
0.299934
0.29995
0.299971
0.299985
0.30002
0.300029
0.300026
0.300023
0.30003
0.300033
0.300036
0.300037
0.300038
0.300037
0.300037
0.300036
0.300034
0.300032
0.300029
0.300027
0.300024
0.300021
0.300019
0.300016
0.300013
0.30001
0.300007
0.300004
0.300002
0.299999
0.299996
0.299993
0.29999
0.299987
0.299985
0.299982
0.29998
0.299977
0.299975
0.299973
0.299971
0.299969
0.299967
0.299966
0.299964
0.299963
0.299962
0.299961
0.299961
0.29996
0.29996
0.29996
0.299961
0.299961
0.299962
0.299963
0.299964
0.299966
0.299967
0.299969
0.299971
0.299974
0.299976
0.299979
0.299981
0.299985
0.299988
0.299991
0.299995
0.299999
0.300002
0.300007
0.300011
0.300016
0.300021
0.300025
0.30003
0.300036
0.300041
0.300046
0.300052
0.300058
0.300063
0.30007
0.300075
0.300082
0.300088
0.300095
0.300102
0.300109
0.300117
0.300123
0.300131
0.300138
0.300146
0.300153
0.300161
0.300168
0.300177
0.300184
0.300193
0.3002
0.300209
0.300217
0.300226
0.300233
0.300243
0.30025
0.30026
0.300269
0.300278
0.300287
0.300295
0.300303
0.300313
0.300323
0.300331
0.300341
0.300331
0.300319
0.300311
0.300298
0.300289
0.300277
0.300268
0.30026
0.300251
0.300241
0.300232
0.300224
0.300216
0.300207
0.3002
0.300191
0.300184
0.300176
0.300169
0.300161
0.300156
0.300148
0.300147
0.300139
0.300138
0.30013
0.300123
0.300128
0.300119
0.300118
0.30011
0.300104
0.300105
0.300098
0.300095
0.300088
0.300085
0.300078
0.300076
0.300069
0.300063
0.300056
0.300038
0.300032
0.30001
0.300008
0.299989
0.299988
0.299976
0.299979
0.299975
0.299979
0.299981
0.299985
0.299989
0.299994
0.299998
0.300003
0.300008
0.300013
0.300019
0.300024
0.300029
0.300034
0.300023
0.300028
0.300028
0.300034
0.30005
0.300057
0.300104
0.30011
0.300112
0.300118
0.300128
0.300135
0.300142
0.300147
0.300153
0.300153
0.30016
0.300172
0.300184
0.300194
0.300202
0.300208
0.300212
0.300217
0.300219
0.300223
0.300227
0.300229
0.300232
0.300235
0.300238
0.30024
0.300246
0.30025
0.300253
0.300258
0.300261
0.300266
0.30027
0.300275
0.300279
0.300283
0.300288
0.300292
0.300296
0.300301
0.300305
0.300309
0.300313
0.300317
0.300322
0.300326
0.30033
0.300334
0.300338
0.300342
0.300346
0.300351
0.300355
0.300359
0.300364
0.300369
0.300374
0.300378
0.300383
0.300388
0.300392
0.300397
0.300402
0.300407
0.300411
0.300415
0.30042
0.300424
0.300429
0.300433
0.300437
0.300442
0.300446
0.300451
0.300455
0.300459
0.300463
0.300467
0.300472
0.300477
0.300481
0.300485
0.300488
0.300493
0.300497
0.300501
0.300506
0.300508
0.300514
0.300518
0.300521
0.300526
0.30053
0.300534
0.300538
0.300542
0.300546
0.300549
0.300554
0.300558
0.300561
0.300564
0.300569
0.300573
0.300577
0.30058
0.300584
0.300589
0.300592
0.300596
0.300599
0.300604
0.300608
0.30061
0.300616
0.300618
0.300623
0.300627
0.300631
0.300635
0.300638
0.300642
0.300645
0.300649
0.300654
0.300657
0.30066
0.300662
0.300667
0.300654
0.300641
0.300656
0.300676
0.3007
0.30071
0.300713
0.300716
0.300712
0.300707
0.300705
0.300699
0.3007
0.299297
0.299294
0.299292
0.300708
0.300714
0.30072
0.300726
0.300734
0.30074
0.300748
0.300755
0.300762
0.300773
0.300757
0.300743
0.300729
0.300715
0.300702
0.300689
0.300676
0.300663
0.30065
0.300638
0.300626
0.300614
0.300602
0.30059
0.300579
0.300567
0.300556
0.300546
0.300534
0.300524
0.300513
0.300503
0.300492
0.300482
0.300472
0.300462
0.300453
0.300443
0.300434
0.300424
0.300415
0.300406
0.300397
0.300388
0.300379
0.30037
0.300362
0.300353
0.300345
0.300337
0.300329
0.300322
0.300314
0.300306
0.300299
0.300292
0.300285
0.300278
0.300271
0.300264
0.300258
0.300251
0.300245
0.300239
0.300232
0.300226
0.30022
0.300215
0.300209
0.300203
0.300203
0.300198
0.300192
0.300187
0.300182
0.300177
0.300172
0.300167
0.300162
0.300157
0.300152
0.300148
0.300143
0.300139
0.300134
0.30013
0.300126
0.300122
0.300118
0.300114
0.30011
0.300106
0.300102
0.300099
0.300095
0.300092
0.300088
0.300085
0.300081
0.300078
0.300075
0.300072
0.300069
0.300066
0.300063
0.30006
0.300057
0.300055
0.300052
0.300049
0.300047
0.300044
0.300042
0.300039
0.300037
0.300035
0.300032
0.30003
0.300028
0.300026
0.300024
0.300022
0.30002
0.300018
0.300016
0.300014
0.300013
0.300011
0.300009
0.300008
0.300006
0.300005
0.300003
0.300002
0.3
0.299999
0.299998
0.299996
0.299995
0.299994
0.299993
0.299992
0.29999
0.299989
0.299988
0.299987
0.299986
0.299986
0.299985
0.299984
0.299983
0.299982
0.299981
0.299981
0.29998
0.299979
0.299979
