0
0
0
0
0
0
0
0
0
0
0
0
0
0
0
0
0
0
0
0
0
0
0
0
0
0
0
0
0
0
0
0
0
0
0
0
0
0
0
0
0
0
0
0
0
0
0
0
0
0
0
0
0
0
0
0
0
0
0
0
0
0
0
0
0
0
0
0
0
0
0
0
0
0
0
0
0
0
0
0
0
0
0
0
0
0
0
0
0
0
0
0
0
0
0
0
0
0
0
0
0
0
0
0
0
0
0
0
0
0
0
0
0
0
0
0
0
0
0
0
0
0
0
0
0
0
0
0
0
0
0
0
0
0
0
0
0
0
0
0
0
0
0
0
0
0
0
0
0
0
0
0
0
0
0
0
0
-0.0112638
-0.0112648
-0.0112715
-0.011528
-0.0132885
-0.0138407
-0.0155964
-0.0170488
-0.0204229
-0.0224094
-0.0256739
-0.0275545
-0.0299034
-0.0306978
-0.0312757
-0.0311518
-0.0300779
-0.0291166
-0.0267639
-0.0252829
-0.0222492
-0.0203161
-0.0174141
-0.0157967
-0.0129814
-0.011446
-0.00944233
-0.00846958
-0.00703239
-0.00646591
-0.00576973
-0.00558376
-0.00553513
-0.00566101
-0.00606632
-0.00672531
-0.00722885
-0.00828075
-0.00887489
-0.00947094
-0.0101471
-0.0109396
-0.0115595
-0.01231
-0.0127726
-0.0133715
-0.0137253
-0.0141306
-0.0145788
-0.0146828
-0.0148201
-0.0149736
-0.015048
-0.0151024
-0.0151224
-0.01511
-0.0150881
-0.0150518
-0.0150156
-0.0149584
-0.0149164
-0.0148745
-0.0148478
-0.0148115
-0.014801
-0.0147934
-0.0148001
-0.0148182
-0.0148354
-0.0148735
-0.0149002
-0.0149536
-0.0150137
-0.0150518
-0.0150928
-0.0151548
-0.0152111
-0.015255
-0.0153093
-0.0153513
-0.0154047
-0.01544
-0.0154781
-0.0155125
-0.0155468
-0.0155716
-0.0155916
-0.0156202
-0.0156336
-0.0156488
-0.0156622
-0.0156755
-0.0156879
-0.0157013
-0.015707
-0.0157108
-0.0157089
-0.0157108
-0.0157099
-0.0157127
-0.0157127
-0.0157118
-0.0157089
-0.015708
-0.0157137
-0.0157223
-0.015727
-0.0157347
-0.0157433
-0.015748
-0.0157566
-0.0157604
-0.0157661
-0.01577
-0.0157757
-0.0157804
-0.0157862
-0.01579
-0.0157928
-0.0157967
-0.0158014
-0.0157948
-0.015789
-0.0157785
-0.0157766
-0.0157661
-0.0157604
-0.0157509
-0.0157404
-0.0157366
-0.0157299
-0.0157213
-0.0157118
-0.0157013
-0.0156889
-0.0156841
-0.0156784
-0.015666
-0.0156593
-0.0156479
-0.0156412
-0.0156269
-0.0156145
-0.0156107
-0.0156097
-0.0156107
-0.0156078
-0.0156088
-0.0156069
-0.0156069
-0.015605
-0.015604
-0.0156021
-0.0156002
-0.0155993
-0.0155964
-0.0155964
-0.0155945
-0.0155916
-0.0155897
-0.0155811
-0.0155725
-0.0155582
-0.0155497
-0.0155334
-0.0155239
-0.0155077
-0.0154972
-0.0154819
-0.0154715
-0.0154552
-0.0154457
-0.0154343
-0.0154171
-0.0154028
-0.0153866
-0.0153818
-0.0153799
-0.0153751
-0.0153713
-0.0153666
-0.0153618
-0.015357
-0.0153503
-0.0153475
-0.0153446
-0.0153399
-0.0153332
-0.0153303
-0.0153275
-0.0153208
-0.0153179
-0.0153112
-0.0153065
-0.0153036
-0.0152969
-0.0152931
-0.0152903
-0.0152855
-0.0152788
-0.015276
-0.0152674
-0.0152636
-0.0152569
-0.0152531
-0.0152454
-0.0152426
-0.015233
-0.0152206
-0.0152006
-0.0151911
-0.0151711
-0.0151606
-0.0151405
-0.01513
-0.015111
-0.0150995
-0.0150928
-0.0150881
-0.0150795
-0.0150776
-0.01507
-0.0150642
-0.0150585
-0.0150509
-0.015048
-0.0150423
-0.0150375
-0.015029
-0.0150251
-0.0150175
-0.0150089
-0.0150042
-0.0149994
-0.0149927
-0.014986
-0.0149803
-0.0149765
-0.0149689
-0.014966
-0.0149574
-0.0149527
-0.014945
-0.0149393
-0.0149326
-0.0149279
-0.0149193
-0.0149145
-0.0149088
-0.014904
-0.0148964
-0.0257692
-0.028141
-0.0293427
-0.0299625
-0.0303841
-0.0315294
-0.0335569
-0.0355301
-0.0395441
-0.0429649
-0.0485029
-0.0520554
-0.057826
-0.0623245
-0.0683479
-0.0720253
-0.0786486
-0.0819502
-0.0858412
-0.0908709
-0.0967522
-0.0987864
-0.100007
-0.10449
-0.107181
-0.108441
-0.110294
-0.112103
-0.111994
-0.113092
-0.112608
-0.112048
-0.112468
-0.112629
-0.111716
-0.111629
-0.110637
-0.109853
-0.10943
-0.109194
-0.108409
-0.108101
-0.107008
-0.106257
-0.105805
-0.105472
-0.104593
-0.104242
-0.103384
-0.10301
-0.10216
-0.102158
-0.100872
-0.100496
-0.099535
-0.0990105
-0.0981331
-0.0975342
-0.0966358
-0.0959702
-0.0951004
-0.0943584
-0.0935268
-0.0925999
-0.0916157
-0.0907688
-0.0898132
-0.0889206
-0.0879669
-0.0870495
-0.0861092
-0.0851517
-0.0841923
-0.0835896
-0.0829926
-0.0823555
-0.0817089
-0.0810966
-0.0804596
-0.0798683
-0.0792084
-0.0786324
-0.0779724
-0.077282
-0.0767441
-0.0760841
-0.0755348
-0.0749969
-0.0743408
-0.0738144
-0.0731583
-0.0726433
-0.0719948
-0.0713463
-0.0708504
-0.0703201
-0.0695229
-0.069088
-0.0686264
-0.068161
-0.0675354
-0.0670929
-0.0662994
-0.0660477
-0.0654373
-0.0648384
-0.0644264
-0.063839
-0.0634422
-0.0628662
-0.0624847
-0.0617218
-0.061554
-0.0609474
-0.0606537
-0.0601044
-0.0597687
-0.0592422
-0.0589218
-0.0583954
-0.0580902
-0.0575867
-0.0572929
-0.056797
-0.0565224
-0.0560455
-0.0557823
-0.0553169
-0.0550652
-0.0546074
-0.0543709
-0.0537338
-0.0537148
-0.0532799
-0.0528564
-0.0524445
-0.0521927
-0.0520477
-0.051857
-0.0514107
-0.0512772
-0.0508881
-0.050457
-0.0502892
-0.0499268
-0.0498276
-0.0494728
-0.0493279
-0.0489311
-0.0487862
-0.0485001
-0.0483704
-0.0479927
-0.0478706
-0.0476036
-0.0474892
-0.0471382
-0.047081
-0.0467854
-0.04669
-0.0463524
-0.0463085
-0.0458355
-0.0459499
-0.0456257
-0.0455894
-0.0453186
-0.0451927
-0.0447884
-0.0449085
-0.0446091
-0.0445919
-0.0442982
-0.0442905
-0.0440502
-0.0439987
-0.0437241
-0.043726
-0.0433216
-0.0432377
-0.0432034
-0.043169
-0.0429611
-0.042799
-0.0427303
-0.0425758
-0.0425549
-0.042366
-0.0423069
-0.0421619
-0.0421524
-0.041975
-0.0420341
-0.0423508
-0.0431709
-0.0448685
-0.0468369
-0.0499401
-0.0527401
-0.0580006
-0.0631237
-0.0656052
-0.0713558
-0.077919
-0.0845795
-0.0888672
-0.0930462
-0.0993061
-0.103065
-0.108618
-0.112255
-0.11643
-0.118929
-0.12401
-0.125706
-0.127153
-0.129387
-0.13027
-0.130964
-0.132357
-0.133057
-0.133125
-0.133093
-0.133381
-0.133579
-0.133224
-0.133053
-0.133545
-0.134266
-0.134937
-0.135326
-0.1357
-0.136295
-0.136871
-0.137199
-0.137733
-0.138031
-0.138317
-0.13879
-0.13908
-0.139439
-0.139679
-0.139969
-0.140106
-0.140358
-0.140469
-0.140625
-0.140629
-0.140697
-0.140663
-0.140652
-0.140591
-0.140469
-0.140335
-0.140171
-0.139969
-0.139771
-0.139545
-0.139278
-0.138973
-0.138699
-0.138378
-0.138096
-0.13773
-0.137341
-0.137039
-0.136604
-0.136318
-0.135895
-0.135578
-0.135254
-0.134808
-0.134483
-0.134026
-0.133698
-0.133228
-0.132751
-0.132381
-0.132088
-0.131603
-0.130795
-0.130459
-0.130253
-0.129963
-0.129459
-0.129131
-0.128578
-0.128296
-0.127785
-0.12746
-0.126904
-0.126625
-0.126068
-0.12579
-0.125275
-0.12495
-0.124386
-0.124119
-0.123554
-0.123047
-0.12273
-0.122471
-0.121914
-0.121662
-0.121101
-0.120449
-0.120312
-0.120071
-0.119522
-0.119286
-0.118752
-0.118477
-0.117992
-0.117561
-0.117294
-0.116821
-0.116512
-0.116306
-0.11578
-0.115582
-0.11512
-0.114872
-0.114368
-0.114178
-0.113728
-0.113487
-0.112988
-0.112598
-0.112316
-0.111935
-0.111668
-0.11124
-0.111031
-0.110661
-0.110397
-0.109978
-0.109615
-0.109203
-0.108959
-0.108822
-0.108578
-0.108181
-0.107998
-0.107662
-0.107433
-0.107101
-0.10688
-0.106499
-0.106384
-0.105999
-0.105782
-0.105461
-0.105255
-0.104939
-0.104736
-0.104366
-0.103848
-0.10392
-0.103725
-0.103374
-0.103241
-0.102692
-0.102612
-0.10228
-0.102158
-0.102032
-0.101704
-0.101589
-0.101269
-0.101154
-0.100842
-0.100685
-0.100426
-0.100323
-0.100018
-0.0996704
-0.0996284
-0.0995369
-0.0991898
-0.0991707
-0.0991974
-0.0994148
-0.100178
-0.101578
-0.103649
-0.104668
-0.107838
-0.111061
-0.113693
-0.117826
-0.121117
-0.125195
-0.128178
-0.132574
-0.135412
-0.139494
-0.142027
-0.145607
-0.148026
-0.149731
-0.152691
-0.154819
-0.156998
-0.159647
-0.161434
-0.163555
-0.16501
-0.16703
-0.167892
-0.169252
-0.17046
-0.171371
-0.17223
-0.173199
-0.173967
-0.17487
-0.175552
-0.176395
-0.177074
-0.177818
-0.178473
-0.179255
-0.179861
-0.180586
-0.181297
-0.181984
-0.182472
-0.183126
-0.18375
-0.184275
-0.184841
-0.185322
-0.185783
-0.186264
-0.186703
-0.187092
-0.187468
-0.187809
-0.188126
-0.1884
-0.188683
-0.1889
-0.189152
-0.189379
-0.189541
-0.189678
-0.189859
-0.189816
-0.19013
-0.190195
-0.190331
-0.190353
-0.190498
-0.190496
-0.190138
-0.190132
-0.190437
-0.189857
-0.190161
-0.189936
-0.190241
-0.190195
-0.190151
-0.190098
-0.190159
-0.19009
-0.190107
-0.190193
-0.190107
-0.190022
-0.190189
-0.190094
-0.190086
-0.190016
-0.190037
-0.189886
-0.189804
-0.189543
-0.189835
-0.189537
-0.189547
-0.189308
-0.189281
-0.189329
-0.189333
-0.18919
-0.18902
-0.189056
-0.18906
-0.188627
-0.188923
-0.188482
-0.188595
-0.188631
-0.188635
-0.188341
-0.188486
-0.18848
-0.188332
-0.188181
-0.188181
-0.188038
-0.188034
-0.187881
-0.187695
-0.187876
-0.187571
-0.187712
-0.187563
-0.187561
-0.187412
-0.187405
-0.187258
-0.187223
-0.188002
-0.188805
-0.189528
-0.190468
-0.19136
-0.192114
-0.192852
-0.19359
-0.194023
-0.195072
-0.196209
-0.19693
-0.197514
-0.198492
-0.198812
-0.199919
-0.200369
-0.201328
-0.202406
-0.202845
-0.203789
-0.204231
-0.20528
-0.206072
-0.20661
-0.207514
-0.207926
-0.208937
-0.209467
-0.210342
-0.210287
-0.211283
-0.211588
-0.21246
-0.213324
-0.213507
-0.214371
-0.21446
-0.215427
-0.216036
-0.212677
-0.209238
-0.205843
-0.202557
-0.199257
-0.195904
-0.192589
-0.189362
-0.186193
-0.18293
-0.179873
-0.176712
-0.173626
-0.170671
-0.167736
-0.164906
-0.162062
-0.159315
-0.156609
-0.153893
-0.151226
-0.148584
-0.145943
-0.143343
-0.140657
-0.138058
-0.135471
-0.13287
-0.130224
-0.127621
-0.124962
-0.122356
-0.119686
-0.116974
-0.114399
-0.111832
-0.109081
-0.1064
-0.103855
-0.101147
-0.0987587
-0.095932
-0.0934296
-0.0907555
-0.0882835
-0.0858307
-0.0831909
-0.0807686
-0.0781517
-0.0755501
-0.0731697
-0.0705986
-0.0682373
-0.0656929
-0.0633698
-0.0608482
-0.0585022
-0.0559959
-0.0537872
-0.0512466
-0.0490112
-0.0466118
-0.0444069
-0.0419617
-0.0397758
-0.0373535
-0.034977
-0.0323639
-0.0300102
-0.02742
-0.0250893
-0.0225372
-0.0199051
-0.0176849
-0.0151443
-0.012558
-0.010582
-0.00814819
-0.00593185
-0.00346375
-0.000995636
-0.000442505
0.00038147
0.000934601
0.00175858
0.00231171
0.00314331
0.00403976
0.00452042
0.00507355
0.00589752
0.00652313
0.00728226
0.00782776
0.00865936
0.00920486
0.0100365
0.0106544
0.011425
0.0123329
0.0131035
0.0136604
0.0142212
0.0150566
0.0156212
0.0164604
0.0172997
0.0178566
0.0184135
0.0192528
0.0198135
0.0223961
0.0245934
0.0271416
0.0293121
0.0317497
0.0341759
0.0362244
0.0386162
0.0407677
0.0430565
0.0451164
0.0474472
0.0494614
0.0514679
0.053833
0.0557251
0.0579834
0.0602264
0.062149
0.0643692
0.0662689
0.0685425
0.0703354
0.0721893
0.0747299
0.0768585
0.0782852
0.0804749
0.0821838
0.0839691
0.0863724
0.0881195
0.0898666
0.0919952
0.0936127
0.0957184
0.0973053
0.0993958
0.101036
0.102997
0.104874
0.106575
0.108429
0.110008
0.111588
0.11425
0.115143
0.117012
0.118462
0.120392
0.121895
0.123634
0.125465
0.127014
0.128723
0.130264
0.131622
0.133484
0.134819
0.136566
0.13797
0.139786
0.14109
0.142906
0.144615
0.146599
0.148369
0.151009
0.151993
0.152618
0.153946
0.15567
0.156891
0.158524
0.160233
0.161087
0.162689
0.163956
0.166672
0.167465
0.168777
0.170258
0.171127
0.172668
0.173599
0.174881
0.17395
0.174438
0.172867
0.169861
0.163574
0.152313
0.149185
0.137344
0.128769
0.119614
0.104706
0.0934143
0.0792236
0.0638428
0.054184
0.0397949
0.0310822
0.0183105
0.00985718
-0.0150299
-0.0220337
-0.0204926
-0.0189362
-0.02565
-0.0290222
-0.0339966
-0.0362854
-0.039856
-0.0413208
-0.0440979
-0.0456848
-0.0462036
-0.0475464
-0.0476685
-0.0477295
-0.0485229
-0.0484009
-0.0489502
-0.0488892
-0.0493164
-0.0490723
-0.0491943
-0.0488281
-0.0488281
-0.0488281
-0.0490723
-0.0493164
-0.0489502
-0.0487061
-0.0482178
-0.0479736
-0.0473022
-0.0466309
-0.0462036
-0.0452881
-0.0446472
-0.0439148
-0.0428467
-0.0417175
-0.040741
-0.0395813
-0.038269
-0.0370178
-0.035614
-0.0342102
-0.0327301
-0.0312347
-0.0296783
-0.0280609
-0.0264587
-0.0247955
-0.0231476
-0.0214081
-0.0197449
-0.0179291
-0.0162506
-0.014389
-0.0126801
-0.010788
-0.00906372
-0.00709534
-0.00520325
-0.00344849
-0.00170898
0.000274658
0.00204468
0.00405884
0.00582886
0.00785828
0.00999451
0.0117722
0.0137939
0.0159302
0.0176544
0.0194473
0.0215683
0.0233612
0.0252457
0.0272827
0.0290756
0.0312119
0.0330048
0.0351562
0.0369415
0.0390854
0.0412292
0.0430145
0.0452499
0.0469284
0.0490875
0.0508347
0.0530777
0.0547409
0.0568848
0.0586243
0.0607834
0.0625153
0.0646362
0.0663528
0.0684891
0.0701981
0.0724335
0.074028
0.0761337
0.0782547
0.0800476
0.0821533
0.0837173
0.0853806
0.0874786
0.0895615
0.0913162
0.0932846
0.0923157
0.0910187
0.0904007
0.088562
0.0877304
0.0858231
0.0848923
0.0840836
0.0830612
0.0818253
0.080368
0.079483
0.0785904
0.0773773
0.0763931
0.0750885
0.0742111
0.0730133
0.0720596
0.0707703
0.0703735
0.0687714
0.0703125
0.068634
0.070282
0.0686646
0.0673828
0.0697479
0.0675964
0.0694885
0.067337
0.0664215
0.0676117
0.0654755
0.0671692
0.065506
0.067276
0.0651245
0.0670471
0.0653076
0.0661316
0.0639648
0.0534973
0.0494995
0.0184326
0.0164795
-0.0252686
-0.0321655
-0.0720215
-0.0734863
-0.105713
-0.109619
-0.128296
-0.131348
-0.142334
-0.143066
-0.150391
-0.149414
-0.154785
-0.15625
-0.159668
-0.160889
-0.164795
-0.165894
-0.169678
-0.170898
-0.173584
-0.174805
-0.17688
-0.177979
-0.179321
-0.180328
-0.181396
-0.182404
-0.183685
-0.184753
-0.186096
-0.187103
-0.188202
-0.189301
-0.190308
-0.191284
-0.192322
-0.193237
-0.194061
-0.194916
-0.195648
-0.196381
-0.19696
-0.197662
-0.198334
-0.19873
-0.199158
-0.199554
-0.200043
-0.200165
-0.200851
-0.201248
-0.201477
-0.201904
-0.202057
-0.202454
-0.202621
-0.202927
-0.203033
-0.20314
-0.20343
-0.203751
-0.203766
-0.204041
-0.203979
-0.204025
-0.204269
-0.204239
-0.204498
-0.204437
-0.204605
-0.204819
-0.204819
-0.204727
-0.20488
-0.205093
-0.205093
-0.204926
-0.2052
-0.205109
-0.205292
-0.205109
-0.205307
-0.205582
-0.205383
-0.205322
-0.205414
-0.205688
-0.205551
-0.205399
-0.20549
-0.205322
-0.205597
-0.205429
-0.205276
-0.205444
-0.205276
-0.205414
-0.205582
-0.205414
-0.205215
-0.205292
-0.205444
-0.205582
-0.205399
-0.205284
-0.20507
-0.205208
-0.205009
-0.205139
-0.205261
-0.204636
-0.205185
-0.204971
-0.204765
-0.204895
-0.204681
-0.204796
-0.204582
-0.204689
-0.204475
-0.204269
-0.204376
-0.204422
-0.204292
-0.203659
-0.204201
-0.203987
-0.204109
-0.203918
-0.203728
-0.204193
-0.203934
-0.20414
-0.203659
-0.204117
-0.203957
-0.2034
-0.203934
-0.203369
-0.203911
-0.203728
-0.203857
-0.203674
-0.2034
-0.203606
-0.203423
-0.203217
-0.203651
-0.203438
-0.203224
-0.202682
-0.203033
-0.202774
-0.202866
-0.202667
-0.202919
-0.20285
-0.203331
-0.203148
-0.203682
-0.203896
-0.204201
-0.204659
-0.205101
-0.205711
-0.204208
-0.204849
-0.205475
-0.208168
-0.208878
-0.209572
-0.210281
-0.211029
-0.211708
-0.212456
-0.213158
-0.21386
-0.214653
-0.212914
-0.211227
-0.209564
-0.207916
-0.206245
-0.204636
-0.203011
-0.201401
-0.199776
-0.198196
-0.196602
-0.195023
-0.193451
-0.191887
-0.190323
-0.188774
-0.187225
-0.185684
-0.184174
-0.182648
-0.181145
-0.179657
-0.178185
-0.176697
-0.175232
-0.173767
-0.172333
-0.170891
-0.169441
-0.168037
-0.166626
-0.16523
-0.163841
-0.162445
-0.161072
-0.159698
-0.15834
-0.157013
-0.155655
-0.154327
-0.153015
-0.151703
-0.150391
-0.149094
-0.147812
-0.14653
-0.145264
-0.144012
-0.142776
-0.141541
-0.140305
-0.139099
-0.137878
-0.136673
-0.135452
-0.134277
-0.133087
-0.131927
-0.130737
-0.129608
-0.129608
-0.128418
-0.127274
-0.126129
-0.125
-0.123856
-0.122742
-0.121643
-0.120499
-0.1194
-0.118301
-0.117218
-0.116119
-0.115036
-0.113953
-0.112885
-0.111877
-0.110779
-0.109741
-0.108673
-0.107635
-0.106598
-0.10556
-0.104553
-0.103546
-0.102509
-0.101501
-0.100494
-0.0995178
-0.0985107
-0.0975342
-0.0965271
-0.0955811
-0.094635
-0.093689
-0.0926819
-0.0917358
-0.0907898
-0.0898438
-0.0889282
-0.0879517
-0.0870361
-0.0861816
-0.0852661
-0.0842896
-0.0834351
-0.0825195
-0.081604
-0.0805664
-0.0797729
-0.0788574
-0.0780029
-0.0770264
-0.0760498
-0.0750732
-0.0744629
-0.0734863
-0.0727539
-0.0717773
-0.0710449
-0.0698242
-0.0693359
-0.0683594
-0.0673828
-0.0703125
-0.0664062
-0.0654297
-0.0644531
-0.0637207
-0.0627441
-0.0620117
-0.0612793
-0.0604248
-0.0598145
-0.0587158
-0.0581055
-0.057373
-0.0565186
-0.0557861
-0.0549316
-0.0541382
-0.0533447
-0.0526123
-0.0518188
-0.0510864
-0.050293
-0.0494995
