1.77965e-43
1.77965e-43
1.77965e-43
1.77965e-43
1.77965e-43
1.77965e-43
1.77965e-43
1.77965e-43
1.77965e-43
1.77965e-43
1.77965e-43
1.77965e-43
1.77965e-43
1.77965e-43
1.77965e-43
1.77965e-43
1.77965e-43
1.77965e-43
1.77965e-43
1.77965e-43
1.77965e-43
1.77965e-43
1.77965e-43
0
-0.141464
-0.141621
-0.141778
-0.141828
-0.140682
-0.137588
-0.130157
-0.12375
-0.112603
-0.100575
-0.0925412
-0.0807905
-0.0734982
-0.0667156
-0.0575404
-0.0522618
-0.0454488
-0.0416932
-0.037049
-0.0346321
-0.0318019
-0.0304419
-0.0289723
-0.0281013
-0.0277982
-0.0273061
-0.0275921
-0.0273821
-0.0277924
-0.0279205
-0.0277869
-0.0279741
-0.0279053
-0.0276502
-0.0274059
-0.0265683
-0.0264616
-0.0259758
-0.0251248
-0.0245117
-0.0235016
-0.0224244
-0.0216916
-0.0205318
-0.0198104
-0.0186884
-0.017866
-0.0169112
-0.0162463
-0.0152891
-0.0144006
-0.0138532
-0.0133347
-0.0126062
-0.011951
-0.0114746
-0.0111881
-0.0106755
-0.0102175
-0.00994327
-0.00955791
-0.00932377
-0.0089913
-0.00878906
-0.00849839
-0.00831764
-0.00814436
-0.00789078
-0.00773112
-0.00749396
-0.00726161
-0.00711192
-0.00685238
-0.00670685
-0.00652082
-0.00637872
-0.00620906
-0.00603163
-0.00582867
-0.00560647
-0.00550458
-0.00537883
-0.00519345
-0.00507447
-0.00490197
-0.0047156
-0.00463086
-0.00452881
-0.00438033
-0.00419558
-0.00415066
-0.00406606
-0.00394241
-0.00382575
-0.003751
-0.00364526
-0.00357763
-0.00351237
-0.00340622
-0.00335795
-0.00327314
-0.00321774
-0.00312668
-0.00306191
-0.00300114
-0.00293089
-0.00289345
-0.00282559
-0.00276163
-0.00270924
-0.0026784
-0.00261909
-0.00257018
-0.0025171
-0.00248761
-0.00242537
-0.00239126
-0.00234372
-0.00231068
-0.00226702
-0.00223052
-0.00216786
-0.00215238
-0.00212301
-0.00209305
-0.00205102
-0.00203135
-0.00199138
-0.0019589
-0.00192885
0
0
0
0.999866
-0.00418478
-0.00418741
-0.00420197
-0.00823753
-0.0141046
-0.023639
-0.028921
-0.0347674
-0.0362752
-0.0359189
-0.0339514
-0.0290899
-0.0247211
-0.015099
-0.0126461
-0.00532884
-0.000967384
0.00511723
0.00822323
0.0123849
0.0143181
0.0162117
0.0166342
0.0169822
0.0165923
0.0154268
0.0142236
0.0124007
0.010886
0.00868215
0.00713119
0.00491448
0.00351437
0.00158228
-0.000150795
-0.0011282
-0.00264958
-0.00324065
-0.00371231
-0.00413544
-0.00441909
-0.00457414
-0.00456431
-0.00446833
-0.00422153
-0.00400189
-0.00359408
-0.00303812
-0.00290839
-0.0026121
-0.00220523
-0.00195574
-0.00161706
-0.00142247
-0.00117619
-0.00103463
-0.000886424
-0.00080945
-0.000735938
-0.000704111
-0.000707217
-0.000723555
-0.00076933
-0.000807749
-0.000889606
-0.000944024
-0.00103596
-0.00109586
-0.00118548
-0.00123857
-0.00131665
-0.00138674
-0.00142504
-0.00145413
-0.00149106
-0.00151541
-0.00152525
-0.00153445
-0.00153614
-0.00153597
-0.00152788
-0.00152469
-0.00150355
-0.0014845
-0.00146977
-0.00145519
-0.00143608
-0.00141143
-0.00139599
-0.00137688
-0.00136537
-0.00135203
-0.00134427
-0.00133614
-0.00131938
-0.00130472
-0.00129428
-0.00128289
-0.00127171
-0.001264
-0.00125571
-0.00124683
-0.00123894
-0.00123688
-0.0012378
-0.00123761
-0.00123732
-0.00123763
-0.00123676
-0.00123593
-0.00123429
-0.00123199
-0.00122895
-0.00122576
-0.00122226
-0.00121764
-0.00121356
-0.00120822
-0.00120376
-0.00119807
-0.00118576
-0.00117057
-0.00115374
-0.00114328
-0.00112771
-0.00111687
-0.00110233
-0.0010885
-0.00107891
-0.0010696
-0.00105742
-0.00104805
-0.00103773
-0.00102695
-0.00101917
-0.00101149
-0.00100129
-0.000993761
-0.000983644
-0.000976062
-0.000965806
-0.000954652
-0.000950618
-0.000950299
-0.000949233
-0.000948768
-0.000947519
-0.00094654
-0.000944808
-0.000942969
-0.000940623
-0.000938034
-0.000934915
-0.000931765
-0.000927897
-0.000924319
-0.000919933
-0.000916088
-0.000911434
-0.00090286
-0.000892036
-0.000877039
-0.000866275
-0.000851534
-0.000841083
-0.000827064
-0.000817182
-0.000804205
-0.000795087
-0.000783234
-0.000774826
-0.00076581
-0.000755236
-0.000745905
-0.000735116
-0.000732034
-0.000731585
-0.000732209
-0.000731819
-0.00073238
-0.000731724
-0.000731625
-0.000730935
-0.000729257
-0.000727284
-0.000725082
-0.000722269
-0.000719232
-0.000715994
-0.000712114
-0.000708521
-0.000704255
-0.000699895
-0.000696122
-0.000691781
-0.000688069
-0.000683877
-0.000680299
-0.000676354
-0.000672935
-0.000669218
-0.00066597
-0.000662508
-0.000659413
-0.000656157
-0.000653163
-0.000647006
-0.000637189
-0.000622916
-0.000613965
-0.000599774
-0.000590978
-0.000577272
-0.000568924
-0.000556035
-0.000548276
-0.000546176
-0.000545018
-0.000545019
-0.000544325
-0.000544704
-0.000544971
-0.000544098
-0.000543767
-0.000542377
-0.000541154
-0.000539139
-0.000537004
-0.000534405
-0.000531494
-0.000528235
-0.000525031
-0.000521742
-0.000518059
-0.000514328
-0.000510951
-0.000507595
-0.000503968
-0.000500724
-0.000497274
-0.000494148
-0.000490884
-0.00048771
-0.000484773
-0.000481878
-0.0004789
-0.000476125
-0.000473363
-0.000470612
0.162299
0.162482
0.162666
0.162746
0.160366
0.156665
0.148548
0.138339
0.130684
0.118412
0.109733
0.0973769
0.089518
0.0789708
0.0716927
0.0632619
0.0579912
0.0511015
0.0472501
0.043329
0.0398197
0.036162
0.0346193
0.0338889
0.0320521
0.0316237
0.030899
0.030933
0.030759
0.0307065
0.0306037
0.0305289
0.0304168
0.030123
0.0296959
0.0293466
0.0286752
0.0281651
0.0274582
0.0266256
0.0255613
0.024698
0.0235293
0.0228627
0.021947
0.0208574
0.0196696
0.0189061
0.0177792
0.0170647
0.0160364
0.0154028
0.0142131
0.0139537
0.0130785
0.0126978
0.0120329
0.0116326
0.0110742
0.0107381
0.0102669
0.00990957
0.00951089
0.00920926
0.00892166
0.00876721
0.00845154
0.00825625
0.00796896
0.00778661
0.0075152
0.00724987
0.00707994
0.00682404
0.00665909
0.0064981
0.0062553
0.006018
0.00583368
0.00563659
0.00549032
0.00527444
0.0051375
0.00493494
0.00471778
0.00462043
0.00444236
0.00432902
0.00422131
0.00406446
0.00396664
0.00382394
0.00373507
0.00360547
0.00348229
0.00340469
0.00331334
0.00317169
0.00312071
0.00305587
0.00299362
0.00290392
0.00284545
0.0027349
0.00271027
0.00263234
0.00255852
0.00250996
0.00244103
0.00239594
0.00233095
0.00228994
0.00220808
0.00218986
0.00212494
0.00209321
0.00203155
0.00200725
0.00195385
0.00192184
0.00187675
0.00184571
0.00179813
0.00177029
0.00173088
0.00170381
0.00166255
0.00163432
0.0015996
0.00157715
0.00154303
0.00151954
0.00147239
0.00145979
0.00143206
0.00140476
0.00137726
0.00135492
0.00133926
0.00131992
0.00129057
0.00128017
0.00126085
0.00123845
0.00122456
0.00120372
0.00119169
0.00116989
0.00115453
0.00113799
0.0011287
0.00111668
0.00110675
0.00109048
0.00108001
0.00106626
0.00105515
0.0010371
0.00102717
0.00101009
0.000997981
0.000978662
0.000967997
0.000944643
0.000937571
0.000920848
0.000916017
0.000908456
0.00090207
0.000893582
0.00088996
0.000881427
0.000876427
0.000867336
0.000861889
0.000852934
0.000846146
0.00083564
0.00082928
0.000816192
0.000807231
0.00080008
0.000792334
0.000781646
0.00077186
0.000763327
0.000753624
0.000746031
0.000735645
0.143628
0.143778
0.143929
0.143432
0.141285
0.137948
0.131013
0.122166
0.115336
0.104906
0.0976414
0.0863308
0.0763012
0.0725727
0.0637107
0.055434
0.0483522
0.0443022
0.0407658
0.0363493
0.0340366
0.0312835
0.0294551
0.0284169
0.0277643
0.0269905
0.0268573
0.026819
0.0268451
0.0269175
0.0269906
0.0268411
0.0269956
0.0269134
0.0267688
0.0264111
0.0257772
0.0253761
0.0247571
0.0242087
0.0232895
0.0222924
0.0216069
0.0209034
0.0198162
0.0187376
0.0180368
0.0170008
0.0163447
0.0157138
0.0148099
0.0141595
0.013459
0.0128848
0.012289
0.0118741
0.0112957
0.010871
0.0103866
0.0101614
0.00974723
0.00949608
0.0091425
0.0088157
0.00861448
0.00836934
0.00814021
0.00787448
0.0077063
0.00750032
0.00729959
0.00706676
0.00688026
0.00669042
0.00654483
0.00632941
0.00611861
0.00598147
0.00575005
0.00564419
0.00545081
0.00532496
0.00520292
0.00502566
0.00491189
0.00474617
0.00464047
0.0044864
0.00433945
0.00422709
0.00415272
0.00402158
0.00381918
0.00374138
0.00368741
0.00362772
0.00351982
0.00345046
0.00334168
0.00329131
0.00320353
0.00314658
0.00305395
0.00301344
0.00292748
0.00289062
0.00282148
0.00277683
0.00270465
0.00266931
0.00260368
0.00254316
0.00250677
0.00247658
0.00241454
0.002385
0.00233133
0.00227231
0.00224641
0.00222101
0.00217277
0.00214738
0.00209764
0.00206698
0.00203077
0.00199775
0.00197078
0.00193183
0.00189946
0.00187825
0.00184401
0.00182493
0.00179336
0.00177034
0.00173451
0.00171431
0.00168526
0.00166787
0.00164139
0.00161952
0.00159869
0.00157596
0.00155437
0.00152812
0.00150856
0.00148926
0.00147436
0.00145707
0.00144131
0.00142348
0.0014077
0.00139508
0.00137878
0.00135924
0.00134416
0.00132568
0.00130849
0.0012896
0.0012721
0.00125539
0.00124715
0.00123629
0.00122628
0.00121621
0.00120604
0.00119555
0.00118502
0.00117302
0.00115916
0.00115106
0.00113963
0.00112627
0.00111535
0.00109907
0.00108878
0.00107487
0.00106364
0.00105243
0.00103852
0.00102731
0.00101351
0.0010024
0.000988771
0.000976916
0.000964327
0.000953448
0.000940182
0.0965212
0.0966174
0.0967128
0.0967155
0.095843
0.0939915
0.0898065
0.0842378
0.0776759
0.0705285
0.0681393
0.0604685
0.0535419
0.0490589
0.0427797
0.038667
0.0340443
0.0311754
0.0274971
0.0254864
0.0230264
0.0217583
0.0202961
0.0193131
0.0190958
0.017476
0.0183437
0.0182937
0.0182967
0.0183526
0.0184269
0.0184702
0.0184496
0.0184395
0.0182981
0.0180538
0.0178399
0.0175807
0.017105
0.0167474
0.0160713
0.0157118
0.0149518
0.014478
0.0138141
0.0133274
0.0125311
0.012126
0.0114331
0.0107718
0.0101511
0.00995887
0.00939716
0.00888441
0.00857335
0.00813964
0.00787595
0.00763094
0.00729487
0.00699543
0.00681306
0.00655881
0.0064027
0.00618443
0.00594676
0.00585406
0.00563897
0.00555366
0.00544125
0.00527752
0.00511959
0.00501518
0.00476116
0.00475902
0.00460814
0.00450763
0.00434112
0.0042644
0.00410594
0.00381717
0.00368729
0.00368325
0.00333627
0.00333168
0.00315676
0.00315188
0.00304689
0.00294934
0.00285759
0.00280033
0.00271892
0.00265707
0.00261524
0.00254861
0.00248379
0.00245973
0.00239772
0.00235059
0.00230167
0.00227587
0.00220484
0.0021576
0.00209743
0.0020907
0.00201976
0.0019887
0.00193857
0.00190139
0.00187388
0.00184524
0.00180829
0.00176623
0.0017423
0.0017135
0.00166471
0.00165734
0.00160859
0.00158915
0.00156786
0.00154264
0.00150737
0.00149411
0.00147493
0.00144917
0.00142301
0.00140269
0.00137554
0.00135464
0.00133026
0.00131068
0.00130115
0.00127914
0.00126764
0.0012486
0.00123291
0.00121298
0.00119674
0.00117588
0.00115728
0.00113567
0.00112055
0.00111011
0.00110036
0.0010897
0.0010776
0.0010652
0.00105058
0.00103451
0.00102383
0.00101722
0.00100281
0.000985702
0.000975321
0.000953166
0.000945012
0.000925015
0.000914518
0.000906341
0.000886496
0.000876042
0.000856813
0.000848595
0.00083786
0.000834903
0.000828078
0.000826942
0.000818718
0.000815873
0.000808885
0.000809168
0.000800944
0.000795247
0.000787207
0.000779101
0.000770467
0.000762108
0.000752295
0.000744071
0.000735163
0.000726406
0.000717514
0.000708846
0.000700509
0.00884597
0.00884712
0.00884859
0.00884235
0.00876221
0.00849284
0.00824074
0.00776209
0.00719759
0.00677435
0.00615768
0.00573453
0.00509126
0.00469827
0.00435696
0.00382166
0.00341382
0.00312838
0.00283358
0.0026517
0.00236971
0.00226272
0.00217742
0.0020847
0.00204173
0.00199051
0.00198758
0.00196176
0.00197824
0.0019829
0.00198441
0.00198473
0.00197428
0.00197696
0.00196547
0.00194365
0.00192318
0.00188412
0.00185504
0.0018055
0.0017651
0.00172135
0.0016635
0.00162111
0.00155849
0.00149451
0.00144976
0.00138467
0.00134321
0.0012833
0.00124238
0.00118651
0.00114289
0.00109601
0.00107085
0.00102715
0.000999232
0.000966353
0.000940403
0.000914539
0.000894916
0.000868981
0.000848949
0.000828383
0.000814173
0.000795653
0.000780106
0.00075944
0.000741624
0.000732153
0.000718031
0.000700899
0.000690368
0.000675068
0.000660498
0.000641749
0.000625965
0.000616743
0.000606285
0.00059649
0.000585395
0.000575172
0.000563383
0.000550319
0.000540187
0.000529002
0.000515865
0.000503487
0.000490814
0.000479071
0.000465324
0.000453538
0.000439851
0.00042723
0.000420911
0.000417689
0.000414528
0.000409806
0.000405049
0.000401664
0.000396573
0.000392572
0.00038814
0.00038229
0.00037625
0.000370813
0.000364337
0.000358345
0.000351573
0.000345225
0.000338278
0.00033176
0.00032521
0.000318205
0.000311718
0.000304773
0.000298385
0.000291536
0.000285313
0.000278577
0.000271881
0.000265918
0.000259358
0.000253567
0.000247855
0.000241412
0.000235725
0.00022931
0.000223657
0.000217231
0.000210787
0.000205781
0.000200043
0.000192836
0.00019395
0.000193463
0.00019384
0.000202532
0.000202841
0.000203056
0.000207893
0.000206761
0.00021071
0.000209004
0.000212062
0.00021067
0.000212135
0.000212408
0.000211265
0.000211168
0.000209009
0.000206815
0.000213821
0.000206071
0.000205444
0.000196482
0.000186946
0.000178099
0.000168851
0.000159969
0.000151726
0.000143704
0.000136148
0.000128873
0.000122294
0.000115664
0.000110008
0.000103905
0.000101919
0.000102182
0.000108728
0.000114499
0.000123771
0.000129874
0.000145406
0.000141471
0.000133817
0.000133368
0.000136838
0.000134722
0.000136182
0.000138113
0.000132467
0.000133186
0.000131058
0.000140649
0.000134981
0.000133817
0.340505
0.340878
0.34124
0.341293
0.334976
0.310291
0.310658
0.297186
0.281626
0.256917
0.22318
0.214844
0.189645
0.173791
0.159002
0.1386
0.125306
0.110766
0.0977267
0.0905881
0.0817553
0.077191
0.0719004
0.0683154
0.0635075
0.0636123
0.0637471
0.063882
0.0635349
0.0634688
0.0633989
0.0633694
0.0631523
0.062921
0.0619296
0.061374
0.0606099
0.0591593
0.0580587
0.0568423
0.0547866
0.0533357
0.0509996
0.0491553
0.0466781
0.0450304
0.0427819
0.0411699
0.0387975
0.0372908
0.0351044
0.0330462
0.0315557
0.0299525
0.0288458
0.0273053
0.0263775
0.0253332
0.0243198
0.0236038
0.0226056
0.0217012
0.0211475
0.0204847
0.0197474
0.0189264
0.0187479
0.0181133
0.0176073
0.0171228
0.0167433
0.0161824
0.0158206
0.015284
0.0149352
0.0144183
0.0140798
0.0135784
0.0132506
0.0127678
0.0124535
0.0119918
0.0116912
0.0112553
0.010974
0.0105176
0.0101813
0.00993379
0.00969318
0.00934929
0.00913055
0.0088204
0.00862176
0.00833986
0.00803772
0.00786759
0.00765775
0.00739544
0.00727784
0.00713384
0.00693136
0.00680011
0.00664721
0.00649317
0.00637557
0.00621046
0.0061004
0.00594491
0.00584085
0.00569358
0.00555042
0.00545374
0.00530186
0.00522701
0.00509956
0.00501264
0.00487772
0.00481223
0.00469932
0.00462352
0.00451857
0.00444668
0.00434902
0.00428121
0.00418995
0.00412644
0.00403156
0.00398195
0.00390066
0.00382489
0.00376056
0.00369099
0.0036479
0.00359644
0.00353347
0.00347081
0.00341698
0.00336756
0.0033106
0.00326097
0.00320232
0.00317587
0.00311866
0.00309656
0.00304555
0.00299674
0.00295544
0.00291516
0.00288292
0.0028373
0.00279828
0.00276352
0.00272646
0.00269411
0.00265249
0.00261598
0.00258496
0.00255812
0.00251885
0.00249515
0.00242484
0.00240286
0.0023444
0.00232299
0.00229833
0.00222155
0.00220628
0.0020937
0.00208169
0.00205487
0.00204244
0.00202701
0.00194146
0.00192045
0.00192117
0.00190561
0.256064
0.256332
0.2451
0.241662
0.192376
0.186095
0.121621
0.121839
0.0726834
0.0682414
0.0446929
0.0448195
0.037561
0.0375757
0.0393589
0.0393571
0.0424875
0.0425398
0.0421219
0.0421654
0.0381341
0.0376161
0.0313597
0.0313895
0.0252946
0.0253178
0.02226
0.0220354
0.0222628
0.022306
0.0240452
0.0242947
0.0254607
0.0253475
0.0221632
0.0221704
0.0171506
0.0167672
0.0137026
0.0135727
0.0132384
0.0128532
0.0125227
0.0122757
0.0119417
0.011624
0.0112217
0.0109487
0.0105836
0.0103041
0.00984392
0.00956901
0.00934297
0.00890921
0.00853718
0.00822572
0.00795948
0.00758222
0.0074789
0.00725437
0.00699555
0.00683384
0.00661427
0.00647425
0.00631237
0.00616205
0.00599544
0.00586391
0.00576057
0.00566043
0.00552396
0.00543154
0.00528334
0.00517668
0.00509004
0.00496869
0.00488584
0.00476917
0.00467362
0.00459487
0.00449846
0.00438988
0.00430414
0.00422951
0.00414258
0.00403456
0.00397779
0.00388304
0.00381995
0.00372226
0.00366097
0.00361057
0.00352072
0.00345415
0.00339242
0.00334538
0.00327653
0.00321084
0.00315401
0.00308315
0.00305486
0.00299533
0.00293917
0.00289954
0.00284737
0.00280643
0.00276766
0.00272343
0.002678
0.00263697
0.00259998
0.00256877
0.00252999
0.00249376
0.00245317
0.00241975
0.00238485
0.00235729
0.00232938
0.00228732
0.00226657
0.00223125
0.00219468
0.00216745
0.00214018
0.00211597
0.00208837
0.00206382
0.00203556
0.0032059
0.00316406
0.0031203
0.00307065
0.00297409
0.00292158
0.00281944
0.00272899
0.00260855
0.00248129
0.0024171
0.00228832
0.00220169
0.00207148
0.00201493
0.00191563
0.00181119
0.00176933
0.00169515
0.00165731
0.00160666
0.00156959
0.00153421
0.00150354
0.00147815
0.00145551
0.00143851
0.0014081
0.00139087
0.00137648
0
0
0
0
0
0
0
0
0
0
0
0
0
0
0
0
0
0
0
0
0
0
0
0
0
0
0
0
0
0
0
0
0
0
0
0
0
0
0
0
0
0
0
0
0
0
0
0
0
0
0
0
0
0
0
0
0
0
0
0
0
0
0
0
0
0
0
0
0
0
0
0
0
0
0
0
0
0
0
0
0
0
0
0
0
0
0
0
0
0
0
0
0
0
0
0
0
0
0
0
0
0
0
0
0
0
0
0
0
0
0
0
0
0
0
0
0
0
0
0
0
0
0
0
0
0
0
0
0
0
0
0
0
0
0
0
0
0
0
0
0
0
0
0
0
0
0
0
0
0
0
0
0
0
0
0
0
0
0
0
0
0
0
0
0
0
0
0
0
0
0
0
0
0
0
