-4.93097e-16
-4.93097e-16
-4.93097e-16
-4.93097e-16
-4.93097e-16
-4.93097e-16
-4.93097e-16
-4.93097e-16
-4.93097e-16
-4.93097e-16
-4.93097e-16
-4.93097e-16
-4.93097e-16
-4.93097e-16
-4.93097e-16
-4.93097e-16
-4.93097e-16
-4.93097e-16
-4.93097e-16
-4.93097e-16
-4.93097e-16
-4.93097e-16
-4.93097e-16
0
-1
-1
-1
-1
-1
-1
-1
-1
-1
-1
-1
-1
-1
-1
-1
-1
-1
-1
-1
-1
-1
-1
-1
-1
-1
-1
-1
-1
-1
-1
-1
-1
-1
-1
-1
-1
-1
-1
-1
-1
-1
-1
-1
-1
-1
-1
-1
-1
-1
-1
-1
-1
-1
-1
-1
-1
-1
-1
-1
-1
-1
-1
-1
-1
-1
-1
-1
-1
-1
-1
-1
-1
-1
-1
-1
-1
-1
-1
-1
-1
-1
-1
-1
-1
-1
-1
-1
-1
-1
-1
-1
-1
-1
-1
-1
-1
-1
-1
-1
-1
-1
-1
-1
-1
-1
-1
-1
-1
-1
-1
-1
-1
-1
-1
-1
-1
-1
-1
-0.994685
-0.941477
-0.898071
-0.805568
-0.787097
-0.749827
-0.713526
-0.657824
-0.631341
-0.583205
-0.549146
-0.521843
0
0
0
-1
-0.286337
-0.285749
-0.285296
-0.27644
-0.264197
-0.242283
-0.226777
-0.202401
-0.187548
-0.16614
-0.153076
-0.134954
-0.125716
-0.109067
-0.105294
-0.095106
-0.0906585
-0.0834578
-0.0807585
-0.0759164
-0.0736837
-0.0712905
-0.0705734
-0.0685203
-0.0676361
-0.0667159
-0.0664713
-0.0651504
-0.0647911
-0.0633575
-0.0627537
-0.0610464
-0.0601515
-0.058406
-0.0561939
-0.0546469
-0.0520962
-0.0503731
-0.0486209
-0.0466113
-0.0444254
-0.042475
-0.0401885
-0.038544
-0.0364329
-0.0349223
-0.0332276
-0.0311157
-0.0300662
-0.0290463
-0.0276423
-0.0266168
-0.0253108
-0.0245666
-0.0235974
-0.0227026
-0.0219922
-0.0212962
-0.0205677
-0.0198363
-0.0192652
-0.0186608
-0.0180446
-0.0173959
-0.016876
-0.0162561
-0.0157422
-0.0151451
-0.0146066
-0.0141045
-0.0135797
-0.0130397
-0.012526
-0.0120469
-0.0115698
-0.0111091
-0.0106333
-0.0102029
-0.0097413
-0.00935065
-0.00891081
-0.00846278
-0.0081434
-0.00781659
-0.00742712
-0.0070474
-0.00676729
-0.00650489
-0.00616895
-0.00593951
-0.00560265
-0.00541015
-0.0050922
-0.00477842
-0.0045967
-0.00442928
-0.00415966
-0.00397851
-0.00384364
-0.00356925
-0.00331248
-0.00315794
-0.00292244
-0.00277487
-0.00264722
-0.00239323
-0.00214993
-0.002054
-0.00183327
-0.00169972
-0.00161758
-0.00142315
-0.00135375
-0.00112371
-0.000891563
-0.000780812
-0.000550056
-0.000509767
-0.000301389
-0.000261319
-9.08764e-05
-1.44933e-05
-9.93281e-06
0.000236352
0.000244558
0.000428919
0.000439409
0.000452333
0.000643801
0.000836092
0.000858894
0.00101663
0.0010848
0.0011127
0.00131049
0.00150774
0.0015036
0.00167312
0.00165739
0.00182314
0.001804
0.00179386
0.001948
0.00192815
0.00209448
0.00208133
0.00225086
0.00224267
0.00241437
0.00240881
0.00258131
0.0027111
0.00270497
0.0028773
0.00291239
0.0030807
0.00306819
0.00323331
0.00317264
0.00316331
0.00329598
0.00323116
0.00336404
0.00330366
0.00343842
0.00338331
0.00352169
0.00347125
0.00361171
0.0035647
0.00370669
0.00380283
0.00375735
0.00376025
0.00366706
0.00385509
0.00399644
0.00395161
0.00409603
0.00405245
0.00419307
0.0041461
0.00409635
0.00423331
0.00436831
0.0043151
0.0042632
0.0043974
0.00452995
0.00447353
0.00460722
0.00455086
0.00449188
0.00462156
0.00451295
0.00464196
0.00463083
0.00476115
0.00465924
0.00483808
0.00473634
0.00491461
0.00486007
0.00499026
0.00488715
0.0050623
0.00500256
0.00512812
0.005019
0.00518971
0.00507773
0.0052467
0.0051337
0.00530166
0.00518795
0.00535519
0.00528818
0.00540772
0.0052932
0.00545923
0.00539062
0.00532103
0.00543996
0.00532272
0.00548891
0.00542304
0.00554293
0.00543276
0.00560088
0.00553696
0.00544405
0.00559243
0.00573885
0.00571513
0.00573653
0.00583853
0.00602524
0.00599441
0.00613453
0.0060535
0.00622956
0.00618286
0.00613144
0.00621348
0.00633643
0.00610895
0.00620387
0.00625139
0.00639266
-1
-1
-1
-1
-1
-1
-1
-1
-1
-1
-1
-1
-1
-1
-1
-1
-1
-1
-1
-1
-1
-1
-1
-1
-1
-1
-1
-1
-1
-1
-1
-1
-1
-1
-1
-1
-1
-1
-1
-1
-1
-1
-1
-1
-1
-1
-1
-1
-1
-1
-1
-1
-1
-1
-1
-1
-1
-1
-1
-1
-1
-1
-1
-1
-1
-1
-1
-1
-1
-1
-1
-1
-1
-1
-1
-1
-1
-1
-1
-1
-1
-1
-1
-1
-1
-1
-1
-1
-1
-1
-1
-1
-1
-1
-1
-1
-1
-1
-1
-1
-1
-1
-1
-1
-1
-1
-1
-1
-1
-1
-1
-1
-1
-1
-1
-1
-1
-1
-1
-1
-1
-1
-1
-1
-1
-1
-1
-1
-1
-1
-1
-1
-1
-1
-1
-1
-1
-1
-1
-1
-1
-1
-1
-1
-1
-1
-1
-1
-1
-1
-1
-1
-1
-1
-1
-1
-1
-1
-1
-1
-1
-1
-1
-1
-1
-1
-1
-1
-1
-1
-1
-1
-1
-1
-1
-1
-1
-1
-1
-1
-1
-1
-1
-1
-1
-1
-1
-1
-1
-1
-1
-1
-1
-1
-1
-1
-1
-1
-1
-1
-1
-1
-1
-1
-1
-1
-1
-1
-1
-1
-1
-1
-1
-1
-1
-1
-1
-1
-1
-1
-1
-1
-1
-1
-1
-1
-1
-1
-1
-1
-1
-1
-1
-1
-1
-1
-1
-1
-1
-1
-1
-1
-1
-1
-1
-1
-1
-1
-1
-1
-1
-1
-1
-1
-1
-1
-1
-1
-1
-1
-1
-1
-1
-1
-1
-1
-1
-1
-1
-1
-1
-1
-1
-1
-1
-1
-1
-1
-1
-1
-1
-1
-1
-1
-1
-1
-1
-1
-1
-1
-1
-1
-1
-1
-1
-1
-1
-1
-1
-1
-1
-1
-1
-1
-1
-1
-1
-1
-1
-1
-1
-1
-1
-1
-1
-1
-1
-1
-1
-1
-1
-1
-1
-1
-1
-1
-1
-1
-1
-1
-1
-1
-1
-1
-1
-1
-1
-1
-1
-1
-1
-1
-1
-1
-1
-1
-1
-1
-1
-1
-1
-1
-1
-1
-1
-1
-1
-1
-1
-1
-1
-1
-1
-1
-1
-1
-1
-1
-1
-1
-1
-1
-1
-1
-1
-1
-1
-1
-1
-1
-1
-1
-1
-1
-1
-1
-1
-1
-1
-1
-1
-1
-1
-1
-1
-1
-1
-1
-1
-1
-1
-1
-1
-1
-1
-1
-1
-1
-1
-1
-1
-1
-1
-1
-1
-1
-1
-1
-1
-1
-1
-1
-1
-1
-1
-1
-1
-1
-1
-1
-1
-1
-1
-1
-1
-1
-1
-1
-1
-1
-1
-1
-1
-1
-1
-1
-1
-1
-1
-1
-1
-1
-1
-1
-1
-1
-1
-1
-1
-1
-1
-1
-1
-1
-1
-1
-1
-1
-1
-1
-1
-1
-1
-1
-1
-1
-1
-1
-1
-1
-1
-1
-1
-1
-1
-1
-1
-1
-1
-1
-1
-1
-1
-1
-1
-1
-1
-1
-1
-1
-1
-1
-1
-1
-1
-1
-1
-1
-1
-1
-1
-1
-1
-1
-1
-1
-1
-1
-1
-1
-1
-1
-1
-1
-1
-1
-1
-1
-1
-1
-1
-1
-1
-1
-1
-1
-1
-1
-1
-1
-1
-1
-1
-1
-1
-1
-1
-1
-1
-1
-1
-1
-1
-1
-1
-1
-1
-1
-1
-1
-1
-1
-1
-1
-1
-1
-1
-1
-1
-1
-1
-1
-1
-1
-1
-1
-1
-1
-1
-1
-1
-1
-1
-1
-1
-1
-1
-1
-1
-1
-1
-1
-1
-1
-1
-1
-1
-1
-1
-1
-1
-1
-1
-1
-1
-1
-1
-1
-1
-1
-1
-1
-1
-1
-1
-1
-1
-1
-1
-1
-1
-1
-1
-1
-1
-1
-1
-1
-1
-1
-1
-1
-1
-1
-1
-1
-1
-1
-1
-1
-1
-1
-1
-1
-1
-1
-1
-1
-1
-1
-1
-1
-1
-1
-1
-1
-1
-1
-1
-1
-1
-1
-1
-1
-1
-1
-1
-1
-1
-1
-1
-1
-1
-1
-1
-1
-1
-1
-1
-1
-1
-1
-1
-1
-1
-1
-1
-1
-1
-1
-1
-1
-1
-1
-1
-1
-1
-1
-1
-1
-1
-1
-1
-1
-1
-1
-1
-1
-1
-1
-1
-1
-1
-1
-1
-1
-1
-1
-1
-1
-1
-1
-1
-1
-1
-1
-1
-1
-1
-1
-1
-1
-1
-1
-1
-1
-1
-1
-1
-1
-1
-1
-1
-1
-1
-1
-1
-1
-1
-1
-1
-1
-1
-1
-1
-1
-1
-1
-1
-1
-1
-1
-1
-1
-1
-1
-1
-1
-1
-1
-1
-1
-1
-1
-1
-1
-1
-1
-1
-1
-1
-1
-1
-1
-1
-1
-1
-1
-1
-1
-1
-1
-1
-1
-1
-1
-1
-1
-1
-1
-1
-1
-1
-1
-1
-1
-1
-1
-1
-1
-1
-1
-1
-1
-1
-1
-1
-1
-1
-1
-1
-1
-1
-1
-1
-1
-1
-1
-1
-1
-1
-1
-1
-1
-1
-1
-1
-1
-1
-1
-1
-1
-1
-1
-1
-1
-1
-1
-1
-1
-1
-1
-1
-1
-1
-1
-1
-1
-1
-1
-1
-1
-1
-1
-1
-1
-1
-1
-1
-1
-1
-1
-1
-1
-1
-1
-1
-1
-1
-1
-1
-1
-1
-1
-1
-1
-1
-1
-1
-1
-1
-1
-1
-1
-1
-1
-1
-1
-1
-1
-1
-1
-1
-1
-1
-1
-1
-1
-1
-1
-1
-1
-1
-1
-1
-1
-1
-1
-1
-1
-1
-1
-1
-1
-1
-1
-1
-1
-1
-1
-1
-1
-1
-1
-1
-1
-1
-1
-1
-1
-1
-1
-1
-1
-1
-1
-1
-1
-1
-1
-1
-1
-1
-1
-1
-1
-1
-1
-1
-1
-1
-1
-1
-1
-1
-1
-1
-1
-1
-1
-1
-1
-1
-1
-1
-1
-1
-1
-1
-1
-1
-1
-1
-1
-1
-1
-1
-1
-1
-1
-1
-1
-1
-1
-1
-1
-1
-1
-1
-1
-1
-1
-1
-1
-1
-1
-1
-1
-1
-1
-1
-1
-1
-1
-1
-1
-1
-1
-1
-1
-1
-1
-1
-1
-1
-1
-1
-1
-1
-1
-1
-1
-1
-1
-1
-1
-1
-1
-1
-1
-1
-1
-1
-1
-1
-1
-1
-1
-1
-1
-1
-1
-1
-1
-1
-1
-1
-1
-1
-1
-1
-1
-1
-1
-1
-1
-1
-1
-1
-1
-1
-1
-1
-1
-1
-1
-1
-1
-1
-1
-1
-1
0
0
0
0
0
0
0
0
0
0
0
0
0
0
0
0
0
0
0
0
0
0
0
0
0
0
0
0
0
0
0
0
0
0
0
0
0
0
0
0
0
0
0
0
0
0
0
0
0
0
0
0
0
0
0
0
0
0
0
0
0
0
0
0
0
0
0
0
0
0
0
0
0
0
0
0
0
0
0
0
0
0
0
0
0
0
0
0
0
0
0
0
0
0
0
0
0
0
0
0
0
0
0
0
0
0
0
0
0
0
0
0
0
0
0
0
0
0
0
0
0
0
0
0
0
0
0
0
0
0
0
0
0
0
0
0
0
0
0
0
0
0
0
0
0
0
0
0
0
0
0
0
0
0
0
0
0
0
0
0
0
0
0
0
0
0
0
0
0
0
0
0
0
0
0
