0
2.52376
0
0
0
0
0
0
0
0
0
0
0
0
0
0
0
0
0
0
0
0
0
0
0
0
0
-1.90725e-06
-0.000250816
-0.00217915
-0.00850677
-0.0166206
-0.0351706
-0.0617523
-0.0838652
-0.123211
-0.153218
-0.185936
-0.239468
-0.277715
-0.338252
-0.380355
-0.445571
-0.490131
-0.558168
-0.604108
-0.673576
-0.74342
-0.79005
-0.842486
-0.906437
-0.958579
-1.02203
-1.09083
-1.14213
-1.20447
-1.24956
-1.31681
-1.36139
-1.42792
-1.47205
-1.51602
-1.5817
-1.62532
-1.69052
-1.75549
-1.79869
-1.86334
-1.90636
-1.97078
-2.01903
-2.07792
-2.12072
-2.18485
-2.24894
-2.29164
-2.33432
-2.39832
-2.4623
-2.51026
-2.54756
-2.61149
-2.67539
-2.71799
-2.78187
-2.82445
-2.8883
-2.93086
-2.99469
-3.03723
-3.07976
-3.14353
-3.18604
-3.24979
-3.3135
-3.35597
-3.42495
-3.46738
-3.52571
-3.56812
-3.61581
-3.67407
-3.73761
-3.8064
-3.84343
-3.88574
-3.94917
-3.99144
-4.05483
-4.12346
-4.1604
-4.2026
-4.26588
-4.33441
-4.37129
-4.41343
-4.47661
-4.53976
-4.58185
-4.64496
-4.68701
-4.72905
-4.79734
-4.8341
-4.89709
-4.93907
-5.00727
-5.06494
-5.11211
-5.17499
-5.21165
-5.27448
-5.33728
-5.38437
-5.42098
-5.48373
-5.53077
-5.59347
-5.63003
-5.69791
-5.73967
-5.80228
-5.84402
-5.90138
-5.94829
-6.04729
-6.06812
-6.10972
-6.15122
-6.21818
-6.25382
-6.31893
-6.37262
-6.41538
-6.466
-6.71842
-6.74413
-6.7629
-6.76301
-6.76334
-6.7635
-6.76398
-6.76483
-6.76809
-6.77085
-6.77778
-6.78241
-6.79159
-6.79843
-6.81041
-6.81717
-6.833
-6.83697
-6.84977
-6.85652
-6.86867
-6.87496
-6.88606
-6.8925
-6.90156
-6.90651
-6.91506
-6.91991
-6.92663
-6.93025
-6.93645
-6.93953
-6.94482
-6.94746
-6.95202
-6.95432
-6.95804
-6.9618
-6.964
-6.96794
-6.96995
-6.97192
-6.97408
-6.97665
-6.9787
-6.98136
-6.98309
-6.98561
-6.98725
-6.98942
-6.99243
-6.99334
-6.99457
-6.99659
-6.99788
-6.99986
-7.00086
-7.00248
-7.00362
-7.00493
-7.00581
-7.00705
-7.00791
-7.00888
-7.00954
-7.01044
-7.01107
-7.01177
-7.0123
-7.0129
-7.01335
-7.01389
-7.01418
-7.01464
-7.01507
-7.01532
-7.01551
-7.01582
-7.01609
-7.01624
-7.01645
-7.01657
-7.01671
-7.0168
-7.01689
-7.01694
-7.01699
-7.017
-7.017
-7.01698
-7.01694
-7.01688
-7.01679
-7.01672
-7.01657
-7.01647
-7.01637
-7.01618
-7.01597
-7.0158
-7.01559
-7.01532
-7.01514
-7.01494
-7.01466
-7.01442
-7.01413
-7.01381
-7.01358
-7.01333
-7.01297
-7.01269
-7.01236
-7.01196
-7.01165
-7.01124
-7.01097
-7.01069
-7.01032
-7.01004
-7.00958
-7.00927
-7.00881
-7.00847
-7.00805
-7.00756
-7.00729
-7.00679
-7.00646
-7.00595
-7.00545
-7.00511
-7.00478
-7.00427
-7.0039
-7.00343
-7.00293
-7.00259
-7.00226
-7.00172
-7.00136
-7.00081
-7.00044
-6.99989
-6.99934
-6.99897
-6.99843
-6.99806
-6.99751
-6.99714
-6.99659
-6.99623
-6.99568
-6.99531
-6.9949
-6.99435
-6.99399
-6.99348
-6.99312
-6.99257
-6.9922
-6.9916
-6.99107
-6.99067
-6.99008
-6.98968
-6.98908
-6.98869
-6.98809
-6.98769
-6.9871
-6.9867
-6.98611
-6.98571
-6.98526
-6.98467
-6.98412
-6.98348
-6.98313
-6.98274
-6.98214
-6.98174
-6.98115
-6.98075
-6.98016
-6.97956
-6.97916
-6.97877
-6.97817
-6.97758
-6.97718
-6.97678
-6.97619
-6.97579
-6.9752
-6.9746
-6.97421
-6.97356
-6.97316
-6.97262
-6.97222
-6.97158
-6.97123
-6.97059
-6.97024
-6.96964
-6.96925
-6.9686
-6.96825
-6.96766
-6.96726
-6.96662
-6.96627
-6.96563
-6.96528
-6.96463
-6.96429
-6.96364
-6.9633
-6.9627
-6.9623
-6.96166
-6.96131
-6.96072
-6.96012
-6.95973
-6.95908
-6.95873
-6.95814
-6.95774
-6.9571
-6.95675
-6.95615
-6.95553
-6.95516
-6.9548
-6.95425
-6.95375
-6.95333
-6.95301
-6.95246
-6.9521
-6.9515
-6.95118
-6.95063
-6.95008
-6.94967
-6.94931
-6.94858
-6.94819
-6.94774
-6.94739
-6.9468
-6.94615
-6.94576
-6.94541
-6.9455
-6.94768
-6.95487
-6.9668
-6.97904
-7.00323
-7.02594
-7.06203
-7.08955
-7.13152
-7.16908
-7.21844
-7.25645
-7.31629
-7.35779
-7.40575
-7.46588
-7.53859
-7.584
-7.62405
-7.69894
-7.76265
-7.81486
-7.87866
-7.94812
-7.99429
-8.0633
-8.10911
-8.15475
-8.22287
-8.2906
-8.33553
-8.40262
-8.44714
-8.49704
-8.55779
-8.62378
-8.6731
-8.73866
-8.77681
-8.82576
-8.88546
-8.95046
-8.99371
-9.05852
-9.10166
-9.16632
-9.20939
-9.29545
-9.31695
-9.3868
-9.42439
-9.4888
-9.53173
-9.59609
-9.63898
-9.70329
-9.75151
-9.81578
-9.87465
-9.92282
-9.96026
-10.0244
-10.0672
-10.1313
-10.174
-10.2381
-10.3021
-10.3448
-10.4088
-10.4514
-10.494
-10.5579
-10.6217
-10.6696
-10.7281
-10.7706
-10.8343
-10.8768
-10.9404
-11.0094
-11.0465
-11.11
-11.1524
-11.1947
-11.2582
-11.3005
-11.364
-11.4062
-11.4696
-11.5329
-11.5751
-11.6226
-11.7069
-11.7438
-11.786
-11.8281
-11.8912
-11.9333
-12.0175
-12.0385
-12.1015
-12.1646
-12.2066
-12.2695
-12.3115
-12.3744
-12.4164
-12.5002
-12.5211
-12.5892
-12.6259
-12.6886
-12.7305
-12.7932
-12.835
-12.8977
-12.9395
-13.0022
-13.0439
-13.1065
-13.1483
-13.2108
-13.2525
-13.3151
-13.3567
-13.4192
-13.4609
-13.5441
-13.5649
-13.6273
-13.6897
-13.7521
-13.7988
-13.8352
-13.8767
-13.9442
-13.9805
-14.0428
-14.1102
-14.1516
-14.2138
-14.2501
-14.3123
-14.3537
-14.421
-14.4624
-14.5193
-14.5607
-14.6279
-14.6693
-14.7261
-14.7675
-14.8346
-14.8708
-14.9327
-14.974
-15.0411
-15.0772
-15.1597
-15.1804
-15.2474
-15.2834
-15.3453
-15.3916
-15.4689
-15.4895
-15.5564
-15.5924
-15.6593
-15.6953
-15.757
-15.7982
-15.865
-15.901
-15.9832
-16.0294
-16.0705
-16.1116
-16.1732
-16.2296
-16.2758
-16.3323
-16.3733
-16.4348
-16.481
-16.5374
-16.5784
-16.6398
-16.686
-16.7269
-16.7833
-16.8447
-16.8908
-16.9471
-16.988
-17.0545
-17.1108
-17.1364
-17.1926
-17.2539
-17.3153
-17.3562
-17.397
-17.4583
-17.4992
-17.5605
-17.6065
-17.6626
-17.7034
-17.7851
-17.8259
-17.8667
-17.9279
-17.9687
-18.0095
-18.0758
-18.1319
-18.1726
-18.2134
-18.2746
-18.3408
-18.3815
-18.4376
-18.4783
-18.5394
-18.6005
-18.6412
-18.6819
-18.743
-18.804
-18.8447
-18.9058
-18.9464
-18.9871
-19.0481
-19.0939
-19.1498
-19.1955
-19.2514
-19.2921
-19.353
-19.3988
-19.4597
-19.4952
-19.5562
-19.5968
-19.6577
-19.7186
-19.7592
-19.8049
-19.8607
-19.9216
-19.9622
-20.0078
-20.0636
-20.1244
-20.1701
-20.2258
-20.2664
-20.3272
-20.388
-20.4286
-20.4944
-20.5299
-20.5907
-20.6312
-20.6717
-20.7325
-20.773
-20.8337
-20.8742
-20.935
-20.9957
-21.0413
-21.0767
-21.1374
-21.2386
-21.2791
-21.3044
-21.3398
-21.4005
-21.4409
-21.5067
-21.5421
-21.6027
-21.6432
-21.7089
-21.7443
-21.81
-21.8453
-21.906
-21.9464
-22.0121
-22.0474
-22.1131
-22.1737
-22.2141
-22.2495
-22.3151
-22.3505
-22.4161
-22.4918
-22.5171
-22.5524
-22.618
-22.6533
-22.7189
-22.7592
-22.8198
-22.8752
-22.9156
-22.9761
-23.0215
-23.0568
-23.1223
-23.1576
-23.2181
-23.2585
-23.3241
-23.3594
-23.4199
-23.4602
-23.5258
-23.5812
-23.6266
-23.6821
-23.7275
-23.7879
-23.8282
-23.8836
-23.9289
-23.9893
-24.0447
-24.1052
-24.1505
-24.1857
-24.231
-24.2915
-24.3318
-24.3871
-24.4325
-24.4878
-24.5332
-24.5936
-24.6288
-24.6893
-24.7346
-24.79
-24.8353
-24.8907
-24.936
-24.9964
-25.0719
-25.092
-25.1373
-25.1976
-25.2379
-25.3183
-25.3535
-25.4138
-25.454
-25.4943
-25.5546
-25.5948
-25.6552
-25.6954
-25.7557
-25.801
-25.8563
-25.8965
-25.9568
-26.0222
-26.0574
-26.0976
-26.163
-26.1982
-26.2384
-26.2987
-26.359
-26.4194
-26.4797
-26.4998
-26.5652
-26.6205
-26.6607
-26.721
-26.7662
-26.8214
-26.8616
-26.9219
-26.962
-27.0223
-27.0624
-27.1227
-27.1678
-27.203
-27.2682
-27.3235
-27.3636
-27.4239
-27.464
-27.5243
-27.5644
-27.6448
-27.6648
-27.7251
-27.7853
-27.8255
-27.8656
-27.9259
-27.966
-28.0313
-28.0664
-28.1317
-28.1719
-28.2271
-28.2672
-28.3325
-28.3677
-28.4279
-28.4881
-28.5484
-28.5685
-28.6287
-28.6889
-28.7291
-28.7893
-28.8295
-28.8697
-28.9299
-28.9901
-29.0303
-29.0905
-29.1306
-29.1908
-29.256
-29.291
-29.3562
-29.3913
-29.4314
-29.4915
-29.5517
-29.5918
-29.692
-29.692
-29.7522
-29.7923
-29.8575
-29.8925
-29.9577
-30.093
-30.1532
-30.1532
-30.3186
-30.3186
-30.4139
-30.4139
-30.474
-30.5342
-30.5943
-30.6344
-30.6946
-30.7397
-30.7748
-30.8349
-30.8951
-30.9151
-30.9753
-31.0204
-31.0755
-31.1156
-31.1808
-31.2359
-31.3161
-31.3161
-31.4013
-31.4414
-31.5166
-31.5617
-31.5968
-31.6369
-31.6971
-31.7622
-31.7973
-31.8374
-31.9377
-31.9377
-32.0379
-32.063
-32.0981
-32.1382
-32.2184
-32.2384
-32.2785
-32.3387
-32.3988
-32.4389
-32.4991
-32.5392
-32.5993
-32.6645
-32.6795
-32.7597
-32.7798
-32.8399
-32.88
-32.9402
-32.9802
-33.0403
-33.0853
-33.1454
-33.2004
-33.2655
-33.3005
-33.3406
-33.4006
-33.4607
-33.5207
-33.6258
-33.6409
-33.6409
-33.7009
-33.781
-33.801
-33.9211
-33.9211
-34.0212
-34.0412
-34.0412
-34.1413
-34.1614
-34.2615
-34.2615
-34.3015
-34.3816
-34.4016
-34.5017
-34.5017
-34.5818
-34.6018
-34.782
-34.782
-34.9021
-34.9221
-34.9421
-35.0823
-35.1023
-35.2624
-35.2624
-35.3275
-35.3675
-35.4276
-35.4827
-35.5227
-35.5677
-35.6278
-35.6829
-35.7279
-35.7679
-35.828
-35.863
-35.9231
-35.9831
-36.0282
-36.0832
-36.1233
-36.1883
-36.2284
-36.2634
-36.3285
-36.3835
-36.4286
-36.4836
-36.5237
-36.6037
-36.6438
-36.6838
-36.7289
-36.7839
-36.829
-36.884
-36.9291
-36.9841
-37.0442
-37.0842
-37.1243
-37.1893
-37.2444
-37.2844
-37.3445
-37.3695
-37.4446
-37.4846
-37.5447
-37.5847
-37.6247
-37.6848
-37.7248
-37.7849
-37.845
-37.885
-37.9451
-37.9851
-38.0452
-38.0852
-38.1453
-38.1903
-38.2504
-38.2854
-38.3505
-38.3905
-38.4455
-38.4856
-38.5456
-38.5857
-38.6457
-38.6858
-38.7458
-38.7859
-38.8459
-38.886
-38.946
-39.0111
-39.0461
-39.1062
-39.1713
-39.1913
-39.2463
-39.2864
-39.3464
-39.4065
-39.4465
-39.5066
-39.5466
-39.6067
-39.6467
-39.7068
-39.7718
-39.8069
-39.8469
-39.907
-39.952
-40.0071
-40.0471
-40.1072
-40.1472
-40.2073
-40.2523
-40.3074
-40.3724
-40.4275
-40.4675
-40.5076
-40.5676
-40.6077
-40.6677
-40.7278
-40.7678
-40.8079
-40.8679
-40.9079
-40.968
-41.008
-41.0731
-41.1131
-41.1732
-41.2333
-41.2683
-41.3284
-41.3734
-41.4285
-41.4685
-41.5286
-41.5686
-41.6086
-41.6737
-41.7087
-41.7688
-41.8288
-41.8689
-41.9289
-41.969
-42.034
-42.0691
-42.1091
-42.1942
-42.2543
-42.2693
-42.3343
-42.3694
-42.4094
-42.4895
-42.5295
-42.5696
-42.6346
-42.6697
-42.7347
-42.7698
-42.8348
-42.8749
-42.9349
-42.99
-43.035
-43.0901
-43.1301
-43.1702
-43.2753
-43.2753
-43.3353
-43.3704
-43.4354
-43.4755
-43.5305
-43.5906
-43.6356
-43.6907
-43.7357
-43.7707
-43.8358
-43.8708
-43.9309
-43.9709
-44.036
-44.071
-44.1361
-44.1962
-44.2712
-44.3363
-44.4514
-44.4714
-44.4714
-44.5115
-44.5765
-44.6116
-44.6716
-44.7367
-44.7517
-44.8118
-44.8518
-44.9769
-44.9919
-45.037
-45.092
-45.1121
-45.1721
-45.1971
-45.2572
-45.3523
-45.3523
-45.3923
-45.4373
-45.4973
-45.5722
-45.5922
-45.6522
-45.6922
-45.7321
-45.7921
-45.8371
-45.8921
-45.952
-45.992
-46.052
-46.0919
-46.1519
-46.1969
-46.3368
-46.3918
-46.3918
-46.3918
-46.4517
-46.4917
-46.5517
-46.5917
-46.6516
-46.6916
-46.7566
-46.8116
-46.8515
-46.9115
-46.9515
-46.9915
-47.0514
-47.0914
-47.1514
-47.1963
-47.2563
-47.2963
-47.3513
-47.3912
-47.4512
-47.4912
-47.5511
-47.6111
-47.6561
-47.7111
-47.751
-47.811
-47.851
-47.896
-47.9509
-47.9909
-48.0509
-48.1108
-48.1508
-48.1958
-48.2558
-48.3107
-48.3507
-48.4107
-48.4556
-48.5106
-48.5506
-48.6106
-48.6505
-48.7105
-48.7505
-48.8105
-48.8504
-48.9104
-48.9504
-49.0103
-49.0503
-49.1103
-49.1503
-49.2102
-49.2502
-49.3152
-49.3701
-49.4101
-49.4501
-49.5101
-49.55
-49.61
-49.65
-49.71
-49.7749
-49.8149
-49.8699
-49.9348
-49.9698
-50.0098
-50.0698
-50.1097
-50.1547
-50.2097
-50.2497
-50.3096
-50.3496
-50.4096
-50.4496
-50.5095
-50.5695
-50.6095
-50.6744
-50.7094
-50.7694
-50.8094
-50.8743
-50.9093
-50.9693
-51.0092
-51.0692
-51.1092
-51.1692
-51.2091
-51.2691
-51.3091
-51.374
-51.409
-51.469
-51.529
-51.5739
-51.6339
-51.6689
-51.7089
-51.7688
-51.8288
-51.8738
-51.9287
-51.9887
-52.0337
-52.1086
-52.1286
-52.1936
-52.2086
-52.2686
-52.3335
-52.3885
-52.4335
-52.4684
-52.5284
-52.5884
-52.6334
-52.6883
-52.7283
-52.7883
-52.8332
-52.8882
-52.9282
-53.0081
-53.0331
-53.208
-53.228
-53.4079
-53.4329
-53.4729
-53.6864
-53.6864
-53.8799
-53.8799
-53.9379
-54.0982
-54.0982
-54.2859
-54.31
-54.5003
-54.5003
-54.6995
-54.7196
-54.9063
-54.9214
-55.1036
-55.1238
-55.3257
-55.3257
-55.5269
-55.552
-55.7475
-55.7475
-55.9477
-55.9677
-56.1479
-56.1729
-56.3681
-56.3681
-56.5683
-56.5683
-56.7685
-56.7885
-56.9887
-56.9887
-57.1886
-57.1886
-57.3761
-57.3972
-57.5238
-57.5386
-57.6259
-57.6303
-57.6666
-57.6698
-57.7209
-57.7209
-57.8305
-57.8407
-57.9774
-57.9887
-58.0186
-58.0653
-58.1061
-58.133
-58.1702
-58.2013
-58.2443
-58.2741
-58.3167
-58.3488
-58.4031
-58.4378
-58.4688
-58.5281
-58.5846
-58.6375
-58.6815
-58.7561
-58.7762
-58.8217
-58.8828
-58.9238
-58.9856
-59.0269
-59.0838
-59.1304
-59.1924
-59.2493
-59.2907
-59.3321
-59.394
-59.4353
-59.5021
-59.5586
-59.5996
-59.661
-59.7019
-59.7631
-59.809
-59.8497
-59.9056
-59.9666
-60.0123
-60.0528
-60.1085
-60.1744
-60.2099
-60.2707
-60.3111
-60.3768
-60.4172
-60.4525
-60.5182
-60.5738
-60.6192
-60.6546
-60.7152
-60.7758
-60.8212
-60.8818
-60.9172
-60.9778
-61.0384
-61.0788
-61.1394
-61.1798
-61.2202
-61.2808
-61.3415
-61.3869
-61.4273
-61.4677
-61.5283
-61.5839
-61.6445
-61.6849
-61.7455
-61.7859
-61.8263
-61.9122
-61.9273
-61.9879
-62.0485
-62.089
-62.1496
-62.19
-62.2506
-62.291
-62.3516
-62.4122
-62.4526
-62.498
-62.5534
-62.639
-62.6541
-62.7145
-62.7548
-62.8152
-62.8756
-62.8958
-62.9612
-62.9965
-63.077
-63.0972
-63.1576
-63.2432
-63.2583
-63.3439
-63.359
-63.4195
-63.4597
-63.5202
-63.5856
-63.6209
-63.6813
-63.7417
-63.7619
-63.8223
-63.8827
-63.9633
-63.9885
-64.0489
-64.0891
-64.1478
-64.1801
-64.2314
-64.2471
-64.3025
-64.3144
-64.3455
-64.3699
-64.3841
-64.3981
-64.4039
-64.4102
-64.4123
-64.4125
-64.4069
-64.4051
-64.4031
-64.3955
-64.3815
-64.3815
-64.3699
-64.3628
-64.3596
-64.3351
-64.3351
-64.3322
-64.3266
-64.3219
-64.3168
-64.3092
-64.3054
-64.2995
-64.2959
-64.2908
-64.2858
-64.2847
-64.2797
-64.2797
-64.2772
-64.2765
-64.2749
-64.2739
-64.2737
-64.2734
-64.2734
-64.2736
-64.2736
-64.2739
-64.2742
-64.2749
-64.2752
-64.276
-64.2769
-64.2774
-64.2777
-64.2786
-64.2795
-64.2807
-64.2811
-64.2818
-64.2829
-64.2829
-64.2836
-64.2841
-64.2845
-64.2853
-64.2857
-64.2865
-64.2873
-64.2878
-64.2882
-64.2887
-64.2895
-64.2897
-64.2902
-64.2909
-64.2911
-64.2915
-64.2921
-64.2924
-64.2929
-64.2934
-64.2939
-64.2942
-64.2946
-64.2954
-64.2962
-64.2966
-64.2973
-64.2979
-64.2985
-64.299
-64.2998
-64.3005
-64.301
-64.3015
-64.3022
-64.3027
-64.3035
-64.304
-64.3047
-64.3054
-64.3059
-64.3064
-64.3071
-64.3079
-64.3084
-64.3088
-64.3096
-64.3103
-64.3108
-64.3115
-64.312
-64.3125
-64.313
-64.3135
-64.3138
-64.3144
-64.3148
-64.3153
-64.3158
-64.3162
-64.3168
-64.3173
-64.3177
-64.3181
-64.3185
-64.3188
-64.3197
-64.3199
-64.3204
-64.3208
-64.3213
-64.3217
-64.3223
-64.3224
-64.323
-64.3235
-64.3239
-64.3245
-64.3248
-64.3254
-64.3258
-64.3263
-64.3268
-64.3272
-64.3278
-64.3281
-64.3289
-64.329
-64.3296
-64.33
-64.3305
-64.331
-64.3314
-64.3318
-64.3324
-64.3327
-64.3332
-64.3336
-64.3342
-64.3345
-64.3351
-64.3354
-64.336
-64.3364
-64.3369
-64.3375
-64.3378
-64.3382
-64.3387
