0
0
-1.46522e-05
8.94873e-05
-1.4759e-05
8.95475e-05
-1.48714e-05
8.94948e-05
-1.50028e-05
8.92106e-05
-1.50727e-05
8.8742e-05
-1.50852e-05
8.83703e-05
-1.50703e-05
8.79817e-05
-1.49969e-05
8.74238e-05
-1.49139e-05
8.71063e-05
-1.47394e-05
8.67761e-05
-1.46022e-05
8.66793e-05
-1.44136e-05
8.67359e-05
-1.43072e-05
8.7027e-05
-1.42923e-05
8.73183e-05
-1.43221e-05
8.7657e-05
-1.44507e-05
8.81968e-05
-1.46745e-05
8.86918e-05
-1.48693e-05
8.8947e-05
-1.53087e-05
8.91861e-05
-1.54121e-05
8.9182e-05
-1.56559e-05
8.90131e-05
-1.57845e-05
8.86628e-05
-1.54221e-05
8.9022e-05
-1.62323e-05
8.87109e-05
-1.62323e-05
8.87109e-05
-1.62506e-05
8.86999e-05
-0.00283084
-0.000148411
-0.0317263
-0.00300909
-0.0842743
-0.00984199
-0.189881
-0.0251322
-0.27329
-0.0375521
-0.406756
-0.057509
-0.539617
-0.0770206
-0.623768
-0.0888803
-0.739496
-0.104116
-0.808405
-0.112185
-0.870226
-0.118489
-0.949623
-0.124704
-0.993989
-0.126694
-1.04862
-0.126851
-1.07781
-0.125303
-1.11204
-0.120936
-1.12926
-0.116894
-1.14796
-0.109584
-1.15635
-0.104097
-1.16394
-0.0953309
-1.16668
-0.0862853
-1.16638
-0.0802884
-1.16473
-0.0744211
-1.16029
-0.0660312
-1.15635
-0.0607912
-1.14943
-0.0535705
-1.14179
-0.0471874
-1.13649
-0.0434221
-1.12852
-0.0385097
-1.12329
-0.0357174
-1.11574
-0.0322107
-1.11097
-0.030292
-1.10644
-0.0286798
-1.10017
-0.026777
-1.09634
-0.0258067
-1.09116
-0.0247137
-1.08807
-0.0241798
-1.08396
-0.0236106
-1.08045
-0.0232484
-1.07842
-0.0230837
-1.07661
-0.0229561
-1.0743
-0.0227915
-1.0724
-0.0226101
-1.07134
-0.0224596
-1.07001
-0.0221715
-1.06927
-0.0219286
-1.06834
-0.0214847
-1.06759
-0.0209423
-1.06717
-0.0205328
-1.0668
-0.0200896
-1.06633
-0.0193589
-1.06594
-0.0185544
-1.06571
-0.0179895
-1.0655
-0.0174095
-1.06521
-0.0165201
-1.06494
-0.0156128
-1.06476
-0.0150093
-1.06449
-0.0141205
-1.06431
-0.0135438
-1.06403
-0.0127079
-1.06383
-0.012171
-1.06352
-0.0114017
-1.0633
-0.0109173
-1.06307
-0.0104535
-1.06271
-0.00980159
-1.06246
-0.00939497
-1.06207
-0.00882935
-1.06166
-0.00831674
-1.06138
-0.00800212
-1.06094
-0.00756904
-1.06063
-0.00730443
-1.06017
-0.00693914
-1.05985
-0.00671307
-1.05953
-0.00649895
-1.05904
-0.00619927
-1.05854
-0.00592213
-1.05804
-0.0056659
-1.0577
-0.00550524
-1.05737
-0.00535228
-1.05685
-0.00513563
-1.05652
-0.00499508
-1.05601
-0.00479159
-1.0555
-0.00459633
-1.05516
-0.00446955
-1.05483
-0.00434554
-1.05433
-0.00416298
-1.05399
-0.00404229
-1.0535
-0.0038652
-1.05317
-0.00375019
-1.05269
-0.00358222
-1.0522
-0.00341827
-1.05188
-0.00331158
-1.0514
-0.00315698
-1.05109
-0.00305662
-1.05077
-0.00295838
-1.05031
-0.00281609
-1.05
-0.00272427
-1.04954
-0.00259214
-1.04923
-0.00250795
-1.04878
-0.00238724
-1.04833
-0.00227363
-1.04803
-0.00220144
-1.04758
-0.00209854
-1.04729
-0.0020332
-1.04685
-0.0019398
-1.04641
-0.00185083
-1.04612
-0.00179414
-1.04584
-0.00173998
-1.04541
-0.00166304
-1.04513
-0.0016143
-1.0447
-0.0015441
-1.04442
-0.00149956
-1.04401
-0.00143602
-1.04373
-0.00139568
-1.04332
-0.00133733
-1.04305
-0.00130005
-1.04264
-0.00124614
-1.04237
-0.00121149
-1.04123
-0.00112887
-1.04046
-0.001113
-1.03792
-0.00108214
-1.03372
-0.00105249
-1.02069
-0.00100848
-1.00857
-0.000980548
-0.984801
-0.000940347
-0.955067
-0.000902452
-0.931842
-0.000878148
-0.893171
-0.00084306
-0.0126301
-2.69336e-05
-0.0074966
-9.05448e-05
-0.004997
-8.47602e-05
-0.00498212
-8.34038e-05
-0.00493676
-7.97482e-05
-0.00494368
-4.95657e-05
-0.0196735
0.00871662
-0.0399336
0.0209588
-0.0735882
0.0386572
-0.0964648
0.0475237
-0.128247
0.0539817
-0.146675
0.0535196
-0.169145
0.0464545
-0.180483
0.0384266
-0.19211
0.0231795
-0.196593
0.0119757
-0.198868
-0.0101928
-0.198185
-0.0153189
-0.193908
-0.0290644
-0.189621
-0.0366433
-0.180989
-0.045077
-0.174301
-0.0487943
-0.163164
-0.0515956
-0.155329
-0.0517775
-0.143233
-0.0498515
-0.135186
-0.0473465
-0.123337
-0.0421689
-0.115744
-0.0380202
-0.104977
-0.0311513
-0.0983177
-0.0263582
-0.0891469
-0.0191593
-0.0836185
-0.0145055
-0.0762187
-0.00796938
-0.0718882
-0.00400416
-0.0662317
0.00124723
-0.063001
0.00424702
-0.0588589
0.00793049
-0.0554828
0.0106573
-0.0535882
0.0119672
-0.0505099
0.0134766
-0.0492444
0.0137282
-0.0481136
0.0136922
-0.0471143
0.0134201
-0.0457159
0.0126133
-0.0447917
0.0118495
-0.0434094
0.0104736
-0.0424744
0.00945376
-0.0410127
0.00784673
-0.0399915
0.00676192
-0.0383652
0.00517331
-0.0360426
0.0032213
-0.0354304
0.00277514
-0.0341922
0.00193958
-0.0322879
0.000843758
-0.0309649
0.00023303
-0.0289558
-0.000514861
-0.0276034
-0.00090151
-0.0255834
-0.00132373
-0.0242625
-0.00151119
-0.0223242
-0.00166555
-0.0210762
-0.00169484
-0.0192822
-0.00164755
-0.0181441
-0.00156658
-0.0165186
-0.00138683
-0.015496
-0.00123858
-0.0140583
-0.000989471
-0.0131628
-0.000813835
-0.0119032
-0.00054826
-0.0111212
-0.000376036
-0.0100267
-0.000133752
-0.00934634
1.3512e-05
-0.00839681
0.000207726
-0.00780577
0.000317894
-0.00697498
0.000452072
-0.00620402
0.000549353
-0.00571752
0.000594053
-0.00525357
0.000623963
-0.00459087
0.000642607
-0.0039638
0.000633234
-0.00356492
0.000614426
-0.00299089
0.000571261
-0.00261823
0.000534229
-0.00207681
0.000470103
-0.00172352
0.000423635
-0.00137836
0.000375593
-0.000874975
0.000302891
-0.000388296
0.000231919
-7.15535e-05
0.000186758
0.000239874
0.00014384
0.000699435
8.50881e-05
0.00114498
3.40373e-05
0.00143695
4.43775e-06
0.00186307
-3.33396e-05
0.00213661
-5.42271e-05
0.00253067
-7.91821e-05
0.00278542
-9.17181e-05
0.0030311
-0.000101261
0.00338476
-0.00011089
0.00371793
-0.000115831
0.00393085
-0.000117094
0.00423834
-0.000116646
0.00452737
-0.000113784
0.00471065
-0.000110805
0.00488605
-0.000107207
0.00513154
-0.000101097
0.00528537
-9.65633e-05
0.00550632
-8.95602e-05
0.00571676
-8.26055e-05
0.00585193
-7.81282e-05
0.00598302
-7.38632e-05
0.00617055
-6.82732e-05
0.00628879
-6.53012e-05
0.00645952
-6.22274e-05
0.00662418
-6.09702e-05
0.00672905
-6.118e-05
0.0068826
-6.30313e-05
0.0069808
-6.52127e-05
0.00707466
-6.80783e-05
0.00721064
-7.34483e-05
0.00729595
-7.76122e-05
0.00742034
-8.45753e-05
0.00750212
-8.95683e-05
0.00762552
-9.73251e-05
0.00770893
-0.000102583
0.00783081
-0.000110407
0.00795059
-0.000118037
0.00802574
-0.000122951
0.00813421
-0.000129652
0.00820182
-0.00013343
0.00829473
-0.000137797
0.0083823
-0.000140565
0.00843455
-0.000141519
0.00848469
-0.000141832
0.00855216
-0.00014087
0.00859106
-0.000139358
0.00864699
-0.000136131
0.00870276
-0.000131988
0.00873893
-0.000128789
0.00877547
-0.000125358
0.00882799
-0.000119871
0.00886061
-0.000116049
0.00891275
-0.000110331
0.00895056
-0.000106591
0.00900726
-0.000101141
0.00904659
-9.76571e-05
0.00910283
-9.2651e-05
0.00915816
-8.79708e-05
0.00919057
-8.49495e-05
0.00923204
-8.05955e-05
0.00925697
-7.79818e-05
0.00928777
-7.47673e-05
0.0093071
-7.32258e-05
0.00933144
-7.19241e-05
0.00934765
-7.17468e-05
0.00936168
-7.21116e-05
0.00938467
-7.36534e-05
0.00939876
-7.52643e-05
0.00942427
-7.84697e-05
0.00944409
-8.10335e-05
0.00947542
-8.53892e-05
0.00949938
-8.85455e-05
0.00953745
-9.34971e-05
0.00958003
-9.85686e-05
0.00960751
-0.000101949
0.00965034
-0.000106945
0.00967562
-0.000110149
0.00970859
-0.000114534
0.00972864
-0.000116999
0.00975021
-0.00011974
0.0097619
-0.000120898
0.00977317
-0.000121277
0.00977927
-0.000120696
0.00978252
-0.000118537
0.00978403
-0.000116333
0.00978243
-0.000113559
0.00978027
-0.000108496
0.00977481
-0.000102553
0.00977157
-9.60112e-05
0.00977034
-9.14084e-05
0.00976762
-8.6676e-05
0.00975967
-7.9559e-05
0.00974955
-7.46979e-05
0.00973753
-6.77203e-05
0.00973251
-6.34487e-05
0.00972485
-5.79396e-05
0.00972118
-5.3743e-05
0.00971994
-5.17427e-05
0.00972153
-5.0397e-05
0.00972161
-4.95613e-05
0.00971824
-5.00831e-05
0.0097184
-5.11022e-05
0.00972083
-5.25701e-05
0.00972315
-5.54608e-05
0.00972173
-5.77176e-05
0.00972213
-6.14677e-05
0.0097262
-6.54271e-05
0.00972918
-6.80826e-05
0.00973595
-7.19997e-05
0.00973826
-7.45191e-05
0.00973738
-7.81042e-05
0.00973559
-8.03259e-05
0.00972657
-8.33626e-05
0.0097204
-8.52305e-05
0.00970928
-8.77617e-05
0.00970235
-8.92497e-05
0.00968934
-9.12143e-05
0.00968237
-9.23619e-05
0.00967012
-9.38698e-05
0.00966526
-9.4793e-05
0.00965809
-9.60618e-05
0.00965594
-9.68663e-05
0.00965102
-9.80066e-05
0.00965061
-9.87499e-05
0.00964909
-9.9665e-05
0.00965005
-0.000100023
0.00964857
-9.98207e-05
0.00964957
-9.91369e-05
0.00964757
-9.70741e-05
0.00964808
-9.50437e-05
0.00964513
-9.09225e-05
0.00964489
-8.75674e-05
0.00964076
-8.16393e-05
0.00963987
-7.72553e-05
0.00963621
-7.04866e-05
0.00963325
-6.39674e-05
0.00962944
-5.99809e-05
0.00962558
-5.47881e-05
0.00961969
-5.19512e-05
0.00960637
-4.87426e-05
0.0095972
-4.72935e-05
0.00957688
-4.61109e-05
0.00956388
-4.59602e-05
0.00954341
-4.65026e-05
0.00952509
-4.78194e-05
0.00951215
-4.90125e-05
0.00950211
-5.03951e-05
0.00948415
-5.26523e-05
0.0094623
-5.50175e-05
0.00945129
-5.65955e-05
0.00944382
-5.81257e-05
0.00943554
-6.02587e-05
0.00943205
-6.15424e-05
0.00943422
-6.32815e-05
0.00944279
-6.43019e-05
0.00946004
-6.56297e-05
0.00948486
-6.67566e-05
0.00950349
-6.73555e-05
0.00952614
-6.78623e-05
0.00956855
-6.85537e-05
0.0095874
-6.87945e-05
0.00960598
-6.90054e-05
0.00962478
-6.91914e-05
0.00964302
-6.93679e-05
0.00965577
-6.9533e-05
0.00966354
-6.96473e-05
0.00731746
0.000158831
-0.0379904
0.00572195
-0.0878585
0.0136893
-0.183174
0.0298403
-0.294199
0.049009
-0.371997
0.0623324
-0.488874
0.0818787
-0.564243
0.0939457
-0.670526
0.109811
-0.735775
0.118653
-0.82422
0.12901
-0.876575
0.133814
-0.945154
0.137987
-0.984439
0.138955
-1.03424
0.137901
-1.06176
0.13573
-1.08509
0.132554
-1.11297
0.126224
-1.13332
0.118477
-1.14326
0.112768
-1.15068
0.106792
-1.15775
0.0975451
-1.16078
0.0882647
-1.161
0.0822125
-1.15918
0.0735485
-1.1554
0.0655151
-1.15208
0.0605889
-1.14627
0.0538953
-1.14203
0.0499217
-1.13762
0.0463412
-1.13089
0.0416943
-1.12423
0.0378724
-1.11993
0.0357485
-1.11377
0.0331356
-1.10991
0.0317304
-1.10626
0.0305599
-1.10124
0.0291844
-1.09674
0.0281656
-1.09405
0.0276412
-1.09043
0.0270253
-1.0883
0.0266981
-1.08637
0.0264106
-1.08385
0.0260112
-1.08171
0.0256093
-1.08048
0.0253267
-1.07889
0.0248705
-1.07798
0.0245343
-1.07681
0.0239509
-1.07614
0.0235057
-1.07501
0.022492
-1.07476
0.0222191
-1.07409
0.0213576
-1.07369
0.020764
-1.07314
0.0198226
-1.0728
0.0191765
-1.07231
0.0181869
-1.072
0.0175245
-1.07154
0.0165357
-1.07123
0.0158871
-1.07077
0.0149373
-1.07029
0.0140266
-1.06997
0.0134429
-1.06964
0.0128817
-1.06912
0.0120878
-1.06877
0.011586
-1.06823
0.0108799
-1.06787
0.0104422
-1.0673
0.009833
-1.06672
0.00927951
-1.06633
0.00893855
-1.06573
0.00846798
-1.06533
0.00817696
-1.06492
0.00790219
-1.06431
0.00752108
-1.0637
0.00717162
-1.06329
0.00695451
-1.06267
0.00665048
-1.06226
0.00645897
-1.06165
0.00618477
-1.06124
0.00600927
-1.06063
0.00575562
-1.06003
0.00551263
-1.05963
0.00535488
-1.05904
0.00512689
-1.05864
0.0049787
-1.05825
0.00483091
-1.05767
0.00461526
-1.05729
0.00447498
-1.05672
0.00426884
-1.05634
0.00413535
-1.05578
0.00394116
-1.05523
0.00375506
-1.05486
0.00363425
-1.0545
0.0035169
-1.05379
0.00329044
-1.05343
0.00318172
-1.05308
0.0030768
-1.05273
0.00297542
-1.05221
0.00282782
-1.05187
0.00273358
-1.05119
0.0025553
-1.05102
0.00251307
-1.05052
0.00239156
-1.05003
0.00227777
-1.0497
0.00220491
-1.04922
0.00210168
-1.0489
0.00203589
-1.04842
0.00194158
-1.0481
0.00188156
-1.04748
0.00176797
-1.04732
0.00174081
-1.04686
0.00166268
-1.04655
0.00161368
-1.04625
0.00156611
-1.0458
0.00149835
-1.04535
0.00143401
-1.04505
0.00139256
-1.04461
0.00133235
-1.04432
0.00129417
-1.04389
0.00123919
-1.0436
0.0012041
-1.04318
0.0011536
-1.0429
0.00112134
-1.04248
0.00107466
-1.0422
0.00104472
-1.04179
0.00100142
-1.04152
0.000973669
-1.04111
0.000933584
-1.04084
0.000907938
-1.04031
0.000858404
-1.04018
0.000846497
-1.03978
0.000811829
-1.0394
0.000778973
-1.03901
0.000746462
-1.03876
0.000725301
-1.0385
0.000704494
-1.03825
0.000684139
-1.03788
0.00065448
-1.03763
0.000635123
-1.03726
0.000606894
-1.0369
0.00057971
-1.03665
0.000562159
-1.0363
0.000537089
-1.03606
0.000521031
-1.03571
0.000497966
-1.03547
0.000483449
-1.03513
0.000462892
-1.0349
0.00045006
-1.03455
0.000431786
-1.03433
0.000420273
-1.03399
0.000403736
-1.03377
0.000393334
-1.03344
0.000378737
-1.03322
0.000369678
-1.03289
0.00035693
-1.03268
0.000348983
-1.03236
0.000337799
-1.03215
0.000330792
-1.03183
0.000320684
-1.03162
0.000314201
-1.03121
0.000301518
-1.03111
0.000298408
-1.03081
0.000289044
-1.0306
0.000282803
-1.0303
0.000273061
-1.03011
0.000266418
-1.02971
0.000252969
-1.02962
0.000249673
-1.02932
0.000240102
-1.02913
0.000234108
-1.02885
0.000225733
-1.02866
0.00022069
-1.02838
0.000213879
-1.02819
0.000209869
-1.02791
0.000204551
-1.02773
0.000201452
-1.02737
0.000196104
-1.02728
0.000194919
-1.02701
0.0001916
-1.02683
0.000189586
-1.02657
0.000186457
-1.02631
0.000183205
-1.02614
0.000180963
-1.02588
0.000177487
-1.02571
0.000175028
-1.02546
0.000171118
-1.02529
0.00016836
-1.02504
0.00016403
-1.02488
0.000161027
-1.02464
0.00158356
-1.02449
0.00647127
-1.02433
0.0135666
-1.02409
0.0273852
-1.02385
0.0435907
-1.02368
0.0549679
-1.02344
0.0718539
-1.02328
0.0824476
-1.02304
0.0966016
-1.0228
0.10816
-1.02272
0.111349
-1.02249
0.118809
-1.02227
0.123067
-1.02205
0.124245
-1.02191
0.123555
-1.02177
0.121782
-1.02156
0.117332
-1.02142
0.113338
-1.02122
0.106267
-1.02108
0.101043
-1.02088
0.0926813
-1.02075
0.0869414
-1.02048
0.0754899
-1.02035
0.0699449
-1.02022
0.0646223
-1.02003
0.0571667
-1.0199
0.0525967
-1.01977
0.0483809
-1.01957
0.0427508
-1.01938
0.0379638
-1.01925
0.0352301
-1.01913
0.0328456
-1.01894
0.0298748
-1.01875
0.027566
-1.01863
0.0263518
-1.01845
0.0249484
-1.01833
0.024247
-1.01815
0.0234699
-1.01797
0.0229479
-1.01785
0.0226972
-1.01773
0.0225046
-1.01756
0.0222823
-1.01739
0.0220649
-1.01728
0.0219088
-1.01711
0.0216384
-1.017
0.0214147
-1.01689
0.02115
-1.01672
0.0206787
-1.01661
0.0203103
-1.01645
0.0196905
-1.01634
0.0192382
-1.01618
0.0185044
-1.01608
0.0179839
-1.01592
0.0171674
-1.01581
0.0166055
-1.01566
0.0157518
-1.01555
0.0151837
-1.0154
0.0143328
-1.0153
0.0137725
-1.01515
0.0129517
-1.015
0.0121669
-1.0149
0.0116656
-1.0148
0.0111854
-1.01466
0.0105023
-1.01452
0.00986585
-1.01442
0.00946853
-1.01433
0.00909326
-1.01419
0.00856691
-1.01405
0.00808314
-1.01396
0.0077855
-1.01382
0.00737325
-1.01373
0.00711762
-1.0136
0.00676062
-1.01347
0.00643444
-1.01338
0.00623199
-1.01325
0.00595113
-1.01316
0.00577607
-1.01303
0.0055258
-1.01295
0.00536719
-1.01286
0.00521301
-1.01274
0.00499106
-1.01266
0.00484789
-1.01253
0.00464119
-1.01245
0.00450862
-1.01233
0.00431603
-1.01221
0.00413089
-1.01213
0.00401058
-1.01205
0.00389326
-1.01193
0.00372232
-1.01174
0.00344762
-1.01166
0.00334204
-1.01162
0.00329107
-1.01154
0.00319251
-1.01143
0.00304995
-1.01136
0.00295501
-1.01125
0.00281566
-1.01117
0.00272555
-1.01106
0.00259425
-1.01099
0.00250961
-1.01088
0.00238658
-1.01081
0.00230779
-1.0107
0.00219423
-1.01063
0.00212115
-1.01053
0.00201554
-1.01046
0.00194882
-1.01036
0.00185334
-1.01029
0.00179314
-1.01019
0.00170753
-1.01009
0.00162747
-1.01002
0.00157664
-1.00996
0.00152811
-1.00986
0.00145859
-1.0098
0.00141401
-1.0097
0.00135039
-1.00957
0.00127172
-1.00954
0.0012529
-1.00948
0.00121666
-1.00939
0.0011652
-1.00933
0.00113156
-1.00924
0.00108317
-1.00917
0.00105239
-1.00908
0.00100806
-1.009
0.000966051
-1.00894
0.000939131
-1.00885
0.000900551
-1.00879
0.000875863
-1.00873
0.00085207
-1.00865
0.000818026
-1.00859
0.000795996
-1.00851
0.000763478
-1.00845
0.0007424
-1.00837
0.00071155
-1.00831
0.000691665
-1.00823
0.000662756
-1.00818
0.000644119
-1.0081
0.000616999
-1.00802
0.000591018
-1.00797
0.000574094
-1.00789
0.000549868
-1.00784
0.000534524
-1.00776
0.000512265
-1.00771
0.000497998
-1.00763
0.000477376
-1.00758
0.000464078
-1.00751
0.000444627
-1.00744
0.000425528
-1.00736
0.000407166
-1.00732
0.000395645
-1.00727
0.000384719
-1.00722
0.00037429
-1.00715
0.000359577
-1.0071
0.000350168
-1.00703
0.000336825
-1.00699
0.000328218
-1.00692
0.000315692
-1.00687
0.000307676
-1.00681
0.000295968
-1.00676
0.000288304
-1.00669
0.000276903
-1.00665
0.000269305
-1.00659
0.000258021
-1.00654
0.000250733
-1.00648
0.000240327
-1.00644
0.000233819
-1.00637
0.000224812
-1.00629
0.000214188
-1.00627
0.000211745
-1.00623
0.000207142
-1.00617
0.000201078
-1.00613
0.000197202
-1.00605
0.000189956
-1.00601
0.000186538
-1.00595
0.0001816
-1.00591
0.000178333
-1.00587
0.000174993
-1.00581
0.000170004
-1.00578
0.000166633
-1.00572
0.000161342
-1.00568
0.0001577
-1.00563
0.000152002
-1.00559
0.000148063
-1.00553
0.000141918
-1.0055
0.000137677
-1.00544
0.000131084
-1.00539
0.000124245
-1.00536
0.000119556
-1.00532
0.000114811
-1.00527
0.00031143
-1.00525
0.00242886
-1.00522
0.0065222
-1.00517
0.0150076
-1.00512
0.0254754
-1.00506
0.0368563
-1.005
0.0481663
-1.00498
0.0517882
-1.00492
0.0618938
-1.00487
0.0703739
-1.00483
0.0748423
-1.00478
0.0798313
-1.00474
0.0819203
-1.0047
0.0832901
-1.00467
0.0831633
-1.00462
0.08155
-1.00459
0.0796544
-1.00455
0.0758092
-1.00452
0.0727219
-1.00448
0.0675205
-1.00446
0.0638016
-1.00443
0.0599718
-1.0044
0.0560972
-1.00435
0.0484862
-1.00432
0.0448388
-1.00428
0.0396868
-1.00425
0.0364898
-1.00421
0.0321468
-1.00418
0.0295652
-1.00413
0.0251697
-1.00411
0.0242278
-1.00407
0.0217625
-1.00403
0.0198014
-1.00401
0.0187466
-1.00398
0.0178728
-1.00394
0.0168562
-1.00391
0.0163441
-1.00388
0.0157785
-1.00385
0.0155103
-1.00381
0.0152248
-1.00379
0.0150907
-1.00375
0.0149376
-1.00373
0.0148547
-1.00369
0.0147206
-1.00367
0.0146171
-1.00363
0.0144293
-1.0036
0.0141933
-1.00356
0.0138956
-1.00355
0.0137839
-1.00352
0.0134052
-1.00348
0.0129635
-1.00346
0.0126352
-1.00343
0.0121115
-1.0034
0.0117429
-1.00338
0.0113623
-1.00335
0.0107724
-1.00331
0.0101713
-1.00329
0.00977355
-1.00326
0.00918901
-1.00324
0.00880901
-1.0032
0.00825796
-1.00317
0.0077355
-1.00315
0.00740527
-1.00312
0.00693971
-1.0031
0.00664678
-1.00308
0.00636771
-1.00305
0.00597776
-1.00302
0.00561989
-1.003
0.00540105
-1.00295
0.00491745
-1.00295
0.00491745
-1.00293
0.00466561
-1.00291
0.00451313
-1.00288
0.0042978
-1.00286
0.00416395
-1.00283
0.00397561
-1.00277
0.00358264
-1.00274
0.00343789
-1.00274
0.00343789
-1.00267
0.00311156
-1.00267
0.00311156
-1.00263
0.00291438
-1.00263
0.00291438
-1.0026
0.00279313
-1.00258
0.00266933
-1.00255
0.00254274
-1.00254
0.00245946
-1.00251
0.00233606
-1.00249
0.00225481
-1.00248
0.00217465
-1.00245
0.00205779
-1.00243
0.0019452
-1.00242
0.00190883
-1.0024
0.00180398
-1.00238
0.00173835
-1.00236
0.00164407
-1.00234
0.00155645
-1.00232
0.0015014
-1.0023
0.00142381
-1.00227
0.00132894
-1.00227
0.00132894
-1.00224
0.00124441
-1.00222
0.00120467
-1.00219
0.00112891
-1.00218
0.00109291
-1.00217
0.00105824
-1.00215
0.00102504
-1.00213
0.000976788
-1.00211
0.000930217
-1.0021
0.0009005
-1.00208
0.00087199
-1.00205
0.000804747
-1.00205
0.000804747
-1.00202
0.000743912
-1.00201
0.000732367
-1.002
0.000709607
-1.00198
0.000687893
-1.00196
0.000645461
-1.00195
0.000635176
-1.00194
0.000615097
-1.00192
0.000586673
-1.0019
0.000559057
-1.00189
0.000541314
-1.00187
0.00051578
-1.00186
0.000499181
-1.00184
0.000474999
-1.00182
0.000451548
-1.00181
0.000443896
-1.00179
0.000414317
-1.00178
0.000407142
-1.00177
0.000386133
-1.00176
0.000372927
-1.00174
0.00035384
-1.00173
0.000341765
-1.00171
0.000324651
-1.0017
0.000313907
-1.00168
0.000298372
-1.00167
0.000288399
-1.00165
0.000268973
-1.00164
0.000259432
-1.00163
0.000249974
-1.00161
0.000236078
-1.0016
0.000222832
-1.00159
0.000214479
-1.00155
0.000192155
-1.00155
0.000192155
-1.00155
0.000188854
-1.00153
0.000179949
-1.00151
0.000169394
-1.00151
0.000166766
-1.00148
0.000152104
-1.00148
0.000152104
-1.00146
0.000140233
-1.00145
0.00013776
-1.00145
0.00013776
-1.00143
0.000125506
-1.00142
0.000122886
-1.0014
0.000109206
-1.0014
0.000109206
-1.00139
0.00010334
-1.00137
9.16359e-05
-1.00137
8.85272e-05
-1.00135
7.27748e-05
-1.00135
7.27748e-05
-1.00133
6.08229e-05
-1.00132
5.8076e-05
-1.00128
3.91704e-05
-1.00128
3.91704e-05
-1.00126
3.35546e-05
-1.00125
3.31453e-05
-1.00125
3.2884e-05
-1.00122
3.3794e-05
-1.00122
3.40951e-05
-1.00119
3.76254e-05
-1.00119
3.76254e-05
-1.00118
3.91446e-05
-1.00117
4.03295e-05
-1.00116
4.1814e-05
-1.00115
4.2799e-05
-1.00114
4.30509e-05
-1.00113
4.29866e-05
-1.00112
4.2269e-05
-1.00111
4.08417e-05
-1.0011
5.65303e-05
-1.0011
0.000231688
-1.00108
0.000785325
-1.00108
0.00128527
-1.00107
0.0021702
-1.00105
0.00313687
-1.00105
0.00378455
-1.00103
0.00470895
-1.00103
0.00526681
-1.00101
0.0059821
-1.00101
0.00636763
-1.001
0.00667504
-1.00099
0.00698244
-1.00098
0.00711158
-1.00098
0.00710631
-1.00097
0.00697984
-1.00096
0.00682305
-1.00095
0.0063745
-1.00094
0.00609819
-1.00093
0.00579699
-1.00093
0.00547927
-1.00092
0.00498074
-1.00091
0.00464406
-1.0009
0.00414705
-1.0009
0.00382736
-1.00089
0.00337507
-1.00088
0.0029629
-1.00087
0.00271389
-1.00087
0.00248637
-1.00086
0.00218705
-1.00085
0.00193745
-1.00085
0.00179739
-1.00084
0.00162376
-1.00084
0.00157485
-1.00083
0.00141919
-1.00082
0.00136232
-1.00081
0.00129831
-1.00081
0.00126727
-1.0008
0.00124355
-1.0008
0.00121859
-1.00079
0.00120684
-1.00078
0.00119413
-1.00078
0.00118429
-1.00077
0.00117739
-1.00077
0.00116976
-1.00076
0.0011553
-1.00075
0.0011359
-1.00075
0.00111999
-1.00074
0.00109137
-1.00073
0.00106973
-1.00073
0.00103327
-1.00072
0.00100665
-1.00071
0.000963863
-1.00071
0.000933605
-1.0007
0.000885646
-1.0007
0.000852724
-1.00069
0.000802344
-1.00069
0.000768545
-1.00068
0.000718152
-1.00068
0.000685092
-1.00067
0.000636921
-1.00067
0.000606044
-1.00066
0.000561781
-1.00066
0.000533749
-1.00065
0.000494128
-1.00065
0.000457644
-1.00064
0.000435013
-1.00064
0.000403591
-1.00063
0.000374989
-1.00063
0.000366035
-1.00062
0.000340926
-1.00062
0.000325605
-1.00061
0.000304263
-1.00061
0.000284873
-1.0006
0.000272819
-1.0006
0.000255858
-1.00059
0.000245035
-1.00059
0.000229444
-1.00058
0.00021953
-1.00058
0.000205441
-1.00057
0.000192249
-1.00057
0.00018397
-1.00057
0.000176109
-1.00056
0.00016493
-1.00056
0.000157767
-1.00055
0.000147424
-1.00055
0.000140719
-1.00054
0.000130809
-1.00054
0.000124155
-1.00053
0.000114074
-1.00053
0.000107325
-1.00052
9.70518e-05
-1.00052
8.6574e-05
-1.00051
7.59613e-05
-1.00051
6.88176e-05
-1.00051
6.1752e-05
-1.0005
5.16367e-05
-1.0005
4.53107e-05
-1.00049
3.65652e-05
-1.00049
2.87767e-05
-1.00048
2.41399e-05
-1.00048
1.99243e-05
-1.00048
1.43683e-05
-1.00047
1.11227e-05
-1.00047
6.79948e-06
-1.00046
4.21138e-06
-1.00046
6.81677e-07
-1.00046
-1.51903e-06
-1.00045
-4.67223e-06
-1.00045
-7.75333e-06
-1.00044
-9.82418e-06
-1.00044
-1.30456e-05
-1.00043
-1.52505e-05
-1.00043
-1.86935e-05
-1.00043
-2.1111e-05
-1.00042
-2.49177e-05
-1.00042
-2.75876e-05
-1.00042
-3.03437e-05
-1.00041
-3.47301e-05
-1.00041
-3.77898e-05
-1.00041
-4.25601e-05
-1.00041
-4.75036e-05
-1.0004
-5.08223e-05
-1.0004
-5.58233e-05
-1.0004
-5.9204e-05
-1.00039
-6.42795e-05
-1.00039
-6.76379e-05
-1.00039
-7.09551e-05
-1.00039
-7.74687e-05
-1.00038
-8.23551e-05
-1.00038
-8.39772e-05
-1.00038
-8.88139e-05
-1.00038
-9.19839e-05
-1.00037
-9.51544e-05
-1.00037
-0.000101507
-1.00036
-0.000104471
-1.00036
-0.000107212
-1.00036
-0.000110658
-1.00035
-0.00011227
-1.00035
-0.0001137
-1.00035
-0.000113994
-1.00034
-0.000113403
-1.00034
-0.000112441
-1.00034
-0.000110176
-1.00034
-0.000107143
-1.00033
-0.000104763
-1.00033
-0.000100865
-1.00033
-9.80924e-05
-1.00033
-9.52258e-05
-1.00032
-8.7962e-05
-1.00032
-8.7962e-05
-1.00032
-8.37406e-05
-1.00032
-8.10268e-05
-1.00032
-7.70346e-05
-1.00031
-7.45736e-05
-1.00031
-7.12237e-05
-1.00031
-6.86845e-05
-1.00031
-6.75682e-05
-1.0003
-6.69405e-05
-1.0003
-6.7349e-05
-1.0003
-6.8382e-05
-1.0003
-7.09632e-05
-1.00029
-7.34298e-05
-1.00029
-7.80593e-05
-1.00029
-8.16972e-05
-1.00029
-8.78002e-05
-1.00028
-9.22121e-05
-1.00028
-9.91116e-05
-1.00028
-0.000106171
-1.00028
-0.00011526
-1.00027
-0.000121095
-1.00027
-0.000128756
-1.00027
-0.00012939
-1.00027
-0.00012939
-1.00026
-0.000130122
-1.00026
-0.000130004
-1.00026
-0.000128899
-1.00026
-0.000126177
-1.00025
-0.000122567
-1.00025
-0.00012119
-1.00025
-0.000116762
-1.00025
-0.000113622
-1.00024
-0.000104045
-1.00024
-0.000102517
-1.00024
-9.95315e-05
-1.00024
-9.5196e-05
-1.00024
-9.37467e-05
-1.00023
-5.26332e-05
-1.00024
0.000655695
-1.00025
0.014987
-1.00022
0.0645565
-1.00022
0.0645565
-1.00021
0.0898378
-1.00019
0.116622
-1.00016
0.156636
-1.00013
0.206166
-1.00012
0.217287
-1.00009
0.246969
-1.00008
0.262958
-1.00006
0.275326
-1.00004
0.287846
-1.00003
0.292027
-1.00001
0.292747
-1.00001
0.287295
-1
0.280778
-1
0.26761
-1.00001
0.256931
-1.00002
0.238858
-1.00002
0.225973
-1.00006
0.179418
-1.00007
0.160406
-1.00007
0.160406
-1.00007
0.160406
-1.00009
0.142781
-1.0001
0.131899
-1.00011
0.116957
-1.00012
0.108007
-1.00013
0.0961315
-1.00014
0.0892457
-1.00015
0.0804034
-1.00016
0.0732294
-1.00016
0.0692932
-1.00016
0.0645227
-1.00017
0.0619994
-1.00017
0.0599255
-1.00017
0.0575276
-1.00017
0.0563087
-1.00017
0.0549228
-1.00018
0.0542231
-1.00018
0.0533813
-1.00018
0.0529049
-1.00018
0.0522189
-1.00018
0.0517408
-1.00018
0.0509312
-1.00018
0.0503145
-1.00018
0.0492608
-1.00018
0.0480475
-1.00018
0.0471363
-1.00018
0.0456414
-1.00017
0.044538
-1.00017
0.042741
-1.00017
0.0414651
-1.00017
0.0401409
-1.00017
0.0381012
-1.00017
0.0367161
-1.00017
0.0346429
-1.00017
0.0326048
-1.00017
0.0312845
-1.00017
0.0300054
-1.00017
0.0281564
-1.00017
0.0269751
-1.00017
0.0253026
-1.00016
0.0237521
-1.00016
0.0227823
-1.00016
0.0214199
-1.00016
0.0205792
-1.00016
0.0194112
-1.00015
0.0186872
-1.00015
0.0176824
-1.00015
0.0170627
-1.00014
0.0162009
-1.00014
0.015672
-1.00014
0.0149356
-1.00014
0.0144795
-1.00014
0.0138386
-1.00013
0.0134372
-1.00013
0.0128684
-1.00013
0.0125099
-1.00013
0.0119909
-1.00013
0.0116573
-1.00013
0.0111703
-1.00013
0.0106987
-1.00013
0.01039
-1.00013
0.010088
-1.00013
0.00964705
-1.00013
0.00935434
-1.00012
0.00892404
-1.00012
0.00864379
-1.00012
0.00823269
-1.00012
0.00783491
-1.00012
0.00757792
-1.00012
0.00720707
-1.00012
0.00685069
-1.00012
0.00661946
-1.00012
0.00639483
-1.00012
0.00606948
-1.00012
0.00585902
-1.00012
0.00565601
-1.00012
0.00536426
-1.00012
0.00517799
-1.00012
0.00491255
-1.00012
0.00474465
-1.00012
0.00450635
-1.00012
0.00435651
-1.00012
0.00414478
-1.00011
0.00394814
-1.00011
0.00382335
-1.00011
0.00364614
-1.00011
0.00353401
-1.00011
0.00337331
-1.00011
0.00327101
-1.00011
0.00312327
-1.00011
0.00302892
-1.00011
0.00289267
-1.0001
0.0028053
-1.0001
0.00267841
-1.0001
0.00259701
-1.0001
0.00247906
-1.0001
0.00240331
-1.0001
0.00229349
-1.0001
0.00222292
-1.0001
0.00212063
-1.0001
0.00205491
-1.0001
0.00196016
-1.0001
0.00187002
-1.0001
0.00181151
-1.0001
0.00172723
-1.0001
0.00167264
-1.00009
0.00161932
-1.00009
0.00154182
-1.00009
0.00146722
-1.00009
0.00141957
-1.00009
0.00135147
-1.00009
0.0012866
-1.00009
0.00124537
-1.00009
0.0011677
-1.00009
0.00114909
-1.00008
0.00109566
-1.00008
0.00107864
-1.00008
0.00102842
-1.00008
0.000980811
-1.00008
0.000935477
-1.00009
0.000906847
-1.00009
0.000879342
-1.00008
0.000840439
-1.00008
0.000802991
-1.00008
0.000778897
-1.00008
0.000744545
-1.00008
0.000722564
-1.00008
0.000690551
-1.00008
0.000669993
-1.00008
0.000640034
-1.00008
0.000620742
-1.00008
0.000583207
-1.00008
0.000573992
-1.00007
0.000496465
-1.00007
0.000488886
-1.00007
0.000433467
-1.00007
0.00042826
-1.00007
0.000418794
-0.974236
0.000391444
-0.974236
0.000391444
-0.966095
0.000454932
-0.967233
0.000447521
-0.970102
0.000427174
-0.966154
0.000294633
-0.966154
0.000294633
-0.964537
0.0003015
-0.966144
0.000294636
-0.988072
0.000172632
-0.988072
0.000172632
-1.00512
8.28609e-05
-1.00621
7.99314e-05
-1.01158
0.0240318
-1.01176
0.031556
-1.01104
0.117702
-1.01078
0.127595
-1.00744
0.205335
-1.00744
0.205335
-1.00417
0.227146
-1.00389
0.226045
-1.00169
0.194805
-1.00169
0.194805
-1.00051
0.142029
-1.00044
0.136471
-1.00005
0.0907428
-1.00003
0.0863364
-1
0.0522754
-1
0.0522754
-1.00012
0.0357007
-1.00012
0.0357007
-1.00026
0.0314267
-1.00027
0.0313986
-1.00038
0.0326096
-1.00038
0.0326096
-0.985993
0.0329446
-0.985993
0.0329446
-0.843542
0.0273558
-0.821429
0.0265177
-0.587389
0.0180118
-0.559547
0.017036
-0.294653
0.00805523
-0.270934
0.00727582
-0.157587
0.00294369
-0.168544
0.00309125
-0.407268
0.00823626
-0.407268
0.00823626
-0.679354
0.0147521
-0.698455
0.015173
-0.754777
0.0160771
-0.748809
0.0158864
-0.730721
0.0153656
-0.690335
0.0142654
-0.671124
0.0133268
-0.672468
0.0128177
-0.688556
0.0121673
-0.705741
0.0117792
-0.738095
0.0112723
-0.762168
0.0109758
-0.799657
0.0105821
-0.824534
0.0103475
-0.860345
0.0100245
-0.882697
0.00982391
-0.903541
0.00962747
-0.93168
0.00933526
-0.955918
0.00903624
-0.976279
0.00872742
-0.987798
0.00851847
-1.0063
0.0080818
-1.01005
0.00796682
-1.01661
0.00773224
-1.0243
0.00737258
-1.02815
0.00712358
-1.03229
0.00674856
-1.03411
0.00649943
-1.03567
0.00613119
-1.03606
0.00589211
-1.03586
0.00554256
-1.03494
0.00520878
-1.03403
0.00499597
-1.03294
0.0047918
-1.03107
0.00450182
-1.02973
0.00431953
-1.02765
0.00406508
-1.02558
0.00383323
-1.02423
0.00369009
-1.02229
0.00349196
-1.02108
0.00336913
-1.01939
0.00319802
-1.01835
0.00309122
-1.0174
0.00298973
-1.01612
0.00284796
-1.01501
0.00271667
-1.01437
0.00263353
-1.01379
0.00255408
-1.01305
0.00244062
-1.01245
0.00233266
-1.01211
0.00226417
-1.0117
0.0021663
-1.01147
0.00210375
-1.0112
0.00201288
-1.01106
0.00195443
-1.01094
0.00189739
-1.01081
0.00181328
-1.01072
0.00173064
-1.01067
0.00167714
-1.01063
0.00162519
-1.01059
0.00154899
-1.01056
0.00147512
-1.01054
0.00142717
-1.01053
0.00138065
-1.01051
0.00131287
-1.01048
0.00124758
-1.01045
0.00118417
-1.01043
0.00114303
-1.0104
0.00108385
-1.01037
0.00104539
-1.01033
0.00100772
-1.01028
0.000953458
-1.01022
0.000901733
-1.01017
0.000868736
-1.01013
0.000837176
-1.01008
0.000807013
-1.01
0.000763049
-1.00992
0.000720962
-1.00983
0.000680807
-1.00977
0.000655187
-1.00968
0.00061847
-1.00962
0.000594966
-1.00956
0.000572169
-1.00944
0.000529214
-1.00941
0.000518989
-1.00931
0.00048957
-1.00922
0.000462861
-1.00916
0.000445861
-1.00906
0.000421281
-1.009
0.000405115
-1.00891
0.000381178
-1.00885
0.000365667
-1.00876
0.000343128
-1.00867
0.000321601
-1.00861
0.000307739
-1.00855
0.000294246
-1.00847
0.000286112
-1.00835
0.000359214
-1.00832
0.000387774
-1.00824
0.000491248
-1.00819
0.000569612
-1.00811
0.000689648
-1.00802
0.000803658
-1.008
0.000838495
-1.00792
0.000929804
-1.00787
0.000977838
-1.00776
0.00103657
-1.00774
0.00104403
-1.00766
0.00104894
-1.00756
0.00101715
-1.00754
0.00100264
-1.00744
0.000926072
-1.00742
0.000902208
-1.00734
0.000821698
-1.0073
0.000763301
-1.00722
0.000670442
-1.00715
0.000574537
-1.00711
0.000510715
-1.00704
0.000417727
-1.00697
0.000329274
-1.00695
0.000301101
-1.00688
0.000221638
-1.00681
0.000150104
-1.00672
6.65628e-05
-1.0067
4.78258e-05
-1.00652
-1.29286e-05
-0.996165
-0.000138688
-0.936074
-0.000423969
-0.880834
-0.000466087
-0.778873
-0.000495039
-0.741828
-0.000494841
-0.586925
-0.000515312
-0.547981
-0.000528949
-0.434571
-0.00059794
-0.328818
-0.000707652
-0.263931
-0.000799468
-0.176026
-0.00095526
-0.123986
-0.00106498
-0.0557888
-0.00122849
-0.0166984
-0.00133186
0.0328963
-0.00147189
0.0938292
-0.00165253
0.103112
-0.00167993
0.111523
-0.00170438
0.131933
-0.00176056
0.152299
-0.00180194
0.152299
-0.00180194
0.158658
-0.00179159
0.159104
-0.00177297
0.158731
-0.00176056
0.144502
-0.00159982
0.141639
-0.00157352
0.141639
-0.00157352
0.135408
-0.00151783
0.128622
-0.00145873
0.121411
-0.00139695
0.110059
-0.00130066
0.102285
-0.00123494
0.0944584
-0.00116872
0.082802
-0.0010695
0.071451
-0.000971774
0.0571018
-0.00084581
0.0536908
-0.000815364
0.037875
-0.000670663
0.037875
-0.000670663
0.026855
-0.000565262
0.0243372
-0.000540465
0.0152156
-0.000447695
0.00758524
-0.000365179
0.00590274
-0.000346156
-0.0012472
-0.000260269
-0.00243869
-0.000244847
-0.0046007
-0.000215678
-0.0046007
-0.000215678
-0.00732671
-0.000176007
-0.008827
-0.000152155
-0.0111535
-0.000110134
-0.0116087
-0.000100708
-0.012709
-7.47194e-05
-0.0136397
-4.49235e-05
-0.0139142
-3.19584e-05
-0.014011
-2.59233e-05
-0.0141611
-9.48762e-06
-0.0141341
4.68385e-06
-0.0138914
2.06376e-05
-0.0138025
2.41806e-05
-0.0134868
3.39162e-05
-0.012992
4.52247e-05
-0.012992
4.52247e-05
-0.0125999
5.28158e-05
-0.01234
5.75836e-05
-0.0120867
6.21873e-05
-0.011727
6.88819e-05
-0.0115042
7.32633e-05
-0.0112001
7.97869e-05
-0.0109349
8.63176e-05
-0.0107801
9.07055e-05
-0.0106428
9.51449e-05
-0.010469
0.000101925
-0.0103001
0.000110974
-0.0102693
0.000113158
-0.010204
0.000119383
-0.0101763
0.000126701
-0.0101792
0.000128327
-0.0101957
0.00013132
-0.0102451
0.000135174
-0.0102925
0.000137329
-0.0103817
0.000139972
-0.0104515
0.000141363
-0.0105684
0.000142956
-0.0106528
0.00014372
-0.0107411
0.000144267
-0.010878
0.000144729
-0.0110127
0.000144813
-0.0110982
0.0001447
-0.0112163
0.000144323
-0.0112869
0.000143959
-0.0113786
0.000143278
-0.0114299
0.000142751
-0.0114916
0.00014187
-0.0115351
0.000140897
-0.0115543
0.000140201
-0.0115659
0.000139473
-0.01157
0.00013834
-0.0115643
0.000137565
-0.0115443
0.00013637
-0.0115238
0.000135555
-0.0114835
0.0001343
-0.0114329
0.000133001
-0.0113941
0.000132113
-0.0113515
0.00013121
-0.0112814
0.000129832
-0.0112046
0.000128416
-0.01115
0.000127452
-0.0110931
0.000126474
-0.0110035
0.000124977
-0.0109095
0.000123433
-0.0108446
0.000122373
-0.0107443
0.000120748
-0.0106755
0.000119643
-0.0105698
0.000117948
-0.0104992
0.000116796
-0.0103973
0.000115031
-0.0103334
0.00011383
-0.0102453
0.000111983
-0.0101922
0.000110722
-0.0101218
0.000108788
-0.0100619
0.000106804
-0.0100276
0.000105448
-0.00998376
0.00010337
-0.00994791
0.000101235
-0.00992776
9.97798e-05
-0.0099101
9.83057e-05
-0.00989451
9.68176e-05
-0.00988057
9.53139e-05
-0.00985038
9.15605e-05
-0.00984478
9.08822e-05
-0.00982817
8.91807e-05
-0.00981687
8.8395e-05
-0.00979898
8.78403e-05
-0.00978611
8.79199e-05
-0.00976496
8.87433e-05
-0.00975734
8.92037e-05
-0.00973255
9.11234e-05
-0.00970462
9.37799e-05
-0.00968413
9.59105e-05
-0.00965043
9.95642e-05
-0.00962593
0.000102174
-0.00958607
0.000106038
-0.00955739
0.000108442
-0.00951125
0.000111611
-0.00946138
0.000114117
-0.00942607
0.000115379
-0.00937005
0.000116635
-0.00933075
0.000117043
-0.00924764
0.000116875
-0.00922593
0.000116639
-0.00915864
0.000115512
-0.009112
0.000114439
-0.00903943
0.000112417
-0.00896383
0.000109973
-0.00891179
0.000108138
-0.00885849
0.000106162
-0.00877619
0.000102982
-0.00871979
0.00010074
-0.00863293
9.72219e-05
-0.00857355
9.47854e-05
-0.0084823
9.1037e-05
-0.00842003
8.85801e-05
-0.0083245
8.52202e-05
-0.00825942
8.33062e-05
-0.00815972
8.10498e-05
-0.00809188
7.9995e-05
-0.00798812
7.91139e-05
-0.00788201
7.90732e-05
-0.00780996
7.94937e-05
-0.00773686
8.0248e-05
-0.00762525
8.19636e-05
