0
-0.13913
0
0
0
0
0
0
0
0
0
0
0
0
0
0
0
0
0
0
0
0
0
0
0
0
0
0
-1.71665e-05
-0.000213623
-0.000997544
-0.00207949
-0.00465536
-0.00842905
-0.0115871
-0.0171809
-0.0213995
-0.0259295
-0.033154
-0.0381565
-0.0457716
-0.0508361
-0.0582895
-0.0631003
-0.0699964
-0.0743427
-0.0804439
-0.0860133
-0.0894237
-0.0929751
-0.0969191
-0.0998359
-0.10305
-0.106156
-0.108241
-0.110541
-0.112063
-0.114148
-0.115425
-0.117206
-0.118319
-0.119385
-0.120917
-0.121904
-0.123349
-0.124763
-0.125694
-0.127079
-0.127995
-0.129364
-0.130382
-0.131615
-0.132503
-0.133814
-0.135097
-0.135933
-0.136753
-0.137949
-0.139099
-0.13993
-0.140556
-0.141588
-0.142566
-0.143188
-0.144075
-0.144637
-0.145437
-0.145943
-0.146662
-0.147116
-0.147551
-0.148168
-0.148558
-0.149113
-0.149636
-0.149967
-0.150479
-0.15078
-0.151176
-0.151453
-0.151754
-0.152107
-0.152476
-0.152855
-0.153053
-0.153274
-0.153592
-0.153798
-0.154094
-0.154402
-0.154562
-0.15474
-0.154998
-0.155266
-0.155406
-0.155559
-0.155782
-0.155994
-0.156132
-0.156327
-0.156453
-0.156575
-0.156765
-0.156864
-0.157024
-0.157128
-0.157289
-0.157417
-0.15752
-0.157649
-0.157722
-0.157844
-0.157958
-0.158043
-0.158103
-0.158206
-0.158284
-0.158376
-0.15843
-0.158529
-0.158585
-0.158665
-0.158719
-0.158792
-0.158848
-0.158957
-0.158979
-0.159025
-0.159071
-0.159137
-0.159171
-0.159233
-0.159285
-0.159328
-0.159379
-0.157624
-0.158021
-0.158395
-0.158395
-0.158395
-0.158395
-0.158296
-0.157899
-0.156158
-0.154728
-0.15147
-0.149574
-0.146452
-0.14464
-0.142437
-0.141709
-0.141336
-0.141519
-0.142795
-0.143868
-0.146427
-0.148032
-0.151264
-0.153328
-0.156398
-0.158122
-0.161095
-0.162733
-0.164866
-0.165918
-0.167483
-0.168118
-0.168926
-0.169175
-0.169326
-0.16926
-0.168944
-0.168372
-0.167931
-0.166987
-0.166448
-0.165899
-0.165286
-0.164562
-0.164002
-0.163321
-0.162914
-0.162381
-0.16208
-0.161736
-0.161376
-0.161294
-0.161204
-0.161106
-0.161076
-0.161077
-0.161098
-0.161158
-0.16122
-0.161305
-0.161374
-0.161477
-0.16155
-0.161634
-0.161687
-0.161758
-0.161801
-0.16184
-0.161863
-0.161879
-0.161883
-0.161878
-0.161871
-0.161849
-0.161817
-0.161794
-0.161774
-0.16174
-0.161705
-0.161683
-0.161648
-0.161625
-0.161591
-0.161574
-0.161551
-0.161536
-0.16152
-0.161511
-0.161503
-0.161493
-0.161492
-0.161492
-0.161492
-0.161492
-0.161492
-0.161492
-0.161494
-0.161506
-0.161517
-0.161526
-0.161536
-0.161548
-0.161555
-0.161564
-0.161574
-0.161583
-0.161586
-0.161586
-0.161586
-0.161586
-0.161586
-0.161586
-0.161586
-0.161586
-0.161586
-0.161586
-0.161586
-0.161586
-0.161586
-0.161586
-0.161586
-0.161586
-0.161586
-0.161595
-0.161605
-0.161618
-0.161624
-0.161636
-0.161644
-0.161655
-0.161666
-0.161674
-0.161682
-0.161693
-0.161702
-0.161712
-0.161724
-0.161731
-0.161739
-0.16175
-0.161758
-0.161769
-0.161777
-0.161788
-0.1618
-0.161804
-0.161804
-0.161804
-0.161804
-0.161804
-0.161804
-0.161804
-0.161804
-0.161804
-0.161804
-0.161804
-0.161804
-0.161804
-0.161804
-0.161804
-0.161804
-0.161804
-0.161808
-0.161816
-0.161828
-0.161835
-0.161847
-0.161854
-0.161866
-0.161873
-0.161885
-0.161892
-0.161904
-0.161911
-0.16192
-0.161932
-0.161942
-0.161954
-0.161957
-0.161957
-0.161957
-0.161957
-0.161957
-0.161957
-0.161957
-0.161957
-0.161957
-0.161957
-0.161957
-0.161957
-0.161957
-0.161957
-0.161957
-0.161957
-0.161957
-0.161957
-0.161957
-0.161957
-0.161957
-0.161957
-0.161957
-0.161957
-0.161957
-0.161957
-0.161957
-0.161957
-0.161957
-0.161957
-0.161957
-0.161961
-0.161968
-0.161981
-0.161987
-0.162
-0.162006
-0.162019
-0.162025
-0.162038
-0.162045
-0.162046
-0.162046
-0.162046
-0.162046
-0.162046
-0.162046
-0.162046
-0.162046
-0.162046
-0.162046
-0.162046
-0.162046
-0.162046
-0.162046
-0.162046
-0.162046
-0.162046
-0.162046
-0.162046
-0.162046
-0.162046
-0.162046
-0.162046
-0.162046
-0.162046
-0.162046
-0.162046
-0.162046
-0.162046
-0.162046
-0.162046
-0.162046
-0.162046
-0.162046
-0.162046
-0.162046
-0.162046
-0.161979
-0.161648
-0.160502
-0.158543
-0.156502
-0.152447
-0.148647
-0.142669
-0.138181
-0.131471
-0.125623
-0.118186
-0.112666
-0.104344
-0.0988455
-0.0927739
-0.0855908
-0.0775437
-0.0728703
-0.0689702
-0.0622134
-0.0570102
-0.0530963
-0.0487242
-0.0444412
-0.0418496
-0.0383224
-0.0361886
-0.0342121
-0.0315037
-0.0290623
-0.0275578
-0.0254536
-0.0241337
-0.0227141
-0.0210543
-0.0193171
-0.0180521
-0.0164037
-0.0154586
-0.0142579
-0.0128098
-0.0112529
-0.0102282
-0.00871468
-0.00772047
-0.00625563
-0.00529957
-0.00344324
-0.00299168
-0.00156307
-0.000818729
0.000413895
0.00120401
0.00234032
0.00306511
0.00410223
0.0048418
0.00577688
0.00658369
0.00721073
0.00767803
0.00844002
0.00892162
0.00960684
0.0100408
0.0106587
0.0112414
0.0116115
0.0121412
0.0124798
0.0128055
0.0132747
0.0137215
0.0140429
0.0144215
0.0146871
0.0150709
0.0153174
0.0156755
0.0160441
0.0162368
0.0165539
0.0167589
0.0169573
0.0172439
0.017427
0.0176926
0.0178618
0.0181065
0.0183396
0.0184894
0.0186524
0.0189257
0.0190392
0.019166
0.0192881
0.0194635
0.0195775
0.0197911
0.0198412
0.01999
0.0201302
0.0202217
0.0203509
0.0204349
0.020555
0.0206313
0.0207796
0.0208139
0.0209255
0.0209856
0.0210781
0.0211391
0.0212307
0.021287
0.0213671
0.0214205
0.0215006
0.0215487
0.0216174
0.0216632
0.0217319
0.0217776
0.0218372
0.0218754
0.0219326
0.0219707
0.022047
0.0220661
0.0221133
0.0221591
0.0222049
0.0222392
0.0222659
0.0222964
0.0223427
0.0223627
0.022397
0.0224342
0.0224571
0.0224915
0.0225115
0.0225458
0.0225687
0.0225959
0.0226111
0.0226321
0.0226474
0.0226722
0.0226874
0.0227084
0.0227237
0.0227485
0.0227618
0.0227847
0.0228
0.0228248
0.0228381
0.0228686
0.0228763
0.0228977
0.0229044
0.0229158
0.0229244
0.0229387
0.0229425
0.0229549
0.0229616
0.022974
0.0229807
0.0229921
0.0229998
0.0230122
0.0230188
0.0230341
0.0230427
0.0230503
0.0230579
0.0230694
0.0230799
0.0230885
0.0230989
0.0231066
0.023118
0.0231266
0.0231371
0.0231447
0.02316
0.0232754
0.0236092
0.0245776
0.0264754
0.0285444
0.0318546
0.0347905
0.0404358
0.0459495
0.0486436
0.0548992
0.0620971
0.0694995
0.0744615
0.0793891
0.0866251
0.09129
0.0979757
0.102705
0.108119
0.11179
0.118443
0.121429
0.124195
0.127951
0.130211
0.13229
0.135321
0.13759
0.139093
0.14049
0.142415
0.144313
0.145404
0.14683
0.147826
0.14927
0.150671
0.151589
0.152498
0.153846
0.15518
0.156064
0.157375
0.15824
0.159096
0.160358
0.161285
0.162393
0.163276
0.164322
0.16506
0.166126
0.166893
0.167871
0.168418
0.169316
0.169886
0.1707
0.171464
0.171947
0.172468
0.173072
0.173692
0.174084
0.174507
0.174998
0.175504
0.175864
0.176285
0.176579
0.177
0.1774
0.177656
0.178055
0.178262
0.178604
0.178824
0.179038
0.179346
0.179544
0.179832
0.180016
0.180283
0.180538
0.180722
0.180862
0.181092
0.181452
0.18159
0.181673
0.181787
0.181975
0.182097
0.182285
0.182384
0.182544
0.182646
0.182807
0.182889
0.183037
0.183111
0.183237
0.183316
0.18344
0.183506
0.183617
0.18372
0.183782
0.183835
0.183934
0.183985
0.184072
0.184172
0.184205
0.184247
0.184321
0.184361
0.184435
0.18448
0.184537
0.184589
0.184628
0.184685
0.184728
0.184758
0.184807
0.184834
0.18488
0.18491
0.18496
0.184987
0.185028
0.18505
0.185088
0.185119
0.185145
0.185176
0.185202
0.185236
0.185259
0.185285
0.185302
0.185325
0.185346
0.185369
0.185386
0.1854
0.185417
0.18544
0.185455
0.185476
0.185493
0.185514
0.185531
0.185549
0.185556
0.185567
0.185576
0.185586
0.185595
0.185606
0.185614
0.185626
0.18564
0.185644
0.185652
0.185664
0.185671
0.185687
0.185693
0.185705
0.185712
0.18572
0.185731
0.185739
0.18575
0.185758
0.18577
0.185778
0.185789
0.185796
0.185808
0.18582
0.185827
0.185834
0.185844
0.185866
0.185988
0.186506
0.187569
0.189277
0.191668
0.192616
0.196186
0.199738
0.202577
0.207147
0.210756
0.215286
0.218612
0.223575
0.226822
0.231539
0.234549
0.238826
0.241827
0.24403
0.247809
0.25069
0.252606
0.255213
0.256782
0.258901
0.260172
0.262419
0.262927
0.264341
0.265615
0.266402
0.267148
0.268205
0.268877
0.269929
0.27048
0.271483
0.272092
0.272921
0.273517
0.274481
0.274995
0.27587
0.276733
0.277581
0.27786
0.278681
0.279479
0.279995
0.280745
0.281228
0.281695
0.282367
0.283004
0.283408
0.283985
0.28435
0.28487
0.285396
0.285664
0.286136
0.286376
0.28664
0.287016
0.287369
0.287592
0.288114
0.288114
0.288405
0.28859
0.288879
0.289028
0.289295
0.289808
0.29002
0.29002
0.290564
0.290564
0.290851
0.290851
0.291023
0.291187
0.291347
0.291446
0.291592
0.291695
0.291775
0.291901
0.292022
0.29206
0.292175
0.292253
0.292347
0.292413
0.292512
0.292596
0.292703
0.292703
0.292816
0.292863
0.292949
0.293
0.29304
0.293081
0.293138
0.2932
0.293233
0.293272
0.293351
0.293351
0.293427
0.293447
0.293473
0.293504
0.293556
0.293567
0.29359
0.293624
0.293659
0.293682
0.293716
0.293739
0.293769
0.293794
0.2938
0.29383
0.293838
0.293861
0.293876
0.293899
0.293914
0.293937
0.293954
0.293977
0.29399
0.294003
0.294009
0.294017
0.294028
0.29404
0.294051
0.294071
0.294074
0.294074
0.294086
0.294101
0.294105
0.294127
0.294127
0.294147
0.29415
0.29415
0.294169
0.294173
0.294192
0.294192
0.294198
0.294198
0.294198
0.294198
0.294198
0.294198
0.294198
0.294198
0.294198
0.294198
0.294198
0.294198
0.294198
0.294198
0.294198
0.294198
0.294198
0.294198
0.294198
0.294198
0.294198
0.294198
0.294198
0.294198
0.294198
0.2942
0.294224
0.294255
0.294345
0.294489
0.294636
0.294859
0.295051
0.295407
0.29565
0.295875
0.296315
0.296701
0.297019
0.297407
0.297685
0.298219
0.298472
0.298713
0.298971
0.299263
0.299483
0.29973
0.299913
0.300115
0.30031
0.300427
0.300534
0.300689
0.300805
0.300881
0.300985
0.301026
0.30114
0.301194
0.301274
0.301328
0.301381
0.301451
0.301497
0.301565
0.301634
0.30168
0.301748
0.301794
0.301863
0.301908
0.301977
0.302029
0.302091
0.302125
0.302186
0.302225
0.302277
0.302314
0.30236
0.302391
0.302436
0.302467
0.302505
0.302528
0.302563
0.302586
0.30262
0.302649
0.302663
0.302686
0.302711
0.302718
0.302739
0.302754
0.302777
0.302796
0.302804
0.302815
0.302823
0.302834
0.302842
0.302853
0.302866
0.302872
0.30288
0.302891
0.3029
0.30291
0.302918
0.302929
0.302937
0.302948
0.302957
0.30296
0.30296
0.30296
0.30296
0.30296
0.30296
0.30296
0.30296
0.30296
0.30296
0.30296
0.30296
0.30296
0.30296
0.30296
0.30296
0.30296
0.30296
0.30296
0.30296
0.30296
0.30296
0.30296
0.30296
0.30296
0.30296
0.30296
0.30296
0.30296
0.30296
0.30296
0.30296
0.30296
0.30296
0.30296
0.30296
0.30296
0.30296
0.30296
0.30296
0.302953
0.302946
0.302938
0.302923
0.302916
0.302908
0.302896
0.302889
0.302876
0.30287
0.302857
0.30285
0.302838
0.302828
0.302819
0.302809
0.302801
0.302794
0.302773
0.302773
0.302763
0.302763
0.302763
0.302763
0.302763
0.302763
0.302763
0.302763
0.302763
0.302763
0.302763
0.302763
0.302763
0.302763
0.30276
0.302753
0.302741
0.30273
0.302715
0.302703
0.302681
0.302677
0.302677
0.30267
0.302657
0.30265
0.302639
0.302627
0.302624
0.302612
0.302605
0.302581
0.302578
0.302569
0.302559
0.302555
0.302544
0.302543
0.302806
0.305857
0.305857
0.30859
0.312887
0.320725
0.333823
0.337896
0.351412
0.361379
0.371961
0.388686
0.401667
0.417747
0.435225
0.446666
0.463297
0.473929
0.489048
0.499666
0.528446
0.537986
0.537986
0.537986
0.547323
0.552971
0.560644
0.565271
0.571563
0.575371
0.580996
0.585297
0.588208
0.592295
0.594866
0.597338
0.600901
0.6032
0.606562
0.609032
0.612273
0.614407
0.61731
0.619399
0.622496
0.624532
0.627538
0.630479
0.632635
0.635206
0.637027
0.639674
0.641377
0.643233
0.645409
0.646926
0.649098
0.651146
0.652444
0.653841
0.655604
0.657124
0.658175
0.65967
0.66073
0.661962
0.662815
0.664032
0.664805
0.665911
0.666615
0.667626
0.668272
0.669201
0.669797
0.670656
0.671208
0.672006
0.67252
0.673263
0.673741
0.67449
0.675097
0.675523
0.675938
0.676537
0.676921
0.677476
0.677831
0.678344
0.678872
0.679182
0.679593
0.680055
0.680293
0.680556
0.680935
0.681177
0.681438
0.681746
0.681959
0.682265
0.68246
0.682741
0.68292
0.683178
0.683424
0.683582
0.683827
0.683954
0.684163
0.684298
0.684509
0.684616
0.684796
0.68491
0.685077
0.685184
0.685337
0.685436
0.685578
0.68567
0.685812
0.685885
0.686008
0.686123
0.686209
0.686313
0.686373
0.686442
0.686535
0.686627
0.686695
0.686769
0.686849
0.686909
0.686997
0.68702
0.687094
0.687111
0.687177
0.687239
0.687292
0.687335
0.687368
0.687422
0.687468
0.687502
0.687544
0.687574
0.68762
0.687654
0.687687
0.68771
0.687756
0.68777
0.687871
0.687882
0.687958
0.687967
0.687983
0.688065
0.688065
0.688141
0.688141
0.688164
0.688227
0.688227
0.688301
0.688311
0.688354
0.688354
0.688383
0.688383
0.689182
0.689535
0.701505
0.703816
0.736827
0.736827
0.780732
0.786406
0.828331
0.828331
0.862886
0.865748
0.886706
0.888985
0.902595
0.902595
0.911395
0.911395
0.918052
0.918682
0.925061
0.925061
0.931692
0.931692
0.937902
0.938589
0.942603
0.943056
0.945624
0.945747
0.946627
0.946688
0.947661
0.947661
0.949986
0.950207
0.953162
0.953403
0.954036
0.955014
0.95585
0.956377
0.957071
0.957615
0.958312
0.958759
0.959356
0.959779
0.960445
0.960845
0.961187
0.961807
0.962362
0.962853
0.963244
0.963872
0.964034
0.96439
0.964847
0.965139
0.965559
0.965827
0.966178
0.966452
0.966799
0.967098
0.967306
0.967505
0.967787
0.967967
0.968244
0.968463
0.968616
0.968834
0.968972
0.969171
0.969315
0.969437
0.969598
0.969768
0.969888
0.969994
0.97013
0.970287
0.970367
0.970504
0.970588
0.970725
0.970804
0.970871
0.970995
0.971092
0.971169
0.97123
0.971326
0.971417
0.971486
0.97157
0.971616
0.971696
0.971772
0.971817
0.971886
0.971932
0.971975
0.972032
0.972089
0.972132
0.97217
0.9722
0.972246
0.972288
0.972334
0.972364
0.972402
0.972425
0.972448
0.972497
0.972505
0.972539
0.972574
0.972593
0.972616
0.972631
0.972654
0.972669
0.972692
0.972715
0.97273
0.972747
0.972768
0.972801
0.972806
0.97283
0.972853
0.972888
0.972934
0.972949
0.973008
0.973041
0.973117
0.973137
0.973206
0.973299
0.973313
0.973394
0.973408
0.973465
0.973495
0.973541
0.973583
0.973603
0.973635
0.973658
0.973665
0.973684
0.973695
0.973711
0.973711
0.973711
0.973711
0.973696
0.973682
0.973656
0.973644
0.973598
0.973587
0.973553
0.973518
0.973484
0.973433
0.9734
0.973333
0.973283
0.973203
0.973049
0.973015
0.97298
0.972869
0.972697
0.972697
0.972569
0.972491
0.972457
0.972184
0.972184
0.972154
0.972093
0.972039
0.97198
0.971893
0.971846
0.971776
0.97173
0.971663
0.971591
0.971575
0.971495
0.971495
0.971449
0.971435
0.971395
0.971362
0.971356
0.971322
0.971317
0.97131
0.97131
0.971298
0.971291
0.971276
0.971272
0.971267
0.971267
0.971267
0.971267
0.971267
0.971267
0.971267
0.971267
0.971267
0.971267
0.971267
0.971267
0.971267
0.971267
0.971267
0.971267
0.971267
0.971267
0.971267
0.971267
0.971274
0.97129
0.971294
0.971306
0.97132
0.971324
0.971332
0.971344
0.971352
0.971362
0.971371
0.971382
0.971389
0.971396
0.971408
0.97142
0.971428
0.971438
0.971447
0.971457
0.971465
0.971477
0.971488
0.971497
0.971504
0.971515
0.971522
0.971535
0.971542
0.971554
0.971564
0.971573
0.97158
0.971592
0.971603
0.971611
0.971618
0.97163
0.971641
0.971649
0.97166
0.971667
0.971679
0.971687
0.971698
0.971705
0.971717
0.971725
0.971736
0.971747
0.971755
0.971766
0.971778
0.971786
0.971794
0.971802
0.971808
0.971811
0.971811
0.971811
0.971811
0.971811
0.971811
0.971811
0.971811
0.971811
0.971811
0.971811
0.971821
0.971829
0.97184
0.971849
0.971859
0.971871
0.971879
0.971891
0.971898
0.971914
0.971917
0.971928
0.971937
0.971947
0.971959
0.971966
0.971974
0.971986
0.971993
0.972004
0.972012
0.972013
0.972013
0.972013
0.972013
0.972013
0.972013
0.972013
0.972013
0.972013
0.972013
0.972013
