0
0
0
0
0
0
0
0
0
0
0
0
0
0
0
0
0
0
0
0
0
0
0
0
0
0
0
0
0
0
0
0
0
0
0
0
0
0
0
0
0
0
0
0
0
0
0
0
0
0
0
0
0
0
0
0
0
0
0
0
0
0
0
0
0
0
0
0
0
0
0
0
0
0
0
0
0
0
0
0
0
0
0
0
0
0
0
0
0
0
0
0
0
0
0
0
0
0
0
0
0
0
0
0
0
0
0
0
0
0
0
0
0
0
0
0
0
0
0
0
0
0
0
0
0
0
0
0
0
0
0
0
0
0
0
0
0
0
0
0
0
0
0
0
0
0
0
0
0
0
0
0
0
0
0
0
0
-0.0112638
-0.0112648
-0.0112715
-0.011528
-0.0132885
-0.0138407
-0.0155964
-0.0170488
-0.0204229
-0.0224094
-0.0256739
-0.0275545
-0.0299034
-0.0306978
-0.0312757
-0.0311518
-0.0300779
-0.0291166
-0.0267639
-0.0252829
-0.0222492
-0.0203161
-0.0174141
-0.0157967
-0.0129814
-0.011446
-0.00944233
-0.00846958
-0.00703239
-0.00646591
-0.00576973
-0.00558376
-0.00553513
-0.00566101
-0.00606632
-0.00672531
-0.00722885
-0.00828075
-0.00887489
-0.00947094
-0.0101471
-0.0109396
-0.0115595
-0.01231
-0.0127726
-0.0133715
-0.0137253
-0.0141306
-0.0145788
-0.0146828
-0.0148201
-0.0149736
-0.015048
-0.0151024
-0.0151224
-0.01511
-0.0150881
-0.0150518
-0.0150156
-0.0149584
-0.0149164
-0.0148745
-0.0148478
-0.0148115
-0.014801
-0.0147934
-0.0148001
-0.0148182
-0.0148354
-0.0148735
-0.0149002
-0.0149536
-0.0150137
-0.0150518
-0.0150928
-0.0151548
-0.0152111
-0.015255
-0.0153093
-0.0153513
-0.0154047
-0.01544
-0.0154781
-0.0155125
-0.0155468
-0.0155716
-0.0155916
-0.0156202
-0.0156336
-0.0156488
-0.0156622
-0.0156755
-0.0156879
-0.0157013
-0.015707
-0.0157108
-0.0157089
-0.0157108
-0.0157099
-0.0157127
-0.0157127
-0.0157118
-0.0157089
-0.015708
-0.0157137
-0.0157223
-0.015727
-0.0157347
-0.0157433
-0.015748
-0.0157566
-0.0157604
-0.0157661
-0.01577
-0.0157757
-0.0157804
-0.0157862
-0.01579
-0.0157928
-0.0157967
-0.0158014
-0.0157948
-0.015789
-0.0157785
-0.0157766
-0.0157661
-0.0157604
-0.0157509
-0.0157404
-0.0157366
-0.0157299
-0.0157213
-0.0157118
-0.0157013
-0.0156889
-0.0156841
-0.0156784
-0.015666
-0.0156593
-0.0156479
-0.0156412
-0.0156269
-0.0156145
-0.0156107
-0.0156097
-0.0156107
-0.0156078
-0.0156088
-0.0156069
-0.0156069
-0.015605
-0.015604
-0.0156021
-0.0156002
-0.0155993
-0.0155964
-0.0155964
-0.0155945
-0.0155916
-0.0155897
-0.0155811
-0.0155725
-0.0155582
-0.0155497
-0.0155334
-0.0155239
-0.0155077
-0.0154972
-0.0154819
-0.0154715
-0.0154552
-0.0154457
-0.0154343
-0.0154171
-0.0154028
-0.0153866
-0.0153818
-0.0153799
-0.0153751
-0.0153713
-0.0153666
-0.0153618
-0.015357
-0.0153503
-0.0153475
-0.0153446
-0.0153399
-0.0153332
-0.0153303
-0.0153275
-0.0153208
-0.0153179
-0.0153112
-0.0153065
-0.0153036
-0.0152969
-0.0152931
-0.0152903
-0.0152855
-0.0152788
-0.015276
-0.0152674
-0.0152636
-0.0152569
-0.0152531
-0.0152454
-0.0152426
-0.015233
-0.0152206
-0.0152006
-0.0151911
-0.0151711
-0.0151606
-0.0151405
-0.01513
-0.015111
-0.0150995
-0.0150928
-0.0150881
-0.0150795
-0.0150776
-0.01507
-0.0150642
-0.0150585
-0.0150509
-0.015048
-0.0150423
-0.0150375
-0.015029
-0.0150251
-0.0150175
-0.0150089
-0.0150042
-0.0149994
-0.0149927
-0.014986
-0.0149803
-0.0149765
-0.0149689
-0.014966
-0.0149574
-0.0149527
-0.014945
-0.0149393
-0.0149326
-0.0149279
-0.0149193
-0.0149145
-0.0149088
-0.014904
-0.0148964
-0.0148964
-0.0148964
-0.0148964
-0.0148964
-0.0148964
-0.0148964
-0.0148964
-0.0148964
-0.0148964
-0.0148964
-0.0148964
-0.0148964
-0.0148964
-0.0148964
-0.0148964
-0.0148964
-0.0148964
-0.0148964
-0.0148964
-0.0148964
-0.0148964
-0.0148964
-0.0148964
-0.0148964
-0.0148964
-0.0148964
-0.0148964
-0.0148964
-0.0148964
-0.0148964
-0.0148964
-0.0148964
-0.0148964
-0.0148964
-0.0148964
-0.0148964
-0.0148964
-0.0148964
-0.0148964
-0.0148964
-0.0148964
-0.0148964
-0.0148964
-0.0148964
-0.0148964
-0.0148964
-0.0148964
-0.0148964
-0.0148964
-0.0148964
-0.0148964
-0.0148964
-0.0148964
-0.0148964
-0.0148964
-0.0148964
-0.0148964
-0.0148964
-0.0148964
-0.0148964
-0.0148964
-0.0148964
-0.0148964
-0.0148964
-0.0148964
-0.0148964
-0.0148964
-0.0148964
-0.0148964
-0.0148964
-0.0148964
-0.0148964
-0.0148964
-0.0148964
-0.0148964
-0.0148964
-0.0148964
-0.0148964
-0.0148964
-0.0148964
-0.0148964
-0.0148964
-0.0148964
-0.0148964
-0.0148964
-0.0148964
-0.0148964
-0.0148964
-0.0148964
-0.0148964
-0.0148964
-0.0148964
-0.0148964
-0.0148964
-0.0148964
-0.0148964
-0.0148964
-0.0148964
-0.0148964
-0.0148964
-0.0148964
-0.0148964
-0.0148964
-0.0148964
-0.0148964
-0.0148964
-0.0148964
-0.0148964
-0.0148964
-0.0148964
-0.0148964
-0.0148964
-0.0148964
-0.0148964
-0.0148964
-0.0148964
-0.0148964
-0.0148964
-0.0148964
-0.0148964
-0.0148964
-0.0148964
-0.0148964
-0.0148964
-0.0148964
-0.0148964
-0.0148964
-0.0148964
-0.0148964
-0.0148964
-0.0148964
-0.0148964
-0.0148964
-0.0148964
-0.0148964
-0.0148964
-0.0148964
-0.0148964
-0.0148964
-0.0148964
-0.0148964
-0.0148964
-0.0148964
-0.0148964
-0.0148964
-0.0148964
-0.0148964
-0.0148964
-0.0148964
-0.0148964
-0.0148964
-0.0148964
-0.0148964
-0.0148964
-0.0148964
-0.0148964
-0.0148964
-0.0148964
-0.0148964
-0.0148964
-0.0148964
-0.0148964
-0.0148964
-0.0148964
-0.0148964
-0.0148964
-0.0148964
-0.0148964
-0.0148964
-0.0148964
-0.0148964
-0.0148964
-0.0148964
-0.0148964
-0.0148964
-0.0148964
-0.0148964
-0.0148964
-0.0148964
-0.0148964
-0.0148964
-0.0148964
-0.0148964
-0.0148964
-0.0148964
-0.0148964
-0.0148964
-0.0148964
-0.0423069
-0.0423069
-0.0423069
-0.0423069
-0.0423069
-0.0423069
-0.0423069
-0.0423069
-0.0423069
-0.0423069
-0.0423069
-0.0423069
-0.0423069
-0.0423069
-0.0423069
-0.0423069
-0.0423069
-0.0423069
-0.0423069
-0.0423069
-0.0423069
-0.0423069
-0.0423069
-0.0423069
-0.0423069
-0.0423069
-0.0423069
-0.0423069
-0.0423069
-0.0423069
-0.0423069
-0.0423069
-0.0423069
-0.0423069
-0.0423069
-0.0423069
-0.0423069
-0.0423069
-0.0423069
-0.0423069
-0.0423069
-0.0423069
-0.0423069
-0.0423069
-0.0423069
-0.0423069
-0.0423069
-0.0423069
-0.0423069
-0.0423069
-0.0423069
-0.0423069
-0.0423069
-0.0423069
-0.0423069
-0.0423069
-0.0423069
-0.0423069
-0.0423069
-0.0423069
-0.0423069
-0.0423069
-0.0423069
-0.0423069
-0.0423069
-0.0423069
-0.0423069
-0.0423069
-0.0423069
-0.0423069
-0.0423069
-0.0423069
-0.0423069
-0.0423069
-0.0423069
-0.0423069
-0.0423069
-0.0423069
-0.0423069
-0.0423069
-0.0423069
-0.0423069
-0.0423069
-0.0423069
-0.0423069
-0.0423069
-0.0423069
-0.0423069
-0.0423069
-0.0423069
-0.0423069
-0.0423069
-0.0423069
-0.0423069
-0.0423069
-0.0423069
-0.0423069
-0.0423069
-0.0423069
-0.0423069
-0.0423069
-0.0423069
-0.0423069
-0.0423069
-0.0423069
-0.0423069
-0.0423069
-0.0423069
-0.0423069
-0.0423069
-0.0423069
-0.0423069
-0.0423069
-0.0423069
-0.0423069
-0.0423069
-0.0423069
-0.0423069
-0.0423069
-0.0423069
-0.0423069
-0.0423069
-0.0423069
-0.0423069
-0.0423069
-0.0423069
-0.0423069
-0.0423069
-0.0423069
-0.0423069
-0.0423069
-0.0423069
-0.0423069
-0.0423069
-0.0423069
-0.0423069
-0.0423069
-0.0423069
-0.0423069
-0.0423069
-0.0423069
-0.0423069
-0.0423069
-0.0423069
-0.0423069
-0.0423069
-0.0423069
-0.0423069
-0.0423069
-0.0423069
-0.0423069
-0.0423069
-0.0423069
-0.0423069
-0.0423069
-0.0423069
-0.0423069
-0.0423069
-0.0423069
-0.0423069
-0.0423069
-0.0423069
-0.0423069
-0.0423069
-0.0423069
-0.0423069
-0.0423069
-0.0423069
-0.0423069
-0.0423069
-0.0423069
-0.0423069
-0.0423069
-0.0423069
-0.0423069
-0.0423069
-0.0423069
-0.0423069
-0.0423069
-0.0423069
-0.0423069
-0.0423069
-0.0423069
-0.0423069
-0.0423069
-0.0423069
-0.0423069
-0.0996704
-0.0996704
-0.0996704
-0.0996704
-0.0996704
-0.0996704
-0.0996704
-0.0996704
-0.0996704
-0.0996704
-0.0996704
-0.0996704
-0.0996704
-0.0996704
-0.0996704
-0.0996704
-0.0996704
-0.0996704
-0.0996704
-0.0996704
-0.0996704
-0.0996704
-0.0996704
-0.0996704
-0.0996704
-0.0996704
-0.0996704
-0.0996704
-0.0996704
-0.0996704
-0.0996704
-0.0996704
-0.0996704
-0.0996704
-0.0996704
-0.0996704
-0.0996704
-0.0996704
-0.0996704
-0.0996704
-0.0996704
-0.0996704
-0.0996704
-0.0996704
-0.0996704
-0.0996704
-0.0996704
-0.0996704
-0.0996704
-0.0996704
-0.0996704
-0.0996704
-0.0996704
-0.0996704
-0.0996704
-0.0996704
-0.0996704
-0.0996704
-0.0996704
-0.0996704
-0.0996704
-0.0996704
-0.0996704
-0.0996704
-0.0996704
-0.0996704
-0.0996704
-0.0996704
-0.0996704
-0.0996704
-0.0996704
-0.0996704
-0.0996704
-0.0996704
-0.0996704
-0.0996704
-0.0996704
-0.0996704
-0.0996704
-0.0996704
-0.0996704
-0.0996704
-0.0996704
-0.0996704
-0.0996704
-0.0996704
-0.0996704
-0.0996704
-0.0996704
-0.0996704
-0.0996704
-0.0996704
-0.0996704
-0.0996704
-0.0996704
-0.0996704
-0.0996704
-0.0996704
-0.0996704
-0.0996704
-0.0996704
-0.0996704
-0.0996704
-0.0996704
-0.0996704
-0.0996704
-0.0996704
-0.0996704
-0.0996704
-0.0996704
-0.0996704
-0.0996704
-0.0996704
-0.0996704
-0.0996704
-0.0996704
-0.0996704
-0.0996704
-0.0996704
-0.0996704
-0.0996704
-0.0996704
-0.0996704
-0.0996704
-0.0996704
-0.0996704
-0.0996704
-0.0996704
-0.0996704
-0.0996704
-0.0996704
-0.0996704
-0.0996704
-0.0996704
-0.0996704
-0.0996704
-0.0996704
-0.0996704
-0.0996704
-0.0996704
-0.0996704
-0.0996704
-0.0996704
-0.0996704
-0.0996704
-0.0996704
-0.0996704
-0.0996704
-0.0996704
-0.0996704
-0.0996704
-0.0996704
-0.0996704
-0.0996704
-0.0996704
-0.0996704
-0.0996704
-0.0996704
-0.0996704
-0.0996704
-0.0996704
-0.0996704
-0.0996704
-0.0996704
-0.0996704
-0.0996704
-0.0996704
-0.0996704
-0.0996704
-0.0996704
-0.0996704
-0.0996704
-0.0996704
-0.0996704
-0.0996704
-0.0996704
-0.0996704
-0.0996704
-0.0996704
-0.0996704
-0.0996704
-0.0996704
-0.0996704
-0.199257
-0.199257
-0.199257
-0.199257
-0.199257
-0.199257
-0.199257
-0.199257
-0.199257
-0.199257
-0.199257
-0.199257
-0.199257
-0.199257
-0.199257
-0.199257
-0.199257
-0.199257
-0.199257
-0.199257
-0.199257
-0.199257
-0.199257
-0.199257
-0.199257
-0.199257
-0.199257
-0.199257
-0.199257
-0.199257
-0.199257
-0.199257
-0.199257
-0.199257
-0.199257
-0.199257
-0.199257
-0.199257
-0.199257
-0.199257
-0.199257
-0.199257
-0.199257
-0.199257
-0.199257
-0.199257
-0.199257
-0.199257
-0.199257
-0.199257
-0.199257
-0.199257
-0.199257
-0.199257
-0.199257
-0.199257
-0.199257
-0.199257
-0.199257
-0.199257
-0.199257
-0.199257
-0.199257
-0.199257
-0.199257
-0.199257
-0.199257
-0.199257
-0.199257
-0.199257
-0.199257
-0.199257
-0.199257
-0.199257
-0.199257
-0.199257
-0.199257
-0.199257
-0.199257
-0.199257
-0.199257
-0.199257
-0.199257
-0.199257
-0.199257
-0.199257
-0.199257
-0.199257
-0.199257
-0.199257
-0.199257
-0.199257
-0.199257
-0.199257
-0.199257
-0.199257
-0.199257
-0.199257
-0.199257
-0.199257
-0.199257
-0.199257
-0.199257
-0.199257
-0.199257
-0.199257
-0.199257
-0.199257
-0.199257
-0.199257
-0.199257
-0.199257
-0.199257
-0.199257
-0.199257
-0.199257
-0.199257
-0.199257
-0.199257
-0.199257
-0.199257
-0.199257
-0.199257
-0.199257
-0.199257
-0.199257
-0.199257
-0.199257
-0.199257
-0.199257
-0.199257
-0.199257
-0.199257
-0.199257
-0.199257
-0.199257
-0.199257
-0.199257
-0.199257
-0.199257
-0.199257
-0.199257
-0.199257
-0.199257
-0.199257
-0.199257
-0.199257
-0.199257
-0.199257
-0.199257
-0.199257
-0.199257
-0.199257
-0.199257
-0.199257
-0.199257
-0.199257
-0.199257
-0.199257
-0.199257
-0.199257
-0.199257
-0.199257
-0.199257
-0.199257
-0.199257
-0.199257
-0.199257
-0.199257
-0.199257
-0.199257
-0.199257
-0.199257
-0.199257
-0.199257
-0.199257
-0.199257
-0.199257
-0.199257
-0.199257
-0.199257
-0.199257
-0.199257
-0.199257
-0.199257
-0.199257
-0.199257
-0.199257
0.170258
0.170258
0.170258
0.170258
0.170258
0.170258
0.170258
0.170258
0.170258
0.170258
0.170258
0.170258
0.170258
0.170258
0.170258
0.170258
0.170258
0.170258
0.170258
0.170258
0.170258
0.170258
0.170258
0.170258
0.170258
0.170258
0.170258
0.170258
0.170258
0.170258
0.170258
0.170258
0.170258
0.170258
0.170258
0.170258
0.170258
0.170258
0.170258
0.170258
0.170258
0.170258
0.170258
0.170258
0.170258
0.170258
0.170258
0.170258
0.170258
0.170258
0.170258
0.170258
0.170258
0.170258
0.170258
0.170258
0.170258
0.170258
0.170258
0.170258
0.170258
0.170258
0.170258
0.170258
0.170258
0.170258
0.170258
0.170258
0.170258
0.170258
0.170258
0.170258
0.170258
0.170258
0.170258
0.170258
0.170258
0.170258
0.170258
0.170258
0.170258
0.170258
0.170258
0.170258
0.170258
0.170258
0.170258
0.170258
0.170258
0.170258
0.170258
0.170258
0.170258
0.170258
0.170258
0.170258
0.170258
0.170258
0.170258
0.170258
0.170258
0.170258
0.170258
0.170258
0.170258
0.170258
0.170258
0.170258
0.170258
0.170258
0.170258
0.170258
0.170258
0.170258
0.170258
0.170258
0.170258
0.170258
0.170258
0.170258
0.170258
0.170258
0.170258
0.170258
0.170258
0.170258
0.170258
0.170258
0.170258
0.170258
0.170258
0.170258
0.170258
0.170258
0.170258
0.170258
0.170258
0.170258
0.170258
0.170258
0.170258
0.170258
0.170258
0.170258
0.170258
0.170258
0.170258
0.170258
0.170258
0.170258
0.170258
0.170258
0.170258
0.170258
0.170258
0.170258
0.170258
0.170258
0.170258
0.170258
0.170258
0.170258
0.170258
0.170258
0.170258
0.170258
0.170258
0.170258
0.170258
0.170258
0.170258
0.170258
0.170258
0.170258
0.170258
0.170258
0.0670471
0.0670471
0.0670471
0.0670471
0.0670471
0.0670471
0.0670471
0.0670471
0.0670471
0.0670471
0.0670471
0.0670471
0.0670471
0.0670471
0.0670471
0.0670471
0.0670471
0.0670471
0.0670471
0.0670471
0.0670471
0.0670471
0.0670471
0.0670471
0.0670471
0.0670471
0.0670471
0.0670471
0.0670471
0.0670471
0.0670471
0.0670471
0.0670471
0.0670471
0.0670471
0.0670471
0.0670471
0.0670471
0.0670471
0.0670471
0.0670471
0.0670471
0.0670471
0.0670471
0.0670471
0.0670471
0.0670471
0.0670471
0.0670471
0.0670471
0.0670471
0.0670471
0.0670471
0.0670471
0.0670471
0.0670471
0.0670471
0.0670471
0.0670471
0.0670471
0.0670471
0.0670471
0.0670471
0.0670471
0.0670471
0.0670471
0.0670471
0.0670471
0.0670471
0.0670471
0.0670471
0.0670471
0.0670471
0.0670471
0.0670471
0.0670471
0.0670471
0.0670471
0.0670471
0.0670471
0.0670471
0.0670471
0.0670471
0.0670471
0.0670471
0.0670471
0.0670471
0.0670471
0.0670471
0.0670471
0.0670471
0.0670471
0.0670471
0.0670471
0.0670471
0.0670471
0.0670471
0.0670471
0.0670471
0.0670471
0.0670471
0.0670471
0.0670471
0.0670471
0.0670471
0.0670471
0.0670471
0.0670471
0.0670471
0.0670471
0.0670471
0.0670471
0.0670471
0.0670471
0.0670471
0.0670471
0.0670471
0.0670471
0.0670471
0.0670471
0.0670471
0.0670471
0.0670471
0.0670471
0.0670471
0.0670471
0.0670471
0.0670471
0.0670471
0.0670471
0.0670471
0.0670471
0.0670471
0.0670471
0.0670471
0.0670471
0.0670471
0.0670471
0.0670471
0.0670471
0.0670471
0.0670471
0.0670471
0.0670471
0.0670471
0.0670471
0.0670471
0.0670471
0.0670471
0.0670471
0.0670471
0.0670471
0.0670471
0.0670471
0.0670471
0.0670471
0.0670471
0.0670471
0.0670471
0.0670471
0.0670471
0.0670471
0.0670471
0.0670471
0.0670471
-0.20285
-0.20285
-0.20285
-0.20285
-0.20285
-0.20285
-0.20285
-0.20285
-0.20285
-0.20285
-0.20285
-0.20285
-0.20285
-0.20285
-0.20285
-0.20285
-0.20285
-0.20285
-0.20285
-0.20285
-0.20285
-0.20285
-0.20285
-0.20285
-0.20285
-0.20285
-0.20285
-0.20285
-0.20285
-0.20285
-0.20285
-0.20285
-0.20285
-0.20285
-0.20285
-0.20285
-0.20285
-0.20285
-0.20285
-0.20285
-0.20285
-0.20285
-0.20285
-0.20285
-0.20285
-0.20285
-0.20285
-0.20285
-0.20285
-0.20285
-0.20285
-0.20285
-0.20285
-0.20285
-0.20285
-0.20285
-0.20285
-0.20285
-0.20285
-0.20285
-0.20285
-0.20285
-0.20285
-0.20285
-0.20285
-0.20285
-0.20285
-0.20285
-0.20285
-0.20285
-0.20285
-0.20285
-0.20285
-0.20285
-0.20285
-0.20285
-0.20285
-0.20285
-0.20285
-0.20285
-0.20285
-0.20285
-0.20285
-0.20285
-0.20285
-0.20285
-0.20285
-0.20285
-0.20285
-0.20285
-0.20285
-0.20285
-0.20285
-0.20285
-0.20285
-0.20285
-0.20285
-0.20285
-0.20285
-0.20285
-0.20285
-0.20285
-0.20285
-0.20285
-0.20285
-0.20285
-0.20285
-0.20285
-0.20285
-0.20285
-0.20285
-0.20285
-0.20285
-0.20285
-0.20285
-0.20285
-0.20285
-0.20285
-0.20285
-0.20285
-0.20285
-0.20285
-0.20285
-0.20285
-0.20285
-0.20285
-0.20285
-0.20285
-0.20285
-0.20285
-0.20285
-0.20285
-0.20285
-0.20285
-0.20285
-0.20285
-0.20285
-0.20285
-0.20285
-0.20285
-0.20285
-0.20285
-0.20285
-0.20285
-0.20285
-0.20285
-0.20285
-0.20285
-0.20285
-0.20285
-0.20285
-0.20285
-0.20285
-0.20285
-0.20285
-0.20285
-0.20285
-0.20285
-0.20285
-0.20285
-0.20285
-0.20285
-0.20285
-0.20285
-0.20285
-0.20285
-0.20285
-0.20285
-0.20285
