-4.69483e+15
-4.69483e+15
-4.69483e+15
-4.69483e+15
-4.69483e+15
-4.69483e+15
-4.69483e+15
-4.69483e+15
-4.69483e+15
-4.69483e+15
-4.69483e+15
-4.69483e+15
-4.69483e+15
-4.69483e+15
-4.69483e+15
-4.69483e+15
-4.69483e+15
-4.69483e+15
-4.69483e+15
-4.69483e+15
-4.69483e+15
-4.69483e+15
-4.69483e+15
-4.69483e+15
-4.69483e+15
-4.69483e+15
-4.69483e+15
-4.69483e+15
-4.69483e+15
-4.69483e+15
-4.69483e+15
-4.69483e+15
-4.69483e+15
-4.69483e+15
-4.69483e+15
-4.69483e+15
-4.69483e+15
-4.69483e+15
-4.69483e+15
-4.69483e+15
-4.69483e+15
-4.69483e+15
-4.69483e+15
-4.69483e+15
-4.69483e+15
-4.69483e+15
-4.69483e+15
-4.69483e+15
-4.69483e+15
-4.69483e+15
-4.69483e+15
-4.69483e+15
-4.69483e+15
-4.69483e+15
-4.69483e+15
-4.69483e+15
-4.69483e+15
-4.69483e+15
-4.69483e+15
-4.69483e+15
-4.69483e+15
-4.69483e+15
-4.69483e+15
-4.69483e+15
-4.69483e+15
-4.69483e+15
-4.69483e+15
-4.69483e+15
-4.69483e+15
-4.69483e+15
-4.69483e+15
-4.69483e+15
-4.69483e+15
-4.69483e+15
-0.146509
-0.146509
-0.146509
-0.146509
-0.146509
-0.146509
-0.146509
-0.146509
-0.146509
-0.146509
-0.146509
-0.146509
-0.146509
-0.146509
-0.146509
-0.146509
-0.146509
-0.146509
-0.146509
-0.146509
-0.146509
-0.146509
-0.146509
-0.146509
-0.146509
-0.146509
-0.146509
-0.146509
-0.146509
-0.146509
-0.146509
-0.146509
-0.146509
-0.146509
-0.146509
-0.146509
-0.146509
-0.146509
-0.146509
-0.146509
-0.146509
-0.146509
-0.146509
-0.146509
-0.146509
-0.146509
-0.146509
-0.146509
-0.146509
-0.146509
-0.146509
-0.146509
-0.146509
-0.146509
-0.146509
-0.146509
-0.146509
-0.146509
-0.146509
-0.146509
-0.146509
-0.146509
-0.146509
-0.146509
-0.146509
-0.146509
-0.146509
-0.146509
-0.146509
-0.146509
-0.146509
-0.146509
-0.146509
-0.146509
-0.146509
-0.146509
-0.146509
-0.146509
-0.146509
-0.146509
-0.146509
-0.146509
-0.146509
-0.146509
-0.146509
-0.146509
-0.146509
-0.146509
-0.146509
-0.146509
-0.146509
-0.146509
-0.146509
-0.146509
-0.146509
-0.146509
-0.146509
-0.146509
-0.146509
-0.146509
-0.146509
-0.146509
-0.146509
-0.146509
-0.146509
-0.146509
-0.146509
-0.146509
-0.146509
-0.146509
-0.146509
-0.146509
-0.146509
-0.146509
-0.146509
-0.146509
-0.146509
-0.146509
-0.146509
-0.146509
-0.146509
-0.146509
-0.146509
-0.146509
-0.146509
-0.146509
-0.146509
-0.146509
-0.146509
-0.146509
-0.146509
-0.146509
-0.146509
-0.146509
-0.146509
-0.146509
-0.146509
-0.146509
-0.146509
-0.146509
-0.146509
-0.146509
-0.146509
-0.146509
-0.146509
-0.146509
-0.146509
-0.146509
-0.146509
-0.146509
-0.146509
-0.146509
-0.146509
-0.146509
-0.146509
-0.146509
-0.146509
-0.146509
-0.146509
-0.146509
-0.146509
-0.146509
-0.146509
-0.146509
-0.146509
-0.146509
-0.146509
-0.146509
-0.146509
-0.146509
-0.146509
-0.146509
-0.146509
-0.146509
-0.146509
-0.146509
-0.146509
-0.146509
-0.146509
-0.146509
-0.146509
-0.146509
-0.146509
-0.146509
-0.146509
-0.146509
-0.146509
-0.146509
-0.146509
-0.146509
-0.146509
-0.146509
-0.146509
-0.146509
-0.146509
-0.146509
-0.146509
-0.146509
-0.146509
-0.146509
-0.146509
-0.146509
-0.146509
-0.146509
-0.146509
-0.146509
-0.146509
-0.146509
-0.146509
-0.146509
-0.146509
-0.146509
-0.146509
-0.146509
-0.146509
-0.146509
-0.146509
-0.146509
-0.146509
-0.146509
-0.146509
-0.146509
-0.146509
-0.146509
-0.146509
-0.146509
-0.146509
-0.146509
-0.146509
-0.146509
-0.146509
-0.146509
-0.146509
-0.146509
-0.146509
-0.146509
-0.146509
-0.146509
-0.146509
-0.146509
-0.146509
-0.146509
-0.146509
-0.146509
-0.146509
-0.146509
-0.146509
-0.146509
-0.146509
-0.146509
-0.146509
-0.336104
-0.352021
-0.358344
-0.36205
-0.364438
-0.365946
-0.366875
-0.367532
-0.368037
-0.36847
-0.36888
-0.369282
-0.369654
-0.370014
-0.370343
-0.37065
-0.370935
-0.371176
-0.371405
-0.371598
-0.371773
-0.371917
-0.372042
-0.372137
-0.372204
-0.372233
-0.372228
-0.372176
-0.372087
-0.371963
-0.371786
-0.371557
-0.371303
-0.370976
-0.370626
-0.370269
-0.369853
-0.369456
-0.369027
-0.368604
-0.368165
-0.367751
-0.367308
-0.366835
-0.366329
-0.365826
-0.365342
-0.364898
-0.364507
-0.364171
-0.363903
-0.363708
-0.363566
-0.363472
-0.36344
-0.363448
-0.363513
-0.363601
-0.363733
-0.363887
-0.364051
-0.364216
-0.364384
-0.364544
-0.364698
-0.36484
-0.364969
-0.365083
-0.365177
-0.365261
-0.36533
-0.365383
-0.365426
-0.365459
-0.365476
-0.365472
-0.365454
-0.365433
-0.365416
-0.365414
-0.365428
-0.365469
-0.36553
-0.365622
-0.365743
-0.365884
-0.36605
-0.366228
-0.366428
-0.366636
-0.366853
-0.36707
-0.367282
-0.367489
-0.367683
-0.367864
-0.368027
-0.368169
-0.368293
-0.368395
-0.368471
-0.368529
-0.368565
-0.368583
-0.368585
-0.368576
-0.368546
-0.368498
-0.368434
-0.368368
-0.368307
-0.368254
-0.368221
-0.368206
-0.368217
-0.368248
-0.368309
-0.368391
-0.368499
-0.368631
-0.368776
-0.36894
-0.369109
-0.369287
-0.369465
-0.369642
-0.36981
-0.369969
-0.370116
-0.37025
-0.370366
-0.370466
-0.370546
-0.370612
-0.370657
-0.370683
-0.370697
-0.370697
-0.370684
-0.370653
-0.370614
-0.370569
-0.370528
-0.370494
-0.370483
-0.370478
-0.370487
-0.370529
-0.370576
-0.370647
-0.370732
-0.370838
-0.370954
-0.371082
-0.37122
-0.371367
-0.371516
-0.371664
-0.371809
-0.371945
-0.372074
-0.372189
-0.372293
-0.372381
-0.372456
-0.372512
-0.372557
-0.372586
-0.372514
-0.372427
-0.372326
-0.37222
-0.372112
-0.372003
-0.371902
-0.371817
-0.371739
-0.371674
-0.371629
-0.371597
-0.37158
-0.371584
-0.3716
-0.371633
-0.371676
-0.371732
-0.371797
-0.371865
-0.371936
-0.372007
-0.372074
-0.372134
-0.372188
-0.37223
-0.372264
-0.37228
-0.372295
-0.372298
-0.372288
-0.37227
-0.372242
-0.372204
-0.372159
-0.372114
-0.372072
-0.372037
-0.372012
-0.371998
-0.371993
-0.372004
-0.372025
-0.372062
-0.372113
-0.372172
-0.372236
-0.372309
-0.372387
-0.372468
-0.37255
-0.372631
-0.372708
-0.37278
-0.372845
-0.372901
-0.372944
-0.372976
-0.372999
-0.373014
-0.373017
-0.373013
-0.372997
-0.372971
-0.372942
-0.37291
-0.37288
-0.372852
-0.372832
-0.372818
-0.372815
-0.372806
-0.372811
-0.372828
-0.372853
-0.372886
-0.372931
-0.37298
-0.373039
-0.373099
-0.373161
-0.373223
-0.373284
-0.373342
-0.373395
-0.373443
-0.373482
-0.373515
-0.373537
-0.373554
-0.373561
-0.373558
-0.373548
-0.373532
-0.373511
-0.373486
-0.373463
-0.373442
-0.373425
-0.373416
-0.373413
-0.373419
-0.373435
-0.373462
-0.373492
-0.373531
-0.373575
-0.373623
-0.373677
-0.373735
-0.373794
-0.373853
-0.37391
-0.373965
-0.374015
-0.37406
-0.3741
-0.374132
-0.374155
-0.374173
-0.374182
-0.374185
-0.374183
-0.374173
-0.37416
-0.374145
-0.37413
-0.374117
-0.374108
-0.374107
-0.374109
-0.374121
-0.374139
-0.374167
-0.374203
-0.374245
-0.374295
-0.374348
-0.374407
-0.374468
-0.37453
-0.374593
-0.374656
-0.374717
-0.374774
-0.374827
-0.374874
-0.374916
-0.374951
-0.374981
-0.375002
-0.375018
-0.375028
-0.375034
-0.375038
-0.375043
-0.375049
-0.375059
-0.375072
-0.375089
-0.375113
-0.375141
-0.375176
-0.375216
-0.375263
-0.375312
-0.375367
-0.375424
-0.375483
-0.375543
-0.375603
-0.375662
-0.375717
-0.375769
-0.375815
-0.375861
-0.3759
-0.375933
-0.375958
-0.375981
-0.375997
-0.37601
-0.376021
-0.376032
-0.376043
-0.376057
-0.376075
-0.376095
-0.376121
-0.376155
-0.376191
-0.376234
-0.376283
-0.376334
-0.37639
-0.376447
-0.376507
-0.376568
-0.37663
-0.376691
-0.376751
-0.376808
-0.376861
-0.376911
-0.376955
-0.376994
-0.377028
-0.377057
-0.37708
-0.3771
-0.377116
-0.37713
-0.377144
-0.377157
-0.377173
-0.377193
-0.377216
-0.377242
-0.377273
-0.377308
-0.377349
-0.377394
-0.377442
-0.377493
-0.377547
-0.377603
-0.377659
-0.377716
-0.377772
-0.377826
-0.377879
-0.377928
-0.377973
-0.378015
-0.378052
-0.378084
-0.378112
-0.378135
-0.378156
-0.378174
-0.378192
-0.37821
-0.378229
-0.37825
-0.378275
-0.378303
-0.378336
-0.378374
-0.378413
-0.378457
-0.378504
-0.378554
-0.378607
-0.378661
-0.378716
-0.378772
-0.378827
-0.378881
-0.378933
-0.378983
-0.379029
-0.379072
-0.379111
-0.379146
-0.379176
-0.379203
-0.379225
-0.379245
-0.379262
-0.37928
-0.379297
-0.379316
-0.379336
-0.379359
-0.379386
-0.379418
-0.379453
-0.37949
-0.379532
-0.379578
-0.379625
-0.379676
-0.379727
-0.37978
-0.379833
-0.379886
-0.379938
-0.379989
-0.380037
-0.380083
-0.380126
-0.380166
-0.380203
-0.380236
-0.380265
-0.380291
-0.380315
-0.380339
-0.380363
-0.380388
-0.380416
-0.380446
-0.380477
-0.380513
-0.380552
-0.380594
-0.380638
-0.380685
-0.380734
-0.380785
-0.380838
-0.380891
-0.380944
-0.380998
-0.38105
-0.381101
-0.38115
-0.381197
-0.381241
-0.381281
-0.381318
-0.381352
-0.381383
-0.381411
-0.381435
-0.381458
-0.381479
-0.381501
-0.381523
-0.381546
-0.38157
-0.381598
-0.381631
-0.381664
-0.381699
-0.381738
-0.38178
-0.381824
-0.38187
-0.381918
-0.381967
-0.382016
-0.382065
-0.382114
-0.382161
-0.382208
-0.382252
-0.382294
-0.382333
-0.382369
-0.382402
-0.382432
-0.382459
-0.382483
-0.382506
-0.382528
-0.382549
-0.382572
-0.382596
-0.382621
-0.382648
-0.382678
-0.382709
-0.382744
-0.382781
-0.382821
-0.382862
-0.382905
-0.382949
-0.382994
-0.383039
-0.383084
-0.383129
-0.383173
-0.383215
-0.383256
-0.383294
-0.38333
-0.383365
-0.383396
-0.383425
-0.383452
-0.383478
-0.383503
-0.383529
-0.383555
-0.383583
-0.383611
-0.383643
-0.383676
-0.383712
-0.38375
-0.383791
-0.383833
-0.383877
-0.383923
-0.383969
-0.384017
-0.384064
-0.384112
-0.384159
-0.384206
-0.38425
-0.384294
-0.384335
-0.384375
-0.384412
-0.384446
-0.384477
-0.384507
-0.384535
-0.384563
-0.38459
-0.384617
-0.384646
-0.384675
-0.384706
-0.384739
-0.384775
-0.384812
-0.384851
-0.384893
-0.384937
-0.384983
-0.38503
-0.385077
-0.385125
-0.385174
-0.385222
-0.385269
-0.385316
-0.385361
-0.385405
-0.385446
-0.385486
-0.385524
-0.385559
-0.385594
-0.385626
-0.385657
-0.385687
-0.385716
-0.385746
-0.385777
-0.385808
-0.385841
-0.385876
-0.385913
-0.385952
-0.385992
-0.386035
-0.386079
-0.386124
-0.386171
-0.386218
-0.386265
-0.386313
-0.386361
-0.386407
-0.386453
-0.386498
-0.386542
-0.386583
-0.386622
-0.38666
-0.386695
-0.386729
-0.386761
-0.386793
-0.386823
-0.386854
-0.386885
-0.386917
-0.38695
-0.386986
-0.387022
-0.38706
-0.387099
-0.38714
-0.387184
-0.387228
-0.387273
-0.387319
-0.387365
-0.387412
-0.387458
-0.387504
-0.387549
-0.387593
-0.387636
-0.387677
-0.387716
-0.387753
-0.387789
-0.387822
-0.387853
-0.387884
-0.387913
-0.387942
-0.387971
-0.388
-0.388031
-0.388062
-0.388094
-0.388129
-0.388165
-0.388203
-0.388242
-0.388283
-0.388325
-0.388368
-0.388412
-0.388456
-0.388501
-0.388545
-0.388589
-0.388632
-0.388674
-0.388716
-0.388756
-0.388794
-0.38883
-0.388865
-0.388899
-0.38893
-0.388961
-0.388992
-0.389022
-0.389053
-0.389084
-0.389117
-0.389151
-0.389186
-0.389223
-0.38926
-0.3893
-0.38934
-0.389382
-0.389424
-0.389467
-0.38951
-0.389554
-0.389597
-0.38964
-0.389683
-0.389724
-0.389764
-0.389803
-0.389841
-0.389877
-0.38991
-0.389943
-0.389973
-0.390003
-0.390032
-0.39006
-0.390089
-0.390117
-0.390147
-0.390177
-0.390209
-0.390241
-0.390276
-0.390311
-0.390349
-0.390387
-0.390426
-0.390466
-0.390507
-0.390549
-0.39059
-0.390631
-0.390673
-0.390713
-0.390753
-0.390792
-0.390832
-0.39087
-0.390907
-0.390943
-0.390976
-0.391008
-0.391039
-0.39107
-0.391099
-0.391129
-0.391159
-0.391189
-0.39122
-0.391253
-0.391286
-0.39132
-0.391356
-0.391393
-0.391432
-0.391471
-0.391511
-0.391552
-0.391593
-0.391634
-0.391676
-0.391716
-0.391757
-0.391796
-0.391835
-0.391873
-0.391909
-0.391944
-0.391978
-0.39201
-0.392041
-0.39207
-0.392099
-0.392128
-0.392157
-0.392186
-0.392216
-0.392247
-0.392278
-0.392311
-0.392345
-0.392381
-0.392417
-0.392455
-0.392493
-0.392532
-0.392572
-0.392612
-0.392652
-0.392693
-0.392731
-0.392769
-0.392806
-0.392842
-0.392878
-0.392912
-0.392944
-0.392975
-0.393006
-0.393034
-0.393062
-0.393089
-0.393116
-0.393143
-0.39317
-0.393198
-0.393226
-0.393256
-0.393286
-0.393318
-0.393351
-0.393385
-0.39342
-0.393456
-0.393493
-0.39353
-0.393568
-0.393606
-0.393643
-0.393681
-0.393718
-0.393754
-0.393789
-0.393824
-0.393858
-0.39389
-0.393921
-0.393951
-0.39398
-0.394008
-0.394035
-0.394063
-0.39409
-0.394118
-0.394147
-0.394176
-0.394207
-0.394239
-0.394272
-0.394306
-0.394341
-0.394377
-0.394413
-0.39445
-0.394488
-0.394526
-0.394564
-0.394602
-0.39464
-0.394677
-0.394714
-0.394749
-0.394784
-0.394818
-0.394851
-0.394882
-0.394912
-0.394941
-0.394968
-0.394995
-0.395021
-0.395047
-0.395073
-0.395099
-0.395126
-0.395154
-0.395182
-0.395212
-0.395242
-0.395273
-0.395306
-0.395339
-0.395373
-0.395408
-0.395443
-0.395479
-0.395515
-0.39555
-0.395585
-0.39562
-0.395654
-0.395687
-0.39572
-0.395751
-0.395781
-0.395811
-0.395839
-0.395866
-0.395892
-0.395918
-0.395943
-0.395969
-0.395995
-0.396022
-0.396049
-0.396077
-0.396106
-0.396136
-0.396168
-0.3962
-0.396232
-0.396265
-0.396299
-0.396333
-0.396368
-0.396403
-0.396437
-0.396472
-0.396506
-0.396539
-0.396572
-0.396604
-0.396635
-0.396665
-0.396693
-0.396721
-0.396748
-0.396773
-0.396798
-0.396822
-0.396846
-0.39687
-0.396894
-0.396919
-0.396945
-0.396971
-0.396998
-0.397025
-0.397054
-0.397084
-0.397115
-0.397146
-0.397178
-0.39721
-0.397243
-0.397275
-0.397308
-0.39734
-0.397372
-0.397403
-0.397434
-0.397464
-0.397493
-0.397522
-0.397549
-0.397575
-0.397601
-0.397626
-0.397651
-0.397675
-0.3977
-0.397725
-0.39775
-0.397776
-0.397803
-0.39783
-0.397859
-0.397888
-0.397918
-0.397949
-0.39798
-0.398012
-0.398044
-0.398077
-0.398109
-0.398141
-0.398174
-0.398205
-0.398237
-0.398267
-0.398297
-0.398326
-0.398354
-0.398381
-0.398407
-0.398433
-0.398458
-0.398482
-0.398506
-0.398529
-0.398553
-0.398578
-0.398603
-0.398629
-0.398655
-0.398682
-0.39871
-0.398739
-0.398769
-0.398799
-0.398829
-0.39886
-0.398891
-0.398922
-0.398953
-0.398984
-0.399014
-0.399044
-0.399073
-0.399101
-0.399129
-0.399156
-0.399182
-0.399207
-0.399231
-0.399255
-0.399278
-0.399301
-0.399323
-0.399347
-0.39937
-0.399394
-0.399418
-0.399444
-0.39947
-0.399496
-0.399524
-0.399552
-0.39958
-0.39961
-0.399639
-0.399669
-0.399698
-0.399728
-0.399757
-0.399786
-0.399815
-0.399843
-0.39987
-0.399897
-0.399923
-0.399948
-0.399972
-0.399996
-0.400019
-0.400041
-0.400064
-0.400086
-0.400108
-0.400131
-0.400154
-0.400178
-0.400202
-0.400228
-0.400254
-0.400281
-0.400308
-0.400337
-0.400366
-0.400394
-0.400423
-0.400452
-0.400481
-0.40051
-0.400538
-0.400566
-0.400593
-0.40062
-0.400646
-0.40067
-0.400695
-0.400695
-0.400695
-0.400695
-0.400695
-0.400695
-0.400695
-0.400695
-0.400695
-0.400695
-0.400695
-0.400695
-0.400695
-0.400695
-0.400695
-0.400695
-0.400695
-0.400695
-0.400695
-0.400695
-0.400695
-0.400695
-0.400695
-0.400695
-0.400695
-0.400695
-0.400695
-0.400695
-0.400695
-0.400695
-0.400695
-0.400695
-0.400695
-0.400695
-0.400695
-0.400695
-0.400695
-0.400695
-0.400695
-0.400695
-0.400695
-0.400695
-0.400695
-0.400695
-0.400695
-0.400695
-0.400695
-0.400695
-0.400695
-0.400695
-0.400695
-0.400695
-0.400695
-0.400695
-0.400695
-0.400695
-0.400695
-0.400695
-0.400695
-0.400695
-0.400695
-0.400695
-0.400695
-0.400695
-0.400695
-0.400695
-0.400695
-0.400695
-0.400695
-0.400695
-0.400695
-0.400695
-0.400695
-0.400695
-0.400695
-0.400695
-0.400695
-0.400695
-0.400695
-0.400695
-0.400695
-0.400695
-0.400695
-0.400695
-0.400695
-0.400695
-0.400695
-0.400695
-0.400695
-0.400695
-0.400695
-0.400695
-0.400695
-0.400695
-0.400695
-0.400695
-0.400695
-0.400695
-0.400695
-0.400695
-0.400719
-0.400719
-0.400719
-0.400719
-0.400719
-0.400719
-0.400719
-0.400719
-0.400719
-0.400719
-0.400719
-0.400719
-0.400719
-0.400719
-0.400719
-0.400719
-0.400719
-0.400719
-0.400719
-0.400719
-0.400719
-0.400719
-0.400719
-0.400719
-0.400719
-0.400719
-0.400719
-0.400719
-0.400719
-0.400719
-0.400719
-0.400719
-0.400719
-0.400719
-0.400719
-0.400719
-0.400719
-0.400719
-0.400719
-0.400719
-0.400719
-0.400719
-0.400719
-0.400719
-0.400719
-0.400719
-0.400719
-0.400719
-0.400719
-0.400719
-0.400719
-0.400719
-0.400719
-0.400719
-0.400719
-0.400719
-0.400719
-0.400719
-0.400719
-0.400719
-0.400719
-0.400719
-0.400719
-0.400719
-0.400719
-0.400719
-0.400719
-0.400719
-0.400719
-0.400719
-0.400719
-0.400719
-0.400719
-0.400719
-0.400719
-0.400719
-0.400719
-0.400719
-0.400719
-0.400719
-0.400719
-0.400719
-0.400719
-0.400719
-0.400719
-0.400719
-0.400719
-0.400719
-0.400719
-0.400719
-0.400719
-0.400719
-0.400719
-0.400719
-0.400719
-0.400719
-0.400719
-0.400719
-0.400719
-0.400719
-0.400832
-0.400832
-0.400832
-0.400832
-0.400832
-0.400832
-0.400832
-0.400832
-0.400832
-0.400832
-0.400832
-0.400832
-0.400832
-0.400832
-0.400832
-0.400832
-0.400832
-0.400832
-0.400832
-0.400832
-0.400832
-0.400832
-0.400832
-0.400832
-0.400832
-0.400832
-0.400832
-0.400832
-0.400832
-0.400832
-0.400832
-0.400832
-0.400832
-0.400832
-0.400832
-0.400832
-0.400832
-0.400832
-0.400832
-0.400832
-0.400832
-0.400967
-0.400999
-0.40103
-0.401061
-0.401093
-0.401124
-0.401157
-0.40119
-0.401224
-0.401258
-0.401294
-0.40133
-0.401366
-0.401403
-0.40144
-0.401477
-0.401514
-0.401551
-0.401587
-0.401623
-0.401658
-0.401692
-0.401726
-0.401758
-0.401788
-0.401818
-0.401846
-0.401873
-0.401899
-0.401923
-0.401947
-0.40197
-0.401993
-0.402016
-0.402038
-0.402061
-0.402085
-0.402109
-0.402135
-0.40216
-0.402187
-0.402214
-0.402242
-0.40227
-0.4023
-0.402329
-0.402359
-0.402388
-0.402418
-0.402447
-0.402476
-0.402504
-0.402532
-0.402559
-0.402585
-0.40261
-0.402634
-0.402657
-0.402679
-0.402701
-0.402721
-0.402741
-0.402761
-0.402781
-0.402801
-0.402822
-0.402843
-0.402864
-0.402887
-0.40291
-0.402933
-0.402958
-0.402983
-0.403008
-0.403034
-0.40306
-0.403086
-0.403112
-0.403139
-0.403165
-0.40319
-0.403215
-0.40324
-0.403264
-0.403287
-0.403309
-0.403331
-0.403352
-0.403372
-0.403391
-0.403409
-0.403427
-0.403445
-0.403463
-0.40348
-0.403499
-0.403517
-0.403536
-0.403556
-0.403577
-0.403598
-0.40362
-0.403643
-0.403666
-0.403689
-0.403712
-0.403736
-0.40376
-0.403784
-0.403808
-0.403831
-0.403854
-0.403877
-0.403899
-0.403921
-0.403941
-0.403961
-0.403981
-0.403999
-0.404017
-0.404034
-0.404051
-0.404068
-0.404085
-0.404102
-0.404119
-0.404137
-0.404153
-0.40417
-0.404188
-0.404206
-0.404225
-0.404244
-0.404264
-0.404284
-0.404304
-0.404325
-0.404345
-0.404366
-0.404386
-0.404406
-0.404426
-0.404446
-0.404464
-0.404483
-0.404501
-0.404518
-0.404534
-0.40455
-0.404565
-0.40458
-0.404594
-0.404608
-0.404622
-0.404636
-0.404651
-0.404665
-0.404681
-0.404697
-0.404713
-0.40473
-0.404747
-0.404765
-0.404784
-0.404803
-0.404822
-0.404842
-0.404861
-0.40488
-0.4049
-0.404919
-0.404938
-0.404956
-0.404975
-0.404992
-0.405009
-0.405026
-0.405041
-0.405056
-0.405071
-0.405084
-0.405098
-0.405111
-0.405124
-0.405137
-0.40515
-0.405163
-0.405177
-0.405191
-0.405206
-0.405221
-0.405237
-0.405253
-0.40527
-0.405287
-0.405304
-0.405322
-0.40534
-0.405358
-0.405376
-0.405394
-0.405412
-0.405429
-0.405446
-0.405463
-0.405479
-0.405495
-0.40551
-0.405525
-0.405539
-0.405552
-0.405565
-0.405578
-0.405591
-0.405604
-0.405617
-0.40563
-0.405644
-0.405658
-0.405672
-0.405687
-0.405703
-0.405718
-0.405735
-0.405751
-0.405768
-0.405785
-0.405802
-0.40582
-0.405837
-0.405854
-0.405871
-0.405888
-0.405904
-0.40592
-0.405935
-0.40595
-0.405965
-0.405979
-0.405992
-0.406005
-0.406018
-0.40603
-0.406042
-0.406055
-0.406067
-0.40608
-0.406093
-0.406106
-0.40612
-0.406134
-0.406148
-0.406163
-0.406178
-0.406194
-0.40621
-0.406226
-0.406242
-0.406259
-0.406275
-0.406291
-0.406307
-0.406323
-0.406339
-0.406354
-0.406368
-0.406383
-0.406396
-0.40641
-0.406423
-0.406435
-0.406447
-0.406459
-0.406471
-0.406483
-0.406495
-0.406507
-0.406519
-0.406532
-0.406546
-0.406559
-0.406573
-0.406588
-0.406603
-0.406618
-0.406633
-0.406649
-0.406665
-0.406681
-0.406696
-0.406712
-0.406727
-0.406743
-0.406758
-0.406772
-0.406787
-0.406801
-0.406814
-0.406826
-0.406839
-0.40685
-0.406861
-0.406872
-0.406883
-0.406894
-0.406904
-0.406915
-0.406926
-0.406937
-0.406949
-0.406961
-0.406974
-0.406987
-0.407
-0.407014
-0.407028
-0.407042
-0.407056
-0.407071
-0.407085
-0.4071
-0.407114
-0.407129
-0.407143
-0.407157
-0.40717
-0.407183
-0.407196
-0.407208
-0.40722
-0.407232
-0.407243
-0.407253
-0.407264
-0.407274
-0.407285
-0.407295
-0.407306
-0.407317
-0.407328
-0.40734
-0.407352
-0.407365
-0.407377
-0.407391
-0.407404
-0.407417
-0.407431
-0.407445
-0.407459
-0.407473
-0.407487
-0.407501
-0.407514
-0.407527
-0.40754
-0.407553
-0.407565
-0.407577
-0.407589
-0.4076
-0.40761
-0.407621
-0.407631
-0.407641
-0.407651
-0.407661
-0.407672
-0.407682
-0.407693
-0.407705
-0.407716
-0.407728
-0.407741
-0.407753
-0.407766
-0.407779
-0.407793
-0.407806
-0.40782
-0.407833
-0.407847
-0.40786
-0.407873
-0.407886
-0.407899
-0.407911
-0.407924
-0.407935
-0.407947
-0.407958
-0.407968
-0.407978
-0.407988
-0.407998
-0.408007
-0.408017
-0.408027
-0.408036
-0.408047
-0.408057
-0.408068
-0.408079
-0.40809
-0.408102
-0.408114
-0.408127
-0.408139
-0.408152
-0.408165
-0.408178
-0.408191
-0.408204
-0.408216
-0.408229
-0.408241
-0.408253
-0.408265
-0.408276
-0.408288
-0.408298
-0.408308
-0.408318
-0.408328
-0.408337
-0.408346
-0.408355
-0.408364
-0.408373
-0.408383
-0.408392
-0.408402
-0.408412
-0.408423
-0.408433
-0.408445
-0.408456
-0.408468
-0.40848
-0.408492
-0.408504
-0.408516
-0.408528
-0.40854
-0.408553
-0.408565
-0.408576
-0.408588
-0.408599
-0.40861
-0.40862
-0.40863
-0.40864
-0.40865
-0.408659
-0.408668
-0.408676
-0.408685
-0.408694
-0.408702
-0.408711
-0.408721
-0.40873
-0.40874
-0.40875
-0.408761
-0.408771
-0.408782
-0.408794
-0.408805
-0.408817
-0.408829
-0.408841
-0.408853
-0.408865
-0.408877
-0.408888
-0.4089
-0.408911
-0.408922
-0.408932
-0.408943
-0.408953
-0.408962
-0.408972
-0.408981
-0.408989
-0.408998
-0.409007
-0.409015
-0.409024
-0.409033
-0.409042
-0.409051
-0.409061
-0.409071
-0.409081
-0.409091
-0.409102
-0.409113
-0.409124
-0.409136
-0.409147
-0.409158
-0.40917
-0.409181
-0.409192
-0.409203
-0.409214
-0.409225
-0.409235
-0.409246
-0.409255
-0.409265
-0.409274
-0.409283
-0.409291
-0.4093
-0.409308
-0.409317
-0.409326
-0.409334
-0.409344
-0.409353
-0.409364
-0.409374
-0.409386
-0.409397
-0.409408
-0.40942
-0.409432
-0.409442
-0.409452
-0.409462
-0.409472
-0.409481
-0.40949
-0.409498
-0.409506
-0.409506
-0.409506
-0.409506
-0.409506
-0.409506
-0.409506
-0.409506
-0.409506
-0.409506
-0.409506
-0.409506
-0.409506
-0.409506
-0.409506
-0.409506
-0.409514
-0.409527
-0.409541
-0.409541
-0.409541
-0.409541
-0.409541
-0.409541
-0.409541
-0.409554
-0.409565
-0.409576
-0.409588
-0.4096
-0.409613
-0.409613
-0.409613
-0.409613
-0.409613
-0.409613
-0.409613
-0.409613
-0.409613
-0.409613
-0.409613
-0.409613
-0.409613
-0.409613
-0.409613
-0.409613
-0.409613
-0.409613
-0.409613
-0.409613
-0.409613
-0.409613
-0.409613
-0.409613
-0.409613
-0.409613
-0.409613
-0.409613
-0.409613
-0.409613
-0.409613
-0.409613
-0.409613
-0.409613
-0.409613
-0.409613
-0.409613
-0.409613
-0.409613
-0.409625
-0.409625
-0.409625
-0.409625
-0.409625
-0.409625
-0.409625
-0.409625
-0.409625
-0.409625
-0.409625
-0.409625
-0.409625
-0.409625
-0.409625
-0.409625
-0.409625
-0.409625
-0.409625
-0.409625
-0.409625
-0.409625
-0.409625
-0.409625
-0.409625
-0.409625
-0.409625
-0.409625
-0.409625
-0.409625
-0.409625
-0.409625
-0.409625
-0.409625
-0.409625
-0.409625
-0.409625
-0.409625
-0.409625
-0.409625
-0.409625
-0.409625
-0.409625
-0.409625
-0.409625
-0.409625
-0.409625
-0.409625
-0.409625
-0.409625
-0.409625
-0.409625
-0.409625
-0.409625
-0.409625
-0.409625
-0.409625
-0.409625
-0.409625
-0.409625
-0.409625
-0.409625
-0.409625
-0.409625
-0.409625
-0.409625
-0.409625
-0.409625
-0.409625
-0.409625
-0.409625
-0.409625
-0.409625
-0.409625
-0.409625
-0.409625
-0.409625
-0.409625
-0.409625
-0.409625
-0.409625
-0.409625
-0.409625
-0.409625
-0.409625
-0.409625
-0.409625
-0.409625
-0.409625
-0.409625
-0.409625
-0.409625
-0.409625
-0.409625
-0.409625
-0.409625
-0.409625
-0.409625
-0.409625
-0.409625
-0.40964
-0.40964
-0.40964
-0.40964
-0.40964
-0.40964
-0.40964
-0.40964
-0.40964
-0.40964
-0.40964
-0.40964
-0.40964
-0.40964
-0.40964
-0.40964
-0.40964
-0.40964
-0.40964
-0.40964
-0.40964
-0.40964
-0.40964
-0.40964
-0.40964
-0.40964
-0.40964
-0.40964
-0.40964
-0.40964
-0.40964
-0.40964
-0.40964
-0.40964
-0.40964
-0.40964
-0.40964
-0.40964
-0.40964
-0.40964
-0.40964
-0.40964
-0.40964
-0.40964
-0.40964
-0.40964
-0.40964
-0.40964
-0.40964
-0.40964
-0.40964
-0.40964
-0.40964
-0.40964
-0.40964
-0.40964
-0.40964
-0.40964
-0.40964
-0.40964
-0.40964
-0.40964
-0.40964
-0.40964
-0.40964
-0.40964
-0.40964
-0.40964
-0.40964
-0.40964
-0.40964
-0.40964
-0.40964
-0.40964
-0.40964
-0.40964
-0.40964
-0.40964
-0.40964
-0.40964
-0.40964
-0.40964
-0.40964
-0.40964
-0.40964
-0.40964
-0.40964
-0.40964
-0.40964
-0.40964
-0.40964
-0.40964
-0.40964
-0.40964
-0.40964
-0.40964
-0.40964
-0.40964
-0.40964
-0.40964
-0.409653
-0.409665
-0.409665
-0.409665
-0.409665
-0.409665
-0.409665
-0.409665
-0.409665
-0.409665
-0.409665
-0.409665
-0.409665
-0.409665
-0.409665
-0.409665
-0.409665
-0.409665
-0.409665
-0.409665
-0.409665
-0.409665
-0.409665
-0.409665
-0.409665
-0.409665
-0.409665
-0.409665
-0.409665
-0.409665
-0.409665
-0.409665
-0.409665
-0.409665
-0.409665
-0.409665
-0.409665
-0.409665
-0.409665
-0.409665
-0.409665
-0.409665
-0.409665
-0.409665
-0.409665
-0.409665
-0.409665
-0.409665
-0.409665
-0.409665
-0.409665
-0.409665
-0.409665
-0.409665
-0.409665
-0.409665
-0.409665
-0.409665
-0.409665
-0.409665
-0.409665
-0.409665
-0.409665
-0.409665
-0.409665
-0.409665
-0.409665
-0.409665
-0.409665
-0.409665
-0.409665
-0.409665
-0.409665
-0.409665
-0.409665
-0.409665
-0.409665
-0.409665
-0.409665
-0.409665
-0.409665
-0.409665
-0.409665
-0.409665
-0.409665
-0.409665
-0.409665
-0.409665
-0.409665
-0.409665
-0.409665
-0.409665
-0.409665
-0.409665
-0.409665
-0.409665
-0.409665
-0.409665
-0.409665
-0.409665
-0.409665
-0.409677
-0.409677
-0.409677
-0.409677
-0.409677
-0.409677
-0.409677
-0.409677
-0.409677
-0.409677
-0.409677
-0.409677
-0.409677
-0.409677
-0.409677
-0.409677
-0.409677
-0.409677
-0.409677
-0.409677
-0.409677
-0.409677
-0.409677
-0.409677
-0.409677
-0.409677
-0.409677
-0.409677
-0.409677
-0.409677
-0.409677
-0.409677
-0.409677
-0.409677
-0.409677
-0.409677
-0.409677
-0.409677
-0.409677
-0.409677
-0.409677
-0.409677
-0.409677
-0.409677
-0.409677
-0.409677
-0.409677
-0.409677
-0.409677
-0.409677
-0.409677
-0.409677
-0.409677
-0.409677
-0.409677
-0.409677
-0.409677
-0.409677
-0.409677
-0.409677
-0.409677
-0.409677
-0.409677
-0.409677
-0.409677
-0.409677
-0.409677
-0.409677
-0.409677
-0.409677
-0.409677
-0.409677
-0.409677
-0.409677
-0.409677
-0.409677
-0.409677
-0.409677
-0.409677
-0.409677
-0.409677
-0.409677
-0.409677
-0.409677
-0.409677
-0.409677
-0.409677
-0.409677
-0.409677
-0.409677
-0.409677
-0.409677
-0.409677
-0.409677
-0.409677
-0.409677
-0.409677
-0.409677
-0.409677
-0.409677
-0.409693
-0.409693
-0.409693
-0.409693
-0.409693
-0.409693
-0.409693
-0.409693
-0.409693
-0.409693
-0.409693
-0.409693
-0.409693
-0.409693
-0.409693
-0.409693
-0.409693
-0.409693
-0.409693
-0.409693
-0.409693
-0.409693
-0.409693
-0.409693
-0.409693
-0.409693
-0.409693
-0.409693
-0.409693
-0.409693
-0.409693
-0.409693
-0.409693
-0.409693
-0.409693
-0.409693
-0.409693
-0.409693
-0.409693
-0.409693
-0.409693
-0.409693
-0.409693
-0.409693
-0.409693
-0.409693
-0.409693
-0.409693
-0.409693
-0.409693
-0.409693
-0.409693
-0.409693
-0.409693
-0.409693
-0.409693
-0.409693
-0.409693
-0.409693
-0.409693
-0.409693
-0.409693
-0.409693
-0.409693
-0.409693
-0.409693
-0.409693
-0.409693
-0.409693
-0.409693
-0.409693
-0.409693
-0.409693
-0.409693
-0.409693
-0.409693
-0.409693
-0.409693
-0.409693
-0.409693
-0.409693
-0.409693
-0.409693
-0.409693
-0.409693
-0.409693
-0.409693
-0.409693
-0.409693
-0.409693
-0.409693
-0.409693
-0.409693
-0.409693
-0.409693
-0.409693
-0.409693
-0.409693
-0.409693
-0.409693
-0.409711
-0.409711
-0.409711
-0.409711
-0.409711
-0.409711
-0.409711
-0.409711
-0.409711
-0.409711
-0.409711
-0.409711
-0.409711
-0.409711
-0.409711
-0.409711
-0.409711
-0.409711
-0.409711
-0.409711
-0.409711
-0.409711
-0.409711
-0.409711
-0.409711
-0.409711
-0.409711
-0.409711
-0.409711
-0.409711
-0.409711
-0.409711
-0.409711
-0.409711
-0.409711
-0.409711
-0.409711
-0.409711
-0.409711
-0.409711
-0.409711
-0.409711
-0.409711
-0.409711
-0.409711
-0.409711
-0.409711
-0.409711
-0.409711
-0.409711
-0.409711
-0.409711
-0.409711
-0.409711
-0.409711
-0.409711
-0.409711
-0.409711
-0.409711
-0.409711
-0.409711
-0.409711
-0.409711
-0.409711
-0.409711
-0.409711
-0.409711
-0.409711
-0.409711
-0.409711
-0.409711
-0.409711
-0.409711
-0.409711
-0.409711
-0.409711
-0.409711
-0.409711
-0.409711
-0.409711
-0.409711
-0.409711
-0.409711
-0.409711
-0.409711
-0.409711
-0.409711
-0.409711
-0.409711
-0.409711
-0.409711
-0.409711
-0.409711
-0.409711
-0.409711
-0.409711
-0.409711
-0.409711
-0.409711
-0.409711
-0.409732
-0.409732
-0.409732
-0.409732
-0.409732
-0.409732
-0.409732
-0.409732
-0.409732
-0.409732
-0.409732
-0.409732
-0.409732
-0.409732
-0.409732
-0.409732
-0.409732
-0.409732
-0.409732
-0.409732
-0.409732
-0.409732
-0.409732
-0.409732
-0.409732
-0.409732
-0.409732
-0.409732
-0.409732
-0.409732
-0.409732
-0.409732
-0.409732
-0.409732
-0.409732
-0.409732
-0.409732
-0.409732
-0.409732
-0.409732
-0.409732
-0.409732
-0.409732
-0.409732
-0.409732
-0.409732
-0.409732
-0.409732
-0.409732
-0.409732
-0.409732
-0.409732
-0.409732
-0.409732
-0.409732
-0.409732
-0.409732
-0.409732
-0.409732
-0.409732
-0.409732
-0.409732
-0.409732
-0.409732
-0.409732
-0.409732
-0.409732
-0.409732
-0.409732
-0.409732
-0.409732
-0.409732
-0.409732
-0.409732
-0.409732
-0.409732
-0.409732
-0.409732
-0.409732
-0.409732
-0.409732
-0.409732
-0.409732
-0.409732
-0.409732
-0.409732
-0.409732
-0.409732
-0.409732
-0.409732
-0.409732
-0.409732
-0.409732
-0.409732
-0.409732
-0.409732
-0.409732
-0.409732
-0.409732
-0.409732
-0.409754
-0.409754
-0.409754
-0.409754
-0.409754
-0.409754
-0.409754
-0.409754
-0.409754
-0.409754
-0.409754
-0.409754
-0.409754
-0.409754
-0.409754
-0.409754
-0.409754
-0.409754
-0.409754
-0.409754
-0.409754
-0.409754
-0.409754
-0.409754
-0.409754
-0.409754
-0.409754
-0.409754
-0.409754
-0.409754
-0.409754
-0.409754
-0.409754
-0.409754
-0.409754
-0.409754
-0.409754
-0.409754
-0.409754
-0.409754
-0.409754
-0.409754
-0.409754
-0.409754
-0.409754
-0.409754
-0.409754
-0.409754
-0.409754
-0.409754
-0.409754
-0.409754
-0.409754
-0.409754
-0.409754
-0.409754
-0.409754
-0.409754
-0.409754
-0.409754
-0.409754
-0.409754
-0.409754
-0.409754
-0.409754
-0.409754
-0.409754
-0.409754
-0.409754
-0.409754
-0.409754
-0.409754
-0.409754
-0.409754
-0.409754
-0.409754
-0.409754
-0.409754
-0.409754
-0.409754
-0.409754
-0.409754
-0.409754
-0.409754
-0.409754
-0.409754
-0.409754
-0.409754
-0.409754
-0.409754
-0.409754
-0.409754
-0.409754
-0.409754
-0.409754
-0.409754
-0.409754
-0.409754
-0.409754
-0.409754
-0.409776
-0.409776
-0.409776
-0.409776
-0.409776
-0.409776
-0.409776
-0.409776
-0.409776
-0.409776
-0.409776
-0.409776
-0.409776
-0.409776
-0.409776
-0.409776
-0.409776
-0.409776
-0.409776
-0.409776
-0.409776
-0.409776
-0.409776
-0.409776
-0.409776
-0.409776
-0.409776
-0.409776
-0.409776
-0.409776
-0.409776
-0.409776
-0.409776
-0.409776
-0.409776
-0.409776
-0.409776
-0.409776
-0.409776
-0.409776
-0.409776
-0.409776
-0.409776
-0.409776
-0.409776
-0.409776
-0.409776
-0.409776
-0.409776
-0.409776
-0.409776
-0.409776
-0.409776
-0.409776
-0.409776
-0.409776
-0.409776
-0.409776
-0.409776
-0.409776
-0.409776
-0.409776
-0.409776
-0.409776
-0.409776
-0.409776
-0.409776
-0.409776
-0.409776
-0.409776
-0.409776
-0.409776
-0.409776
-0.409776
-0.409776
-0.409776
-0.409776
-0.409776
-0.409776
-0.409776
-0.409776
-0.409776
-0.409776
-0.409776
-0.409776
-0.409776
-0.409776
-0.409776
-0.409776
-0.409776
-0.409776
-0.409776
-0.409776
-0.409776
-0.409776
-0.409776
-0.409776
-0.409776
-0.409776
-0.409776
-0.409776
-0.409776
-0.409776
-0.409776
-0.409776
-0.409776
-0.409776
-0.409776
-0.409776
-0.409776
-0.409776
-0.409776
-0.409776
-0.409776
-0.409776
-0.409776
-0.409776
-0.409776
-0.409776
-0.409776
-0.409776
-0.409776
-0.409776
-0.409776
-0.409776
-0.409776
-0.409776
-0.409776
-0.409776
-0.409776
-0.409776
-0.409776
-0.409776
-0.409776
-0.409776
-0.409776
-0.409776
-0.409776
-0.409776
-0.409776
-0.409776
-0.409776
-0.409776
-0.409776
-0.409776
-0.409776
-0.409776
-0.409776
-0.409776
-0.409776
-0.409776
-0.409776
-0.409776
-0.409776
-0.409776
-0.409776
-0.409776
-0.409776
-0.409776
-0.409776
-0.409776
-0.409776
-0.409776
-0.409776
-0.409776
-0.409776
-0.409776
-0.409776
-0.409776
-0.409776
-0.409776
-0.409776
-0.409776
-0.409776
-0.409776
-0.409776
-0.409776
-0.409776
-0.409776
-0.409776
-0.409776
-0.409776
-0.409776
-0.409776
-0.409776
-0.409776
-0.409776
-0.409776
-0.409776
-0.409776
-0.409776
-0.409776
-0.409776
-0.409776
-0.409776
-0.409776
-0.409776
-0.409776
-0.409776
-0.409776
-0.409776
-0.409776
-0.409776
-0.409776
-0.409776
-0.409776
-0.409776
-0.409776
-0.409776
-0.409796
-0.409796
-0.409796
-0.409796
-0.409796
-0.409796
-0.409796
-0.409796
-0.409796
-0.409796
-0.409796
-0.409796
-0.409796
-0.409796
-0.409796
-0.409796
-0.409796
-0.409796
-0.409796
-0.409796
-0.409796
-0.409796
-0.409796
-0.409796
-0.409796
-0.409796
-0.409796
-0.409796
-0.409796
-0.409796
-0.409796
-0.409796
-0.409796
-0.409796
-0.409796
-0.409796
-0.409796
-0.409796
-0.409796
-0.409796
-0.409796
-0.409796
-0.409796
-0.409796
-0.409796
-0.409796
-0.409796
-0.409796
-0.409796
-0.409796
-0.409796
-0.409796
-0.409796
-0.409796
-0.409796
-0.409796
-0.409796
-0.409796
-0.409796
-0.409796
-0.409796
-0.409796
-0.409796
-0.409796
-0.409796
-0.409796
-0.409796
-0.409796
-0.409796
-0.409796
-0.409796
-0.409796
-0.409796
-0.409796
-0.409796
-0.409796
-0.409796
-0.409796
-0.409796
-0.409796
-0.409796
-0.409796
-0.409796
-0.409796
-0.409796
-0.409796
-0.409796
-0.409796
-0.409796
-0.409796
-0.409796
-0.409796
-0.409796
-0.409796
-0.409796
-0.409796
-0.409796
-0.409796
-0.409796
-0.409796
-0.409826
-0.409826
-0.409826
-0.409826
-0.409826
-0.409826
-0.409826
-0.409826
-0.409826
-0.409826
-0.409826
-0.409826
-0.409826
-0.409826
-0.409826
-0.409826
-0.409826
-0.409826
-0.409826
-0.409826
-0.409826
-0.409826
-0.409826
-0.409826
-0.409826
-0.409826
-0.409826
-0.409826
-0.409826
-0.409826
-0.409826
-0.409826
-0.409826
-0.409826
-0.409826
-0.409826
-0.409826
-0.409826
-0.409826
-0.409826
-0.409826
-0.409826
-0.409826
-0.409826
-0.409826
-0.409826
-0.409826
-0.409826
-0.409826
-0.409826
-0.409826
-0.409826
-0.409826
-0.409826
-0.409826
-0.409826
-0.409826
-0.409826
-0.409826
-0.409826
-0.409826
-0.409826
-0.409826
-0.409826
-0.409826
-0.409826
-0.409826
-0.409826
-0.409826
-0.409826
-0.409826
-0.409826
-0.409826
-0.409826
-0.409826
-0.409826
-0.409826
-0.409826
-0.409826
-0.409826
-0.409826
-0.409826
-0.409826
-0.409826
-0.409826
-0.409826
-0.409826
-0.409826
-0.409826
-0.409826
-0.409826
-0.409826
-0.409826
-0.409826
-0.409826
-0.409826
-0.409826
-0.409826
-0.409826
-0.409826
-0.409826
-0.409826
-0.409826
-0.409826
-0.409826
-0.409826
-0.409826
-0.409826
-0.409826
-0.409826
-0.409826
-0.409826
-0.409826
-0.409826
-0.409826
-0.409826
-0.409826
-0.409826
-0.409826
-0.409826
-0.409826
-0.409826
-0.409826
-0.409826
-0.409826
-0.409826
-0.409826
-0.409826
-0.409826
-0.409826
-0.409826
-0.409826
-0.409826
-0.409826
-0.409861
-0.409861
-0.409861
-0.409861
-0.409861
-0.409861
-0.409861
-0.409861
-0.409861
-0.409861
-0.409861
-0.409861
-0.409861
-0.409861
-0.409861
-0.409861
-0.409861
-0.409861
-0.409861
-0.409861
-0.409861
-0.409861
-0.409861
-0.409861
-0.409861
-0.409861
-0.409861
-0.409861
-0.409861
-0.409861
-0.409861
-0.409861
-0.409861
-0.409861
-0.409861
-0.409861
-0.409861
-0.409861
-0.409861
-0.409861
-0.409861
-0.409861
-0.409861
-0.409861
-0.409861
-0.409861
-0.409861
-0.409861
-0.409861
-0.409861
-0.409861
-0.409861
-0.409861
-0.409861
-0.409861
-0.409861
-0.409861
-0.409861
-0.409861
-0.409861
-0.409774
-0.409371
-0.408972
-0.408574
-0.40818
-0.407788
-0.4074
-0.407014
-0.406632
-0.406252
-0.405876
-0.405502
-0.405132
-0.404765
-0.4044
-0.404039
-0.403679
-0.403324
-0.402971
-0.402622
-0.402276
-0.401933
-0.401592
-0.401255
-0.400921
-0.400589
-0.40026
-0.399934
-0.39961
-0.399289
-0.398972
-0.398656
-0.398343
-0.398033
-0.397725
-0.39742
-0.397117
-0.396817
-0.396519
-0.396223
-0.395929
-0.395637
-0.395347
-0.395059
-0.394772
-0.394486
-0.394202
-0.393919
-0.393639
-0.39336
-0.393083
-0.392809
-0.392536
-0.392266
-0.391998
-0.391732
-0.391467
-0.391205
-0.390945
-0.390687
-0.390431
-0.390177
-0.389925
-0.389675
-0.389427
-0.389181
-0.388937
-0.388696
-0.388456
-0.388218
-0.387982
-0.387749
-0.387516
-0.387286
-0.387058
-0.386831
-0.386606
-0.386383
-0.386162
-0.385942
-0.385724
-0.385508
-0.385294
-0.385081
-0.384869
-0.38466
-0.384452
-0.384245
-0.38404
-0.383837
-0.383636
-0.383436
-0.383238
-0.383041
-0.382846
-0.382653
-0.382461
-0.38227
-0.382081
-0.381894
-0.381708
-0.381523
-0.38134
-0.381158
-0.380977
-0.380798
-0.38062
-0.380443
-0.380268
-0.380094
-0.379921
-0.37975
-0.379579
-0.379411
-0.379243
-0.379077
-0.378913
-0.378749
-0.378586
-0.378424
-0.378264
-0.378105
-0.377947
-0.377791
-0.377636
-0.377482
-0.377329
-0.377178
-0.377028
-0.376879
-0.376732
-0.376585
-0.37644
-0.376296
-0.376153
-0.376011
-0.37587
-0.375731
-0.375592
-0.375455
-0.375318
-0.375183
-0.375049
-0.374916
-0.374784
-0.374652
-0.374522
-0.374393
-0.374265
-0.374138
-0.374012
-0.373887
-0.373762
-0.373639
-0.373517
-0.373396
-0.373275
-0.373155
-0.373037
-0.372919
-0.372802
-0.372686
-0.372571
-0.372457
-0.372343
-0.372231
-0.372119
-0.372008
-0.371898
-0.371789
-0.37168
-0.371572
-0.371466
-0.371359
-0.371254
-0.371149
-0.371045
-0.370942
-0.37084
-0.370738
-0.370637
-0.370537
-0.370437
-0.370339
-0.370241
-0.370143
-0.370046
-0.36995
-0.369855
-0.36976
-0.369666
-0.369573
-0.36948
-0.369388
-0.369296
-0.369205
-0.369115
-0.369025
-0.368936
-0.368847
-0.368759
-0.368672
-0.368585
-0.368499
-0.368413
-0.368328
-0.368244
-0.36816
-0.368076
-0.367993
-0.367911
-0.367829
-0.367748
-0.367667
-0.367587
-0.367507
-0.367428
-0.367349
-0.367271
-0.367193
-0.367116
-0.367039
-0.366963
-0.366887
-0.366812
-0.366737
-0.366662
-0.366588
-0.366515
-0.366442
-0.366369
-0.366297
-0.366226
-0.366154
-0.366084
-0.366013
-0.365943
-0.365874
-0.365804
-0.365736
-0.365667
-0.3656
-0.365532
-0.365465
-0.365398
-0.365332
-0.365266
-0.3652
-0.365135
-0.365071
-0.365006
-0.364942
-0.364879
-0.364815
-0.364752
-0.36469
-0.364628
-0.364566
-0.364504
-0.364443
-0.364383
-0.364322
-0.364262
-0.364202
-0.364143
-0.364084
-0.364025
-0.363967
-0.363909
-0.363851
-0.363793
-0.363736
-0.363679
-0.363623
-0.363567
-0.363511
-0.363455
-0.3634
-0.363345
-0.36329
-0.363236
-0.363182
-0.363128
-0.363075
-0.363021
-0.362969
-0.362916
-0.362864
-0.362812
-0.36276
-0.362708
-0.362657
-0.362606
-0.362555
-0.362505
-0.362455
-0.362405
-0.362355
-0.362306
-0.362257
-0.362208
-0.362159
-0.362111
-0.362063
-0.362015
-0.361967
-0.36192
-0.361873
-0.361826
-0.361779
-0.361733
-0.361686
-0.36164
-0.361595
-0.361549
-0.361504
-0.361459
-0.361414
-0.361369
-0.361325
-0.361281
-0.361237
-0.361193
