0
0
0
0
0
0
0
0
0
0
0
0
0
0
0
0
0
0
0
0
0
0
0
0
0
0
0
0
0
0
0
0
0
0
0
0
0
0
0
0
0
0
0
0
0
0
0
0
0
0
0
0
0
0
0
0
0
0
0
0
0
0
0
0
0
0
0
0
0
0
0
0
0
0
1.89474e-10
1.89474e-10
1.89474e-10
1.89474e-10
1.89474e-10
1.89474e-10
1.89474e-10
1.89474e-10
1.89474e-10
1.89474e-10
1.89474e-10
1.89474e-10
1.89474e-10
1.89474e-10
1.89474e-10
1.89474e-10
1.89474e-10
1.89474e-10
1.89474e-10
1.89474e-10
1.89474e-10
1.89474e-10
1.89474e-10
1.89474e-10
1.89474e-10
1.89474e-10
1.89474e-10
1.89474e-10
1.89474e-10
1.89474e-10
1.89474e-10
1.89474e-10
1.89474e-10
1.89474e-10
1.89474e-10
1.89474e-10
1.89474e-10
1.89474e-10
1.89474e-10
1.89474e-10
1.89474e-10
1.89474e-10
1.89474e-10
1.89474e-10
1.89474e-10
1.89474e-10
1.89474e-10
1.89474e-10
1.89474e-10
1.89474e-10
1.89474e-10
1.89474e-10
1.89474e-10
1.89474e-10
1.89474e-10
1.89474e-10
1.89474e-10
1.89474e-10
1.89474e-10
1.89474e-10
1.89474e-10
1.89474e-10
1.89474e-10
1.89474e-10
1.89474e-10
1.89474e-10
1.89474e-10
1.89474e-10
1.89474e-10
1.89474e-10
1.89474e-10
1.89474e-10
1.89474e-10
1.89474e-10
1.89474e-10
1.89474e-10
1.89474e-10
1.89474e-10
1.89474e-10
1.89474e-10
1.89474e-10
1.89474e-10
1.89474e-10
1.89474e-10
1.89474e-10
1.89474e-10
1.89474e-10
1.89474e-10
1.89474e-10
1.89474e-10
1.89474e-10
1.89474e-10
1.89474e-10
1.89474e-10
1.89474e-10
1.89474e-10
1.89474e-10
1.89474e-10
1.89474e-10
1.89474e-10
1.89474e-10
1.89474e-10
1.89474e-10
1.89474e-10
1.89474e-10
1.89474e-10
1.89474e-10
1.89474e-10
1.89474e-10
1.89474e-10
1.89474e-10
1.89474e-10
1.89474e-10
1.89474e-10
1.89474e-10
1.89474e-10
1.89474e-10
1.89474e-10
1.89474e-10
1.89474e-10
1.89474e-10
1.89474e-10
1.89474e-10
1.89474e-10
1.89474e-10
1.89474e-10
1.89474e-10
1.89474e-10
1.89474e-10
1.89474e-10
1.89474e-10
1.89474e-10
1.89474e-10
1.89474e-10
1.89474e-10
1.89474e-10
1.89474e-10
1.89474e-10
1.89474e-10
1.89474e-10
1.89474e-10
1.89474e-10
1.89474e-10
1.89474e-10
1.89474e-10
1.89474e-10
1.89474e-10
1.89474e-10
1.89474e-10
1.89474e-10
1.89474e-10
1.89474e-10
1.89474e-10
1.89474e-10
1.89474e-10
1.89474e-10
1.89474e-10
1.89474e-10
1.89474e-10
1.89474e-10
1.89474e-10
1.89474e-10
1.89474e-10
1.89474e-10
1.89474e-10
1.89474e-10
1.89474e-10
1.89474e-10
1.89474e-10
1.89474e-10
1.89474e-10
1.89474e-10
1.89474e-10
1.89474e-10
1.89474e-10
1.89474e-10
1.89474e-10
1.89474e-10
1.89474e-10
1.89474e-10
1.89474e-10
1.89474e-10
1.89474e-10
1.89474e-10
1.89474e-10
1.89474e-10
1.89474e-10
1.89474e-10
1.89474e-10
1.89474e-10
1.89474e-10
1.89474e-10
1.89474e-10
1.89474e-10
1.89474e-10
1.89474e-10
1.89474e-10
1.89474e-10
1.89474e-10
1.89474e-10
1.89474e-10
1.89474e-10
1.89474e-10
1.89474e-10
1.89474e-10
1.89474e-10
1.89474e-10
1.89474e-10
1.89474e-10
1.89474e-10
1.89474e-10
1.89474e-10
1.89474e-10
1.89474e-10
1.89474e-10
1.89474e-10
1.89474e-10
1.89474e-10
1.89474e-10
1.89474e-10
1.89474e-10
1.89474e-10
1.89474e-10
1.89474e-10
1.89474e-10
1.89474e-10
1.89474e-10
1.89474e-10
1.89474e-10
1.89474e-10
1.89474e-10
1.89474e-10
1.89474e-10
1.89474e-10
1.89474e-10
1.89474e-10
1.89474e-10
1.89474e-10
1.89474e-10
1.89474e-10
1.89474e-10
1.89474e-10
1.89474e-10
1.89474e-10
1.89474e-10
1.89474e-10
1.89474e-10
1.89474e-10
1.89474e-10
1.89474e-10
0.204561
0.0230069
0.00879105
0.00426733
0.00118271
-0.00187087
-0.0045473
-0.00586355
-0.00664208
-0.00693085
-0.00687801
-0.00679718
-0.0069501
-0.00717491
-0.00757926
-0.00821481
-0.00905542
-0.00953012
-0.0105944
-0.0114257
-0.0121711
-0.0128402
-0.0133951
-0.0138383
-0.0141878
-0.0146411
-0.0149082
-0.0151954
-0.015429
-0.0155004
-0.0154721
-0.0152848
-0.0149951
-0.0145805
-0.0141656
-0.0137176
-0.0132002
-0.0127816
-0.0123786
-0.0119705
-0.0115635
-0.0103797
-0.0109647
-0.012991
-0.0148104
-0.0157706
-0.0159077
-0.0155016
-0.0147564
-0.0138671
-0.0129897
-0.0121636
-0.0116678
-0.0114014
-0.0112801
-0.0113512
-0.0115392
-0.0118191
-0.0121732
-0.0127885
-0.0133786
-0.013988
-0.0146899
-0.0152045
-0.0155928
-0.0158271
-0.0159251
-0.0158489
-0.0155759
-0.0155597
-0.0154319
-0.0152473
-0.0148951
-0.0142352
-0.0148136
-0.0160141
-0.0169581
-0.0174355
-0.0176606
-0.0175324
-0.0172301
-0.0167599
-0.01647
-0.0160972
-0.0159141
-0.0158519
-0.0158917
-0.0160179
-0.0162056
-0.0164142
-0.0166256
-0.0168802
-0.0172723
-0.0177492
-0.018181
-0.0184837
-0.0187423
-0.0189287
-0.0189612
-0.0188698
-0.0187322
-0.0185417
-0.0183291
-0.0181047
-0.01748
-0.0167474
-0.0176053
-0.019249
-0.0207553
-0.0212397
-0.0214341
-0.0212665
-0.0208801
-0.0203974
-0.0199271
-0.0195231
-0.0191732
-0.0190569
-0.0189829
-0.0190358
-0.0191524
-0.0192839
-0.0194581
-0.0196181
-0.0198901
-0.020235
-0.0206053
-0.0208676
-0.0211214
-0.0213266
-0.0213913
-0.0213774
-0.0212157
-0.0210869
-0.0208197
-0.020584
-0.0201009
-0.019046
-0.0197091
-0.0212206
-0.0223704
-0.0231389
-0.0232778
-0.0231144
-0.0225411
-0.0223445
-0.021885
-0.0213175
-0.0211722
-0.020977
-0.0209014
-0.0209102
-0.0209921
-0.0210961
-0.0212211
-0.0213252
-0.0214086
-0.0215602
-0.0217984
-0.0220806
-0.0223111
-0.0224767
-0.0226305
-0.0226414
-0.0225699
-0.0224254
-0.0222231
-0.0216961
-0.0207606
-0.0209311
-0.0225125
-0.0233469
-0.0238614
-0.0241549
-0.0239824
-0.0234391
-0.0232802
-0.022703
-0.0221395
-0.0218293
-0.0215874
-0.0213557
-0.0212772
-0.0212188
-0.0212328
-0.0212404
-0.0212623
-0.0212594
-0.0212692
-0.0214238
-0.0215849
-0.0217719
-0.021981
-0.0220438
-0.0220362
-0.0218736
-0.0218505
-0.0213529
-0.0198623
-0.0200463
-0.0209377
-0.0221735
-0.0228611
-0.0230412
-0.0229387
-0.02265
-0.0222558
-0.0217581
-0.0213793
-0.0211301
-0.0209054
-0.0207409
-0.0206871
-0.0206784
-0.0207051
-0.0207361
-0.0207538
-0.0207302
-0.0207227
-0.0206845
-0.0208222
-0.0209759
-0.0211305
-0.0212467
-0.0213043
-0.0212269
-0.0211044
-0.0209695
-0.0194587
-0.019195
-0.0201925
-0.0211915
-0.0217505
-0.0220552
-0.0221536
-0.0219749
-0.0216006
-0.0212858
-0.0209121
-0.0205814
-0.0202879
-0.0201601
-0.0200698
-0.0200384
-0.0200492
-0.0200782
-0.0200893
-0.0201026
-0.0201006
-0.020091
-0.0201066
-0.0202359
-0.0203933
-0.0205416
-0.0206506
-0.0206839
-0.0206512
-0.0205754
-0.0193553
-0.0187948
-0.0195127
-0.0202137
-0.0209064
-0.0212887
-0.0212792
-0.02106
-0.0208118
-0.0203929
-0.0201271
-0.0198526
-0.0196171
-0.0194676
-0.0194647
-0.0194386
-0.0194687
-0.0194995
-0.0195255
-0.0195406
-0.0195316
-0.0194886
-0.0195092
-0.0196018
-0.01978
-0.0199332
-0.0200394
-0.0200998
-0.0200933
-0.0197182
-0.018121
-0.0182754
-0.0191417
-0.0203379
-0.0208505
-0.0211766
-0.0212451
-0.0211067
-0.0208366
-0.0204445
-0.0201856
-0.0198613
-0.019705
-0.0195591
-0.019515
-0.019533
-0.0195676
-0.0196084
-0.0196676
-0.0197055
-0.0197278
-0.0197013
-0.0196821
-0.0196091
-0.0197103
-0.0198121
-0.0199898
-0.0201026
-0.0196611
-0.0185763
-0.0187377
-0.0193418
-0.01991
-0.0202066
-0.0203014
-0.0202633
-0.0200891
-0.0196954
-0.0194893
-0.0192895
-0.0190888
-0.0189491
-0.0188714
-0.0188443
-0.0188533
-0.0188843
-0.0189153
-0.0189498
-0.0189649
-0.018961
-0.0189163
-0.018852
-0.0188046
-0.0188328
-0.0190217
-0.0190624
-0.0190515
-0.0180101
-0.0182464
-0.0184885
-0.0191848
-0.0193488
-0.019508
-0.0194859
-0.0193295
-0.0191036
-0.0188104
-0.0186693
-0.0184291
-0.0182314
-0.0182283
-0.0182125
-0.0182351
-0.0182847
-0.0183459
-0.018404
-0.0184387
-0.0184448
-0.0184326
-0.0184047
-0.0183588
-0.0183031
-0.0183369
-0.0184097
-0.0185633
-0.0179552
-0.0173352
-0.017394
-0.0179092
-0.0184081
-0.0188105
-0.01893
-0.0189343
-0.0188098
-0.0185597
-0.0183232
-0.0181259
-0.0179947
-0.01787
-0.0178507
-0.0178662
-0.0179282
-0.0179982
-0.0180797
-0.0181589
-0.0182129
-0.0182417
-0.0182536
-0.0182439
-0.0182165
-0.0181772
-0.0181956
-0.0182753
-0.0183181
-0.0177325
-0.0177218
-0.0181025
-0.0184892
-0.0187747
-0.0189132
-0.0189227
-0.0188086
-0.0186194
-0.018357
-0.0181568
-0.0180121
-0.0179333
-0.0178803
-0.0178974
-0.0179487
-0.0180384
-0.0181067
-0.0181852
-0.0182406
-0.0182861
-0.0183053
-0.0182865
-0.0182795
-0.0182651
-0.0182081
-0.0182203
-0.0182715
-0.0184246
-0.0175887
-0.017686
-0.0180336
-0.018495
-0.0188181
-0.0189215
-0.0189309
-0.018773
-0.0185807
-0.0183534
-0.0181494
-0.0179904
-0.0178976
-0.0178688
-0.017895
-0.0179774
-0.0180723
-0.0181687
-0.0182717
-0.0183406
-0.0183854
-0.0184162
-0.0184197
-0.0184125
-0.0183978
-0.0183481
-0.0183423
-0.0182413
-0.017745
-0.0178171
-0.0181013
-0.0184151
-0.018682
-0.0187756
-0.0187425
-0.0186207
-0.0184326
-0.0181645
-0.0180552
-0.0179794
-0.0179113
-0.0179148
-0.0179616
-0.0180431
-0.0181492
-0.0182514
-0.0183454
-0.0184235
-0.0184803
-0.0185189
-0.018536
-0.0185384
-0.018515
-0.0185104
-0.0184747
-0.0184387
-0.0184484
-0.018
-0.0179962
-0.0181847
-0.01858
-0.0188047
-0.0189929
-0.0190092
-0.0188949
-0.0187052
-0.0185069
-0.0183513
-0.0181614
-0.0180523
-0.0180774
-0.0181057
-0.0182075
-0.0183126
-0.0184294
-0.0185491
-0.0186542
-0.0187282
-0.0187898
-0.01883
-0.0188518
-0.0188453
-0.018843
-0.0188364
-0.0187798
-0.0187698
-0.0183128
-0.0183105
-0.0185636
-0.0189022
-0.019203
-0.0193081
-0.0193233
-0.0192434
-0.0189286
-0.0188306
-0.0186897
-0.0185731
-0.018501
-0.0184969
-0.0185472
-0.0186417
-0.0187703
-0.0188726
-0.0189923
-0.0190931
-0.0191822
-0.0192401
-0.0192602
-0.0192772
-0.0192831
-0.0192762
-0.0192662
-0.0191502
-0.0187059
-0.0187711
-0.0191392
-0.0194112
-0.0197373
-0.0198686
-0.0198961
-0.0197893
-0.0196205
-0.0194477
-0.0192897
-0.0191706
-0.0191491
-0.019175
-0.0192391
-0.0193557
-0.0194633
-0.019583
-0.0197031
-0.0198041
-0.0198888
-0.0199519
-0.0199926
-0.0200131
-0.020022
-0.0200232
-0.0200076
-0.0200097
-0.0198993
-0.0194187
-0.0196691
-0.0202932
-0.0204396
-0.0206855
-0.0207229
-0.0206773
-0.0206086
-0.0204104
-0.0202636
-0.0200965
-0.0200283
-0.0199908
-0.0200237
-0.0201128
-0.0202305
-0.0203547
-0.0204908
-0.0206146
-0.0207237
-0.020799
-0.0208505
-0.0208789
-0.0209038
-0.0208962
-0.020892
-0.0208918
-0.0208838
-0.0207751
-0.0203181
-0.020515
-0.0210134
-0.0212852
-0.0215416
-0.0216565
-0.0216259
-0.0214603
-0.0213187
-0.0211495
-0.0209958
-0.0209033
-0.0208811
-0.0209247
-0.0210148
-0.0211438
-0.0212827
-0.0214137
-0.0215339
-0.0216356
-0.0217104
-0.0217623
-0.0217925
-0.0217994
-0.0218026
-0.0217981
-0.0218001
-0.0216895
-0.0212443
-0.0214008
-0.021724
-0.0220656
-0.0223308
-0.0224668
-0.0224846
-0.0223753
-0.0222091
-0.0220482
-0.021933
-0.0217899
-0.0217892
-0.0218149
-0.0218862
-0.0220095
-0.022143
-0.0222669
-0.0224049
-0.0224953
-0.0225791
-0.0226431
-0.0226823
-0.0226963
-0.0227026
-0.0227104
-0.0226961
-0.0227005
-0.0225823
-0.0221277
-0.0222174
-0.0227378
-0.0231779
-0.0234087
-0.0235267
-0.0234919
-0.023297
-0.0232
-0.0230439
-0.0228915
-0.0227637
-0.022728
-0.0227527
-0.0228353
-0.0229513
-0.0230677
-0.0232265
-0.0233526
-0.0234549
-0.0235402
-0.0236014
-0.0236329
-0.0236522
-0.0236603
-0.0236529
-0.0236466
-0.0236461
-0.0231592
-0.0231263
-0.0233608
-0.0237015
-0.0239937
-0.0241823
-0.0242139
-0.0241189
-0.0239592
-0.0237916
-0.0236154
-0.0235375
-0.0235133
-0.0235474
-0.0236163
-0.0237495
-0.023862
-0.0239914
-0.0241197
-0.0242383
-0.0243246
-0.0243879
-0.0244282
-0.0244403
-0.0244623
-0.0244601
-0.0244414
-0.0244427
-0.0243199
-0.0238545
-0.0241027
-0.0243054
-0.0248571
-0.0250707
-0.025241
-0.0252551
-0.0251894
-0.0249956
-0.0247303
-0.0246453
-0.0245224
-0.0244583
-0.0244737
-0.0245483
-0.0246633
-0.0248182
-0.0249342
-0.0250612
-0.0251802
-0.0252573
-0.025321
-0.0253618
-0.0253868
-0.0253948
-0.0253907
-0.025383
-0.0253641
-0.0253641
-0.0249822
-0.0248722
-0.0250757
-0.0256183
-0.0258062
-0.0260074
-0.0260067
-0.0259172
-0.0257678
-0.025573
-0.0254096
-0.0253166
-0.0252603
-0.0252673
-0.025335
-0.0254457
-0.0255811
-0.0257482
-0.0258646
-0.0259828
-0.0260846
-0.0261568
-0.0261987
-0.0262144
-0.026208
-0.0262083
-0.0262098
-0.0261917
-0.0260799
-0.0255385
-0.0257357
-0.0260926
-0.0264593
-0.0268461
-0.0269251
-0.0269384
-0.0267895
-0.0266169
-0.0264265
-0.0262419
-0.0261679
-0.026134
-0.0261665
-0.0262663
-0.0263743
-0.0265297
-0.0266552
-0.0267795
-0.0268976
-0.0269864
-0.0270511
-0.0270924
-0.0271121
-0.0271164
-0.0271122
-0.0270917
-0.0270886
-0.0269551
-0.0264182
-0.0266196
-0.0269901
-0.027396
-0.0277357
-0.0278607
-0.0278628
-0.027767
-0.0275815
-0.0273897
-0.0271854
-0.0270866
-0.0270549
-0.0270669
-0.0271476
-0.0272615
-0.0274329
-0.027558
-0.0277067
-0.0278181
-0.0278812
-0.0279472
-0.0279783
-0.0279924
-0.0279808
-0.0279794
-0.0279365
-0.0279492
-0.027506
-0.0272773
-0.0275013
-0.0278955
-0.0281696
-0.0284775
-0.0285824
-0.0285642
-0.0284538
-0.0281739
-0.0279886
-0.0278494
-0.0277635
-0.0277567
-0.0278021
-0.0279196
-0.0280462
-0.0282159
-0.0283184
-0.0284565
-0.0285597
-0.028661
-0.0287091
-0.0287314
-0.0287408
-0.0287356
-0.0287246
-0.0287089
-0.028695
-0.0286843
-0.0285576
-0.0280269
-0.0282684
-0.0288703
-0.0293165
-0.0295199
-0.0296051
-0.029583
-0.0294298
-0.0291833
-0.0290138
-0.0288122
-0.0287187
-0.0286718
-0.0287027
-0.0287902
-0.0289163
-0.0290828
-0.0292311
-0.0293673
-0.0294701
-0.0295514
-0.029591
-0.0296196
-0.0296329
-0.0296285
-0.0296156
-0.0295873
-0.0295805
-0.0294432
-0.028856
-0.0290597
-0.0296305
-0.030012
-0.0302771
-0.0303714
-0.030321
-0.0302271
-0.0300109
-0.0297656
-0.029618
-0.0295383
-0.0295066
-0.0295439
-0.0296725
-0.0297597
-0.0298945
-0.0300293
-0.0301773
-0.030276
-0.0303632
-0.030417
-0.0304447
-0.0304541
-0.0304471
-0.0304202
-0.03041
-0.0303902
-0.0303748
-0.0302315
-0.0296627
-0.0299051
-0.0303267
-0.0307834
-0.0311472
-0.0312647
-0.0312453
-0.0310493
-0.0308352
-0.0306192
-0.0303888
-0.0303014
-0.0302597
-0.0302912
-0.0303976
-0.03053
-0.03067
-0.0307876
-0.0309118
-0.0310425
-0.0310969
-0.0311521
-0.0311883
-0.0311947
-0.0311897
-0.0311758
-0.0311483
-0.0311391
-0.0306879
-0.0304535
-0.0307997
-0.031049
-0.0314528
-0.0316205
-0.0317347
-0.0315885
-0.0315394
-0.0314046
-0.0310947
-0.0310187
-0.0309146
-0.0308993
-0.0309431
-0.0310397
-0.0311894
-0.0313135
-0.0314746
-0.0316189
-0.0316961
-0.0317626
-0.0318135
-0.0318375
-0.0318385
-0.0318401
-0.0318172
-0.0317996
-0.031774
-0.0317676
-0.0311369
-0.0312478
-0.0315762
-0.0319087
-0.0323026
-0.0324751
-0.0324824
-0.0323899
-0.0321699
-0.0319209
-0.0317527
-0.031635
-0.0315865
-0.031617
-0.031701
-0.0318262
-0.0319696
-0.0321162
-0.0322647
-0.0323262
-0.0324454
-0.032505
-0.0325387
-0.0325461
-0.0325351
-0.0325161
-0.0324941
-0.0324646
-0.0323275
-0.0317512
-0.0319523
-0.0323303
-0.0328329
-0.0330822
-0.0332535
-0.03325
-0.0331152
-0.0329115
-0.0327181
-0.0325749
-0.0324181
-0.0323861
-0.0324056
-0.0324884
-0.0326027
-0.0327419
-0.0328762
-0.0329863
-0.0331141
-0.0331843
-0.033254
-0.0332811
-0.0332923
-0.0332516
-0.0332559
-0.0332272
-0.0331985
-0.0331858
-0.0325375
-0.0326814
-0.0329758
-0.0333855
-0.0337027
-0.0338559
-0.0338605
-0.0337124
-0.0335531
-0.0333426
-0.0331656
-0.0330152
-0.0329768
-0.032988
-0.0330581
-0.0333345
-0.0333583
-0.0336189
-0.0336623
-0.033712
-0.0338419
-0.0338682
-0.0338655
-0.0338905
-0.0338198
-0.033844
-0.0338584
-0.0337774
-0.0338002
-0.0329552
-0.0329968
-0.033113
-0.033113
-0.033113
-0.033113
-0.033113
-0.033113
-0.033113
-0.033113
-0.033113
-0.033113
-0.033113
-0.033113
-0.033113
-0.033113
-0.033113
-0.033113
-0.033113
-0.033113
-0.033113
-0.033113
-0.033113
-0.033113
-0.033113
-0.033113
-0.033113
-0.033113
-0.033113
-0.033113
-0.033113
-0.033113
-0.033113
-0.033113
-0.033113
-0.033113
-0.033113
-0.033113
-0.033113
-0.033113
-0.033113
-0.033113
-0.033113
-0.033113
-0.033113
-0.033113
-0.033113
-0.033113
-0.033113
-0.033113
-0.033113
-0.033113
-0.033113
-0.033113
-0.033113
-0.033113
-0.033113
-0.033113
-0.033113
-0.033113
-0.033113
-0.033113
-0.033113
-0.033113
-0.033113
-0.033113
-0.033113
-0.033113
-0.033113
-0.033113
-0.033113
-0.033113
-0.033113
-0.033113
-0.033113
-0.033113
-0.033113
-0.033113
-0.033113
-0.033113
-0.033113
-0.033113
-0.033113
-0.033113
-0.033113
-0.033113
-0.033113
-0.033113
-0.033113
-0.033113
-0.033113
-0.033113
-0.033113
-0.033113
-0.033113
-0.033113
-0.033113
-0.033113
-0.033113
-0.033113
-0.033113
-0.033113
-0.0335887
-0.0335887
-0.0335887
-0.0335887
-0.0335887
-0.0335887
-0.0335887
-0.0335887
-0.0335887
-0.0335887
-0.0335887
-0.0335887
-0.0335887
-0.0335887
-0.0335887
-0.0335887
-0.0335887
-0.0335887
-0.0335887
-0.0335887
-0.0335887
-0.0335887
-0.0335887
-0.0335887
-0.0335887
-0.0335887
-0.0335887
-0.0335887
-0.0335887
-0.0335887
-0.0335887
-0.0335887
-0.0335887
-0.0335887
-0.0335887
-0.0335887
-0.0335887
-0.0335887
-0.0335887
-0.0335887
-0.0335887
-0.0335887
-0.0335887
-0.0335887
-0.0335887
-0.0335887
-0.0335887
-0.0335887
-0.0335887
-0.0335887
-0.0335887
-0.0335887
-0.0335887
-0.0335887
-0.0335887
-0.0335887
-0.0335887
-0.0335887
-0.0335887
-0.0335887
-0.0335887
-0.0335887
-0.0335887
-0.0335887
-0.0335887
-0.0335887
-0.0335887
-0.0335887
-0.0335887
-0.0335887
-0.0335887
-0.0335887
-0.0335887
-0.0335887
-0.0335887
-0.0335887
-0.0335887
-0.0335887
-0.0335887
-0.0335887
-0.0335887
-0.0335887
-0.0335887
-0.0335887
-0.0335887
-0.0335887
-0.0335887
-0.0335887
-0.0335887
-0.0335887
-0.0335887
-0.0335887
-0.0335887
-0.0335887
-0.0335887
-0.0335887
-0.0335887
-0.0335887
-0.0335887
-0.0335887
-0.0340576
-0.0340576
-0.0340576
-0.0340576
-0.0340576
-0.0340576
-0.0340576
-0.0340576
-0.0340576
-0.0340576
-0.0340576
-0.0340576
-0.0340576
-0.0340576
-0.0340576
-0.0340576
-0.0340576
-0.0340576
-0.0340576
-0.0340576
-0.0340576
-0.0340576
-0.0340576
-0.0340576
-0.0340576
-0.0340576
-0.0340576
-0.0340576
-0.0340576
-0.0340576
-0.0340576
-0.0340576
-0.0340576
-0.0340576
-0.0340576
-0.0340576
-0.0340576
-0.0340576
-0.0340576
-0.0340576
-0.0340576
-0.034706
-0.0345783
-0.0343446
-0.0342116
-0.0339688
-0.0338091
-0.033766
-0.0337935
-0.0338667
-0.0340078
-0.0341633
-0.0343108
-0.0344389
-0.0345906
-0.0346707
-0.0347427
-0.0347792
-0.0347956
-0.0348
-0.0347765
-0.0347547
-0.0347328
-0.0347147
-0.0346884
-0.0345465
-0.0339248
-0.0341417
-0.034692
-0.0351786
-0.0355447
-0.0357195
-0.0356861
-0.0355266
-0.0352811
-0.0349659
-0.0347362
-0.0346185
-0.034531
-0.0345563
-0.034631
-0.0347833
-0.0349155
-0.0350973
-0.0352432
-0.0353519
-0.0354429
-0.0355003
-0.0355335
-0.0355412
-0.0355375
-0.0355123
-0.0354957
-0.0354568
-0.0354254
-0.0354199
-0.0346252
-0.0348496
-0.035345
-0.0356732
-0.0359716
-0.0360881
-0.0360645
-0.0359081
-0.0356736
-0.0354236
-0.0352411
-0.0350949
-0.0350661
-0.0350968
-0.035183
-0.0353209
-0.0354927
-0.03565
-0.0357789
-0.0358933
-0.0359802
-0.0360216
-0.0360499
-0.036064
-0.036047
-0.0360268
-0.0360058
-0.0359857
-0.0359671
-0.03595
-0.0351987
-0.0353668
-0.0357116
-0.0361804
-0.0365336
-0.0367071
-0.0366956
-0.0365388
-0.0362938
-0.0360516
-0.0358336
-0.0357002
-0.0356402
-0.0356612
-0.0357502
-0.0359288
-0.0360309
-0.0361704
-0.0363077
-0.036449
-0.036538
-0.0365874
-0.0366273
-0.0366392
-0.0366365
-0.0366113
-0.0365931
-0.0365556
-0.0365407
-0.0363745
-0.0357111
-0.0359425
-0.0365456
-0.0368905
-0.0372667
-0.0373575
-0.0373232
-0.0371524
-0.0369408
-0.0367106
-0.0365151
-0.0363853
-0.0363322
-0.0363552
-0.0364556
-0.0365625
-0.0367253
-0.0368749
-0.036996
-0.0370909
-0.0371821
-0.0372286
-0.0372504
-0.0372583
-0.0372381
-0.0372228
-0.0371853
-0.0371485
-0.0371301
-0.0371147
-0.0363534
-0.0364163
-0.0368443
-0.0373209
-0.0376846
-0.0378536
-0.0377873
-0.0376581
-0.0375083
-0.0373003
-0.0369808
-0.0368269
-0.0367559
-0.0367547
-0.0368334
-0.0369561
-0.0370988
-0.037284
-0.0374
-0.0375287
-0.0376154
-0.0376616
-0.0376924
-0.0376946
-0.0376762
-0.0376454
-0.0376123
-0.037578
-0.0375486
-0.0375247
-0.037354
-0.0367659
-0.0369448
-0.0373746
-0.0379248
-0.0381976
-0.0383548
-0.0382965
-0.0381319
-0.0379086
-0.037555
-0.0373327
-0.0372126
-0.037136
-0.0371516
-0.0372417
-0.0373704
-0.0375494
-0.0376992
-0.0378086
-0.0378991
-0.0380049
-0.0380547
-0.0380775
-0.0380746
-0.0380561
-0.0380102
-0.0379847
-0.0379572
-0.0379259
-0.0377792
-0.0371384
-0.0373662
-0.0379941
-0.0383335
-0.0386837
-0.0387734
-0.0387222
-0.0385735
-0.0382739
-0.0380924
-0.0378626
-0.0377447
-0.0377077
-0.0377366
-0.0378235
-0.0379272
-0.0380997
-0.0382347
-0.0383519
-0.0384569
-0.0385236
-0.0385649
-0.0385791
-0.0385693
-0.0385501
-0.0385214
-0.0384877
-0.0384558
-0.038417
-0.0382569
-0.0376121
-0.0378506
-0.0383793
-0.0388027
-0.0391558
-0.039239
-0.0392116
-0.0390118
-0.038715
-0.0385146
-0.0382756
-0.0381762
-0.0381241
-0.03815
-0.0382296
-0.0383467
-0.0384839
-0.0386203
-0.03876
-0.038843
-0.0389206
-0.0389572
-0.0389713
-0.0389709
-0.0389517
-0.0389249
-0.0388819
-0.0388509
-0.0388186
-0.0386603
-0.0380008
-0.0382101
-0.0388472
-0.0393007
-0.0395491
-0.0396194
-0.0395424
-0.0393073
-0.0391012
-0.0388526
-0.0386478
-0.0385521
-0.0384926
-0.0385262
-0.0386113
-0.0387213
-0.0388856
-0.0390252
-0.0391376
-0.0392258
-0.0393039
-0.0393413
-0.0393585
-0.0393379
-0.039321
-0.039284
-0.0392489
-0.0392035
-0.0391818
-0.039148
-0.0389896
-0.0383615
-0.0387026
-0.0391939
-0.0397144
-0.0399965
-0.040061
-0.039931
-0.0397541
-0.0396091
-0.039193
-0.0389879
-0.0388634
-0.0388162
-0.0388427
-0.0389335
-0.0390618
-0.0392382
-0.0393539
-0.0394849
-0.0395921
-0.0396694
-0.0396955
-0.0397035
-0.039684
-0.039653
-0.0396094
-0.0395787
-0.0395288
-0.0394946
-0.0393288
-0.0387352
-0.0389137
-0.0394521
-0.0399297
-0.0402324
-0.0403391
-0.0403018
-0.0400837
-0.0398928
-0.0396507
-0.0394196
-0.0392775
-0.0392139
-0.0392275
-0.0393205
-0.0394462
-0.039558
-0.0396992
-0.0398498
-0.0399293
-0.0400047
-0.0400429
-0.0400475
-0.0400356
-0.0400088
-0.039963
-0.0399334
-0.0398662
-0.0398598
-0.0398256
-0.0390727
-0.0391846
-0.0395832
-0.0401393
-0.0404527
-0.0405688
-0.0405501
-0.0403238
-0.0400906
-0.0398553
-0.0396691
-0.0394749
-0.0394164
-0.0394312
-0.0395263
-0.0396281
-0.0397875
-0.039908
-0.0400282
-0.0401393
-0.0402164
-0.0402636
-0.0402755
-0.0402799
-0.0402584
-0.0402307
-0.0401921
-0.0401538
-0.0401094
-0.0400886
-0.0399144
-0.0393175
-0.0395262
-0.0401079
-0.0406165
-0.0408891
-0.0410526
-0.0410152
-0.0408298
-0.0406114
-0.0402918
-0.0400574
-0.0399112
-0.0398427
-0.0398425
-0.0399201
-0.0400892
-0.0402601
-0.0403752
-0.0405129
-0.0405978
-0.0406428
-0.0406909
-0.0406977
-0.0406892
-0.0406513
-0.0406194
-0.0405629
-0.040529
-0.0404781
-0.0404452
-0.0402704
-0.0395902
-0.0398589
-0.0406696
-0.0409528
-0.041341
-0.0414373
-0.041363
-0.0411887
-0.0409374
-0.0406303
-0.040409
-0.0402501
-0.0401773
-0.0401875
-0.0402628
-0.0403829
-0.0405248
-0.0406707
-0.0407975
-0.0409168
-0.0409783
-0.0410139
-0.0410205
-0.0410165
-0.0409749
-0.0409473
-0.0408945
-0.0408508
-0.0408093
-0.0407768
-0.0405989
-0.0399111
-0.0401837
-0.0407946
-0.0412887
-0.0416154
-0.0417152
-0.0416453
-0.0415362
-0.0410997
-0.0409265
-0.0406421
-0.0404948
-0.0404175
-0.0404278
-0.0405091
-0.0406368
-0.0408119
-0.0409361
-0.0410877
-0.0411886
-0.0412467
-0.0412886
-0.04129
-0.0412831
-0.0412393
-0.0411979
-0.0411501
-0.0411043
-0.0410632
-0.0410302
-0.0408583
-0.0402011
-0.0404654
-0.0410488
-0.0415949
-0.0418345
-0.0419531
-0.0418363
-0.0416354
-0.0413915
-0.0411644
-0.0409191
-0.0407489
-0.0406982
-0.0407164
-0.0408098
-0.0409176
-0.0410787
-0.0411956
-0.0414366
-0.0414463
-0.041478
-0.0415283
-0.0415307
-0.0415064
-0.0414932
-0.0414221
-0.0414125
-0.0413426
-0.0413266
-0.0411521
-0.0405335
-0.0410244
-0.0412714
-0.0419826
-0.0420344
-0.0421512
-0.0421275
-0.0417663
-0.0417736
-0.0412765
-0.0412842
-0.0411773
-0.0409502
-0.0409901
-0.0408308
-0.0408047
-0.0407584
-0.0418948
-0.0419049
-0.0418385
-0.0418473
-0.0418616
-0.0418702
-0.0413053
-0.0411091
-0.0401065
-0.0400655
-0.0400722
-0.0400722
-0.0400722
-0.0400722
-0.0400722
-0.0400722
-0.0400722
-0.0400722
-0.0400722
-0.0400722
-0.0400722
-0.0400722
-0.0400722
-0.0400722
-0.0400722
-0.0400722
-0.0406101
-0.0406218
-0.0406902
-0.0406902
-0.0406902
-0.0406902
-0.0406902
-0.0406902
-0.0406902
-0.037317
-0.0371575
-0.0386428
-0.0387658
-0.0397139
-0.0397635
-0.0397635
-0.0397635
-0.0397635
-0.0397635
-0.0397635
-0.0397635
-0.0397635
-0.0397635
-0.0397635
-0.0397635
-0.0397635
-0.0397635
-0.0397635
-0.0397635
-0.0397635
-0.0397635
-0.0397635
-0.0397635
-0.0397635
-0.0397635
-0.0397635
-0.0397635
-0.0397635
-0.0397635
-0.0397635
-0.0397635
-0.0397635
-0.0397635
-0.0397635
-0.0397635
-0.0397635
-0.0397635
-0.0397635
-0.0397635
-0.0397635
-0.0397635
-0.0397635
-0.0397635
-0.0478497
-0.0478497
-0.0478497
-0.0478497
-0.0478497
-0.0478497
-0.0478497
-0.0478497
-0.0478497
-0.0478497
-0.0478497
-0.0478497
-0.0478497
-0.0478497
-0.0478497
-0.0478497
-0.0478497
-0.0478497
-0.0478497
-0.0478497
-0.0478497
-0.0478497
-0.0478497
-0.0478497
-0.0478497
-0.0478497
-0.0478497
-0.0478497
-0.0478497
-0.0478497
-0.0478497
-0.0478497
-0.0478497
-0.0478497
-0.0478497
-0.0478497
-0.0478497
-0.0478497
-0.0478497
-0.0478497
-0.0478497
-0.0478497
-0.0478497
-0.0478497
-0.0478497
-0.0478497
-0.0478497
-0.0478497
-0.0478497
-0.0478497
-0.0478497
-0.0478497
-0.0478497
-0.0478497
-0.0478497
-0.0478497
-0.0478497
-0.0478497
-0.0478497
-0.0478497
-0.0478497
-0.0478497
-0.0478497
-0.0478497
-0.0478497
-0.0478497
-0.0478497
-0.0478497
-0.0478497
-0.0478497
-0.0478497
-0.0478497
-0.0478497
-0.0478497
-0.0478497
-0.0478497
-0.0478497
-0.0478497
-0.0478497
-0.0478497
-0.0478497
-0.0478497
-0.0478497
-0.0478497
-0.0478497
-0.0478497
-0.0478497
-0.0478497
-0.0478497
-0.0478497
-0.0478497
-0.0478497
-0.0478497
-0.0478497
-0.0478497
-0.0478497
-0.0478497
-0.0478497
-0.0478497
-0.0478497
-0.0417822
-0.0417822
-0.0417822
-0.0417822
-0.0417822
-0.0417822
-0.0417822
-0.0417822
-0.0417822
-0.0417822
-0.0417822
-0.0417822
-0.0417822
-0.0417822
-0.0417822
-0.0417822
-0.0417822
-0.0417822
-0.0417822
-0.0417822
-0.0417822
-0.0417822
-0.0417822
-0.0417822
-0.0417822
-0.0417822
-0.0417822
-0.0417822
-0.0417822
-0.0417822
-0.0417822
-0.0417822
-0.0417822
-0.0417822
-0.0417822
-0.0417822
-0.0417822
-0.0417822
-0.0417822
-0.0417822
-0.0417822
-0.0417822
-0.0417822
-0.0417822
-0.0417822
-0.0417822
-0.0417822
-0.0417822
-0.0417822
-0.0417822
-0.0417822
-0.0417822
-0.0417822
-0.0417822
-0.0417822
-0.0417822
-0.0417822
-0.0417822
-0.0417822
-0.0417822
-0.0417822
-0.0417822
-0.0417822
-0.0417822
-0.0417822
-0.0417822
-0.0417822
-0.0417822
-0.0417822
-0.0417822
-0.0417822
-0.0417822
-0.0417822
-0.0417822
-0.0417822
-0.0417822
-0.0417822
-0.0417822
-0.0417822
-0.0417822
-0.0417822
-0.0417822
-0.0417822
-0.0417822
-0.0417822
-0.0417822
-0.0417822
-0.0417822
-0.0417822
-0.0417822
-0.0417822
-0.0417822
-0.0417822
-0.0417822
-0.0417822
-0.0417822
-0.0417822
-0.0417822
-0.0417822
-0.0417822
-0.042124
-0.0419717
-0.0419717
-0.0419717
-0.0419717
-0.0419717
-0.0419717
-0.0419717
-0.0419717
-0.0419717
-0.0419717
-0.0419717
-0.0419717
-0.0419717
-0.0419717
-0.0419717
-0.0419717
-0.0419717
-0.0419717
-0.0419717
-0.0419717
-0.0419717
-0.0419717
-0.0419717
-0.0419717
-0.0419717
-0.0419717
-0.0419717
-0.0419717
-0.0419717
-0.0419717
-0.0419717
-0.0419717
-0.0419717
-0.0419717
-0.0419717
-0.0419717
-0.0419717
-0.0419717
-0.0419717
-0.0419717
-0.0419717
-0.0419717
-0.0419717
-0.0419717
-0.0419717
-0.0419717
-0.0419717
-0.0419717
-0.0419717
-0.0419717
-0.0419717
-0.0419717
-0.0419717
-0.0419717
-0.0419717
-0.0419717
-0.0419717
-0.0419717
-0.0419717
-0.0419717
-0.0419717
-0.0419717
-0.0419717
-0.0419717
-0.0419717
-0.0419717
-0.0419717
-0.0419717
-0.0419717
-0.0419717
-0.0419717
-0.0419717
-0.0419717
-0.0419717
-0.0419717
-0.0419717
-0.0419717
-0.0419717
-0.0419717
-0.0419717
-0.0419717
-0.0419717
-0.0419717
-0.0419717
-0.0419717
-0.0419717
-0.0419717
-0.0419717
-0.0419717
-0.0419717
-0.0419717
-0.0419717
-0.0419717
-0.0419717
-0.0419717
-0.0419717
-0.0419717
-0.0419717
-0.0419717
-0.0419717
-0.0408635
-0.0408635
-0.0408635
-0.0408635
-0.0408635
-0.0408635
-0.0408635
-0.0408635
-0.0408635
-0.0408635
-0.0408635
-0.0408635
-0.0408635
-0.0408635
-0.0408635
-0.0408635
-0.0408635
-0.0408635
-0.0408635
-0.0408635
-0.0408635
-0.0408635
-0.0408635
-0.0408635
-0.0408635
-0.0408635
-0.0408635
-0.0408635
-0.0408635
-0.0408635
-0.0408635
-0.0408635
-0.0408635
-0.0408635
-0.0408635
-0.0408635
-0.0408635
-0.0408635
-0.0408635
-0.0408635
-0.0408635
-0.0408635
-0.0408635
-0.0408635
-0.0408635
-0.0408635
-0.0408635
-0.0408635
-0.0408635
-0.0408635
-0.0408635
-0.0408635
-0.0408635
-0.0408635
-0.0408635
-0.0408635
-0.0408635
-0.0408635
-0.0408635
-0.0408635
-0.0408635
-0.0408635
-0.0408635
-0.0408635
-0.0408635
-0.0408635
-0.0408635
-0.0408635
-0.0408635
-0.0408635
-0.0408635
-0.0408635
-0.0408635
-0.0408635
-0.0408635
-0.0408635
-0.0408635
-0.0408635
-0.0408635
-0.0408635
-0.0408635
-0.0408635
-0.0408635
-0.0408635
-0.0408635
-0.0408635
-0.0408635
-0.0408635
-0.0408635
-0.0408635
-0.0408635
-0.0408635
-0.0408635
-0.0408635
-0.0408635
-0.0408635
-0.0408635
-0.0408635
-0.0408635
-0.0408635
-0.041522
-0.041522
-0.041522
-0.041522
-0.041522
-0.041522
-0.041522
-0.041522
-0.041522
-0.041522
-0.041522
-0.041522
-0.041522
-0.041522
-0.041522
-0.041522
-0.041522
-0.041522
-0.041522
-0.041522
-0.041522
-0.041522
-0.041522
-0.041522
-0.041522
-0.041522
-0.041522
-0.041522
-0.041522
-0.041522
-0.041522
-0.041522
-0.041522
-0.041522
-0.041522
-0.041522
-0.041522
-0.041522
-0.041522
-0.041522
-0.041522
-0.041522
-0.041522
-0.041522
-0.041522
-0.041522
-0.041522
-0.041522
-0.041522
-0.041522
-0.041522
-0.041522
-0.041522
-0.041522
-0.041522
-0.041522
-0.041522
-0.041522
-0.041522
-0.041522
-0.041522
-0.041522
-0.041522
-0.041522
-0.041522
-0.041522
-0.041522
-0.041522
-0.041522
-0.041522
-0.041522
-0.041522
-0.041522
-0.041522
-0.041522
-0.041522
-0.041522
-0.041522
-0.041522
-0.041522
-0.041522
-0.041522
-0.041522
-0.041522
-0.041522
-0.041522
-0.041522
-0.041522
-0.041522
-0.041522
-0.041522
-0.041522
-0.041522
-0.041522
-0.041522
-0.041522
-0.041522
-0.041522
-0.041522
-0.041522
-0.0419253
-0.0419253
-0.0419253
-0.0419253
-0.0419253
-0.0419253
-0.0419253
-0.0419253
-0.0419253
-0.0419253
-0.0419253
-0.0419253
-0.0419253
-0.0419253
-0.0419253
-0.0419253
-0.0419253
-0.0419253
-0.0419253
-0.0419253
-0.0419253
-0.0419253
-0.0419253
-0.0419253
-0.0419253
-0.0419253
-0.0419253
-0.0419253
-0.0419253
-0.0419253
-0.0419253
-0.0419253
-0.0419253
-0.0419253
-0.0419253
-0.0419253
-0.0419253
-0.0419253
-0.0419253
-0.0419253
-0.0419253
-0.0419253
-0.0419253
-0.0419253
-0.0419253
-0.0419253
-0.0419253
-0.0419253
-0.0419253
-0.0419253
-0.0419253
-0.0419253
-0.0419253
-0.0419253
-0.0419253
-0.0419253
-0.0419253
-0.0419253
-0.0419253
-0.0419253
-0.0419253
-0.0419253
-0.0419253
-0.0419253
-0.0419253
-0.0419253
-0.0419253
-0.0419253
-0.0419253
-0.0419253
-0.0419253
-0.0419253
-0.0419253
-0.0419253
-0.0419253
-0.0419253
-0.0419253
-0.0419253
-0.0419253
-0.0419253
-0.0419253
-0.0419253
-0.0419253
-0.0419253
-0.0419253
-0.0419253
-0.0419253
-0.0419253
-0.0419253
-0.0419253
-0.0419253
-0.0419253
-0.0419253
-0.0419253
-0.0419253
-0.0419253
-0.0419253
-0.0419253
-0.0419253
-0.0419253
-0.041671
-0.041671
-0.041671
-0.041671
-0.041671
-0.041671
-0.041671
-0.041671
-0.041671
-0.041671
-0.041671
-0.041671
-0.041671
-0.041671
-0.041671
-0.041671
-0.041671
-0.041671
-0.041671
-0.041671
-0.041671
-0.041671
-0.041671
-0.041671
-0.041671
-0.041671
-0.041671
-0.041671
-0.041671
-0.041671
-0.041671
-0.041671
-0.041671
-0.041671
-0.041671
-0.041671
-0.041671
-0.041671
-0.041671
-0.041671
-0.041671
-0.041671
-0.041671
-0.041671
-0.041671
-0.041671
-0.041671
-0.041671
-0.041671
-0.041671
-0.041671
-0.041671
-0.041671
-0.041671
-0.041671
-0.041671
-0.041671
-0.041671
-0.041671
-0.041671
-0.041671
-0.041671
-0.041671
-0.041671
-0.041671
-0.041671
-0.041671
-0.041671
-0.041671
-0.041671
-0.041671
-0.041671
-0.041671
-0.041671
-0.041671
-0.041671
-0.041671
-0.041671
-0.041671
-0.041671
-0.041671
-0.041671
-0.041671
-0.041671
-0.041671
-0.041671
-0.041671
-0.041671
-0.041671
-0.041671
-0.041671
-0.041671
-0.041671
-0.041671
-0.041671
-0.041671
-0.041671
-0.041671
-0.041671
-0.041671
-0.0415448
-0.0415448
-0.0415448
-0.0415448
-0.0415448
-0.0415448
-0.0415448
-0.0415448
-0.0415448
-0.0415448
-0.0415448
-0.0415448
-0.0415448
-0.0415448
-0.0415448
-0.0415448
-0.0415448
-0.0415448
-0.0415448
-0.0415448
-0.0415448
-0.0415448
-0.0415448
-0.0415448
-0.0415448
-0.0415448
-0.0415448
-0.0415448
-0.0415448
-0.0415448
-0.0415448
-0.0415448
-0.0415448
-0.0415448
-0.0415448
-0.0415448
-0.0415448
-0.0415448
-0.0415448
-0.0415448
-0.0415448
-0.0415448
-0.0415448
-0.0415448
-0.0415448
-0.0415448
-0.0415448
-0.0415448
-0.0415448
-0.0415448
-0.0415448
-0.0415448
-0.0415448
-0.0415448
-0.0415448
-0.0415448
-0.0415448
-0.0415448
-0.0415448
-0.0415448
-0.0415448
-0.0415448
-0.0415448
-0.0415448
-0.0415448
-0.0415448
-0.0415448
-0.0415448
-0.0415448
-0.0415448
-0.0415448
-0.0415448
-0.0415448
-0.0415448
-0.0415448
-0.0415448
-0.0415448
-0.0415448
-0.0415448
-0.0415448
-0.0415448
-0.0415448
-0.0415448
-0.0415448
-0.0415448
-0.0415448
-0.0415448
-0.0415448
-0.0415448
-0.0415448
-0.0415448
-0.0415448
-0.0415448
-0.0415448
-0.0415448
-0.0415448
-0.0415448
-0.0415448
-0.0415448
-0.0415448
-0.041375
-0.041375
-0.041375
-0.041375
-0.041375
-0.041375
-0.041375
-0.041375
-0.041375
-0.041375
-0.041375
-0.041375
-0.041375
-0.041375
-0.041375
-0.041375
-0.041375
-0.041375
-0.041375
-0.041375
-0.041375
-0.041375
-0.041375
-0.041375
-0.041375
-0.041375
-0.041375
-0.041375
-0.041375
-0.041375
-0.041375
-0.041375
-0.041375
-0.041375
-0.041375
-0.041375
-0.041375
-0.041375
-0.041375
-0.041375
-0.041375
-0.041375
-0.041375
-0.041375
-0.041375
-0.041375
-0.041375
-0.041375
-0.041375
-0.041375
-0.041375
-0.041375
-0.041375
-0.041375
-0.041375
-0.041375
-0.041375
-0.041375
-0.041375
-0.041375
-0.041375
-0.041375
-0.041375
-0.041375
-0.041375
-0.041375
-0.041375
-0.041375
-0.041375
-0.041375
-0.041375
-0.041375
-0.041375
-0.041375
-0.041375
-0.041375
-0.041375
-0.041375
-0.041375
-0.041375
-0.041375
-0.041375
-0.041375
-0.041375
-0.041375
-0.041375
-0.041375
-0.041375
-0.041375
-0.041375
-0.041375
-0.041375
-0.041375
-0.041375
-0.041375
-0.041375
-0.041375
-0.041375
-0.041375
-0.041375
-0.041375
-0.041375
-0.041375
-0.041375
-0.041375
-0.041375
-0.041375
-0.041375
-0.041375
-0.041375
-0.041375
-0.041375
-0.041375
-0.041375
-0.041375
-0.041375
-0.041375
-0.041375
-0.041375
-0.041375
-0.041375
-0.041375
-0.041375
-0.041375
-0.041375
-0.041375
-0.041375
-0.041375
-0.041375
-0.041375
-0.041375
-0.041375
-0.041375
-0.041375
-0.041375
-0.041375
-0.041375
-0.041375
-0.041375
-0.041375
-0.041375
-0.041375
-0.041375
-0.041375
-0.041375
-0.041375
-0.041375
-0.041375
-0.041375
-0.041375
-0.041375
-0.041375
-0.041375
-0.041375
-0.041375
-0.041375
-0.041375
-0.041375
-0.041375
-0.041375
-0.041375
-0.041375
-0.041375
-0.041375
-0.041375
-0.041375
-0.041375
-0.041375
-0.041375
-0.041375
-0.041375
-0.041375
-0.041375
-0.041375
-0.041375
-0.041375
-0.041375
-0.041375
-0.041375
-0.041375
-0.041375
-0.041375
-0.041375
-0.041375
-0.041375
-0.041375
-0.041375
-0.041375
-0.041375
-0.041375
-0.041375
-0.041375
-0.041375
-0.041375
-0.041375
-0.041375
-0.041375
-0.041375
-0.041375
-0.041375
-0.041375
-0.041375
-0.041375
-0.041375
-0.041375
-0.041375
-0.041375
-0.041375
-0.041375
-0.041597
-0.041597
-0.041597
-0.041597
-0.041597
-0.041597
-0.041597
-0.041597
-0.041597
-0.041597
-0.041597
-0.041597
-0.041597
-0.041597
-0.041597
-0.041597
-0.041597
-0.041597
-0.041597
-0.041597
-0.041597
-0.041597
-0.041597
-0.041597
-0.041597
-0.041597
-0.041597
-0.041597
-0.041597
-0.041597
-0.041597
-0.041597
-0.041597
-0.041597
-0.041597
-0.041597
-0.041597
-0.041597
-0.041597
-0.041597
-0.041597
-0.041597
-0.041597
-0.041597
-0.041597
-0.041597
-0.041597
-0.041597
-0.041597
-0.041597
-0.041597
-0.041597
-0.041597
-0.041597
-0.041597
-0.041597
-0.041597
-0.041597
-0.041597
-0.041597
-0.041597
-0.041597
-0.041597
-0.041597
-0.041597
-0.041597
-0.041597
-0.041597
-0.041597
-0.041597
-0.041597
-0.041597
-0.041597
-0.041597
-0.041597
-0.041597
-0.041597
-0.041597
-0.041597
-0.041597
-0.041597
-0.041597
-0.041597
-0.041597
-0.041597
-0.041597
-0.041597
-0.041597
-0.041597
-0.041597
-0.041597
-0.041597
-0.041597
-0.041597
-0.041597
-0.041597
-0.041597
-0.041597
-0.041597
-0.041597
-0.0418087
-0.0418087
-0.0418087
-0.0418087
-0.0418087
-0.0418087
-0.0418087
-0.0418087
-0.0418087
-0.0418087
-0.0418087
-0.0418087
-0.0418087
-0.0418087
-0.0418087
-0.0418087
-0.0418087
-0.0418087
-0.0418087
-0.0418087
-0.0418087
-0.0418087
-0.0418087
-0.0418087
-0.0418087
-0.0418087
-0.0418087
-0.0418087
-0.0418087
-0.0418087
-0.0418087
-0.0418087
-0.0418087
-0.0418087
-0.0418087
-0.0418087
-0.0418087
-0.0418087
-0.0418087
-0.0418087
-0.0418087
-0.0418087
-0.0418087
-0.0418087
-0.0418087
-0.0418087
-0.0418087
-0.0418087
-0.0418087
-0.0418087
-0.0418087
-0.0418087
-0.0418087
-0.0418087
-0.0418087
-0.0418087
-0.0418087
-0.0418087
-0.0418087
-0.0418087
-0.0418087
-0.0418087
-0.0418087
-0.0418087
-0.0418087
-0.0418087
-0.0418087
-0.0418087
-0.0418087
-0.0418087
-0.0418087
-0.0418087
-0.0418087
-0.0418087
-0.0418087
-0.0418087
-0.0418087
-0.0418087
-0.0418087
-0.0418087
-0.0418087
-0.0418087
-0.0418087
-0.0418087
-0.0418087
-0.0418087
-0.0418087
-0.0418087
-0.0418087
-0.0418087
-0.0418087
-0.0418087
-0.0418087
-0.0418087
-0.0418087
-0.0418087
-0.0418087
-0.0418087
-0.0418087
-0.0418087
-0.0418087
-0.0418087
-0.0418087
-0.0418087
-0.0418087
-0.0418087
-0.0418087
-0.0418087
-0.0418087
-0.0418087
-0.0418087
-0.0418087
-0.0418087
-0.0418087
-0.0418087
-0.0418087
-0.0418087
-0.0418087
-0.0418087
-0.0418087
-0.0418087
-0.0418087
-0.0418087
-0.0418087
-0.0418087
-0.0418087
-0.0418087
-0.0418087
-0.0418087
-0.0418087
-0.0418087
-0.0418087
-0.0418087
-0.0418087
-0.0386674
-0.0386674
-0.0386674
-0.0386674
-0.0386674
-0.0386674
-0.0386674
-0.0386674
-0.0386674
-0.0386674
-0.0386674
-0.0386674
-0.0386674
-0.0386674
-0.0386674
-0.0386674
-0.0386674
-0.0386674
-0.0386674
-0.0386674
-0.0386674
-0.0386674
-0.0386674
-0.0386674
-0.0386674
-0.0386674
-0.0386674
-0.0386674
-0.0386674
-0.0386674
-0.0386674
-0.0386674
-0.0386674
-0.0386674
-0.0386674
-0.0386674
-0.0386674
-0.0386674
-0.0386674
-0.0386674
-0.0386674
-0.0386674
-0.0386674
-0.0386674
-0.0386674
-0.0386674
-0.0386674
-0.0386674
-0.0386674
-0.0386674
-0.0386674
-0.0386674
-0.0386674
-0.0386674
-0.0386674
-0.0386674
-0.0386674
-0.0386674
-0.0386674
-0.0386674
-0.0425754
-0.0422683
-0.0419735
-0.0416433
-0.0412738
-0.0409059
-0.0405227
-0.0401232
-0.0397028
-0.0393169
-0.0389145
-0.0385258
-0.0381293
-0.0377682
-0.0374026
-0.0370298
-0.0367063
-0.0363625
-0.0360432
-0.0357247
-0.0354102
-0.0351016
-0.0347981
-0.0345002
-0.0342036
-0.0339121
-0.0336239
-0.0333406
-0.0330583
-0.0327812
-0.0325049
-0.0322311
-0.031958
-0.0316893
-0.031423
-0.0311571
-0.0308935
-0.0306201
-0.0285239
-0.0244731
-0.0219983
-0.0176355
-0.0147014
-0.011375
-0.00622927
-0.00308834
-0.000369161
0.00213528
0.00127989
-0.00162932
-0.00319711
-0.00527312
-0.0063748
-0.00762322
-0.00864325
-0.00962624
-0.0100569
-0.0108211
-0.0109767
-0.0109284
-0.00824685
-0.00632223
-0.00567761
-0.00554797
-0.0053952
-0.00553661
-0.00681411
-0.00744073
-0.00731264
-0.00760227
-0.00802111
-0.00922804
-0.0101224
-0.0107889
-0.0114127
-0.0124911
-0.0130587
-0.013521
-0.0136766
-0.0142106
-0.0145074
-0.0147655
-0.0146524
-0.0150855
-0.0161835
-0.0164666
-0.0170919
-0.0174715
-0.0182245
-0.0194229
-0.0203477
-0.0213025
-0.0213716
-0.0218306
-0.022034
-0.022266
-0.0224145
-0.0224848
-0.0224506
-0.0223265
-0.0221031
-0.0217935
-0.0213543
-0.0209755
-0.0205119
-0.0199548
-0.0195714
-0.0191254
-0.0188123
-0.0185116
-0.0182864
-0.0181156
-0.0179774
-0.0178994
-0.0178241
-0.0178101
-0.0177813
-0.017758
-0.0177316
-0.0176994
-0.0176577
-0.0176061
-0.01756
-0.0174756
-0.0174083
-0.0173307
-0.0172224
-0.0171276
-0.0170286
-0.0169264
-0.016821
-0.0167125
-0.0166045
-0.016488
-0.0163749
-0.0162546
-0.0161332
-0.0160092
-0.0158861
-0.0157597
-0.0156339
-0.015507
-0.015379
-0.0152503
-0.0151246
-0.0149939
-0.0148666
-0.0147386
-0.0146141
-0.014489
-0.0143504
-0.0142296
-0.0141003
-0.0139714
-0.0138426
-0.0137077
-0.0135826
-0.0134483
-0.0133181
-0.0131885
-0.0130377
-0.0129299
-0.0127594
-0.012659
-0.0125477
-0.0123966
-0.0122923
-0.012118
-0.0120213
-0.0118475
-0.0117522
-0.0116446
-0.0114922
-0.0113925
-0.0112221
-0.0111301
-0.0110259
-0.0108951
-0.0106825
-0.0105862
-0.0104352
-0.0103342
-0.0101408
-0.010047
-0.00984671
-0.00976105
-0.00967598
-0.00956454
-0.00946443
-0.00935221
-0.00923722
-0.0091228
-0.00901512
-0.00889536
-0.00878234
-0.00866986
-0.00855768
-0.00844627
-0.0083354
-0.00822503
-0.00811562
-0.00800746
-0.00790049
-0.00779549
-0.00769696
-0.00758698
-0.00746032
-0.00738065
-0.00727806
-0.00715283
-0.00706863
-0.00696745
-0.00686674
-0.006761
-0.00666741
-0.00656972
-0.00647295
-0.0063776
-0.00628292
-0.00618841
-0.00609435
-0.00600619
-0.00590772
-0.00581515
-0.00572276
-0.0056327
-0.00554329
-0.0054545
-0.0053659
-0.00527789
-0.00519006
-0.00510286
-0.00501604
-0.00492604
-0.00484545
-0.00475622
-0.00467804
-0.00459618
-0.00451064
-0.00442952
-0.00434878
-0.00426837
-0.00418856
-0.0041089
-0.00402953
-0.00395053
-0.00387593
-0.00379522
-0.00372033
-0.003646
-0.00357537
-0.00349812
-0.00342481
-0.00335155
-0.00327886
-0.00320296
-0.00313423
-0.00306253
-0.00299112
-0.00292025
-0.00284252
-0.00278325
-0.00271184
-0.0026472
-0.00257662
-0.00251231
-0.0024454
-0.00237978
-0.00231442
-0.00224957
-0.00218195
-0.00212029
-0.00205341
-0.00199232
-0.00192768
-0.0018664
-0.00180564
-0.00174731
-0.00168443
-0.00162661
-0.00156447
-0.00150716
-0.00144532
-0.00138614
-0.00132266
-0.00127113
-0.00120795
-0.00115216
-0.00109446
-0.00103557
-0.000982404
-0.000928521
-0.000874907
-0.0008232
-0.000768095
-0.000713498
-0.000662446
-0.000611663
-0.000557751
-0.000505477
-0.000453711
-0.000403792
-0.000345528
-0.000297755
-0.000245184
-0.000199735
-0.000147372
-9.5427e-05
-4.70281e-05
1.16229e-06
5.26905e-05
0.000103801
0.000151128
0.000199199
0.000247329
0.000292599
0.000338852
0.000384957
0.000430822
0.000476509
0.000521988
0.000567526
0.000612855
