1.77965e-43
1.77965e-43
1.77965e-43
1.77965e-43
1.77965e-43
1.77965e-43
1.77965e-43
1.77965e-43
1.77965e-43
1.77965e-43
1.77965e-43
1.77965e-43
1.77965e-43
1.77965e-43
1.77965e-43
1.77965e-43
1.77965e-43
1.77965e-43
1.77965e-43
1.77965e-43
1.77965e-43
1.77965e-43
1.77965e-43
1.77965e-43
1.77965e-43
1.77965e-43
1.77965e-43
1.77965e-43
1.77965e-43
1.77965e-43
1.77965e-43
1.77965e-43
1.77965e-43
1.77965e-43
1.77965e-43
1.77965e-43
1.77965e-43
1.77965e-43
1.77965e-43
1.77965e-43
1.77965e-43
1.77965e-43
1.77965e-43
1.77965e-43
1.77965e-43
1.77965e-43
1.77965e-43
1.77965e-43
1.77965e-43
1.77965e-43
1.77965e-43
1.77965e-43
1.77965e-43
1.77965e-43
1.77965e-43
1.77965e-43
1.77965e-43
1.77965e-43
1.77965e-43
1.77965e-43
1.77965e-43
1.77965e-43
1.77965e-43
1.77965e-43
1.77965e-43
1.77965e-43
1.77965e-43
1.77965e-43
1.77965e-43
1.77965e-43
1.77965e-43
1.77965e-43
1.77965e-43
1.77965e-43
0
0
0
0
0
0
0
0
0
0
0
0
0
0
0
0
0
0
0
0
0
0
0
0
0
0
0
0
0
0
0
0
0
0
0
0
0
0
0
0
0
0
0
0
0
0
0
0
0
0
0
0
0
0
0
0
0
0
0
0
0
0
0
0
0
0
0
0
0
0
0
0
0
0
0
0
0
0
0
0
0
0
0
0
0
0
0
0
0
0
0
0
0
0
0
0
0
0
0
0
0
0
0
0
0
0
0
0
0
0
0
0
0
0
0
0
0
0
0
0
0
0
0
0
0
0
0
0
0
0
0
0
0
0
0
0
0
0
0
0
0
0
0
0
0
0
0
0
0
0
0
0
0
0
0
0
0
0
0
0
0
0
0
0
0
0
0
0
0
0
0
0
0
0
0
0
0
0
0
0
0
0
0
0
0
0
0
0
0
0
0
0
0
0
0
0
0
0
0
0
0
0
0
0
0
0
0
0
0
0
0
0
0
0
0
0
0
0
0
0
0
0
0
0
0
0
0
0
0
0
0
0
0
0
0
0
0
0
0
0
0
0
0
0
0
0
0
0
0
0
0
0.0405675
0.0482601
0.0516939
0.0536223
0.0548816
0.0558243
0.0566754
0.0574772
0.0584016
0.0593864
0.0606026
0.0620705
0.0636306
0.0654336
0.067298
0.0693416
0.0715336
0.0735699
0.0757245
0.0777887
0.0797665
0.0816001
0.0832502
0.0847228
0.0859493
0.0869715
0.0877665
0.0882891
0.0886073
0.0887262
0.0885569
0.0881131
0.0875101
0.0865827
0.08552
0.0843787
0.0830149
0.0816584
0.0801853
0.0786966
0.0771477
0.0755809
0.0740022
0.0724983
0.0710689
0.0697302
0.0685077
0.067384
0.0664112
0.0655583
0.0648826
0.0643896
0.0640223
0.0637768
0.0636981
0.0637214
0.0638872
0.0641163
0.0644409
0.0648249
0.0652402
0.0656723
0.0661163
0.0665553
0.0669761
0.0673781
0.0677433
0.0680706
0.0683434
0.0685996
0.0688282
0.0690212
0.069188
0.0693186
0.0694444
0.0695754
0.0697161
0.0698626
0.0700178
0.0701811
0.0703508
0.0705313
0.0707193
0.0709203
0.0711334
0.0713549
0.0715855
0.0718207
0.0720594
0.0722975
0.0725311
0.07276
0.0729849
0.073199
0.0734026
0.0735981
0.0737835
0.0739541
0.0741147
0.0742609
0.0743932
0.0745156
0.0746279
0.0747327
0.0748247
0.0749041
0.0749938
0.0751057
0.0752378
0.075376
0.0755162
0.0756529
0.0757821
0.0759019
0.0760102
0.0761083
0.0761922
0.0762663
0.0763275
0.0763747
0.0764143
0.0764386
0.0764585
0.0764667
0.0764724
0.0764721
0.0764716
0.0764744
0.076482
0.0764953
0.0765144
0.0765404
0.076574
0.0766148
0.0766653
0.0767267
0.076792
0.0768584
0.0769408
0.0770504
0.0771768
0.0773136
0.0774479
0.0775743
0.0776735
0.0777642
0.0778378
0.0778692
0.0778941
0.077889
0.0778656
0.0778143
0.0777481
0.0776663
0.0775668
0.0774513
0.077331
0.0772047
0.0770818
0.0769641
0.0768567
0.076764
0.076685
0.0766259
0.0765825
0.0765636
0.0765588
0.0765742
0.0767606
0.0769708
0.0772132
0.0774694
0.0777329
0.0779986
0.0782537
0.0784806
0.078695
0.0788827
0.0790358
0.0791625
0.0792626
0.079321
0.0793582
0.079361
0.0793442
0.0793005
0.0792359
0.0791627
0.0790843
0.0790015
0.0789249
0.0788605
0.0788101
0.0787809
0.0787691
0.0787925
0.0788174
0.0788682
0.0789378
0.0790282
0.0791423
0.079286
0.0794461
0.0796089
0.0797652
0.0799026
0.0800147
0.0801003
0.0801634
0.080185
0.0801798
0.0801352
0.0800536
0.0799513
0.0798336
0.0796904
0.0795361
0.0793665
0.0791958
0.0790247
0.0788609
0.078712
0.0785776
0.078468
0.07839
0.0783447
0.0783198
0.0783183
0.0783455
0.0783912
0.0784744
0.0785871
0.0787139
0.078846
0.0789766
0.0790989
0.0791981
0.0792772
0.0793246
0.0793916
0.0794145
0.0793999
0.0793594
0.0792947
0.0791931
0.0790738
0.0789247
0.078767
0.078603
0.0784378
0.0782749
0.07812
0.0779816
0.0778596
0.0777637
0.0776891
0.0776468
0.0776251
0.0776324
0.0776721
0.077739
0.0778247
0.0779344
0.0780532
0.0781706
0.0782774
0.0783688
0.0784348
0.0784761
0.078484
0.0784534
0.078384
0.0783011
0.0781864
0.0780523
0.0779011
0.077725
0.077535
0.0773402
0.077142
0.076948
0.0767641
0.076598
0.0764492
0.0763216
0.0762222
0.0761562
0.0761125
0.0760976
0.0761071
0.0761419
0.0762075
0.0762881
0.0763773
0.0764659
0.0765436
0.0766055
0.0766389
0.0766524
0.0766281
0.0765739
0.0764823
0.0763507
0.0761955
0.0760064
0.0757995
0.0755687
0.0753278
0.0750789
0.0748246
0.0745721
0.0743262
0.0740952
0.0738799
0.0736907
0.0735235
0.0733881
0.0732734
0.0731954
0.0731421
0.0731177
0.0731117
0.0731129
0.073114
0.0731058
0.07308
0.073038
0.0729772
0.0728837
0.0727679
0.0726169
0.0724444
0.0722399
0.072018
0.0717717
0.0715143
0.0712429
0.0709644
0.0706873
0.070415
0.0701556
0.0699144
0.0696989
0.0694884
0.0693099
0.0691591
0.0690437
0.0689441
0.0688817
0.0688312
0.0687898
0.068752
0.0687098
0.0686527
0.0685726
0.0684845
0.0683652
0.0681985
0.0680225
0.0678116
0.0675647
0.0673029
0.0670154
0.0667248
0.0664165
0.0660972
0.0657741
0.0654546
0.0651437
0.0648434
0.0645639
0.0643011
0.0640694
0.0638664
0.0636892
0.0635345
0.0634171
0.0633184
0.0632422
0.0631757
0.0631133
0.0630484
0.0629705
0.062869
0.0627499
0.0626141
0.0624455
0.0622525
0.0620261
0.0617717
0.0615003
0.0612118
0.0609054
0.0605846
0.0602592
0.0599314
0.0596078
0.0592931
0.058989
0.0587053
0.0584396
0.0582001
0.0579812
0.0577981
0.0576383
0.0575052
0.0573882
0.0572866
0.0571894
0.0570898
0.056984
0.0568589
0.0567116
0.0565464
0.0563503
0.0561221
0.0558831
0.0556135
0.0553189
0.0550076
0.0546785
0.0543413
0.053994
0.0536449
0.0532973
0.0529561
0.0526239
0.0523076
0.0520114
0.0517358
0.0514878
0.0512706
0.0510776
0.0509081
0.0507678
0.0506487
0.050539
0.050434
0.0503262
0.0502105
0.0500782
0.0499309
0.0497556
0.049546
0.0493189
0.0490716
0.0487928
0.0484832
0.0481616
0.0478194
0.0474687
0.0471073
0.0467415
0.0463784
0.0460208
0.0456734
0.045342
0.0450207
0.0447221
0.0444437
0.0441926
0.0439626
0.0437681
0.0435931
0.0434287
0.0432673
0.0431046
0.0429313
0.04274
0.0425344
0.0423128
0.0420629
0.0417832
0.0414855
0.0411707
0.0408301
0.0404762
0.0401034
0.039723
0.0393331
0.038942
0.0385511
0.0381657
0.0377902
0.0374271
0.0370818
0.0367597
0.0364572
0.0361836
0.0359328
0.0357047
0.0355061
0.0353247
0.0351609
0.0350045
0.0348499
0.0346881
0.0345176
0.0343354
0.0341298
0.0338753
0.0336247
0.033356
0.0330587
0.0327321
0.0323937
0.0320346
0.0316581
0.0312763
0.0308892
0.0305029
0.03012
0.0297441
0.0293778
0.0290234
0.0286939
0.0283823
0.0280977
0.0278346
0.0276016
0.0273882
0.027197
0.0270172
0.026846
0.0266757
0.0264947
0.026303
0.0261012
0.0258855
0.0256445
0.0253867
0.0251017
0.0247983
0.0244705
0.0241319
0.0237727
0.0234072
0.0230309
0.0226522
0.0222706
0.021894
0.0215246
0.0211685
0.0208251
0.0205018
0.020195
0.0199048
0.019642
0.0193943
0.0191652
0.0189475
0.0187339
0.0185179
0.0182956
0.0180582
0.0178105
0.0175396
0.017253
0.0169372
0.016605
0.0162499
0.0158805
0.0154879
0.0150854
0.0146706
0.014251
0.0138255
0.0134006
0.012979
0.0125642
0.012161
0.0117728
0.0113991
0.0110414
0.0107093
0.0104019
0.0101246
0.00985615
0.00960001
0.00935194
0.00910454
0.00885772
0.00859988
0.00833265
0.00804744
0.00774578
0.0074187
0.00707537
0.00670846
0.00631669
0.00590924
0.00548408
0.00504304
0.00459592
0.00414001
0.00368456
0.00322988
0.00278048
0.00234019
0.00191039
0.00149296
0.00109478
0.000714426
0.000356699
1.82238e-05
-0.000310914
-0.000622641
-0.000918671
-0.00120509
-0.00148867
-0.00177561
-0.00207326
-0.00238033
-0.00269897
-0.00303993
-0.00340545
-0.00378624
-0.004182
-0.00460136
-0.00503543
-0.00548609
-0.00594511
-0.0064159
-0.00688982
-0.00736718
-0.00784239
-0.00831251
-0.00877305
-0.00922293
-0.00966037
-0.0100788
-0.0104752
-0.0108537
-0.0112147
-0.0115545
-0.0118816
-0.0121973
-0.0125083
-0.0128202
-0.013141
-0.0134682
-0.0138048
-0.0141718
-0.0145411
-0.0149333
-0.0153392
-0.0157675
-0.0162159
-0.0166743
-0.0171474
-0.0176262
-0.0181127
-0.0186041
-0.0190911
-0.0195736
-0.0200485
-0.0205139
-0.0209647
-0.0214018
-0.0218186
-0.0222122
-0.0225946
-0.0229444
-0.0232756
-0.0235956
-0.0239072
-0.0242152
-0.0245266
-0.0248429
-0.0251667
-0.0255003
-0.0258538
-0.0262297
-0.0266198
-0.0270355
-0.0274623
-0.0279016
-0.0283598
-0.0288349
-0.0293148
-0.0298031
-0.0302927
-0.0307833
-0.0312697
-0.031749
-0.0322169
-0.0326742
-0.0331186
-0.033544
-0.0339532
-0.0343403
-0.0347123
-0.0350668
-0.0354114
-0.0357514
-0.0360921
-0.0364357
-0.0367916
-0.0371618
-0.037543
-0.0379446
-0.038361
-0.03879
-0.0392373
-0.0397034
-0.0401804
-0.0406634
-0.0411574
-0.0416549
-0.0421573
-0.0426576
-0.0431544
-0.0436453
-0.0441256
-0.0445926
-0.0450469
-0.0454819
-0.0459
-0.0462899
-0.0466696
-0.047029
-0.0473757
-0.0477126
-0.0480451
-0.0483763
-0.0487138
-0.0490631
-0.0494218
-0.0497895
-0.0501794
-0.0505889
-0.0510114
-0.0514548
-0.0519115
-0.0523837
-0.0528639
-0.0533557
-0.0538523
-0.0543527
-0.0548521
-0.055349
-0.0558401
-0.0563222
-0.0567944
-0.0572761
-0.057743
-0.0581953
-0.058627
-0.0590408
-0.0594304
-0.0598082
-0.0601769
-0.0605393
-0.0609022
-0.0612676
-0.0616435
-0.0620277
-0.0624238
-0.0628371
-0.0632627
-0.0637091
-0.0641695
-0.0646469
-0.0651408
-0.0656424
-0.0661512
-0.0666672
-0.0671874
-0.0677063
-0.0682224
-0.0687316
-0.0692323
-0.0697229
-0.0701982
-0.07066
-0.0711022
-0.0715284
-0.0719376
-0.0723295
-0.0727053
-0.073076
-0.0734431
-0.0738103
-0.0741845
-0.0745653
-0.0749611
-0.0753677
-0.0757939
-0.0762325
-0.0766919
-0.0771629
-0.0776523
-0.078151
-0.0786633
-0.0791813
-0.0797068
-0.0802336
-0.0807616
-0.0812621
-0.0817569
-0.0822442
-0.0827196
-0.0831837
-0.0836308
-0.0840586
-0.0844709
-0.0848681
-0.085247
-0.0856123
-0.0859705
-0.0863247
-0.0866796
-0.0870373
-0.0874053
-0.0877816
-0.0881747
-0.0885793
-0.0890038
-0.0894487
-0.0899052
-0.0903798
-0.0908637
-0.0913612
-0.0918689
-0.092376
-0.092888
-0.0934009
-0.0939105
-0.0944144
-0.0949109
-0.0953914
-0.095865
-0.0963221
-0.0967654
-0.0971887
-0.0975982
-0.0979953
-0.0983795
-0.0987568
-0.0991317
-0.0995071
-0.0998955
-0.10029
-0.100701
-0.101123
-0.101573
-0.102028
-0.102502
-0.102988
-0.103492
-0.104005
-0.104525
-0.105051
-0.105588
-0.106126
-0.106664
-0.107198
-0.107725
-0.108245
-0.108752
-0.109248
-0.109727
-0.110192
-0.110637
-0.111066
-0.111473
-0.111864
-0.112245
-0.112619
-0.112989
-0.113359
-0.113736
-0.114125
-0.114523
-0.114929
-0.115353
-0.11579
-0.116247
-0.116714
-0.117197
-0.117697
-0.118207
-0.118721
-0.119242
-0.119762
-0.120282
-0.120798
-0.121308
-0.121809
-0.122298
-0.122775
-0.12324
-0.123687
-0.124119
-0.124533
-0.124931
-0.125319
-0.125702
-0.126081
-0.12646
-0.126847
-0.127243
-0.127654
-0.128076
-0.12851
-0.128961
-0.129431
-0.129911
-0.130403
-0.130902
-0.131413
-0.131931
-0.132455
-0.132982
-0.133508
-0.134032
-0.134549
-0.135059
-0.135559
-0.136046
-0.13652
-0.136976
-0.137414
-0.137837
-0.138246
-0.138636
-0.139014
-0.139385
-0.139752
-0.14012
-0.140493
-0.140874
-0.141269
-0.141672
-0.142092
-0.142524
-0.142974
-0.143442
-0.143918
-0.144403
-0.144902
-0.145409
-0.145918
-0.146428
-0.146939
-0.147447
-0.147949
-0.148446
-0.148932
-0.149408
-0.14987
-0.15032
-0.150746
-0.151166
-0.151571
-0.151969
-0.15236
-0.152752
-0.153144
-0.153539
-0.153951
-0.154365
-0.154794
-0.155234
-0.155691
-0.156159
-0.156643
-0.157137
-0.157644
-0.158162
-0.158684
-0.159208
-0.159736
-0.160263
-0.160786
-0.161304
-0.161815
-0.162314
-0.162798
-0.163272
-0.163733
-0.164176
-0.164606
-0.165024
-0.165428
-0.165824
-0.166216
-0.166607
-0.167001
-0.167404
-0.167819
-0.168243
-0.168685
-0.169135
-0.169602
-0.170079
-0.170573
-0.171072
-0.171583
-0.172099
-0.172621
-0.173144
-0.173658
-0.174169
-0.174675
-0.175175
-0.175664
-0.176139
-0.176605
-0.177054
-0.177488
-0.177911
-0.178318
-0.178716
-0.179106
-0.179492
-0.179878
-0.180269
-0.180666
-0.181069
-0.181487
-0.181912
-0.182355
-0.182813
-0.18328
-0.183762
-0.184252
-0.184751
-0.185256
-0.185765
-0.186276
-0.186786
-0.187294
-0.187795
-0.188292
-0.188777
-0.189251
-0.189714
-0.190165
-0.190598
-0.191019
-0.191427
-0.191824
-0.192215
-0.192602
-0.192989
-0.193378
-0.193777
-0.194183
-0.1946
-0.195027
-0.195471
-0.195924
-0.19641
-0.196893
-0.197401
-0.197906
-0.198412
-0.19893
-0.199444
-0.199958
-0.200469
-0.200969
-0.201465
-0.201956
-0.202427
-0.202896
-0.203333
-0.203767
-0.203767
-0.203767
-0.203767
-0.203767
-0.203767
-0.203767
-0.203767
-0.203767
-0.203767
-0.203767
-0.203767
-0.203767
-0.203767
-0.203767
-0.203767
-0.203767
-0.203767
-0.203767
-0.203767
-0.203767
-0.203767
-0.203767
-0.203767
-0.203767
-0.203767
-0.203767
-0.203767
-0.203767
-0.203767
-0.203767
-0.203767
-0.203767
-0.203767
-0.203767
-0.203767
-0.203767
-0.203767
-0.203767
-0.203767
-0.203767
-0.203767
-0.203767
-0.203767
-0.203767
-0.203767
-0.203767
-0.203767
-0.203767
-0.203767
-0.203767
-0.203767
-0.203767
-0.203767
-0.203767
-0.203767
-0.203767
-0.203767
-0.203767
-0.203767
-0.203767
-0.203767
-0.203767
-0.203767
-0.203767
-0.203767
-0.203767
-0.203767
-0.203767
-0.203767
-0.203767
-0.203767
-0.203767
-0.203767
-0.203767
-0.203767
-0.203767
-0.203767
-0.203767
-0.203767
-0.203767
-0.203767
-0.203767
-0.203767
-0.203767
-0.203767
-0.203767
-0.203767
-0.203767
-0.203767
-0.203767
-0.203767
-0.203767
-0.203767
-0.203767
-0.203767
-0.203767
-0.203767
-0.203767
-0.203767
-0.204194
-0.204194
-0.204194
-0.204194
-0.204194
-0.204194
-0.204194
-0.204194
-0.204194
-0.204194
-0.204194
-0.204194
-0.204194
-0.204194
-0.204194
-0.204194
-0.204194
-0.204194
-0.204194
-0.204194
-0.204194
-0.204194
-0.204194
-0.204194
-0.204194
-0.204194
-0.204194
-0.204194
-0.204194
-0.204194
-0.204194
-0.204194
-0.204194
-0.204194
-0.204194
-0.204194
-0.204194
-0.204194
-0.204194
-0.204194
-0.204194
-0.204194
-0.204194
-0.204194
-0.204194
-0.204194
-0.204194
-0.204194
-0.204194
-0.204194
-0.204194
-0.204194
-0.204194
-0.204194
-0.204194
-0.204194
-0.204194
-0.204194
-0.204194
-0.204194
-0.204194
-0.204194
-0.204194
-0.204194
-0.204194
-0.204194
-0.204194
-0.204194
-0.204194
-0.204194
-0.204194
-0.204194
-0.204194
-0.204194
-0.204194
-0.204194
-0.204194
-0.204194
-0.204194
-0.204194
-0.204194
-0.204194
-0.204194
-0.204194
-0.204194
-0.204194
-0.204194
-0.204194
-0.204194
-0.204194
-0.204194
-0.204194
-0.204194
-0.204194
-0.204194
-0.204194
-0.204194
-0.204194
-0.204194
-0.204194
-0.206425
-0.206425
-0.206425
-0.206425
-0.206425
-0.206425
-0.206425
-0.206425
-0.206425
-0.206425
-0.206425
-0.206425
-0.206425
-0.206425
-0.206425
-0.206425
-0.206425
-0.206425
-0.206425
-0.206425
-0.206425
-0.206425
-0.206425
-0.206425
-0.206425
-0.206425
-0.206425
-0.206425
-0.206425
-0.206425
-0.206425
-0.206425
-0.206425
-0.206425
-0.206425
-0.206425
-0.206425
-0.206425
-0.206425
-0.206425
-0.206425
-0.209219
-0.209887
-0.210549
-0.211214
-0.211877
-0.21255
-0.213241
-0.213941
-0.214661
-0.215392
-0.216142
-0.216912
-0.217687
-0.218467
-0.219257
-0.220049
-0.22084
-0.221624
-0.222399
-0.223164
-0.223913
-0.224642
-0.225353
-0.226038
-0.226692
-0.227323
-0.227925
-0.228502
-0.229056
-0.229581
-0.230091
-0.230584
-0.23107
-0.231554
-0.232038
-0.232534
-0.233046
-0.233567
-0.234108
-0.234661
-0.235228
-0.235817
-0.236417
-0.237032
-0.237662
-0.238296
-0.238935
-0.239574
-0.240211
-0.240843
-0.241467
-0.24208
-0.242681
-0.243265
-0.243829
-0.244375
-0.244897
-0.245398
-0.245877
-0.24634
-0.246786
-0.247224
-0.247657
-0.248088
-0.248526
-0.248969
-0.249426
-0.249899
-0.250392
-0.250888
-0.251405
-0.251931
-0.252476
-0.253034
-0.253597
-0.254169
-0.254746
-0.255321
-0.255895
-0.256464
-0.257026
-0.257578
-0.258119
-0.258645
-0.259152
-0.259644
-0.26012
-0.260574
-0.261012
-0.26143
-0.261837
-0.262233
-0.262625
-0.263016
-0.26341
-0.263812
-0.264224
-0.264649
-0.265085
-0.265539
-0.266013
-0.266502
-0.267002
-0.267509
-0.268024
-0.268548
-0.269078
-0.269609
-0.270139
-0.270667
-0.27119
-0.271706
-0.272212
-0.272706
-0.273189
-0.273654
-0.274101
-0.274532
-0.274945
-0.275345
-0.275733
-0.276113
-0.27649
-0.276867
-0.277249
-0.277636
-0.278036
-0.278402
-0.278784
-0.279176
-0.279585
-0.280004
-0.280439
-0.280886
-0.281338
-0.281796
-0.28226
-0.282724
-0.283189
-0.283652
-0.284109
-0.284561
-0.285002
-0.28543
-0.285847
-0.286252
-0.286641
-0.287016
-0.287373
-0.287714
-0.288046
-0.288371
-0.288691
-0.289011
-0.289334
-0.28966
-0.289998
-0.290351
-0.290712
-0.291083
-0.291472
-0.291875
-0.292288
-0.292714
-0.293146
-0.293588
-0.294036
-0.294484
-0.294932
-0.295379
-0.295822
-0.296258
-0.296685
-0.297104
-0.29751
-0.297905
-0.298283
-0.298638
-0.298986
-0.299321
-0.299641
-0.299951
-0.300254
-0.300553
-0.300853
-0.301154
-0.301465
-0.301787
-0.302116
-0.302454
-0.302808
-0.303177
-0.303555
-0.303948
-0.304352
-0.304762
-0.305177
-0.305597
-0.306018
-0.30644
-0.30686
-0.307276
-0.307682
-0.308083
-0.308477
-0.308859
-0.309229
-0.309585
-0.309931
-0.310261
-0.310579
-0.310889
-0.311194
-0.311497
-0.311801
-0.312109
-0.312422
-0.312744
-0.313077
-0.313421
-0.313776
-0.314141
-0.314513
-0.3149
-0.315295
-0.315696
-0.316104
-0.316514
-0.316926
-0.317337
-0.317746
-0.318151
-0.31855
-0.318943
-0.319326
-0.319697
-0.320058
-0.320404
-0.320739
-0.32106
-0.321371
-0.321673
-0.32197
-0.322264
-0.322558
-0.322856
-0.323159
-0.323471
-0.32379
-0.324121
-0.324461
-0.324814
-0.325174
-0.325547
-0.325925
-0.326312
-0.326702
-0.327097
-0.327493
-0.32789
-0.328285
-0.328675
-0.329061
-0.32944
-0.329807
-0.330166
-0.330516
-0.330852
-0.331179
-0.331492
-0.331794
-0.332088
-0.332378
-0.332667
-0.332957
-0.333251
-0.333552
-0.333859
-0.334173
-0.334505
-0.334845
-0.335192
-0.335546
-0.335913
-0.336289
-0.33667
-0.337057
-0.337446
-0.337837
-0.338228
-0.338616
-0.339002
-0.339381
-0.339755
-0.340119
-0.340475
-0.34082
-0.341147
-0.34146
-0.341763
-0.342052
-0.34233
-0.342601
-0.342867
-0.343133
-0.343399
-0.343666
-0.343943
-0.344226
-0.34452
-0.344822
-0.345136
-0.345459
-0.345794
-0.34614
-0.346492
-0.346849
-0.347211
-0.347578
-0.347946
-0.348313
-0.348679
-0.34904
-0.349396
-0.349748
-0.35009
-0.350421
-0.350744
-0.351059
-0.35136
-0.351649
-0.351929
-0.352201
-0.352468
-0.352733
-0.352999
-0.353268
-0.353541
-0.353823
-0.354112
-0.35441
-0.354717
-0.355036
-0.355365
-0.3557
-0.356042
-0.356391
-0.356744
-0.357102
-0.357461
-0.35782
-0.358177
-0.358532
-0.358881
-0.359224
-0.359556
-0.359884
-0.360201
-0.360506
-0.360802
-0.361088
-0.361364
-0.361632
-0.361896
-0.362157
-0.362419
-0.362685
-0.362954
-0.363232
-0.363516
-0.363812
-0.364114
-0.364428
-0.364749
-0.365081
-0.365418
-0.365763
-0.366112
-0.366465
-0.36682
-0.367176
-0.36753
-0.367882
-0.36823
-0.368572
-0.368909
-0.369236
-0.369556
-0.369865
-0.370165
-0.370453
-0.370728
-0.370995
-0.371257
-0.371512
-0.371765
-0.372019
-0.372274
-0.372535
-0.372805
-0.373081
-0.373363
-0.373656
-0.373961
-0.374277
-0.374603
-0.374934
-0.375272
-0.375613
-0.375956
-0.376302
-0.376647
-0.376991
-0.377332
-0.37767
-0.378001
-0.378327
-0.378643
-0.378949
-0.379247
-0.379532
-0.379809
-0.38007
-0.380328
-0.380577
-0.380823
-0.381066
-0.38131
-0.381557
-0.381809
-0.382068
-0.382333
-0.382609
-0.382892
-0.383187
-0.383488
-0.383799
-0.384115
-0.38444
-0.38477
-0.385103
-0.385436
-0.38577
-0.386103
-0.386434
-0.386761
-0.387082
-0.387396
-0.387701
-0.387998
-0.388288
-0.388566
-0.388835
-0.389093
-0.389344
-0.389588
-0.389827
-0.390066
-0.390304
-0.390549
-0.390796
-0.391052
-0.391314
-0.391586
-0.391865
-0.392155
-0.392453
-0.392761
-0.393075
-0.393397
-0.393724
-0.394054
-0.394386
-0.394719
-0.395051
-0.39538
-0.395705
-0.396025
-0.396339
-0.396646
-0.396944
-0.397234
-0.397513
-0.397784
-0.398044
-0.398295
-0.398541
-0.398784
-0.399024
-0.399266
-0.39951
-0.399758
-0.400013
-0.400277
-0.400552
-0.400829
-0.401117
-0.401412
-0.401715
-0.402023
-0.402345
-0.402665
-0.402988
-0.403313
-0.403637
-0.40396
-0.404281
-0.404595
-0.404908
-0.40521
-0.405507
-0.405797
-0.40608
-0.406345
-0.406607
-0.406858
-0.407108
-0.407352
-0.407595
-0.407841
-0.408086
-0.40834
-0.408607
-0.408879
-0.409179
-0.409481
-0.40981
-0.410141
-0.410474
-0.410816
-0.411156
-0.411454
-0.411751
-0.412043
-0.412333
-0.4126
-0.412858
-0.413088
-0.413314
-0.413314
-0.413314
-0.413314
-0.413314
-0.413314
-0.413314
-0.413314
-0.413314
-0.413314
-0.413314
-0.413314
-0.413314
-0.413314
-0.413314
-0.413314
-0.41354
-0.413944
-0.414345
-0.414345
-0.414345
-0.414345
-0.414345
-0.414345
-0.414345
-0.414744
-0.415078
-0.41541
-0.415763
-0.416114
-0.416496
-0.416496
-0.416496
-0.416496
-0.416496
-0.416496
-0.416496
-0.416496
-0.416496
-0.416496
-0.416496
-0.416496
-0.416496
-0.416496
-0.416496
-0.416496
-0.416496
-0.416496
-0.416496
-0.416496
-0.416496
-0.416496
-0.416496
-0.416496
-0.416496
-0.416496
-0.416496
-0.416496
-0.416496
-0.416496
-0.416496
-0.416496
-0.416496
-0.416496
-0.416496
-0.416496
-0.416496
-0.416496
-0.416496
-0.416881
-0.416881
-0.416881
-0.416881
-0.416881
-0.416881
-0.416881
-0.416881
-0.416881
-0.416881
-0.416881
-0.416881
-0.416881
-0.416881
-0.416881
-0.416881
-0.416881
-0.416881
-0.416881
-0.416881
-0.416881
-0.416881
-0.416881
-0.416881
-0.416881
-0.416881
-0.416881
-0.416881
-0.416881
-0.416881
-0.416881
-0.416881
-0.416881
-0.416881
-0.416881
-0.416881
-0.416881
-0.416881
-0.416881
-0.416881
-0.416881
-0.416881
-0.416881
-0.416881
-0.416881
-0.416881
-0.416881
-0.416881
-0.416881
-0.416881
-0.416881
-0.416881
-0.416881
-0.416881
-0.416881
-0.416881
-0.416881
-0.416881
-0.416881
-0.416881
-0.416881
-0.416881
-0.416881
-0.416881
-0.416881
-0.416881
-0.416881
-0.416881
-0.416881
-0.416881
-0.416881
-0.416881
-0.416881
-0.416881
-0.416881
-0.416881
-0.416881
-0.416881
-0.416881
-0.416881
-0.416881
-0.416881
-0.416881
-0.416881
-0.416881
-0.416881
-0.416881
-0.416881
-0.416881
-0.416881
-0.416881
-0.416881
-0.416881
-0.416881
-0.416881
-0.416881
-0.416881
-0.416881
-0.416881
-0.416881
-0.417338
-0.417338
-0.417338
-0.417338
-0.417338
-0.417338
-0.417338
-0.417338
-0.417338
-0.417338
-0.417338
-0.417338
-0.417338
-0.417338
-0.417338
-0.417338
-0.417338
-0.417338
-0.417338
-0.417338
-0.417338
-0.417338
-0.417338
-0.417338
-0.417338
-0.417338
-0.417338
-0.417338
-0.417338
-0.417338
-0.417338
-0.417338
-0.417338
-0.417338
-0.417338
-0.417338
-0.417338
-0.417338
-0.417338
-0.417338
-0.417338
-0.417338
-0.417338
-0.417338
-0.417338
-0.417338
-0.417338
-0.417338
-0.417338
-0.417338
-0.417338
-0.417338
-0.417338
-0.417338
-0.417338
-0.417338
-0.417338
-0.417338
-0.417338
-0.417338
-0.417338
-0.417338
-0.417338
-0.417338
-0.417338
-0.417338
-0.417338
-0.417338
-0.417338
-0.417338
-0.417338
-0.417338
-0.417338
-0.417338
-0.417338
-0.417338
-0.417338
-0.417338
-0.417338
-0.417338
-0.417338
-0.417338
-0.417338
-0.417338
-0.417338
-0.417338
-0.417338
-0.417338
-0.417338
-0.417338
-0.417338
-0.417338
-0.417338
-0.417338
-0.417338
-0.417338
-0.417338
-0.417338
-0.417338
-0.417338
-0.417743
-0.418136
-0.418136
-0.418136
-0.418136
-0.418136
-0.418136
-0.418136
-0.418136
-0.418136
-0.418136
-0.418136
-0.418136
-0.418136
-0.418136
-0.418136
-0.418136
-0.418136
-0.418136
-0.418136
-0.418136
-0.418136
-0.418136
-0.418136
-0.418136
-0.418136
-0.418136
-0.418136
-0.418136
-0.418136
-0.418136
-0.418136
-0.418136
-0.418136
-0.418136
-0.418136
-0.418136
-0.418136
-0.418136
-0.418136
-0.418136
-0.418136
-0.418136
-0.418136
-0.418136
-0.418136
-0.418136
-0.418136
-0.418136
-0.418136
-0.418136
-0.418136
-0.418136
-0.418136
-0.418136
-0.418136
-0.418136
-0.418136
-0.418136
-0.418136
-0.418136
-0.418136
-0.418136
-0.418136
-0.418136
-0.418136
-0.418136
-0.418136
-0.418136
-0.418136
-0.418136
-0.418136
-0.418136
-0.418136
-0.418136
-0.418136
-0.418136
-0.418136
-0.418136
-0.418136
-0.418136
-0.418136
-0.418136
-0.418136
-0.418136
-0.418136
-0.418136
-0.418136
-0.418136
-0.418136
-0.418136
-0.418136
-0.418136
-0.418136
-0.418136
-0.418136
-0.418136
-0.418136
-0.418136
-0.418136
-0.418136
-0.418552
-0.418552
-0.418552
-0.418552
-0.418552
-0.418552
-0.418552
-0.418552
-0.418552
-0.418552
-0.418552
-0.418552
-0.418552
-0.418552
-0.418552
-0.418552
-0.418552
-0.418552
-0.418552
-0.418552
-0.418552
-0.418552
-0.418552
-0.418552
-0.418552
-0.418552
-0.418552
-0.418552
-0.418552
-0.418552
-0.418552
-0.418552
-0.418552
-0.418552
-0.418552
-0.418552
-0.418552
-0.418552
-0.418552
-0.418552
-0.418552
-0.418552
-0.418552
-0.418552
-0.418552
-0.418552
-0.418552
-0.418552
-0.418552
-0.418552
-0.418552
-0.418552
-0.418552
-0.418552
-0.418552
-0.418552
-0.418552
-0.418552
-0.418552
-0.418552
-0.418552
-0.418552
-0.418552
-0.418552
-0.418552
-0.418552
-0.418552
-0.418552
-0.418552
-0.418552
-0.418552
-0.418552
-0.418552
-0.418552
-0.418552
-0.418552
-0.418552
-0.418552
-0.418552
-0.418552
-0.418552
-0.418552
-0.418552
-0.418552
-0.418552
-0.418552
-0.418552
-0.418552
-0.418552
-0.418552
-0.418552
-0.418552
-0.418552
-0.418552
-0.418552
-0.418552
-0.418552
-0.418552
-0.418552
-0.418552
-0.419095
-0.419095
-0.419095
-0.419095
-0.419095
-0.419095
-0.419095
-0.419095
-0.419095
-0.419095
-0.419095
-0.419095
-0.419095
-0.419095
-0.419095
-0.419095
-0.419095
-0.419095
-0.419095
-0.419095
-0.419095
-0.419095
-0.419095
-0.419095
-0.419095
-0.419095
-0.419095
-0.419095
-0.419095
-0.419095
-0.419095
-0.419095
-0.419095
-0.419095
-0.419095
-0.419095
-0.419095
-0.419095
-0.419095
-0.419095
-0.419095
-0.419095
-0.419095
-0.419095
-0.419095
-0.419095
-0.419095
-0.419095
-0.419095
-0.419095
-0.419095
-0.419095
-0.419095
-0.419095
-0.419095
-0.419095
-0.419095
-0.419095
-0.419095
-0.419095
-0.419095
-0.419095
-0.419095
-0.419095
-0.419095
-0.419095
-0.419095
-0.419095
-0.419095
-0.419095
-0.419095
-0.419095
-0.419095
-0.419095
-0.419095
-0.419095
-0.419095
-0.419095
-0.419095
-0.419095
-0.419095
-0.419095
-0.419095
-0.419095
-0.419095
-0.419095
-0.419095
-0.419095
-0.419095
-0.419095
-0.419095
-0.419095
-0.419095
-0.419095
-0.419095
-0.419095
-0.419095
-0.419095
-0.419095
-0.419095
-0.419753
-0.419753
-0.419753
-0.419753
-0.419753
-0.419753
-0.419753
-0.419753
-0.419753
-0.419753
-0.419753
-0.419753
-0.419753
-0.419753
-0.419753
-0.419753
-0.419753
-0.419753
-0.419753
-0.419753
-0.419753
-0.419753
-0.419753
-0.419753
-0.419753
-0.419753
-0.419753
-0.419753
-0.419753
-0.419753
-0.419753
-0.419753
-0.419753
-0.419753
-0.419753
-0.419753
-0.419753
-0.419753
-0.419753
-0.419753
-0.419753
-0.419753
-0.419753
-0.419753
-0.419753
-0.419753
-0.419753
-0.419753
-0.419753
-0.419753
-0.419753
-0.419753
-0.419753
-0.419753
-0.419753
-0.419753
-0.419753
-0.419753
-0.419753
-0.419753
-0.419753
-0.419753
-0.419753
-0.419753
-0.419753
-0.419753
-0.419753
-0.419753
-0.419753
-0.419753
-0.419753
-0.419753
-0.419753
-0.419753
-0.419753
-0.419753
-0.419753
-0.419753
-0.419753
-0.419753
-0.419753
-0.419753
-0.419753
-0.419753
-0.419753
-0.419753
-0.419753
-0.419753
-0.419753
-0.419753
-0.419753
-0.419753
-0.419753
-0.419753
-0.419753
-0.419753
-0.419753
-0.419753
-0.419753
-0.419753
-0.420502
-0.420502
-0.420502
-0.420502
-0.420502
-0.420502
-0.420502
-0.420502
-0.420502
-0.420502
-0.420502
-0.420502
-0.420502
-0.420502
-0.420502
-0.420502
-0.420502
-0.420502
-0.420502
-0.420502
-0.420502
-0.420502
-0.420502
-0.420502
-0.420502
-0.420502
-0.420502
-0.420502
-0.420502
-0.420502
-0.420502
-0.420502
-0.420502
-0.420502
-0.420502
-0.420502
-0.420502
-0.420502
-0.420502
-0.420502
-0.420502
-0.420502
-0.420502
-0.420502
-0.420502
-0.420502
-0.420502
-0.420502
-0.420502
-0.420502
-0.420502
-0.420502
-0.420502
-0.420502
-0.420502
-0.420502
-0.420502
-0.420502
-0.420502
-0.420502
-0.420502
-0.420502
-0.420502
-0.420502
-0.420502
-0.420502
-0.420502
-0.420502
-0.420502
-0.420502
-0.420502
-0.420502
-0.420502
-0.420502
-0.420502
-0.420502
-0.420502
-0.420502
-0.420502
-0.420502
-0.420502
-0.420502
-0.420502
-0.420502
-0.420502
-0.420502
-0.420502
-0.420502
-0.420502
-0.420502
-0.420502
-0.420502
-0.420502
-0.420502
-0.420502
-0.420502
-0.420502
-0.420502
-0.420502
-0.420502
-0.42131
-0.42131
-0.42131
-0.42131
-0.42131
-0.42131
-0.42131
-0.42131
-0.42131
-0.42131
-0.42131
-0.42131
-0.42131
-0.42131
-0.42131
-0.42131
-0.42131
-0.42131
-0.42131
-0.42131
-0.42131
-0.42131
-0.42131
-0.42131
-0.42131
-0.42131
-0.42131
-0.42131
-0.42131
-0.42131
-0.42131
-0.42131
-0.42131
-0.42131
-0.42131
-0.42131
-0.42131
-0.42131
-0.42131
-0.42131
-0.42131
-0.42131
-0.42131
-0.42131
-0.42131
-0.42131
-0.42131
-0.42131
-0.42131
-0.42131
-0.42131
-0.42131
-0.42131
-0.42131
-0.42131
-0.42131
-0.42131
-0.42131
-0.42131
-0.42131
-0.42131
-0.42131
-0.42131
-0.42131
-0.42131
-0.42131
-0.42131
-0.42131
-0.42131
-0.42131
-0.42131
-0.42131
-0.42131
-0.42131
-0.42131
-0.42131
-0.42131
-0.42131
-0.42131
-0.42131
-0.42131
-0.42131
-0.42131
-0.42131
-0.42131
-0.42131
-0.42131
-0.42131
-0.42131
-0.42131
-0.42131
-0.42131
-0.42131
-0.42131
-0.42131
-0.42131
-0.42131
-0.42131
-0.42131
-0.42131
-0.422137
-0.422137
-0.422137
-0.422137
-0.422137
-0.422137
-0.422137
-0.422137
-0.422137
-0.422137
-0.422137
-0.422137
-0.422137
-0.422137
-0.422137
-0.422137
-0.422137
-0.422137
-0.422137
-0.422137
-0.422137
-0.422137
-0.422137
-0.422137
-0.422137
-0.422137
-0.422137
-0.422137
-0.422137
-0.422137
-0.422137
-0.422137
-0.422137
-0.422137
-0.422137
-0.422137
-0.422137
-0.422137
-0.422137
-0.422137
-0.422137
-0.422137
-0.422137
-0.422137
-0.422137
-0.422137
-0.422137
-0.422137
-0.422137
-0.422137
-0.422137
-0.422137
-0.422137
-0.422137
-0.422137
-0.422137
-0.422137
-0.422137
-0.422137
-0.422137
-0.422137
-0.422137
-0.422137
-0.422137
-0.422137
-0.422137
-0.422137
-0.422137
-0.422137
-0.422137
-0.422137
-0.422137
-0.422137
-0.422137
-0.422137
-0.422137
-0.422137
-0.422137
-0.422137
-0.422137
-0.422137
-0.422137
-0.422137
-0.422137
-0.422137
-0.422137
-0.422137
-0.422137
-0.422137
-0.422137
-0.422137
-0.422137
-0.422137
-0.422137
-0.422137
-0.422137
-0.422137
-0.422137
-0.422137
-0.422137
-0.422137
-0.422137
-0.422137
-0.422137
-0.422137
-0.422137
-0.422137
-0.422137
-0.422137
-0.422137
-0.422137
-0.422137
-0.422137
-0.422137
-0.422137
-0.422137
-0.422137
-0.422137
-0.422137
-0.422137
-0.422137
-0.422137
-0.422137
-0.422137
-0.422137
-0.422137
-0.422137
-0.422137
-0.422137
-0.422137
-0.422137
-0.422137
-0.422137
-0.422137
-0.422137
-0.422137
-0.422137
-0.422137
-0.422137
-0.422137
-0.422137
-0.422137
-0.422137
-0.422137
-0.422137
-0.422137
-0.422137
-0.422137
-0.422137
-0.422137
-0.422137
-0.422137
-0.422137
-0.422137
-0.422137
-0.422137
-0.422137
-0.422137
-0.422137
-0.422137
-0.422137
-0.422137
-0.422137
-0.422137
-0.422137
-0.422137
-0.422137
-0.422137
-0.422137
-0.422137
-0.422137
-0.422137
-0.422137
-0.422137
-0.422137
-0.422137
-0.422137
-0.422137
-0.422137
-0.422137
-0.422137
-0.422137
-0.422137
-0.422137
-0.422137
-0.422137
-0.422137
-0.422137
-0.422137
-0.422137
-0.422137
-0.422137
-0.422137
-0.422137
-0.422137
-0.422137
-0.422137
-0.422137
-0.422137
-0.422137
-0.422137
-0.422137
-0.422137
-0.422137
-0.422137
-0.422137
-0.422137
-0.422137
-0.422137
-0.422917
-0.422917
-0.422917
-0.422917
-0.422917
-0.422917
-0.422917
-0.422917
-0.422917
-0.422917
-0.422917
-0.422917
-0.422917
-0.422917
-0.422917
-0.422917
-0.422917
-0.422917
-0.422917
-0.422917
-0.422917
-0.422917
-0.422917
-0.422917
-0.422917
-0.422917
-0.422917
-0.422917
-0.422917
-0.422917
-0.422917
-0.422917
-0.422917
-0.422917
-0.422917
-0.422917
-0.422917
-0.422917
-0.422917
-0.422917
-0.422917
-0.422917
-0.422917
-0.422917
-0.422917
-0.422917
-0.422917
-0.422917
-0.422917
-0.422917
-0.422917
-0.422917
-0.422917
-0.422917
-0.422917
-0.422917
-0.422917
-0.422917
-0.422917
-0.422917
-0.422917
-0.422917
-0.422917
-0.422917
-0.422917
-0.422917
-0.422917
-0.422917
-0.422917
-0.422917
-0.422917
-0.422917
-0.422917
-0.422917
-0.422917
-0.422917
-0.422917
-0.422917
-0.422917
-0.422917
-0.422917
-0.422917
-0.422917
-0.422917
-0.422917
-0.422917
-0.422917
-0.422917
-0.422917
-0.422917
-0.422917
-0.422917
-0.422917
-0.422917
-0.422917
-0.422917
-0.422917
-0.422917
-0.422917
-0.422917
-0.424079
-0.424079
-0.424079
-0.424079
-0.424079
-0.424079
-0.424079
-0.424079
-0.424079
-0.424079
-0.424079
-0.424079
-0.424079
-0.424079
-0.424079
-0.424079
-0.424079
-0.424079
-0.424079
-0.424079
-0.424079
-0.424079
-0.424079
-0.424079
-0.424079
-0.424079
-0.424079
-0.424079
-0.424079
-0.424079
-0.424079
-0.424079
-0.424079
-0.424079
-0.424079
-0.424079
-0.424079
-0.424079
-0.424079
-0.424079
-0.424079
-0.424079
-0.424079
-0.424079
-0.424079
-0.424079
-0.424079
-0.424079
-0.424079
-0.424079
-0.424079
-0.424079
-0.424079
-0.424079
-0.424079
-0.424079
-0.424079
-0.424079
-0.424079
-0.424079
-0.424079
-0.424079
-0.424079
-0.424079
-0.424079
-0.424079
-0.424079
-0.424079
-0.424079
-0.424079
-0.424079
-0.424079
-0.424079
-0.424079
-0.424079
-0.424079
-0.424079
-0.424079
-0.424079
-0.424079
-0.424079
-0.424079
-0.424079
-0.424079
-0.424079
-0.424079
-0.424079
-0.424079
-0.424079
-0.424079
-0.424079
-0.424079
-0.424079
-0.424079
-0.424079
-0.424079
-0.424079
-0.424079
-0.424079
-0.424079
-0.424079
-0.424079
-0.424079
-0.424079
-0.424079
-0.424079
-0.424079
-0.424079
-0.424079
-0.424079
-0.424079
-0.424079
-0.424079
-0.424079
-0.424079
-0.424079
-0.424079
-0.424079
-0.424079
-0.424079
-0.424079
-0.424079
-0.424079
-0.424079
-0.424079
-0.424079
-0.424079
-0.424079
-0.424079
-0.424079
-0.424079
-0.424079
-0.424079
-0.424079
-0.425475
-0.425475
-0.425475
-0.425475
-0.425475
-0.425475
-0.425475
-0.425475
-0.425475
-0.425475
-0.425475
-0.425475
-0.425475
-0.425475
-0.425475
-0.425475
-0.425475
-0.425475
-0.425475
-0.425475
-0.425475
-0.425475
-0.425475
-0.425475
-0.425475
-0.425475
-0.425475
-0.425475
-0.425475
-0.425475
-0.425475
-0.425475
-0.425475
-0.425475
-0.425475
-0.425475
-0.425475
-0.425475
-0.425475
-0.425475
-0.425475
-0.425475
-0.425475
-0.425475
-0.425475
-0.425475
-0.425475
-0.425475
-0.425475
-0.425475
-0.425475
-0.425475
-0.425475
-0.425475
-0.425475
-0.425475
-0.425475
-0.425475
-0.425475
-0.425475
-0.421987
-0.405799
-0.389759
-0.373796
-0.357963
-0.342229
-0.326645
-0.311146
-0.295783
-0.280525
-0.265417
-0.250403
-0.235525
-0.220757
-0.206125
-0.191603
-0.177136
-0.162859
-0.148682
-0.134645
-0.120738
-0.106939
-0.0932373
-0.0796705
-0.066227
-0.0528784
-0.0396328
-0.0265152
-0.0134897
-0.000588762
0.0121897
0.0248795
0.0374812
0.0499724
0.0623697
0.0746521
0.0868502
0.0989362
0.11094
0.122845
0.134695
0.146452
0.15816
0.169784
0.18136
0.192903
0.204371
0.215766
0.227117
0.238371
0.249548
0.260627
0.271632
0.282543
0.293383
0.304127
0.314798
0.325374
0.335892
0.346298
0.356644
0.366913
0.377099
0.387195
0.397215
0.407158
0.417011
0.426784
0.436472
0.44609
0.455621
0.465069
0.47446
0.48377
0.492997
0.502145
0.511238
0.520254
0.52921
0.538076
0.546895
0.555637
0.564307
0.572918
0.581458
0.589935
0.598351
0.606707
0.614992
0.623204
0.63135
0.639423
0.64744
0.655383
0.663267
0.671083
0.678841
0.686535
0.694173
0.70175
0.709274
0.716739
0.724153
0.731518
0.738826
0.746077
0.75328
0.760427
0.767524
0.774567
0.781558
0.788495
0.795379
0.802207
0.808984
0.815704
0.822372
0.829025
0.835624
0.842169
0.848661
0.855099
0.861484
0.867817
0.874097
0.880327
0.886505
0.892634
0.898712
0.904742
0.910722
0.916655
0.92254
0.928378
0.93417
0.939917
0.945618
0.951273
0.956885
0.962453
0.967977
0.973458
0.978896
0.984292
0.989646
0.994958
1.00023
1.00546
1.01065
1.0158
1.02091
1.02598
1.03102
1.03601
1.04097
1.04589
1.05077
1.05561
1.06042
1.06519
1.06993
1.07463
1.07929
1.08392
1.08851
1.09308
1.0976
1.1021
1.10656
1.11099
1.11539
1.11975
1.12408
1.12838
1.13266
1.1369
1.14111
1.14529
1.14944
1.15356
1.15765
1.16171
1.16574
1.16974
1.17371
1.17766
1.18158
1.18547
1.18933
1.19317
1.19698
1.20077
1.20453
1.20826
1.21197
1.21566
1.21931
1.22295
1.22656
1.23015
1.23371
1.23725
1.24076
1.24426
1.24773
1.25117
1.2546
1.258
1.26138
1.26473
1.26807
1.27138
1.27468
1.27795
1.2812
1.28443
1.28764
1.29082
1.29399
1.29714
1.30027
1.30338
1.30646
1.30953
1.31258
1.31561
1.31863
1.32162
1.32459
1.32755
1.33049
1.33341
1.33631
1.3392
1.34206
1.34491
1.34775
1.35056
1.35336
1.35614
1.35891
1.36165
1.36439
1.3671
1.3698
1.37249
1.37515
1.37781
1.38044
1.38306
1.38567
1.38826
1.39084
1.3934
1.39594
1.39847
1.40099
1.40349
1.40597
1.40845
1.41091
1.41335
1.41578
1.4182
1.4206
1.42299
1.42536
1.42773
1.43008
1.43241
1.43474
1.43705
1.43934
1.44163
1.4439
1.44616
1.44841
1.45065
1.45287
1.45508
1.45728
1.45947
1.46164
1.4638
1.46596
1.4681
1.47022
1.47234
1.47445
1.47654
1.47862
1.4807
1.48276
1.48481
1.48685
1.48887
1.49089
1.4929
1.4949
1.49688
1.49886
1.50082
1.50278
1.50472
1.50666
1.50858
1.5105
1.5124
1.5143
1.51618
1.51806
1.51993
1.52179
1.52363
1.52547
1.5273
1.52912
1.53093
1.53273
1.53452
1.53631
1.53808
1.53985
