0
0
0
0
0
0
0
0
0
0
0
0
0
0
0
0
0
0
0
0
0
0
0
0
0
0
0
0
0
0
0
0
0
0
0
0
0
0
0
0
0
0
0
0
0
0
0
0
0
0
0
0
0
0
0
0
0
0
0
0
0
0
0
0
0
0
0
0
0
0
0
0
0
0
5.45979e-31
5.45979e-31
5.45979e-31
5.45979e-31
5.45979e-31
5.45979e-31
5.45979e-31
5.45979e-31
5.45979e-31
5.45979e-31
5.45979e-31
5.45979e-31
5.45979e-31
5.45979e-31
5.45979e-31
5.45979e-31
5.45979e-31
5.45979e-31
5.45979e-31
5.45979e-31
5.45979e-31
5.45979e-31
5.45979e-31
5.45979e-31
5.45979e-31
5.45979e-31
5.45979e-31
5.45979e-31
5.45979e-31
5.45979e-31
5.45979e-31
5.45979e-31
5.45979e-31
5.45979e-31
5.45979e-31
5.45979e-31
5.45979e-31
5.45979e-31
5.45979e-31
5.45979e-31
5.45979e-31
5.45979e-31
5.45979e-31
5.45979e-31
5.45979e-31
5.45979e-31
5.45979e-31
5.45979e-31
5.45979e-31
5.45979e-31
5.45979e-31
5.45979e-31
5.45979e-31
5.45979e-31
5.45979e-31
5.45979e-31
5.45979e-31
5.45979e-31
5.45979e-31
5.45979e-31
5.45979e-31
5.45979e-31
5.45979e-31
5.45979e-31
5.45979e-31
5.45979e-31
5.45979e-31
5.45979e-31
5.45979e-31
5.45979e-31
5.45979e-31
5.45979e-31
5.45979e-31
5.45979e-31
5.45979e-31
5.45979e-31
5.45979e-31
5.45979e-31
5.45979e-31
5.45979e-31
5.45979e-31
5.45979e-31
5.45979e-31
5.45979e-31
5.45979e-31
5.45979e-31
5.45979e-31
5.45979e-31
5.45979e-31
5.45979e-31
5.45979e-31
5.45979e-31
5.45979e-31
5.45979e-31
5.45979e-31
5.45979e-31
5.45979e-31
5.45979e-31
5.45979e-31
5.45979e-31
5.45979e-31
5.45979e-31
5.45979e-31
5.45979e-31
5.45979e-31
5.45979e-31
5.45979e-31
5.45979e-31
5.45979e-31
5.45979e-31
5.45979e-31
5.45979e-31
5.45979e-31
5.45979e-31
5.45979e-31
5.45979e-31
5.45979e-31
5.45979e-31
5.45979e-31
5.45979e-31
5.45979e-31
5.45979e-31
5.45979e-31
5.45979e-31
5.45979e-31
5.45979e-31
5.45979e-31
5.45979e-31
5.45979e-31
5.45979e-31
5.45979e-31
5.45979e-31
5.45979e-31
5.45979e-31
5.45979e-31
5.45979e-31
5.45979e-31
5.45979e-31
5.45979e-31
5.45979e-31
5.45979e-31
5.45979e-31
5.45979e-31
5.45979e-31
5.45979e-31
5.45979e-31
5.45979e-31
5.45979e-31
5.45979e-31
5.45979e-31
5.45979e-31
5.45979e-31
5.45979e-31
5.45979e-31
5.45979e-31
5.45979e-31
5.45979e-31
5.45979e-31
5.45979e-31
5.45979e-31
5.45979e-31
5.45979e-31
5.45979e-31
5.45979e-31
5.45979e-31
5.45979e-31
5.45979e-31
5.45979e-31
5.45979e-31
5.45979e-31
5.45979e-31
5.45979e-31
5.45979e-31
5.45979e-31
5.45979e-31
5.45979e-31
5.45979e-31
5.45979e-31
5.45979e-31
5.45979e-31
5.45979e-31
5.45979e-31
5.45979e-31
5.45979e-31
5.45979e-31
5.45979e-31
5.45979e-31
5.45979e-31
5.45979e-31
5.45979e-31
5.45979e-31
5.45979e-31
5.45979e-31
5.45979e-31
5.45979e-31
5.45979e-31
5.45979e-31
5.45979e-31
5.45979e-31
5.45979e-31
5.45979e-31
5.45979e-31
5.45979e-31
5.45979e-31
5.45979e-31
5.45979e-31
5.45979e-31
5.45979e-31
5.45979e-31
5.45979e-31
5.45979e-31
5.45979e-31
5.45979e-31
5.45979e-31
5.45979e-31
5.45979e-31
5.45979e-31
5.45979e-31
5.45979e-31
5.45979e-31
5.45979e-31
5.45979e-31
5.45979e-31
5.45979e-31
5.45979e-31
5.45979e-31
5.45979e-31
5.45979e-31
5.45979e-31
5.45979e-31
5.45979e-31
5.45979e-31
5.45979e-31
5.45979e-31
5.45979e-31
5.45979e-31
5.45979e-31
5.45979e-31
5.45979e-31
5.45979e-31
5.45979e-31
5.45979e-31
5.45979e-31
5.45979e-31
5.45979e-31
5.45979e-31
5.45979e-31
5.45979e-31
5.45979e-31
5.45979e-31
0.072091
0.00512818
-0.00417383
-0.00819744
-0.0104188
-0.0116813
-0.0118213
-0.011576
-0.00968902
-0.00813462
-0.00439398
0.00013139
0.00292093
0.0081488
0.0109719
0.0159112
0.0206685
0.0199165
0.0243993
0.0246365
0.0248739
0.0234954
0.0209624
0.0180597
0.0130064
0.00841437
0.00272103
-0.00496136
-0.0111695
-0.0176535
-0.0278085
-0.0382369
-0.0449152
-0.0588323
-0.0656849
-0.0703856
-0.082153
-0.0834118
-0.0910996
-0.0937815
-0.099095
-0.101353
-0.105353
-0.105663
-0.106048
-0.104166
-0.0999322
-0.0954591
-0.0872907
-0.0801451
-0.0688144
-0.0563061
-0.0473709
-0.0384487
-0.0255765
-0.0173639
-0.00511811
0.000602799
0.00998123
0.0160281
0.0195522
0.0216207
0.0235315
0.0234609
0.0226595
0.0212152
0.0182547
0.0149344
0.00972115
0.00797952
0.0050225
0.000935515
-0.00175542
-0.00529907
-0.00740985
-0.00959726
-0.0103396
-0.0104024
-0.00890123
-0.00620723
-0.00313658
0.002054
0.00592806
0.0124106
0.0185329
0.0233504
0.0290414
0.0325672
0.0374497
0.0400733
0.0424343
0.043071
0.043015
0.0420677
0.039737
0.0370777
0.0335902
0.0283765
0.0242504
0.0184857
0.0119991
0.00699385
0.00110722
-0.00355351
-0.00885376
-0.0128681
-0.0171098
-0.0197281
-0.0215895
-0.0218272
-0.020565
-0.0185468
-0.0140258
-0.00958727
-0.00324356
0.00176369
0.00976128
0.0157033
0.022803
0.0299398
0.0339026
0.0395983
0.0415709
0.0443128
0.0448983
0.0447972
0.043033
0.0407131
0.0378036
0.034386
0.0288357
0.0240512
0.018009
0.0133851
0.0066691
0.000144224
-0.00406682
-0.00987322
-0.0133594
-0.017472
-0.0192103
-0.0201812
-0.0190151
-0.0170411
-0.0101653
-0.00809833
-0.00413612
0.00689932
0.00870914
0.0168831
0.0220359
0.0295064
0.0337541
0.0379731
0.0422249
0.0454332
0.0463649
0.0467612
0.0457953
0.042565
0.0407575
0.0356863
0.0321205
0.02585
0.0211808
0.0136153
0.00934039
0.00236744
-0.00217318
-0.00793338
-0.0125086
-0.0144188
-0.0154167
-0.0153349
-0.0130353
-0.00697894
-0.0046783
0.00055906
0.00774464
0.0134025
0.019192
0.0285183
0.0333046
0.040969
0.045404
0.0511298
0.0553587
0.0571115
0.0581076
0.0582752
0.0569806
0.0539889
0.0510839
0.0459752
0.0419624
0.0333712
0.033217
0.0263386
0.0194475
0.0150604
0.0111339
0.00651064
0.0038697
0.00346076
0.00452806
0.00811699
0.0128872
0.0177208
0.0219131
0.0303368
0.0356672
0.0436428
0.0511044
0.0554676
0.0588071
0.0638295
0.0661685
0.0687648
0.0690653
0.0686634
0.0672687
0.0638602
0.0610821
0.055713
0.0488173
0.041711
0.0372891
0.0321982
0.0240373
0.0197467
0.0131408
0.0081317
0.00577547
0.00488626
0.0052273
0.00661807
0.0109221
0.0146501
0.0207734
0.0257695
0.0345629
0.0421165
0.0473939
0.0523963
0.0598354
0.0635945
0.069295
0.0711218
0.0723626
0.0726198
0.0718588
0.0704465
0.0668494
0.0636533
0.0580885
0.0537315
0.0467686
0.0423986
0.0348598
0.0274265
0.0224195
0.0191401
0.0147592
0.0131273
0.0132963
0.0152051
0.0180941
0.0229579
0.0278267
0.0345106
0.0423092
0.0501585
0.0531694
0.059724
0.0639266
0.0676276
0.0726523
0.0754602
0.0765135
0.0769802
0.0761152
0.0739406
0.0701625
0.0667402
0.062338
0.0563238
0.0491163
0.0439956
0.0362643
0.0311906
0.0265572
0.0209519
0.0181224
0.0164551
0.0165807
0.0187307
0.0218237
0.0275829
0.0316473
0.0395236
0.0458606
0.0538264
0.0623647
0.0676008
0.0748606
0.0788767
0.0839834
0.0863397
0.0881733
0.0892161
0.0888663
0.0872601
0.0839617
0.0807202
0.0749996
0.0703881
0.0629331
0.0574911
0.0494732
0.044543
0.0385553
0.0346328
0.0330649
0.0330608
0.0349389
0.0384766
0.041942
0.046028
0.0530986
0.058069
0.0658019
0.070721
0.0778144
0.0818994
0.0873209
0.0899984
0.0930633
0.09453
0.0943865
0.0931166
0.0899939
0.0858908
0.0801604
0.0796704
0.0722272
0.0650773
0.0571285
0.0538641
0.0457097
0.0431383
0.0412057
0.0403636
0.0412106
0.0443365
0.0494143
0.0513222
0.0583224
0.0689836
0.0714393
0.0795048
0.0877357
0.0915052
0.0974568
0.098729
0.102821
0.105306
0.106105
0.105417
0.103281
0.101025
0.0960443
0.0924091
0.0850564
0.0778378
0.0713912
0.0662296
0.057646
0.0535986
0.0484602
0.0462672
0.0452098
0.0457825
0.0487259
0.0542123
0.0584214
0.0624962
0.0703334
0.0763641
0.084432
0.0913038
0.09569
0.10008
0.104548
0.108018
0.109367
0.109914
0.109107
0.106858
0.104538
0.0994118
0.0952293
0.0888012
0.0834391
0.0744791
0.0690472
0.0626406
0.0588665
0.0550277
0.0540067
0.0545005
0.0560501
0.0607043
0.0661845
0.0707529
0.0784797
0.0865828
0.0896608
0.0974459
0.103888
0.108375
0.112991
0.115379
0.117966
0.118629
0.118289
0.116835
0.11469
0.110535
0.105396
0.10026
0.0932228
0.0846862
0.078618
0.0728228
0.065435
0.0600605
0.0577414
0.0565593
0.057201
0.0592521
0.0635024
0.0675007
0.0748289
0.0838286
0.0886764
0.0942615
0.102604
0.110819
0.114413
0.119951
0.122566
0.125461
0.126632
0.126207
0.125027
0.122247
0.117901
0.115687
0.109457
0.103819
0.0964511
0.0910546
0.0841036
0.0789197
0.0759948
0.0753095
0.0757268
0.0785084
0.0833518
0.0873689
0.0919502
0.0997692
0.108016
0.113284
0.118345
0.12562
0.129663
0.134986
0.137462
0.140221
0.140868
0.140815
0.13959
0.136789
0.133489
0.12852
0.121886
0.116594
0.1081
0.101817
0.0956018
0.087347
0.0826463
0.0776756
0.0756707
0.0750622
0.0770496
0.0795708
0.0829885
0.0896864
0.103445
0.102935
0.108451
0.116864
0.125435
0.129295
0.135411
0.140505
0.14243
0.144108
0.144207
0.143538
0.141478
0.138937
0.135703
0.127979
0.122904
0.114635
0.108439
0.0995398
0.0940372
0.0874949
0.0842479
0.0816521
0.0814527
0.0844156
0.0877315
0.0909234
0.0952618
0.102927
0.10824
0.116613
0.122575
0.130141
0.133841
0.140168
0.142554
0.145915
0.146992
0.147612
0.146422
0.144501
0.140352
0.136676
0.130383
0.125297
0.120447
0.112022
0.107704
0.101985
0.0984698
0.0973611
0.0980565
0.10009
0.104832
0.108238
0.115544
0.120764
0.130022
0.135503
0.143003
0.147898
0.155315
0.158864
0.162982
0.164925
0.166852
0.166981
0.166031
0.164078
0.160366
0.1556
0.151216
0.146284
0.137648
0.129835
0.120103
0.11774
0.113987
0.111412
0.111188
0.111357
0.11487
0.11812
0.124064
0.129666
0.138107
0.143763
0.151743
0.160102
0.165644
0.171729
0.177129
0.179586
0.182522
0.182863
0.182661
0.181279
0.178255
0.175082
0.171254
0.164774
0.158928
0.151119
0.144958
0.136523
0.130915
0.125747
0.122532
0.121729
0.122881
0.126527
0.12994
0.13412
0.141812
0.150321
0.155928
0.161485
0.169775
0.17523
0.181187
0.18454
0.188677
0.190203
0.191482
0.191056
0.189417
0.186114
0.182749
0.178741
0.17202
0.16408
0.158162
0.152414
0.145083
0.140966
0.137011
0.135572
0.135866
0.138996
0.141453
0.145106
0.155623
0.157103
0.165397
0.170743
0.17888
0.186269
0.190331
0.195778
0.198293
0.201161
0.202669
0.201879
0.200658
0.1979
0.194885
0.189565
0.184976
0.177452
0.16882
0.165293
0.153252
0.146699
0.142911
0.140065
0.138788
0.140034
0.142051
0.145054
0.148925
0.156331
0.164742
0.170371
0.17999
0.184636
0.189756
0.196981
0.203409
0.205724
0.208993
0.209906
0.210299
0.208767
0.206507
0.202227
0.198672
0.194149
0.186697
0.180878
0.172541
0.16724
0.160683
0.157059
0.15555
0.155844
0.157187
0.161876
0.167414
0.171958
0.179872
0.18591
0.191193
0.198524
0.205917
0.21053
0.213427
0.217888
0.219676
0.22153
0.221254
0.219632
0.218072
0.213849
0.208772
0.204121
0.196526
0.189886
0.178695
0.175314
0.167548
0.162845
0.159087
0.157597
0.157326
0.159757
0.164426
0.16839
0.17233
0.181242
0.189235
0.194868
0.20342
0.209174
0.215589
0.219328
0.224139
0.226454
0.228151
0.228201
0.227283
0.22524
0.221687
0.218041
0.211813
0.206022
0.200213
0.19185
0.184811
0.174934
0.170495
0.167104
0.16456
0.164728
0.166051
0.170341
0.174075
0.179208
0.186508
0.191982
0.200762
0.20697
0.214256
0.221318
0.224997
0.228452
0.231641
0.233529
0.233453
0.232233
0.229466
0.226324
0.222496
0.21601
0.210658
0.202088
0.195748
0.188968
0.181848
0.174887
0.173319
0.171838
0.172142
0.175118
0.178146
0.184634
0.189539
0.198088
0.20382
0.212856
0.218375
0.226451
0.230953
0.237034
0.23993
0.243365
0.244358
0.244866
0.243813
0.241354
0.23848
0.233315
0.228763
0.221261
0.212612
0.206224
0.200043
0.192212
0.186354
0.183609
0.182079
0.182404
0.183888
0.188417
0.192331
0.199854
0.205256
0.214266
0.223415
0.229048
0.237296
0.241924
0.248166
0.25283
0.253381
0.255702
0.25617
0.255141
0.25259
0.249638
0.242084
0.239724
0.232112
0.22612
0.217194
0.211362
0.206196
0.200536
0.197418
0.196642
0.1971
0.202708
0.205905
0.21331
0.218745
0.231451
0.234095
0.243581
0.24932
0.257622
0.262182
0.266079
0.269256
0.274495
0.274994
0.27506
0.273735
0.270773
0.267543
0.261879
0.256993
0.249078
0.242866
0.233145
0.226133
0.216628
0.208743
0.204533
0.201535
0.199784
0.199996
0.203348
0.208822
0.213287
0.217638
0.22645
0.232371
0.242513
0.247379
0.255686
0.263455
0.268537
0.271112
0.273976
0.274691
0.274349
0.272882
0.270414
0.265964
0.260437
0.255425
0.249229
0.240954
0.233686
0.225455
0.217996
0.213667
0.210986
0.209654
0.209882
0.213285
0.218182
0.225366
0.230678
0.237222
0.245739
0.255044
0.260647
0.266588
0.270578
0.276969
0.280486
0.283975
0.285485
0.285347
0.284065
0.281683
0.27769
0.273701
0.26696
0.260834
0.251928
0.2428
0.235717
0.228923
0.220344
0.213952
0.21098
0.209272
0.209593
0.212668
0.216393
0.223324
0.227784
0.236742
0.242759
0.252182
0.26113
0.266325
0.270997
0.277789
0.282303
0.283754
0.284791
0.285288
0.284276
0.281742
0.278807
0.273541
0.268932
0.261354
0.255363
0.24325
0.240643
0.233559
0.229764
0.226585
0.226828
0.227106
0.229213
0.237774
0.239051
0.247233
0.252942
0.26227
0.268187
0.277059
0.282207
0.289402
0.29514
0.297734
0.299554
0.301245
0.301102
0.299667
0.29745
0.2932
0.287401
0.279636
0.274441
0.268153
0.258564
0.252103
0.246184
0.238851
0.234797
0.233109
0.23268
0.234699
0.239183
0.245677
0.250623
0.260106
0.265113
0.274329
0.279982
0.288941
0.292824
0.299006
0.301934
0.305624
0.306293
0.306632
0.305525
0.302551
0.29969
0.294161
0.28661
0.281505
0.272444
0.26506
0.259343
0.250606
0.246519
0.241816
0.240288
0.240397
0.243183
0.246123
0.249953
0.258139
0.262741
0.272463
0.280651
0.286175
0.294219
0.299323
0.304712
0.307971
0.310848
0.31192
0.311828
0.310797
0.307103
0.305003
0.299012
0.292495
0.28684
0.279958
0.270471
0.264133
0.256693
0.251727
0.247565
0.246098
0.246386
0.247839
0.252933
0.256973
0.263947
0.269412
0.279351
0.284417
0.302586
0.30171
0.315565
0.314651
0.315623
0.321932
0.321001
0.31994
0.319016
0.312124
0.311225
0.309068
0.2974
0.296552
0.277388
0.276603
0.273381
0.273381
0.273381
0.273381
0.273381
0.273381
0.273381
0.273381
0.273381
0.273381
0.273381
0.273381
0.273381
0.273381
0.273381
0.273381
0.273381
0.273381
0.273381
0.273381
0.273381
0.273381
0.273381
0.273381
0.273381
0.273381
0.273381
0.273381
0.273381
0.273381
0.273381
0.273381
0.273381
0.273381
0.273381
0.273381
0.273381
0.273381
0.273381
0.273381
0.273381
0.273381
0.273381
0.273381
0.273381
0.273381
0.273381
0.273381
0.273381
0.273381
0.273381
0.273381
0.273381
0.273381
0.273381
0.273381
0.273381
0.273381
0.273381
0.273381
0.273381
0.273381
0.273381
0.273381
0.273381
0.273381
0.273381
0.273381
0.273381
0.273381
0.273381
0.273381
0.273381
0.273381
0.273381
0.273381
0.273381
0.273381
0.273381
0.273381
0.273381
0.273381
0.273381
0.273381
0.273381
0.273381
0.273381
0.273381
0.273381
0.273381
0.273381
0.273381
0.273381
0.273381
0.273381
0.273381
0.273381
0.273381
0.273381
0.273381
0.368831
0.368831
0.368831
0.368831
0.368831
0.368831
0.368831
0.368831
0.368831
0.368831
0.368831
0.368831
0.368831
0.368831
0.368831
0.368831
0.368831
0.368831
0.368831
0.368831
0.368831
0.368831
0.368831
0.368831
0.368831
0.368831
0.368831
0.368831
0.368831
0.368831
0.368831
0.368831
0.368831
0.368831
0.368831
0.368831
0.368831
0.368831
0.368831
0.368831
0.368831
0.368831
0.368831
0.368831
0.368831
0.368831
0.368831
0.368831
0.368831
0.368831
0.368831
0.368831
0.368831
0.368831
0.368831
0.368831
0.368831
0.368831
0.368831
0.368831
0.368831
0.368831
0.368831
0.368831
0.368831
0.368831
0.368831
0.368831
0.368831
0.368831
0.368831
0.368831
0.368831
0.368831
0.368831
0.368831
0.368831
0.368831
0.368831
0.368831
0.368831
0.368831
0.368831
0.368831
0.368831
0.368831
0.368831
0.368831
0.368831
0.368831
0.368831
0.368831
0.368831
0.368831
0.368831
0.368831
0.368831
0.368831
0.368831
0.368831
0.394464
0.394464
0.394464
0.394464
0.394464
0.394464
0.394464
0.394464
0.394464
0.394464
0.394464
0.394464
0.394464
0.394464
0.394464
0.394464
0.394464
0.394464
0.394464
0.394464
0.394464
0.394464
0.394464
0.394464
0.394464
0.394464
0.394464
0.394464
0.394464
0.394464
0.394464
0.394464
0.394464
0.394464
0.394464
0.394464
0.394464
0.394464
0.394464
0.394464
0.394464
0.331229
0.330378
0.332299
0.332646
0.337702
0.344496
0.349242
0.357588
0.362798
0.371077
0.379342
0.382536
0.385836
0.390672
0.392939
0.393762
0.392759
0.390917
0.388272
0.383588
0.377251
0.371719
0.362993
0.352296
0.34463
0.333932
0.325684
0.317821
0.307347
0.302394
0.296923
0.29473
0.294563
0.295813
0.300993
0.307996
0.312434
0.321655
0.327799
0.333991
0.344413
0.349941
0.357109
0.36421
0.367124
0.370278
0.371228
0.371731
0.370436
0.368471
0.364568
0.360623
0.353997
0.345954
0.339531
0.329539
0.321478
0.31245
0.306482
0.299569
0.29678
0.295106
0.295253
0.298797
0.302092
0.30842
0.316855
0.326221
0.328787
0.339334
0.344362
0.353857
0.360583
0.364403
0.369305
0.37241
0.372262
0.372919
0.371788
0.369143
0.365102
0.360594
0.354195
0.346034
0.339598
0.332694
0.322316
0.315369
0.306655
0.301798
0.297199
0.295565
0.296077
0.297768
0.302852
0.307887
0.315482
0.321383
0.331213
0.342066
0.350719
0.356292
0.361314
0.366352
0.371536
0.375587
0.376891
0.377474
0.376964
0.375313
0.371858
0.367891
0.362072
0.356811
0.348333
0.338722
0.331713
0.322231
0.31649
0.310182
0.30722
0.305691
0.306066
0.309781
0.312626
0.320406
0.324997
0.334376
0.340692
0.350611
0.356742
0.365697
0.373447
0.377513
0.380856
0.384873
0.38621
0.38711
0.386349
0.384137
0.381374
0.376298
0.369152
0.364233
0.357537
0.348677
0.341587
0.331587
0.322953
0.318184
0.314603
0.312228
0.312886
0.314429
0.317393
0.324139
0.333527
0.338837
0.345312
0.356541
0.36568
0.371718
0.380234
0.384833
0.391302
0.394983
0.396402
0.39696
0.396637
0.394412
0.391619
0.386038
0.381869
0.374216
0.368128
0.357666
0.344387
0.340269
0.333065
0.323961
0.318964
0.314175
0.312611
0.313237
0.314799
0.320654
0.328297
0.333242
0.339472
0.349725
0.360094
0.366529
0.375852
0.383914
0.388769
0.392189
0.395882
0.397327
0.398367
0.397586
0.395378
0.389569
0.387092
0.382464
0.375391
0.368672
0.359016
0.352862
0.343418
0.3356
0.331125
0.327935
0.327048
0.3277
0.331211
0.3347
0.341196
0.349785
0.356699
0.365638
0.371941
0.378062
0.387737
0.39467
0.398717
0.40381
0.405934
0.407979
0.408054
0.406904
0.404671
0.400809
0.396919
0.390232
0.382188
0.375901
0.365963
0.358836
0.349121
0.343316
0.336858
0.333865
0.332236
0.33262
0.335849
0.339193
0.34623
0.351595
0.360826
0.367063
0.376802
0.382835
0.391579
0.396486
0.403061
0.406289
0.410075
0.411304
0.41203
0.41114
0.408552
0.405943
0.400753
0.394057
0.388589
0.382574
0.372997
0.366088
0.356654
0.348861
0.343209
0.341285
0.340456
0.341987
0.344363
0.350248
0.355082
0.360596
0.374449
0.380004
0.386397
0.392596
0.402361
0.409349
0.413435
0.418576
0.420737
0.422808
0.42285
0.421757
0.419735
0.415297
0.411755
0.405052
0.398932
0.390704
0.383946
0.373394
0.365932
0.355796
0.347467
0.343127
0.339272
0.33883
0.33998
0.340761
0.349057
0.353378
0.362377
0.368751
0.379032
0.385672
0.396422
0.404545
0.410224
0.41388
0.419304
0.422871
0.424071
0.424069
0.423059
0.419909
0.416654
0.413105
0.405765
0.397506
0.391848
0.385021
0.374584
0.364747
0.358887
0.352327
0.349301
0.347591
0.348145
0.351532
0.354437
0.362197
0.367699
0.376238
0.382597
0.39337
0.401993
0.407626
0.412707
0.420029
0.422846
0.426767
0.428795
0.42887
0.42768
0.425648
0.421505
0.41714
0.408479
0.405316
0.396376
0.386365
0.379217
0.371624
0.363655
0.356839
0.354262
0.352683
0.353192
0.356542
0.360002
0.367231
0.372784
0.382323
0.388798
0.398898
0.405222
0.414369
0.41958
0.426572
0.430111
0.434296
0.43603
0.437008
0.436228
0.434115
0.431472
0.42646
0.42201
0.414489
0.40853
0.398974
0.391819
0.380955
0.370774
0.364736
0.359761
0.354902
0.353225
0.353761
0.355256
0.360298
0.368293
0.373963
0.379283
0.38937
0.399624
0.409463
0.419124
0.42338
0.429924
0.433104
0.435465
0.437733
0.437918
0.43723
0.434948
0.432171
0.426922
0.422311
0.414528
0.404711
0.398595
0.386915
0.380199
0.366913
0.363707
0.35644
0.353719
0.351971
0.352395
0.355737
0.359266
0.366645
0.372321
0.38206
0.388714
0.399953
0.405548
0.414933
0.420299
0.428043
0.432949
0.435684
0.436905
0.437999
0.43693
0.434952
0.432475
0.426931
0.420701
0.41263
0.405602
0.399582
0.388925
0.380566
0.370435
0.365143
0.358435
0.354725
0.353942
0.354451
0.360063
0.362456
0.370427
0.376534
0.385967
0.393002
0.403918
0.410779
0.420668
0.426358
0.434544
0.439775
0.442389
0.44501
0.445627
0.444907
0.442943
0.439114
0.434955
0.428814
0.423429
0.414596
0.407086
0.397299
0.389835
0.379631
0.371224
0.366445
0.363763
0.362036
0.363385
0.365713
0.369175
0.376435
0.385305
0.395137
0.398146
0.408306
0.415536
0.423884
0.429128
0.442018
0.44137
0.443966
0.446354
0.446009
0.444488
0.443111
0.437207
0.4353
0.426301
0.420589
0.414341
0.407594
0.390955
0.387491
0.377438
0.376929
0.371219
0.370698
0.373345
0.372849
0.38537
0.384857
0.39026
0.416606
0.419337
0.444454
0.445967
0.44959
0.456513
0.45583
0.411798
0.411196
0.406431
0.405847
0.381955
0.374581
0.346106
0.342939
0.342482
0.342482
0.342482
0.342482
0.342482
0.342482
0.342482
0.342482
0.342482
0.342482
0.342482
0.342482
0.342482
0.342482
0.342482
0.342482
0.505013
0.502626
0.501827
0.501827
0.501827
0.501827
0.501827
0.501827
0.501827
0.432895
0.432887
0.450955
0.450259
0.479374
0.481665
0.481665
0.481665
0.481665
0.481665
0.481665
0.481665
0.481665
0.481665
0.481665
0.481665
0.481665
0.481665
0.481665
0.481665
0.481665
0.481665
0.481665
0.481665
0.481665
0.481665
0.481665
0.481665
0.481665
0.481665
0.481665
0.481665
0.481665
0.481665
0.481665
0.481665
0.481665
0.481665
0.481665
0.481665
0.481665
0.481665
0.481665
0.481665
0.526243
0.526243
0.526243
0.526243
0.526243
0.526243
0.526243
0.526243
0.526243
0.526243
0.526243
0.526243
0.526243
0.526243
0.526243
0.526243
0.526243
0.526243
0.526243
0.526243
0.526243
0.526243
0.526243
0.526243
0.526243
0.526243
0.526243
0.526243
0.526243
0.526243
0.526243
0.526243
0.526243
0.526243
0.526243
0.526243
0.526243
0.526243
0.526243
0.526243
0.526243
0.526243
0.526243
0.526243
0.526243
0.526243
0.526243
0.526243
0.526243
0.526243
0.526243
0.526243
0.526243
0.526243
0.526243
0.526243
0.526243
0.526243
0.526243
0.526243
0.526243
0.526243
0.526243
0.526243
0.526243
0.526243
0.526243
0.526243
0.526243
0.526243
0.526243
0.526243
0.526243
0.526243
0.526243
0.526243
0.526243
0.526243
0.526243
0.526243
0.526243
0.526243
0.526243
0.526243
0.526243
0.526243
0.526243
0.526243
0.526243
0.526243
0.526243
0.526243
0.526243
0.526243
0.526243
0.526243
0.526243
0.526243
0.526243
0.526243
0.43194
0.43194
0.43194
0.43194
0.43194
0.43194
0.43194
0.43194
0.43194
0.43194
0.43194
0.43194
0.43194
0.43194
0.43194
0.43194
0.43194
0.43194
0.43194
0.43194
0.43194
0.43194
0.43194
0.43194
0.43194
0.43194
0.43194
0.43194
0.43194
0.43194
0.43194
0.43194
0.43194
0.43194
0.43194
0.43194
0.43194
0.43194
0.43194
0.43194
0.43194
0.43194
0.43194
0.43194
0.43194
0.43194
0.43194
0.43194
0.43194
0.43194
0.43194
0.43194
0.43194
0.43194
0.43194
0.43194
0.43194
0.43194
0.43194
0.43194
0.43194
0.43194
0.43194
0.43194
0.43194
0.43194
0.43194
0.43194
0.43194
0.43194
0.43194
0.43194
0.43194
0.43194
0.43194
0.43194
0.43194
0.43194
0.43194
0.43194
0.43194
0.43194
0.43194
0.43194
0.43194
0.43194
0.43194
0.43194
0.43194
0.43194
0.43194
0.43194
0.43194
0.43194
0.43194
0.43194
0.43194
0.43194
0.43194
0.43194
0.406008
0.405601
0.405601
0.405601
0.405601
0.405601
0.405601
0.405601
0.405601
0.405601
0.405601
0.405601
0.405601
0.405601
0.405601
0.405601
0.405601
0.405601
0.405601
0.405601
0.405601
0.405601
0.405601
0.405601
0.405601
0.405601
0.405601
0.405601
0.405601
0.405601
0.405601
0.405601
0.405601
0.405601
0.405601
0.405601
0.405601
0.405601
0.405601
0.405601
0.405601
0.405601
0.405601
0.405601
0.405601
0.405601
0.405601
0.405601
0.405601
0.405601
0.405601
0.405601
0.405601
0.405601
0.405601
0.405601
0.405601
0.405601
0.405601
0.405601
0.405601
0.405601
0.405601
0.405601
0.405601
0.405601
0.405601
0.405601
0.405601
0.405601
0.405601
0.405601
0.405601
0.405601
0.405601
0.405601
0.405601
0.405601
0.405601
0.405601
0.405601
0.405601
0.405601
0.405601
0.405601
0.405601
0.405601
0.405601
0.405601
0.405601
0.405601
0.405601
0.405601
0.405601
0.405601
0.405601
0.405601
0.405601
0.405601
0.405601
0.405601
0.4559
0.4559
0.4559
0.4559
0.4559
0.4559
0.4559
0.4559
0.4559
0.4559
0.4559
0.4559
0.4559
0.4559
0.4559
0.4559
0.4559
0.4559
0.4559
0.4559
0.4559
0.4559
0.4559
0.4559
0.4559
0.4559
0.4559
0.4559
0.4559
0.4559
0.4559
0.4559
0.4559
0.4559
0.4559
0.4559
0.4559
0.4559
0.4559
0.4559
0.4559
0.4559
0.4559
0.4559
0.4559
0.4559
0.4559
0.4559
0.4559
0.4559
0.4559
0.4559
0.4559
0.4559
0.4559
0.4559
0.4559
0.4559
0.4559
0.4559
0.4559
0.4559
0.4559
0.4559
0.4559
0.4559
0.4559
0.4559
0.4559
0.4559
0.4559
0.4559
0.4559
0.4559
0.4559
0.4559
0.4559
0.4559
0.4559
0.4559
0.4559
0.4559
0.4559
0.4559
0.4559
0.4559
0.4559
0.4559
0.4559
0.4559
0.4559
0.4559
0.4559
0.4559
0.4559
0.4559
0.4559
0.4559
0.4559
0.4559
0.491303
0.491303
0.491303
0.491303
0.491303
0.491303
0.491303
0.491303
0.491303
0.491303
0.491303
0.491303
0.491303
0.491303
0.491303
0.491303
0.491303
0.491303
0.491303
0.491303
0.491303
0.491303
0.491303
0.491303
0.491303
0.491303
0.491303
0.491303
0.491303
0.491303
0.491303
0.491303
0.491303
0.491303
0.491303
0.491303
0.491303
0.491303
0.491303
0.491303
0.491303
0.491303
0.491303
0.491303
0.491303
0.491303
0.491303
0.491303
0.491303
0.491303
0.491303
0.491303
0.491303
0.491303
0.491303
0.491303
0.491303
0.491303
0.491303
0.491303
0.491303
0.491303
0.491303
0.491303
0.491303
0.491303
0.491303
0.491303
0.491303
0.491303
0.491303
0.491303
0.491303
0.491303
0.491303
0.491303
0.491303
0.491303
0.491303
0.491303
0.491303
0.491303
0.491303
0.491303
0.491303
0.491303
0.491303
0.491303
0.491303
0.491303
0.491303
0.491303
0.491303
0.491303
0.491303
0.491303
0.491303
0.491303
0.491303
0.491303
0.509097
0.509097
0.509097
0.509097
0.509097
0.509097
0.509097
0.509097
0.509097
0.509097
0.509097
0.509097
0.509097
0.509097
0.509097
0.509097
0.509097
0.509097
0.509097
0.509097
0.509097
0.509097
0.509097
0.509097
0.509097
0.509097
0.509097
0.509097
0.509097
0.509097
0.509097
0.509097
0.509097
0.509097
0.509097
0.509097
0.509097
0.509097
0.509097
0.509097
0.509097
0.509097
0.509097
0.509097
0.509097
0.509097
0.509097
0.509097
0.509097
0.509097
0.509097
0.509097
0.509097
0.509097
0.509097
0.509097
0.509097
0.509097
0.509097
0.509097
0.509097
0.509097
0.509097
0.509097
0.509097
0.509097
0.509097
0.509097
0.509097
0.509097
0.509097
0.509097
0.509097
0.509097
0.509097
0.509097
0.509097
0.509097
0.509097
0.509097
0.509097
0.509097
0.509097
0.509097
0.509097
0.509097
0.509097
0.509097
0.509097
0.509097
0.509097
0.509097
0.509097
0.509097
0.509097
0.509097
0.509097
0.509097
0.509097
0.509097
0.508261
0.508261
0.508261
0.508261
0.508261
0.508261
0.508261
0.508261
0.508261
0.508261
0.508261
0.508261
0.508261
0.508261
0.508261
0.508261
0.508261
0.508261
0.508261
0.508261
0.508261
0.508261
0.508261
0.508261
0.508261
0.508261
0.508261
0.508261
0.508261
0.508261
0.508261
0.508261
0.508261
0.508261
0.508261
0.508261
0.508261
0.508261
0.508261
0.508261
0.508261
0.508261
0.508261
0.508261
0.508261
0.508261
0.508261
0.508261
0.508261
0.508261
0.508261
0.508261
0.508261
0.508261
0.508261
0.508261
0.508261
0.508261
0.508261
0.508261
0.508261
0.508261
0.508261
0.508261
0.508261
0.508261
0.508261
0.508261
0.508261
0.508261
0.508261
0.508261
0.508261
0.508261
0.508261
0.508261
0.508261
0.508261
0.508261
0.508261
0.508261
0.508261
0.508261
0.508261
0.508261
0.508261
0.508261
0.508261
0.508261
0.508261
0.508261
0.508261
0.508261
0.508261
0.508261
0.508261
0.508261
0.508261
0.508261
0.508261
0.490632
0.490632
0.490632
0.490632
0.490632
0.490632
0.490632
0.490632
0.490632
0.490632
0.490632
0.490632
0.490632
0.490632
0.490632
0.490632
0.490632
0.490632
0.490632
0.490632
0.490632
0.490632
0.490632
0.490632
0.490632
0.490632
0.490632
0.490632
0.490632
0.490632
0.490632
0.490632
0.490632
0.490632
0.490632
0.490632
0.490632
0.490632
0.490632
0.490632
0.490632
0.490632
0.490632
0.490632
0.490632
0.490632
0.490632
0.490632
0.490632
0.490632
0.490632
0.490632
0.490632
0.490632
0.490632
0.490632
0.490632
0.490632
0.490632
0.490632
0.490632
0.490632
0.490632
0.490632
0.490632
0.490632
0.490632
0.490632
0.490632
0.490632
0.490632
0.490632
0.490632
0.490632
0.490632
0.490632
0.490632
0.490632
0.490632
0.490632
0.490632
0.490632
0.490632
0.490632
0.490632
0.490632
0.490632
0.490632
0.490632
0.490632
0.490632
0.490632
0.490632
0.490632
0.490632
0.490632
0.490632
0.490632
0.490632
0.490632
0.448245
0.448245
0.448245
0.448245
0.448245
0.448245
0.448245
0.448245
0.448245
0.448245
0.448245
0.448245
0.448245
0.448245
0.448245
0.448245
0.448245
0.448245
0.448245
0.448245
0.448245
0.448245
0.448245
0.448245
0.448245
0.448245
0.448245
0.448245
0.448245
0.448245
0.448245
0.448245
0.448245
0.448245
0.448245
0.448245
0.448245
0.448245
0.448245
0.448245
0.448245
0.448245
0.448245
0.448245
0.448245
0.448245
0.448245
0.448245
0.448245
0.448245
0.448245
0.448245
0.448245
0.448245
0.448245
0.448245
0.448245
0.448245
0.448245
0.448245
0.448245
0.448245
0.448245
0.448245
0.448245
0.448245
0.448245
0.448245
0.448245
0.448245
0.448245
0.448245
0.448245
0.448245
0.448245
0.448245
0.448245
0.448245
0.448245
0.448245
0.448245
0.448245
0.448245
0.448245
0.448245
0.448245
0.448245
0.448245
0.448245
0.448245
0.448245
0.448245
0.448245
0.448245
0.448245
0.448245
0.448245
0.448245
0.448245
0.448245
0.448245
0.448245
0.448245
0.448245
0.448245
0.448245
0.448245
0.448245
0.448245
0.448245
0.448245
0.448245
0.448245
0.448245
0.448245
0.448245
0.448245
0.448245
0.448245
0.448245
0.448245
0.448245
0.448245
0.448245
0.448245
0.448245
0.448245
0.448245
0.448245
0.448245
0.448245
0.448245
0.448245
0.448245
0.448245
0.448245
0.448245
0.448245
0.448245
0.448245
0.448245
0.448245
0.448245
0.448245
0.448245
0.448245
0.448245
0.448245
0.448245
0.448245
0.448245
0.448245
0.448245
0.448245
0.448245
0.448245
0.448245
0.448245
0.448245
0.448245
0.448245
0.448245
0.448245
0.448245
0.448245
0.448245
0.448245
0.448245
0.448245
0.448245
0.448245
0.448245
0.448245
0.448245
0.448245
0.448245
0.448245
0.448245
0.448245
0.448245
0.448245
0.448245
0.448245
0.448245
0.448245
0.448245
0.448245
0.448245
0.448245
0.448245
0.448245
0.448245
0.448245
0.448245
0.448245
0.448245
0.448245
0.448245
0.448245
0.448245
0.448245
0.448245
0.448245
0.448245
0.448245
0.448245
0.448245
0.448245
0.448245
0.511449
0.511449
0.511449
0.511449
0.511449
0.511449
0.511449
0.511449
0.511449
0.511449
0.511449
0.511449
0.511449
0.511449
0.511449
0.511449
0.511449
0.511449
0.511449
0.511449
0.511449
0.511449
0.511449
0.511449
0.511449
0.511449
0.511449
0.511449
0.511449
0.511449
0.511449
0.511449
0.511449
0.511449
0.511449
0.511449
0.511449
0.511449
0.511449
0.511449
0.511449
0.511449
0.511449
0.511449
0.511449
0.511449
0.511449
0.511449
0.511449
0.511449
0.511449
0.511449
0.511449
0.511449
0.511449
0.511449
0.511449
0.511449
0.511449
0.511449
0.511449
0.511449
0.511449
0.511449
0.511449
0.511449
0.511449
0.511449
0.511449
0.511449
0.511449
0.511449
0.511449
0.511449
0.511449
0.511449
0.511449
0.511449
0.511449
0.511449
0.511449
0.511449
0.511449
0.511449
0.511449
0.511449
0.511449
0.511449
0.511449
0.511449
0.511449
0.511449
0.511449
0.511449
0.511449
0.511449
0.511449
0.511449
0.511449
0.511449
0.520022
0.520022
0.520022
0.520022
0.520022
0.520022
0.520022
0.520022
0.520022
0.520022
0.520022
0.520022
0.520022
0.520022
0.520022
0.520022
0.520022
0.520022
0.520022
0.520022
0.520022
0.520022
0.520022
0.520022
0.520022
0.520022
0.520022
0.520022
0.520022
0.520022
0.520022
0.520022
0.520022
0.520022
0.520022
0.520022
0.520022
0.520022
0.520022
0.520022
0.520022
0.520022
0.520022
0.520022
0.520022
0.520022
0.520022
0.520022
0.520022
0.520022
0.520022
0.520022
0.520022
0.520022
0.520022
0.520022
0.520022
0.520022
0.520022
0.520022
0.520022
0.520022
0.520022
0.520022
0.520022
0.520022
0.520022
0.520022
0.520022
0.520022
0.520022
0.520022
0.520022
0.520022
0.520022
0.520022
0.520022
0.520022
0.520022
0.520022
0.520022
0.520022
0.520022
0.520022
0.520022
0.520022
0.520022
0.520022
0.520022
0.520022
0.520022
0.520022
0.520022
0.520022
0.520022
0.520022
0.520022
0.520022
0.520022
0.520022
0.520022
0.520022
0.520022
0.520022
0.520022
0.520022
0.520022
0.520022
0.520022
0.520022
0.520022
0.520022
0.520022
0.520022
0.520022
0.520022
0.520022
0.520022
0.520022
0.520022
0.520022
0.520022
0.520022
0.520022
0.520022
0.520022
0.520022
0.520022
0.520022
0.520022
0.520022
0.520022
0.520022
0.520022
-1.18292
-1.18292
-1.18292
-1.18292
-1.18292
-1.18292
-1.18292
-1.18292
-1.18292
-1.18292
-1.18292
-1.18292
-1.18292
-1.18292
-1.18292
-1.18292
-1.18292
-1.18292
-1.18292
-1.18292
-1.18292
-1.18292
-1.18292
-1.18292
-1.18292
-1.18292
-1.18292
-1.18292
-1.18292
-1.18292
-1.18292
-1.18292
-1.18292
-1.18292
-1.18292
-1.18292
-1.18292
-1.18292
-1.18292
-1.18292
-1.18292
-1.18292
-1.18292
-1.18292
-1.18292
-1.18292
-1.18292
-1.18292
-1.18292
-1.18292
-1.18292
-1.18292
-1.18292
-1.18292
-1.18292
-1.18292
-1.18292
-1.18292
-1.18292
-1.18292
-5.4105
-5.41437
-5.44115
-5.44873
-5.46636
-5.46615
-5.48617
-5.48902
-5.50078
-5.49679
-5.51083
-5.50982
-5.51694
-5.51447
-5.51983
-5.54446
-5.51994
-5.52709
-5.51818
-5.51297
-5.51495
-5.52007
-5.51038
-5.50421
-5.50835
-5.50861
-5.49848
-5.50171
-5.49145
-5.48126
-5.48391
-5.4862
-5.47883
-5.47755
-5.46697
-5.46841
-5.45774
-5.45877
-5.44772
-5.44807
-5.43764
-5.43962
-5.43082
-5.43573
-5.44212
-5.43633
-5.43113
-5.44003
-5.43535
-5.44425
-5.43929
-5.44674
-5.4404
-5.44487
-5.4364
-5.43721
-5.42639
-5.43208
-5.41057
-5.41217
-5.39713
-5.38178
-5.36634
-5.35769
-5.34949
-5.33497
-5.32793
-5.31613
-5.31028
-5.29575
-5.28338
-5.28612
-5.27595
-5.26219
-5.25029
-5.25225
-5.23987
-5.23542
-5.21463
-5.21551
-5.20072
-5.18738
-5.17965
-5.16619
-5.15802
-5.14939
-5.14167
-5.12746
-5.1121
-5.10245
-5.08811
-5.08249
-5.06377
-5.05476
-5.03944
-5.02938
-5.01524
-5.00515
-4.99107
-4.98082
-4.96667
-4.95612
-4.94608
-4.9307
-4.91606
-4.90429
-4.88927
-4.87671
-4.86183
-4.84783
-4.8324
-4.81771
-4.80139
-4.78687
-4.76986
-4.75441
-4.73865
-4.72156
-4.7056
-4.68904
-4.67188
-4.65475
-4.63852
-4.62136
-4.60503
-4.58875
-4.57213
-4.55548
-4.53933
-4.52289
-4.50715
-4.49095
-4.47512
-4.4592
-4.44396
-4.42806
-4.41227
-4.39688
-4.38122
-4.3659
-4.35039
-4.3351
-4.31972
-4.30445
-4.28918
-4.27399
-4.25881
-4.24368
-4.2286
-4.2136
-4.19852
-4.18363
-4.16881
-4.15394
-4.13923
-4.12451
-4.11
-4.09536
-4.08078
-4.06652
-4.0516
-4.03798
-4.02291
-4.00949
-3.9959
-3.9813
-3.96817
-3.95349
-3.94055
-3.92599
-3.91324
-3.90027
-3.88613
-3.87365
-3.85939
-3.84709
-3.83456
-3.82137
-3.80613
-3.79389
-3.7805
-3.76833
-3.75362
-3.74149
-3.72681
-3.71535
-3.70399
-3.69195
-3.67964
-3.66776
-3.6555
-3.64378
-3.63213
-3.62027
-3.60831
-3.59688
-3.58528
-3.57394
-3.56238
-3.55119
-3.53965
-3.52858
-3.51719
-3.50626
-3.49502
-3.48416
-3.47201
-3.46213
-3.45116
-3.4397
-3.42943
-3.41853
-3.40804
-3.39714
-3.38678
-3.37601
-3.36575
-3.3551
-3.34485
-3.33443
-3.32442
-3.31447
-3.30399
-3.2938
-3.284
-3.27381
-3.26402
-3.25405
-3.24449
-3.2345
-3.22492
-3.21517
-3.2058
-3.19604
-3.18667
-3.177
-3.16796
-3.15839
-3.14887
-3.13986
-3.13033
-3.12153
-3.11209
-3.10339
-3.09416
-3.08544
-3.07675
-3.06767
-3.05852
-3.04989
-3.04119
-3.03228
-3.02329
-3.01484
-3.00593
-2.99707
-2.98875
-2.98047
-2.97173
-2.96354
-2.95427
-2.94677
-2.9382
-2.93018
-2.92176
-2.91389
-2.9056
-2.89735
-2.8896
-2.88188
-2.87375
-2.86611
-2.85805
-2.85048
-2.84249
-2.83455
-2.82709
-2.81967
-2.8117
-2.80444
-2.79662
-2.78931
-2.78157
-2.77432
-2.76609
-2.75934
-2.7511
-2.74391
-2.73676
-2.72913
-2.72203
-2.71446
-2.70745
-2.70054
-2.69319
-2.68587
-2.67905
-2.67226
-2.66505
-2.65785
-2.65115
-2.64449
-2.63645
-2.63031
-2.62327
-2.61719
-2.61021
-2.60313
-2.59679
-2.59035
-2.58349
-2.57652
-2.57029
-2.56349
-2.55662
-2.55046
-2.54374
-2.53749
-2.53068
-2.5246
-2.51784
-2.51182
-2.50511
