1.77965e-43
1.77965e-43
1.77965e-43
1.77965e-43
1.77965e-43
1.77965e-43
1.77965e-43
1.77965e-43
1.77965e-43
1.77965e-43
1.77965e-43
1.77965e-43
1.77965e-43
1.77965e-43
1.77965e-43
1.77965e-43
1.77965e-43
1.77965e-43
1.77965e-43
1.77965e-43
1.77965e-43
1.77965e-43
1.77965e-43
1.77965e-43
1.77965e-43
1.77965e-43
1.77965e-43
1.77965e-43
1.77965e-43
1.77965e-43
1.77965e-43
1.77965e-43
1.77965e-43
1.77965e-43
1.77965e-43
1.77965e-43
1.77965e-43
1.77965e-43
1.77965e-43
1.77965e-43
1.77965e-43
1.77965e-43
1.77965e-43
1.77965e-43
1.77965e-43
1.77965e-43
1.77965e-43
1.77965e-43
1.77965e-43
1.77965e-43
1.77965e-43
1.77965e-43
1.77965e-43
1.77965e-43
1.77965e-43
1.77965e-43
1.77965e-43
1.77965e-43
1.77965e-43
1.77965e-43
1.77965e-43
1.77965e-43
1.77965e-43
1.77965e-43
1.77965e-43
1.77965e-43
1.77965e-43
1.77965e-43
1.77965e-43
1.77965e-43
1.77965e-43
1.77965e-43
1.77965e-43
1.77965e-43
9.12255e+23
9.12255e+23
9.12255e+23
9.12255e+23
9.12255e+23
9.12255e+23
9.12255e+23
9.12255e+23
9.12255e+23
9.12255e+23
9.12255e+23
9.12255e+23
9.12255e+23
9.12255e+23
9.12255e+23
9.12255e+23
9.12255e+23
9.12255e+23
9.12255e+23
9.12255e+23
9.12255e+23
9.12255e+23
9.12255e+23
9.12255e+23
9.12255e+23
9.12255e+23
9.12255e+23
9.12255e+23
9.12255e+23
9.12255e+23
9.12255e+23
9.12255e+23
9.12255e+23
9.12255e+23
9.12255e+23
9.12255e+23
9.12255e+23
9.12255e+23
9.12255e+23
9.12255e+23
9.12255e+23
9.12255e+23
9.12255e+23
9.12255e+23
9.12255e+23
9.12255e+23
9.12255e+23
9.12255e+23
9.12255e+23
9.12255e+23
9.12255e+23
9.12255e+23
9.12255e+23
9.12255e+23
9.12255e+23
9.12255e+23
9.12255e+23
9.12255e+23
9.12255e+23
9.12255e+23
9.12255e+23
9.12255e+23
9.12255e+23
9.12255e+23
9.12255e+23
9.12255e+23
9.12255e+23
9.12255e+23
9.12255e+23
9.12255e+23
9.12255e+23
9.12255e+23
9.12255e+23
9.12255e+23
9.12255e+23
9.12255e+23
9.12255e+23
9.12255e+23
9.12255e+23
9.12255e+23
9.12255e+23
9.12255e+23
9.12255e+23
9.12255e+23
9.12255e+23
9.12255e+23
9.12255e+23
9.12255e+23
9.12255e+23
9.12255e+23
9.12255e+23
9.12255e+23
9.12255e+23
9.12255e+23
9.12255e+23
9.12255e+23
9.12255e+23
9.12255e+23
9.12255e+23
9.12255e+23
9.12255e+23
9.12255e+23
9.12255e+23
9.12255e+23
9.12255e+23
9.12255e+23
9.12255e+23
9.12255e+23
9.12255e+23
9.12255e+23
9.12255e+23
9.12255e+23
9.12255e+23
9.12255e+23
9.12255e+23
9.12255e+23
9.12255e+23
9.12255e+23
9.12255e+23
9.12255e+23
9.12255e+23
9.12255e+23
9.12255e+23
9.12255e+23
9.12255e+23
9.12255e+23
9.12255e+23
9.12255e+23
9.12255e+23
9.12255e+23
9.12255e+23
9.12255e+23
9.12255e+23
9.12255e+23
9.12255e+23
9.12255e+23
9.12255e+23
9.12255e+23
9.12255e+23
9.12255e+23
9.12255e+23
9.12255e+23
9.12255e+23
9.12255e+23
9.12255e+23
9.12255e+23
9.12255e+23
9.12255e+23
9.12255e+23
9.12255e+23
9.12255e+23
9.12255e+23
9.12255e+23
9.12255e+23
9.12255e+23
9.12255e+23
9.12255e+23
9.12255e+23
9.12255e+23
9.12255e+23
9.12255e+23
9.12255e+23
9.12255e+23
9.12255e+23
9.12255e+23
9.12255e+23
9.12255e+23
9.12255e+23
9.12255e+23
9.12255e+23
9.12255e+23
9.12255e+23
9.12255e+23
9.12255e+23
9.12255e+23
9.12255e+23
9.12255e+23
9.12255e+23
9.12255e+23
9.12255e+23
9.12255e+23
9.12255e+23
9.12255e+23
9.12255e+23
9.12255e+23
9.12255e+23
9.12255e+23
9.12255e+23
9.12255e+23
9.12255e+23
9.12255e+23
9.12255e+23
9.12255e+23
9.12255e+23
9.12255e+23
9.12255e+23
9.12255e+23
9.12255e+23
9.12255e+23
9.12255e+23
9.12255e+23
9.12255e+23
9.12255e+23
9.12255e+23
9.12255e+23
9.12255e+23
9.12255e+23
9.12255e+23
9.12255e+23
9.12255e+23
9.12255e+23
9.12255e+23
9.12255e+23
9.12255e+23
9.12255e+23
9.12255e+23
9.12255e+23
9.12255e+23
9.12255e+23
9.12255e+23
9.12255e+23
9.12255e+23
9.12255e+23
9.12255e+23
9.12255e+23
9.12255e+23
9.12255e+23
9.12255e+23
9.12255e+23
9.12255e+23
9.12255e+23
9.12255e+23
9.12255e+23
9.12255e+23
9.12255e+23
9.12255e+23
9.12255e+23
9.12255e+23
9.12255e+23
9.12255e+23
9.12255e+23
9.12255e+23
9.12255e+23
9.12255e+23
9.12255e+23
9.12255e+23
9.12255e+23
9.12255e+23
9.12255e+23
9.12255e+23
-0.0193145
-0.0193145
-0.0193145
-0.0193145
-0.0193145
-0.0193145
-0.0193145
-0.0193145
-0.0193145
-0.0193145
-0.0193145
-0.0192887
-0.0192887
-0.0192887
-0.0192887
-0.0192887
-0.0192887
-0.0192887
-0.0192887
-0.0192887
-0.0192887
-0.0192887
-0.0192887
-0.0192887
-0.0192887
-0.0192887
-0.0192887
-0.0192887
-0.0192887
-0.0192816
-0.0192816
-0.0192816
-0.0192816
-0.0192816
-0.0192816
-0.0192816
-0.0192816
-0.0192816
-0.0192816
-0.0192816
-0.0192816
-0.0192816
-0.0192816
-0.0192816
-0.0192816
-0.0192816
-0.0191836
-0.0191836
-0.0191836
-0.0191836
-0.0191836
-0.0191836
-0.0191836
-0.0191836
-0.0191836
-0.0191836
-0.0191836
-0.0191836
-0.0191836
-0.0191836
-0.0191836
-0.0191836
-0.0191836
-0.0191179
-0.0191179
-0.0191179
-0.0191179
-0.0191179
-0.0191179
-0.0191179
-0.0191179
-0.0191179
-0.0191179
-0.0191179
-0.0191179
-0.0191179
-0.0191179
-0.0191179
-0.0191179
-0.019117
-0.019117
-0.019117
-0.019117
-0.019117
-0.019117
-0.019117
-0.019117
-0.019117
-0.019117
-0.019117
-0.019117
-0.019117
-0.019117
-0.019117
-0.019117
-0.019117
-0.019117
-0.019117
-0.019131
-0.019131
-0.019131
-0.019131
-0.019131
-0.019131
-0.019131
-0.019131
-0.019131
-0.019131
-0.019131
-0.019131
-0.019131
-0.019131
-0.019131
-0.019131
-0.019131
-0.0191809
-0.0191809
-0.0191809
-0.0191809
-0.0191809
-0.0191809
-0.0191809
-0.0191809
-0.0191809
-0.0191809
-0.0191809
-0.0191809
-0.0191809
-0.0191809
-0.0191809
-0.0191809
-0.0191809
-0.0191809
-0.0191809
-0.0191809
-0.0191946
-0.0191946
-0.0191946
-0.0191946
-0.0191946
-0.0191946
-0.0191946
-0.0191946
-0.0191946
-0.0191946
-0.0191946
-0.0191946
-0.0191946
-0.0191946
-0.0191946
-0.0191946
-0.0191946
-0.0191935
-0.0191935
-0.0191935
-0.0191935
-0.0191935
-0.0191935
-0.0191935
-0.0191935
-0.0191935
-0.0191935
-0.0191935
-0.0191935
-0.0191935
-0.0191935
-0.0191935
-0.0191935
0.0142441
0.0142441
0.0142441
0.0142441
0.0142441
0.0142441
0.0142441
0.0142441
0.0142441
0.0142441
0.0142441
0.0142441
0.0142441
0.0142441
0.0142441
0.0142441
0.0142441
0.0141996
0.0141996
0.0141996
0.0141996
0.0141996
0.0141996
0.0141996
0.0141996
0.0141996
0.0141996
0.0141996
0.0141996
0.0141996
0.0141996
0.0141996
0.0141996
0.0141731
0.0141731
0.0141731
0.0141731
0.0141731
0.0141731
0.0141731
0.0141731
0.0141731
0.0141731
0.0141731
0.0141731
0.0141731
0.0141731
0.0141731
0.0141731
0.0141731
0.0141731
0.0142221
0.0142221
0.0142221
0.0142221
0.0142221
0.0142221
0.0142221
0.0142221
0.0142221
0.0142221
0.0142221
0.0142221
0.0142221
0.0142221
0.0142221
0.0142221
0.0142221
0.0142221
0.0142221
0.0142221
0.0217032
0.0217032
0.0217032
0.0217032
0.0217032
0.0217032
0.0217032
0.0217032
0.0217032
0.0217032
0.0217032
0.0217032
0.0217032
0.0217032
0.0217032
0.0217032
0.0217032
0.0217032
0.0217032
0.0217032
0.0217376
0.0217376
0.0217376
0.0217376
0.0217376
0.0217376
0.0217376
0.0217376
0.0217376
0.0217376
0.0217376
0.0217376
0.0217376
0.0217376
0.0217376
0.0217376
0.0217376
0.0217376
0.0217376
0.0217049
0.0217049
0.0217049
0.0217049
0.0217049
0.0217049
0.0217049
0.0217049
0.0217049
0.0217049
0.0217049
0.0217049
0.0217049
0.0217049
0.0217049
0.0217049
0.0217049
0.0217049
0.0216797
0.0216797
0.0216797
0.0216797
0.0216797
0.0216797
0.0216797
0.0216797
0.0216797
0.0216797
0.0216797
0.0216797
0.0216797
0.0216797
0.0216797
0.0216797
0.0216797
0.0216797
0.0216797
0.0216797
0.0217065
0.0217065
0.0217065
0.0217065
0.0217065
0.0217065
0.0217065
0.0217065
0.0217065
0.0217065
0.0217065
0.0217065
0.0217065
0.0217065
0.0217065
0.0217065
0.0217065
0.0217065
0.0217361
0.0217361
0.0217361
0.0217361
0.0217361
0.0217361
0.0217361
0.0217361
0.0217361
0.0217361
0.0217361
0.0217361
0.0217361
0.0217361
0.0217361
0.0217361
0.0217361
0.0217361
0.0217361
0.0216386
0.0216386
0.0216386
0.0216386
0.0216386
0.0216386
0.0216386
0.0216386
0.0216386
0.0216386
0.0216386
0.0216386
0.0216386
0.0216386
0.0216386
0.0216386
0.0216386
0.0216386
0.0216386
0.0216583
0.0216583
0.0216583
0.0216583
0.0216583
0.0216583
0.0216583
0.0216583
0.0216583
0.0216583
0.0216583
0.0216583
0.0216583
0.0216583
0.0216583
0.0216583
0.0216583
0.0216583
0.0216583
0.0216736
0.0216736
0.0216736
0.0216736
0.0216736
0.0216736
0.0216736
0.0216736
0.0216736
0.0216736
0.0216736
0.0216736
0.0216736
0.0216736
0.0216736
0.0216736
0.0216736
0.0216533
0.0216533
0.0216533
0.0216533
0.0216533
0.0216533
0.0216533
0.0216533
0.0216533
0.0216533
0.0216533
0.0216533
0.0216533
0.0216533
0.0216533
0.0216533
0.0216533
0.0216533
0.0215817
0.0215817
0.0215817
0.0215817
0.0215817
0.0215817
0.0215817
0.0215817
0.0215817
0.0215817
0.0215817
0.0215817
0.0215817
0.0215817
0.0215817
0.0215817
0.0215817
0.0215817
0.0215817
0.0215817
0.0214898
0.0214898
0.0214898
0.0214898
0.0214898
0.0214898
0.0214898
0.0214898
0.0214898
0.0214898
0.0214898
0.0214898
0.0214898
0.0214898
0.0214898
0.0214898
0.0218193
0.0218193
0.0218193
0.0218193
0.0218193
0.0218193
0.0218193
0.0218193
0.0218193
0.0218193
0.0218193
0.0218193
0.0218193
0.0218193
0.0218193
0.0218193
0.0218193
0.0218439
0.0218439
0.0218439
0.0218439
0.0218439
0.0218439
0.0218439
0.0218439
0.0218439
0.0218439
0.0218439
0.0218439
0.0218439
0.0218439
0.0218439
0.0218439
0.0218439
0.0218439
0.0218439
0.0217806
0.0217806
0.0217806
0.0217806
0.0217806
0.0217806
0.0217806
0.0217806
0.0217806
0.0217806
0.0217806
0.0217806
0.0217806
0.0217806
0.0217806
0.0217806
0.0217806
0.0217758
0.0217758
0.0217758
0.0217758
0.0217758
0.0217758
0.0217758
0.0217758
0.0217758
0.0217758
0.0217758
0.0217758
0.0217758
0.0217758
0.0217758
0.0217758
0.0217758
0.0219311
0.0219311
0.0219311
0.0219311
0.0219311
0.0219311
0.0219311
0.0219311
0.0219311
0.0219311
0.0219311
0.0219311
0.0219311
0.0219311
0.0219311
0.0219311
0.0219311
0.0219311
0.0218979
0.0218979
0.0218979
0.0218979
0.0218979
0.0218979
0.0218979
0.0218979
0.0218979
0.0218979
0.0218979
0.0218979
0.0218979
0.0218979
0.0218979
0.0218979
0.0218979
0.0218979
0.0218979
0.0218586
0.0218586
0.0218586
0.0218586
0.0218586
0.0218586
0.0218586
0.0218586
0.0218586
0.0218586
0.0218586
0.0218586
0.0218586
0.0218586
0.0218586
0.0218586
0.0218586
0.0218586
0.0218283
0.0218283
0.0218283
0.0218283
0.0218283
0.0218283
0.0218283
0.0218283
0.0218283
0.0218283
0.0218283
0.0218283
0.0218283
0.0218283
0.0218283
0.0218283
0.0218283
0.0218283
0.0173361
0.0173361
0.0173361
0.0173361
0.0173361
0.0173361
0.0173361
0.0173361
0.0173361
0.0173361
0.0173361
0.0173361
0.0173361
0.0173361
0.0173361
0.0173361
0.0173361
0.0172715
0.0172715
0.0172715
0.0172715
0.0172715
0.0172715
0.0172715
0.0172715
0.0172715
0.0172715
0.0172715
0.0172715
0.0172715
0.0172715
0.0172715
0.0172715
0.0172715
0.0172715
0.0172386
0.0172386
0.0172386
0.0172386
0.0172386
0.0172386
0.0172386
0.0172386
0.0172386
0.0172386
0.0172386
0.0172386
0.0172386
0.0172386
0.0172386
0.0172386
0.0172386
0.0172663
0.0172663
0.0172663
0.0172663
0.0172663
0.0172663
0.0172663
0.0172663
0.0172663
0.0172663
0.0172663
0.0172663
0.0172663
0.0172663
0.0172663
0.0172663
0.0172663
0.0172755
0.0172755
0.0172755
0.0172755
0.0172755
0.0172755
0.0172755
0.0172755
0.0172755
0.0172755
0.0172755
0.0172755
0.0172755
0.0172755
0.0172755
0.0172755
0.0172755
0.0172755
0.0173297
0.0173297
0.0173297
0.0173297
0.0173297
0.0173297
0.0173297
0.0173297
0.0173297
0.0173297
0.0173297
0.0173297
0.0173297
0.0173297
0.0173297
0.0173297
0.0173297
0.0172812
0.0172812
0.0172812
0.0172812
0.0172812
0.0172812
0.0172812
0.0172812
0.0172812
0.0172812
0.0172812
0.0172812
0.0172812
0.0172812
0.0172812
0.0172812
0.0172812
0.0172812
0.0172352
0.0172352
0.0172352
0.0172352
0.0172352
0.0172352
0.0172352
0.0172352
0.0172352
0.0172352
0.0172352
0.0172352
0.0172352
0.0172352
0.0172352
0.0172352
0.0172352
0.00652749
0.00652749
0.00652749
0.00652749
0.00652749
0.00652749
0.00652749
0.00652749
0.00652749
0.00652749
0.00652749
0.00652749
0.00652749
0.00652749
0.00652749
0.00652749
0.00652749
0.00652749
0.00649197
0.00649197
0.00649197
0.00649197
0.00649197
0.00649197
0.00649197
0.00649197
0.00649197
0.00649197
0.00649197
0.00649197
0.00649197
0.00649197
0.00649197
0.00649197
0.00649197
0.00649221
0.00649221
0.00649221
0.00649221
0.00649221
0.00649221
0.00649221
0.00649221
0.00649221
0.00649221
0.00649221
0.00649221
0.00649221
0.00649221
0.00649221
0.00649221
0.00649221
0.00649221
0.00649221
0.0144161
0.0144161
0.0144161
0.0144161
0.0144161
0.0144161
0.0144161
0.0144161
0.0144161
0.0144161
0.0144161
0.0144161
0.0144161
0.0144161
0.0144161
0.0144161
0.0144161
0.0144161
0.0144161
0.0144111
0.0144111
0.0144111
0.0144111
0.0144111
0.0144111
0.0144111
0.0144111
0.0144111
0.0144111
0.0144111
0.0144111
0.0144111
0.0144111
0.0144111
0.0144111
0.0144111
0.0144111
0.0144111
0.0144111
0.014434
0.014434
0.014434
0.014434
0.014434
0.014434
0.014434
0.014434
0.014434
0.014434
0.014434
0.014434
0.014434
0.014434
0.014434
0.014434
0.014434
0.014434
0.014434
0.014434
0.014434
0.0143701
0.0143701
0.0143701
0.0143701
0.0143701
0.0143701
0.0143701
0.0143701
0.0143701
0.0143701
0.0143701
0.0143701
0.0143701
0.0143701
0.0143701
0.0143701
0.0143701
0.0143701
0.0143789
0.0143789
0.0143789
0.0143789
0.0143789
0.0143789
0.0143789
0.0143789
0.0143789
0.0143789
0.0143789
0.0143789
0.0143789
0.0143789
0.0143789
0.0143789
0.0143789
0.014381
0.014381
0.014381
0.014381
0.014381
0.014381
0.014381
0.014381
0.014381
0.014381
0.014381
0.014381
0.014381
0.014381
0.014381
0.014381
0.014381
0.014381
0.014381
0.014381
0.0143863
0.0143863
0.0143863
0.0143863
0.0143863
0.0143863
0.0143863
0.0143863
0.0143863
0.0143863
0.0143863
0.0143863
0.0143863
0.0143863
0.0143863
0.0143863
0.0143863
0.0143863
0.0143807
0.0143807
0.0143807
0.0143807
0.0143807
0.0143807
0.0143807
0.0143807
0.0143807
0.0143807
0.0143807
0.0143807
0.0143807
0.0143807
0.0143807
0.0143807
0.0143807
0.0143807
0.0142981
0.0142981
0.0142981
0.0142981
0.0142981
0.0142981
0.0142981
0.0142981
0.0142981
0.0142981
0.0142981
0.0142981
0.0142981
0.0142981
0.0142981
0.0142981
0.0142981
0.0142981
0.0142981
0.0142981
0.0143364
0.0143364
0.0143364
0.0143364
0.0143364
0.0143364
0.0143364
0.0143364
0.0143364
0.0143364
0.0143364
0.0143364
0.0143364
0.0143364
0.0143364
0.0143364
0.0143364
0.0143364
0.0143814
0.0143814
0.0143814
0.0143814
0.0143814
0.0143814
0.0143814
0.0143814
0.0143814
0.0143814
0.0143814
0.0143814
0.0143814
0.0143814
0.0143814
0.0155031
0.0155031
0.0155031
0.0155031
0.0155031
0.0155031
0.0155031
0.0155031
0.0155031
0.0155031
0.0155031
0.0155031
0.0155031
0.0155031
0.0155031
0.0154616
0.0154616
0.0154616
0.0154616
0.0154616
0.0154616
0.0154616
0.0154616
0.0154616
0.0154616
0.0154616
0.0154616
0.0154616
0.0154616
0.0154616
0.0153956
0.0153956
0.0153956
0.0153956
0.0153956
0.0153956
0.0153956
0.0153956
0.0153956
0.0153956
0.0153956
0.0153956
0.0153956
0.0153956
0.0153956
0.0153956
0.0154137
0.0154137
0.0154137
0.0154137
0.0154137
0.0154137
0.0154137
0.0154137
0.0154137
0.0154137
0.0154137
0.0154137
0.0154137
0.0154137
0.0154137
0.0154137
0.0154137
0.0154137
0.0154137
0.0154137
0.0154137
0.0154137
0.0154137
0.0154137
0.0154137
0.0154137
0.0154137
0.0154137
0.0154137
0.0154137
0.0154137
0.0154137
0.0154137
0.0154137
0.0154137
0.0154137
0.0154137
0.0154137
0.0154137
0.0154137
0.0154137
0.0154137
0.0154137
0.0154137
0.0154137
0.0154137
0.0154137
0.0154137
0.0154137
0.0154137
0.0154137
0.0154137
0.0154137
0.0154137
0.0154137
0.0154137
0.0154137
0.0154137
0.0154137
0.0154137
0.0154137
0.0154137
0.0154137
0.0154137
0.0154137
0.0154137
0.0154137
0.0154137
0.0154137
0.0154137
0.0154137
0.0154137
0.0154137
0.0154137
0.0154137
0.0154137
0.0154137
0.0154137
0.0154137
0.0154137
0.0154137
0.0154137
0.0154137
0.0154137
0.0154137
0.0154137
0.0154137
0.0154137
0.0154137
0.0154137
0.0154137
0.0154137
0.0154137
0.0154137
0.0154137
0.0154137
0.0154137
0.0154137
0.0154137
0.0154137
0.0154137
0.0154137
0.0154137
0.0154137
0.0154137
0.0154137
0.0154137
0.0154137
0.0154137
0.0154137
0.0154137
0.0154137
0.0154137
0.0154137
0.0154137
0.0154137
0.0154137
0.0154137
0.0154137
0.0154137
0.0154137
-0.65448
-0.65448
-0.65448
-0.65448
-0.65448
-0.65448
-0.65448
-0.65448
-0.65448
-0.65448
-0.65448
-0.65448
-0.65448
-0.65448
-0.65448
-0.65448
-0.65448
-0.65448
-0.65448
-0.65448
-0.65448
-0.65448
-0.65448
-0.65448
-0.65448
-0.65448
-0.65448
-0.65448
-0.65448
-0.65448
-0.65448
-0.65448
-0.65448
-0.65448
-0.65448
-0.65448
-0.65448
-0.65448
-0.65448
-0.65448
-0.65448
-0.65448
-0.65448
-0.65448
-0.65448
-0.65448
-0.65448
-0.65448
-0.65448
-0.65448
-0.65448
-0.65448
-0.65448
-0.65448
-0.65448
-0.65448
-0.65448
-0.65448
-0.65448
-0.65448
-0.65448
-0.65448
-0.65448
-0.65448
-0.65448
-0.65448
-0.65448
-0.65448
-0.65448
-0.65448
-0.65448
-0.65448
-0.65448
-0.65448
-0.65448
-0.65448
-0.65448
-0.65448
-0.65448
-0.65448
-0.65448
-0.65448
-0.65448
-0.65448
-0.65448
-0.65448
-0.65448
-0.65448
-0.65448
-0.65448
-0.65448
-0.65448
-0.65448
-0.65448
-0.65448
-0.65448
-0.65448
-0.65448
-0.65448
-0.65448
-0.655667
-0.655667
-0.655667
-0.655667
-0.655667
-0.655667
-0.655667
-0.655667
-0.655667
-0.655667
-0.655667
-0.655667
-0.655667
-0.655667
-0.655667
-0.655667
-0.655667
-0.655667
-0.655667
-0.655667
-0.655667
-0.655667
-0.655667
-0.655667
-0.655667
-0.655667
-0.655667
-0.655667
-0.655667
-0.655667
-0.655667
-0.655667
-0.655667
-0.655667
-0.655667
-0.655667
-0.655667
-0.655667
-0.655667
-0.655667
-0.655667
0.0973819
0.0973819
0.0973819
0.0973819
0.0973819
0.0973819
0.0973819
0.0973819
0.0973819
0.0973819
0.0973819
0.0973819
0.0973819
0.0973819
0.0973819
0.0973672
0.0973672
0.0973672
0.0973672
0.0973672
0.0973672
0.0973672
0.0973672
0.0973672
0.0973672
0.0973672
0.0973672
0.0973672
0.0973672
0.0973672
0.0973672
0.0973672
0.0973049
0.0973049
0.0973049
0.0973049
0.0973049
0.0973049
0.0973049
0.0973049
0.0973049
0.0973049
0.0973049
0.0973049
0.0973049
0.0973049
0.0973049
0.0973049
0.0973049
0.0973665
0.0973665
0.0973665
0.0973665
0.0973665
0.0973665
0.0973665
0.0973665
0.0973665
0.0973665
0.0973665
0.0973665
0.0973665
0.0973665
0.0973665
0.0973575
0.0973575
0.0973575
0.0973575
0.0973575
0.0973575
0.0973575
0.0973575
0.0973575
0.0973575
0.0973575
0.0973575
0.0973575
0.0973575
0.0973575
0.0973107
0.0973107
0.0973107
0.0973107
0.0973107
0.0973107
0.0973107
0.0973107
0.0973107
0.0973107
0.0973107
0.0973107
0.0973107
0.0973107
0.0973107
0.0975701
0.0975701
0.0975701
0.0975701
0.0975701
0.0975701
0.0975701
0.0975701
0.0975701
0.0975701
0.0975701
0.0975701
0.0975701
0.0975701
0.0975701
0.0975701
0.0973989
0.0973989
0.0973989
0.0973989
0.0973989
0.0973989
0.0973989
0.0973989
0.0973989
0.0973989
0.0973989
0.0973989
0.0973989
0.0973989
0.0973989
0.0973989
0.120553
0.120553
0.120553
0.120553
0.120553
0.120553
0.120553
0.120553
0.120553
0.120553
0.120553
0.120553
0.120553
0.120553
0.120553
0.120553
0.120889
0.120889
0.120889
0.120889
0.120889
0.120889
0.120889
0.120889
0.120889
0.120889
0.120889
0.120889
0.120889
0.120889
0.120763
0.120763
0.120763
0.120763
0.120763
0.120763
0.120763
0.120763
0.120763
0.120763
0.120763
0.120763
0.120763
0.120763
0.120763
0.120763
0.120496
0.120496
0.120496
0.120496
0.120496
0.120496
0.120496
0.120496
0.120496
0.120496
0.120496
0.120496
0.120496
0.120496
0.120496
0.120496
0.120587
0.120587
0.120587
0.120587
0.120587
0.120587
0.120587
0.120587
0.120587
0.120587
0.120587
0.120587
0.120587
0.120587
0.120589
0.120589
0.120589
0.120589
0.120589
0.120589
0.120589
0.120589
0.120589
0.120589
0.120589
0.120589
0.120589
0.120589
0.120589
0.121121
0.121121
0.121121
0.121121
0.121121
0.121121
0.121121
0.121121
0.121121
0.121121
0.121121
0.121121
0.121121
0.121121
0.121121
0.120588
0.120588
0.120588
0.120588
0.120588
0.120588
0.120588
0.120588
0.120588
0.120588
0.120588
0.120588
0.120588
0.120588
0.120746
0.120746
0.120746
0.120746
0.120746
0.120746
0.120746
0.120746
0.120746
0.120746
0.120746
0.120746
0.120746
0.120746
0.120746
0.120746
0.120746
0.121603
0.121603
0.121603
0.121603
0.121603
0.121603
0.121603
0.121603
0.121603
0.121603
0.121603
0.121603
0.121603
0.121603
0.121603
0.121603
0.121603
0.121659
0.121659
0.121659
0.121659
0.121659
0.121659
0.121659
0.121659
0.121659
0.121659
0.121659
0.121659
0.121659
0.121659
0.121659
0.121659
0.127306
0.127306
0.127306
0.127306
0.127306
0.127306
0.127306
0.127306
0.127306
0.127306
0.127306
0.127306
0.127306
0.127306
0.127306
0.127306
0.127306
0.127268
0.127268
0.127268
0.127268
0.127268
0.127268
0.127268
0.127268
0.127268
0.127268
0.127268
0.127268
0.127268
0.127268
0.127268
0.127268
0.12749
0.12749
0.12749
0.12749
0.12749
0.12749
0.12749
0.12749
0.12749
0.12749
0.12749
0.12749
0.12749
0.12749
0.12749
0.12749
0.12749
0.127173
0.127173
0.127173
0.127173
0.127173
0.127173
0.127173
0.127173
0.127173
0.127173
0.127173
0.127173
0.127173
0.127173
0.127173
0.127173
0.127173
0.127173
0.127475
0.127475
0.127475
0.127475
0.127475
0.127475
0.127475
0.127475
0.127475
0.127475
0.127475
0.127475
0.127475
0.127475
0.127475
0.127475
0.127475
0.127475
0.127069
0.127069
0.127069
0.127069
0.127069
0.127069
0.127069
0.127069
0.127069
0.127069
0.127069
0.127069
0.127069
0.127069
0.127069
0.127069
0.126914
0.126914
0.126914
0.126914
0.126914
0.126914
0.126914
0.126914
0.126914
0.126914
0.126914
0.126914
0.126914
0.126914
0.126914
0.126914
0.126914
0.126914
0.127158
0.127158
0.127158
0.127158
0.127158
0.127158
0.127158
0.127158
0.127158
0.127158
0.127158
0.127158
0.127158
0.127158
0.127158
0.127158
0.1271
0.1271
0.1271
0.1271
0.1271
0.1271
0.1271
0.1271
0.1271
0.1271
0.1271
0.1271
0.1271
0.1271
0.1271
0.1271
0.12717
0.12717
0.12717
0.12717
0.12717
0.12717
0.12717
0.12717
0.12717
0.12717
0.12717
0.12717
0.12717
0.12717
0.12717
0.12717
0.12717
0.12717
0.1272
0.1272
0.1272
0.1272
0.1272
0.1272
0.1272
0.1272
0.1272
0.1272
0.1272
0.1272
0.1272
0.1272
0.1272
0.1272
0.1272
0.126833
0.126833
0.126833
0.126833
0.126833
0.126833
0.126833
0.126833
0.126833
0.126833
0.126833
0.126833
0.126833
0.126833
0.126833
0.126833
0.127083
0.127083
0.127083
0.127083
0.127083
0.127083
0.127083
0.127083
0.127083
0.127083
0.127083
0.127083
0.127083
0.127083
0.127083
0.127083
0.127083
0.127083
0.127083
0.127083
0.127083
0.127023
0.117704
0.117704
0.117704
0.117704
0.117704
0.117704
0.117704
0.117704
0.117704
0.117704
0.117704
0.117704
0.117704
0.117704
0.117704
0.117704
0.117704
0.117704
0.117704
0.117704
0.117704
0.117704
0.117704
0.117704
0.117704
0.117704
0.117704
0.117704
0.117704
0.117704
0.117704
0.117704
0.117704
0.117378
0.117378
0.117378
0.117378
0.117378
0.117378
0.117378
0.117378
0.117378
0.117378
0.117378
0.117378
0.117378
0.117378
0.117378
0.117378
0.117378
0.117378
0.117378
0.117378
0.117378
0.117378
0.117378
0.117378
0.117378
0.117378
0.117378
0.117378
0.117378
0.117378
0.117378
0.117378
0.117378
0.117378
0.117378
0.117378
0.117378
0.117378
0.117378
0.117378
0.117378
0.117378
0.117378
0.117378
0.117378
0.117378
0.117378
0.117378
0.117378
0.117378
0.117378
0.117378
0.117378
0.117722
0.117722
0.117722
0.117722
0.117722
0.117722
0.117722
0.117722
0.117722
0.117722
0.117722
0.117722
0.117722
0.117722
0.117722
0.117722
0.117722
0.117722
0.117722
0.117722
0.117722
0.117722
0.117722
0.117722
0.117722
0.117722
0.117722
0.117722
0.117722
0.117722
0.117722
0.117722
0.117722
0.117722
0.117722
0.117722
0.117722
0.117722
0.117722
0.117722
0.117722
0.117722
0.117722
0.117722
0.117722
0.117722
0.117722
0.117722
0.117722
0.117722
0.117722
0.117722
0.117722
0.117722
0.117722
0.117722
0.117722
0.117722
0.117722
0.117722
0.117722
0.117722
0.117722
0.117722
0.117722
0.117722
0.117722
0.117722
0.117722
0.117722
0.117722
0.117722
0.117722
0.117722
0.117722
0.117722
0.117722
0.117722
0.117722
0.117722
0.117722
0.117722
0.117722
0.117722
0.117722
0.117722
0.117722
0.117722
0.117722
0.117722
0.117722
0.117722
0.117722
0.117722
0.117722
0.117722
0.117722
0.117722
0.117722
0.117722
0.117407
0.117407
0.117407
0.117407
0.117407
0.117407
0.117407
0.117407
0.117407
0.117407
0.117407
0.117407
0.117407
0.117407
0.117407
0.117407
0.117407
0.117407
0.117407
0.117407
0.117407
0.117407
0.117407
0.117407
0.117407
0.117407
0.117407
0.117407
0.117407
0.117407
0.117407
0.117407
0.117407
0.117407
0.117407
0.117407
0.117407
0.117407
0.117407
0.117407
0.117407
0.117407
0.117407
0.117407
0.117407
0.117407
0.117407
0.117407
0.117407
0.117407
0.117407
0.117407
0.117407
0.117407
0.117407
0.117407
0.117407
0.117407
0.117407
0.117407
0.117407
0.117407
0.117407
0.117407
0.117407
0.117407
0.117407
0.117407
0.117407
0.117407
0.117407
0.117407
0.117407
0.117407
0.117407
0.117407
0.117407
0.117407
0.117407
0.117407
0.117407
0.117407
0.117407
0.117407
0.117407
0.117407
0.117407
0.117407
0.117407
0.117407
0.117407
0.117407
0.117407
0.117407
0.117407
0.117407
0.117407
0.117407
0.117407
0.117407
0.129334
0.11725
0.11725
0.11725
0.11725
0.11725
0.11725
0.11725
0.11725
0.11725
0.11725
0.11725
0.11725
0.11725
0.11725
0.11725
0.11725
0.11725
0.11725
0.11725
0.11725
0.11725
0.11725
0.11725
0.11725
0.11725
0.11725
0.11725
0.11725
0.11725
0.11725
0.11725
0.11725
0.11725
0.11725
0.11725
0.11725
0.11725
0.11725
0.11725
0.11725
0.11725
0.11725
0.11725
0.11725
0.11725
0.11725
0.11725
0.11725
0.11725
0.11725
0.11725
0.11725
0.11725
0.11725
0.11725
0.11725
0.11725
0.11725
0.11725
0.11725
0.11725
0.11725
0.11725
0.11725
0.11725
0.11725
0.11725
0.11725
0.11725
0.11725
0.11725
0.11725
0.11725
0.11725
0.11725
0.11725
0.11725
0.11725
0.11725
0.11725
0.11725
0.11725
0.11725
0.11725
0.11725
0.11725
0.11725
0.11725
0.11725
0.11725
0.11725
0.11725
0.11725
0.11725
0.11725
0.11725
0.11725
0.11725
0.11725
0.11725
0.117724
0.117724
0.117724
0.117724
0.117724
0.117724
0.117724
0.117724
0.117724
0.117724
0.117724
0.117724
0.117724
0.117724
0.117724
0.117724
0.117724
0.117724
0.117724
0.117724
0.117724
0.117724
0.117724
0.117724
0.117724
0.117724
0.117724
0.117724
0.117724
0.117724
0.117724
0.117724
0.117724
0.117724
0.117724
0.117724
0.117724
0.117724
0.117724
0.117724
0.117724
0.117724
0.117724
0.117724
0.117724
0.117724
0.117724
0.117724
0.117724
0.117724
0.117724
0.117724
0.117724
0.117724
0.117724
0.117724
0.117724
0.117724
0.117724
0.117724
0.117724
0.117724
0.117724
0.117724
0.117724
0.117724
0.117724
0.117724
0.117724
0.117724
0.117724
0.117724
0.117724
0.117724
0.117724
0.117724
0.117724
0.117724
0.117724
0.117724
0.117724
0.117724
0.117724
0.117724
0.117724
0.117724
0.117724
0.117724
0.117724
0.117724
0.117724
0.117724
0.117724
0.117724
0.117724
0.117724
0.117724
0.117724
0.117724
0.117724
0.117953
0.117953
0.117953
0.117953
0.117953
0.117953
0.117953
0.117953
0.117953
0.117953
0.117953
0.117953
0.117953
0.117953
0.117953
0.117953
0.117953
0.117953
0.117953
0.117953
0.117953
0.117953
0.117953
0.117953
0.117953
0.117953
0.117953
0.117953
0.117953
0.117953
0.117953
0.117953
0.117953
0.117953
0.117953
0.117953
0.117953
0.117953
0.117953
0.117953
0.117953
0.117953
0.117953
0.117953
0.117953
0.117953
0.117953
0.117953
0.117953
0.117953
0.117953
0.117953
0.117953
0.117953
0.117953
0.117953
0.117953
0.117953
0.117953
0.117953
0.117953
0.117953
0.117953
0.117953
0.117953
0.117953
0.117953
0.117953
0.117953
0.117953
0.117953
0.117953
0.117953
0.117953
0.117953
0.117953
0.117953
0.117953
0.117953
0.117953
0.117953
0.117953
0.117953
0.117953
0.117953
0.117953
0.117953
0.117953
0.117953
0.117953
0.117953
0.117953
0.117953
0.117953
0.117953
0.117953
0.117953
0.117953
0.117953
0.117953
0.117712
0.117712
0.117712
0.117712
0.117712
0.117712
0.117712
0.117712
0.117712
0.117712
0.117712
0.117712
0.117712
0.117712
0.117712
0.117712
0.117712
0.117712
0.117712
0.117712
0.117712
0.117712
0.117712
0.117712
0.117712
0.117712
0.117712
0.117712
0.117712
0.117712
0.117712
0.117712
0.117712
0.117712
0.117712
0.117712
0.117712
0.117712
0.117712
0.117712
0.117712
0.117712
0.117712
0.117712
0.117712
0.117712
0.117712
0.117712
0.117712
0.117712
0.117712
0.117712
0.117712
0.117712
0.117712
0.117712
0.117712
0.117712
0.117712
0.117712
0.117712
0.117712
0.117712
0.117712
0.117712
0.117712
0.117712
0.117712
0.117712
0.117712
0.117712
0.117712
0.117712
0.117712
0.117712
0.117712
0.117712
0.117712
0.117712
0.117712
0.117712
0.117712
0.117712
0.117712
0.117712
0.117712
0.117712
0.117712
0.117712
0.117712
0.117712
0.117712
0.117712
0.117712
0.117712
0.117712
0.117712
0.117712
0.117712
0.117712
0.117412
0.117412
0.117412
0.117412
0.117412
0.117412
0.117412
0.117412
0.117412
0.117412
0.117412
0.117412
0.117412
0.117412
0.117412
0.117412
0.117412
0.117412
0.117412
0.117412
0.117412
0.117412
0.117412
0.117412
0.117412
0.117412
0.117412
0.117412
0.117412
0.117412
0.117412
0.117412
0.117412
0.117412
0.117412
0.117412
0.117412
0.117412
0.117412
0.117412
0.117412
0.117412
0.117412
0.117412
0.117412
0.117412
0.117412
0.117412
0.117412
0.117412
0.117412
0.117412
0.117412
0.117412
0.117412
0.117412
0.117412
0.117412
0.117412
0.117412
0.117412
0.117412
0.117412
0.117412
0.117412
0.117412
0.117412
0.117412
0.117412
0.117412
0.117412
0.117412
0.117412
0.117412
0.117412
0.117412
0.117412
0.117412
0.117412
0.117412
0.117412
0.117412
0.117412
0.117412
0.117412
0.117412
0.117412
0.117412
0.117412
0.117412
0.117412
0.117412
0.117412
0.117412
0.117412
0.117412
0.117412
0.117412
0.117412
0.117412
0.117312
0.117312
0.117312
0.117312
0.117312
0.117312
0.117312
0.117312
0.117312
0.117312
0.117312
0.117312
0.117312
0.117312
0.117312
0.117312
0.117312
0.117312
0.117312
0.117312
0.117312
0.117312
0.117312
0.117312
0.117312
0.117312
0.117312
0.117312
0.117312
0.117312
0.117312
0.117312
0.117312
0.117312
0.117312
0.117312
0.117312
0.117312
0.117312
0.117312
0.117312
0.117312
0.117312
0.117312
0.117312
0.117312
0.117312
0.117312
0.117312
0.117312
0.117312
0.117312
0.117312
0.117312
0.117312
0.117312
0.117312
0.117312
0.117312
0.117312
0.117312
0.117312
0.117312
0.117312
0.117312
0.117312
0.117312
0.117312
0.117312
0.117312
0.117312
0.117312
0.117312
0.117312
0.117312
0.117312
0.117312
0.117312
0.117312
0.117312
0.117312
0.117312
0.117312
0.117312
0.117312
0.117312
0.117312
0.117312
0.117312
0.117312
0.117312
0.117312
0.117312
0.117312
0.117312
0.117312
0.117312
0.117312
0.117312
0.117312
0.117086
0.117086
0.117086
0.117086
0.117086
0.117086
0.117086
0.117086
0.117086
0.117086
0.117086
0.117086
0.117086
0.117086
0.117086
0.117086
0.117086
0.117086
0.117086
0.117086
0.117086
0.117086
0.117086
0.117086
0.117086
0.117086
0.117086
0.117086
0.117086
0.117086
0.117086
0.117086
0.117086
0.117086
0.117086
0.117086
0.117086
0.117086
0.117086
0.117086
0.117086
0.117086
0.117086
0.117086
0.117086
0.117086
0.117086
0.117086
0.117086
0.117086
0.117086
0.117086
0.117086
0.117086
0.117086
0.117086
0.117086
0.117086
0.117086
0.117086
0.117086
0.117086
0.117086
0.117086
0.117086
0.117086
0.117086
0.117086
0.117086
0.117086
0.117086
0.117086
0.117086
0.117086
0.117086
0.117086
0.117086
0.117086
0.117086
0.117086
0.117086
0.117086
0.117086
0.117086
0.117086
0.117086
0.117086
0.117086
0.117086
0.117086
0.117086
0.117086
0.117086
0.117086
0.117086
0.117086
0.117086
0.117086
0.117086
0.117086
0.117086
0.117086
0.117086
0.117086
0.117086
0.117086
0.117086
0.117086
0.117086
0.117086
0.117086
0.117086
0.117086
0.117086
0.117086
0.117086
0.117086
0.117086
0.117086
0.117086
0.117086
0.117086
0.117086
0.117086
0.117086
0.117086
0.117086
0.117086
0.117086
0.117086
0.117086
0.117086
0.117086
0.117086
0.117086
0.117086
0.117086
0.117086
0.117086
0.117086
0.117086
0.117086
0.117086
0.117086
0.117086
0.117086
0.117086
0.117086
0.117086
0.117086
0.117086
0.117086
0.117086
0.117086
0.117086
0.117086
0.117086
0.117086
0.117086
0.117086
0.117086
0.117086
0.117086
0.117086
0.117086
0.117086
0.117086
0.117086
0.117086
0.117086
0.117086
0.117086
0.117086
0.117086
0.117086
0.117086
0.117086
0.117086
0.117086
0.117086
0.117086
0.117086
0.117086
0.117086
0.117086
0.117086
0.117086
0.117086
0.117086
0.117086
0.117086
0.117086
0.117086
0.117086
0.117086
0.117086
0.117086
0.117086
0.117086
0.117086
0.117086
0.117086
0.117086
0.117086
0.117086
0.117086
0.117086
0.117086
0.117086
0.0770881
0.0770881
0.0770881
0.0770881
0.0770881
0.0770881
0.0770881
0.0770881
0.0770881
0.0770881
0.0770881
0.0770881
0.0770881
0.0770881
0.0770881
0.0770881
0.0770881
0.0770881
0.0770881
0.0770881
0.0770881
0.0770881
0.0770881
0.0770881
0.0770881
0.0770881
0.0770881
0.0770881
0.0770881
0.0770881
0.0770881
0.0770881
0.0770881
0.0770881
0.0770881
0.0770881
0.0770881
0.0770881
0.0770881
0.0770881
0.0770881
0.0770881
0.0770881
0.0770881
0.0770881
0.0770881
0.0770881
0.0770881
0.0770881
0.0770881
0.0770881
0.0770881
0.0770881
0.0770881
0.0770881
0.0770881
0.0770881
0.0770881
0.0770881
0.0770881
0.0770881
0.0770881
0.0770881
0.0770881
0.0770881
0.0770881
0.0770881
0.0770881
0.0770881
0.0770881
0.0770881
0.0770881
0.0770881
0.0770881
0.0770881
0.0770881
0.0770881
0.0770881
0.0770881
0.0770881
0.0770881
0.0770881
0.0770881
0.0770881
0.0770881
0.0770881
0.0770881
0.0770881
0.0770881
0.0770881
0.0770881
0.0770881
0.0770881
0.0770881
0.0770881
0.0770881
0.0770881
0.0770881
0.0770881
0.0770881
0.023751
0.023751
0.023751
0.023751
0.023751
0.023751
0.023751
0.023751
0.023751
0.023751
0.023751
0.023751
0.023751
0.023751
0.023751
0.023751
0.023751
0.023751
0.023751
0.023751
0.023751
0.023751
0.023751
0.023751
0.023751
0.023751
0.023751
0.023751
0.023751
0.023751
0.023751
0.023751
0.023751
0.023751
0.023751
0.023751
0.023751
0.023751
0.023751
0.023751
0.023751
0.023751
0.023751
0.023751
0.023751
0.023751
0.023751
0.023751
0.023751
0.023751
0.023751
0.023751
0.023751
0.023751
0.023751
0.023751
0.023751
0.023751
0.023751
0.023751
0.023751
0.023751
0.023751
0.023751
0.023751
0.023751
0.023751
0.023751
0.023751
0.023751
0.023751
0.023751
0.023751
0.023751
0.023751
0.023751
0.023751
0.023751
0.023751
0.023751
0.023751
0.023751
0.023751
0.023751
0.023751
0.023751
0.023751
0.023751
0.023751
0.023751
0.023751
0.023751
0.023751
0.023751
0.023751
0.023751
0.023751
0.023751
0.023751
0.023751
0.023751
0.023751
0.023751
0.023751
0.023751
0.023751
0.023751
0.023751
0.023751
0.023751
0.023751
0.023751
0.023751
0.023751
0.023751
0.023751
0.023751
0.023751
0.023751
0.023751
0.023751
0.023751
0.023751
0.023751
0.023751
0.023751
0.023751
0.023751
0.023751
0.023751
0.023751
0.023751
0.023751
0.023751
-0.0168077
-0.0168077
-0.0168077
-0.0168077
-0.0168077
-0.0168077
-0.0168077
-0.0168077
-0.0168077
-0.0168077
-0.0168077
-0.0168077
-0.0168077
-0.0168077
-0.0168077
-0.0168077
-0.0168077
-0.0168077
-0.0168077
-0.0168077
-0.0168077
-0.0168077
-0.0168077
-0.0168077
-0.0168077
-0.0168077
-0.0168077
-0.0168077
-0.0168077
-0.0168077
-0.0168077
-0.0168077
-0.0168077
-0.0168077
-0.0168077
-0.0168077
-0.0168077
-0.0168077
-0.0168077
-0.0168077
-0.0168077
-0.0168077
-0.0168077
-0.0168077
-0.0168077
-0.0168077
-0.0168077
-0.0168077
-0.0168077
-0.0168077
-0.0168077
-0.0168077
-0.0168077
-0.0168077
-0.0168077
-0.0168077
-0.0168077
-0.0168077
-0.0168077
-0.0168077
-0.0166992
-0.0167041
-0.0167041
-0.0167041
-0.0167041
-0.0167041
-0.0167041
-0.0167041
-0.0167041
-0.0167041
-0.0167041
-0.0167041
-0.0167041
-0.0167041
-0.0167041
-0.0167041
-0.0167041
-0.0167151
-0.0167151
-0.0167151
-0.0167151
-0.0167151
-0.0167151
-0.0167151
-0.0167151
-0.0167151
-0.0167151
-0.0167151
-0.0167151
-0.0167151
-0.0167151
-0.0167151
-0.0167151
-0.0167151
-0.0166756
-0.0166756
-0.0166756
-0.0166756
-0.0166756
-0.0166756
-0.0166756
-0.0166756
-0.0166756
-0.0166756
-0.0166756
-0.0166756
-0.0166756
-0.0166756
-0.0166756
-0.0166756
-0.0166773
-0.0166773
-0.0166773
-0.0166773
-0.0166773
-0.0166773
-0.0166773
-0.0166773
-0.0166773
-0.0166773
-0.0166773
-0.0166773
-0.0166773
-0.0166773
-0.0166773
-0.0166773
-0.0166773
-0.0167236
-0.0167236
-0.0167236
-0.0167236
-0.0167236
-0.0167236
-0.0167236
-0.0167236
-0.0167236
-0.0167236
-0.0167236
-0.0167236
-0.0167236
-0.0167236
-0.0167236
-0.0167236
-0.0167236
-0.0167236
-0.016696
-0.016696
-0.016696
-0.016696
-0.016696
-0.016696
-0.016696
-0.016696
-0.016696
-0.016696
-0.016696
-0.016696
-0.016696
-0.016696
-0.016696
-0.016696
-0.0167178
-0.0167178
-0.0167178
-0.0167178
-0.0167178
-0.0167178
-0.0167178
-0.0167178
-0.0167178
-0.0167178
-0.0167178
-0.0167178
-0.0167178
-0.0167178
-0.0167178
0.0104516
0.0104516
0.0104516
0.0104516
0.0104516
0.0104516
0.0104516
0.0104516
0.0104516
0.0104516
0.0104516
0.0104516
0.0104516
0.0104516
0.0104516
0.0104516
0.0104097
0.0104097
0.0104097
0.0104097
0.0104097
0.0104097
0.0104097
0.0104097
0.0104097
0.0104097
0.0104097
0.0104097
0.0104097
0.0104097
0.0104097
0.0104097
0.0104097
0.0104086
0.0104086
0.0104086
0.0104086
0.0104086
0.0104086
0.0104086
0.0104086
0.0104086
0.0104086
0.0104086
0.0104086
0.0104086
0.0104086
0.0104086
0.0104086
0.0104284
0.0104284
0.0104284
0.0104284
0.0104284
0.0104284
0.0104284
0.0104284
0.0104284
0.0104284
0.0104284
0.0104284
0.0104284
0.0104284
0.0104284
0.0104284
0.0104284
0.0104284
0.0104284
0.0104284
0.0104284
0.0104284
0.0104284
0.0104284
0.0104362
0.0104362
0.0104362
0.0104362
0.0104362
0.0104362
0.0104362
0.0104362
0.0104362
0.0104362
0.0104362
0.0104362
0.0104362
0.0104362
0.0104362
0.010444
0.010444
0.010444
0.010444
0.010444
0.010444
0.010444
0.010444
0.010444
0.010444
0.010444
0.010444
0.010444
0.010444
0.010444
0.0104638
0.0104638
0.0104638
0.0104638
0.0104638
0.0104638
0.0104638
0.0104638
0.0104638
0.0104638
0.0104638
0.0104638
0.0104638
0.0104638
0.0104471
0.0104471
0.0104471
0.0104471
0.0104471
0.0104471
0.0104471
0.0104471
0.0104471
0.0104471
0.0104471
0.0104471
0.0104471
0.0104471
0.0104471
0.0104471
0.0104471
0.010411
0.010411
0.010411
0.010411
0.010411
0.010411
0.010411
0.010411
0.010411
0.010411
0.010411
0.010411
0.010411
0.010411
0.010411
0.010411
0.0104325
0.0104325
0.0104325
0.0104325
0.0104325
0.0104325
0.0104325
0.0104325
0.0104325
0.0104325
0.0104325
0.0104325
0.0104325
0.0104325
0.0104325
0.010433
0.010433
0.010433
0.010433
0.010433
0.010433
0.010433
0.010433
0.010433
0.010433
0.010433
0.010433
0.010433
0.010433
0.010433
0.010433
0.0104374
0.0104374
0.0104374
0.0104374
0.0104374
0.0104374
0.0104374
0.0104374
0.0104374
0.0104374
0.0104374
0.0104374
0.0104374
0.0104374
0.0104374
0.0104374
0.0104633
0.0104633
0.0104633
0.0104633
0.0104633
0.0104633
0.0104633
0.0104633
0.0104633
0.0104633
