0
0
0
0
0
0
0
0
0
0
0
0
0
0
0
0
0
0
0
0
0
0
0
0
0
0
0
0
0
0
0
0
0
0
0
0
0
0
0
0
0
0
0
0
0
0
0
0
0
0
0
0
0
0
0
0
0
0
0
0
0
0
0
0
0
0
0
0
0
0
0
0
0
0
0
0
0
0
0
0
0
0
0
0
0
0
0
0
0
0
0
0
0
0
0
0
0
0
0
0
0
0
0
0
0
0
0
0
0
0
0
0
0
0
0
0
0
0
0
0
0
0
0
0
0
0
0
0
0
0
0
0
0
0
0
0
0
0
0
0
0
0
0
0
0
0
0
0
0
0
0
0
0
0
0
0
0
0
0
0
0
0
0
0
0
0
0
0
0
0
0
0
0
0
0
0
0
0
0
0
0
0
0
0
0
0
0
0
0
0
0
0
0
0
0
0
0
0
0
0
0
0
0
0
0
0
0
0
0
0
0
0
0
0
0
0
0
0
0
0
0
0
0
0
0
0
0
0
0
0
0
0
0
0
0
0
0
0
0
0
0
0
0
0
0
0
0
0
0
0
0
0
0
0
0
0
0
0
0
0
0
0
0
0
0
0
0
0
0
0
0
0
0
0
0
0
0
0
0
0
0
0
0
0
0
0
0
0
0
0
0
0
0
0
0
0
0
0
0
0
0
0
0
0
0
0
0
0
0
0
0
0
0
0
0
0
0
0
0
0
0
0
0
0
0.309305
0.300039
0.299952
0.299962
0.299987
0.300021
0.300051
0.300063
0.300058
0.300049
0.300023
0.299992
0.299972
0.299934
0.299908
0.299859
0.299801
0.299797
0.299725
0.299699
0.299675
0.299674
0.299692
0.299721
0.299785
0.299845
0.299926
0.300041
0.300137
0.300238
0.300394
0.30055
0.30064
0.300826
0.300901
0.300937
0.301058
0.301042
0.301105
0.301101
0.301126
0.301036
0.301137
0.301348
0.301538
0.301606
0.301552
0.301444
0.301256
0.301083
0.300869
0.300663
0.300532
0.300419
0.300269
0.300178
0.300039
0.299972
0.299856
0.299771
0.299712
0.299668
0.299622
0.299609
0.29961
0.299627
0.299671
0.299726
0.299812
0.29984
0.299887
0.299951
0.299993
0.300045
0.300077
0.300115
0.300132
0.300136
0.30011
0.300063
0.30001
0.299923
0.299862
0.299761
0.299667
0.299592
0.299501
0.29944
0.299354
0.299302
0.299253
0.29923
0.299212
0.299206
0.299228
0.299264
0.299318
0.299409
0.299486
0.299598
0.299723
0.299819
0.299929
0.300015
0.300109
0.300174
0.300255
0.300324
0.300384
0.300396
0.300372
0.300327
0.300228
0.300133
0.300005
0.299908
0.299758
0.299646
0.299513
0.299376
0.299296
0.299181
0.299135
0.299073
0.299048
0.299032
0.29905
0.299085
0.299135
0.299199
0.299315
0.299418
0.299551
0.299651
0.299796
0.299933
0.300021
0.300134
0.300205
0.300303
0.300355
0.300387
0.300362
0.300314
0.300153
0.300106
0.300019
0.299785
0.299748
0.29958
0.299474
0.299318
0.299226
0.299133
0.299037
0.298963
0.298939
0.298923
0.298931
0.298987
0.299016
0.299123
0.299197
0.299338
0.299446
0.299619
0.299718
0.299878
0.29998
0.3001
0.300206
0.300255
0.300283
0.300283
0.300227
0.300081
0.300028
0.29991
0.299755
0.299636
0.299516
0.299323
0.299224
0.299064
0.298969
0.298847
0.298756
0.298719
0.298697
0.298683
0.298701
0.298754
0.298805
0.298914
0.299003
0.299199
0.299203
0.29937
0.299555
0.299638
0.299701
0.299782
0.299833
0.299841
0.299817
0.299739
0.299639
0.299544
0.299463
0.299292
0.299189
0.299031
0.298879
0.298789
0.298719
0.298613
0.298563
0.298511
0.298505
0.298516
0.298535
0.298595
0.298643
0.298749
0.298892
0.299047
0.299147
0.299259
0.299476
0.299566
0.299674
0.29976
0.299803
0.299819
0.299811
0.299782
0.299694
0.29962
0.2995
0.299406
0.299237
0.29909
0.298989
0.29889
0.298741
0.298663
0.298548
0.29851
0.298485
0.298481
0.298495
0.298514
0.298575
0.29863
0.298737
0.298825
0.298971
0.299065
0.299269
0.299432
0.299506
0.299552
0.299626
0.299653
0.299649
0.299613
0.299559
0.29947
0.299379
0.299256
0.299113
0.298967
0.298909
0.298783
0.298699
0.298625
0.298525
0.298469
0.298449
0.298443
0.298459
0.298494
0.298554
0.298611
0.298691
0.298808
0.298953
0.299075
0.299294
0.29938
0.299437
0.299512
0.299557
0.299584
0.29958
0.299538
0.29948
0.299374
0.2993
0.299156
0.299038
0.29889
0.298726
0.298623
0.298478
0.298396
0.298291
0.298241
0.298203
0.298185
0.298194
0.298232
0.298287
0.298343
0.298441
0.298525
0.298705
0.298881
0.299021
0.299083
0.299173
0.299239
0.299267
0.299269
0.299238
0.299184
0.299126
0.299057
0.298932
0.298846
0.298705
0.298615
0.29848
0.2984
0.298295
0.298241
0.298182
0.298154
0.298162
0.298192
0.298255
0.29833
0.298422
0.298427
0.29857
0.29878
0.298908
0.298953
0.299068
0.29911
0.299139
0.299157
0.299148
0.299099
0.299018
0.29899
0.298875
0.298693
0.298648
0.298503
0.298351
0.298277
0.298162
0.298133
0.298054
0.298007
0.297994
0.29801
0.298054
0.298101
0.298189
0.298249
0.29837
0.298555
0.298718
0.298803
0.29892
0.298963
0.299036
0.299071
0.299091
0.299086
0.299044
0.298957
0.298892
0.298827
0.298696
0.298589
0.298444
0.298315
0.29823
0.298142
0.298053
0.297984
0.297956
0.297944
0.29796
0.298004
0.298051
0.298142
0.29821
0.298324
0.298474
0.298633
0.298701
0.298791
0.298842
0.298906
0.298925
0.298922
0.298905
0.298835
0.298749
0.298677
0.298545
0.298404
0.298348
0.298203
0.298078
0.297989
0.297896
0.297846
0.297794
0.297779
0.297787
0.297815
0.297856
0.297938
0.29803
0.298119
0.298232
0.298465
0.298563
0.298638
0.298739
0.298817
0.298854
0.298876
0.298874
0.298848
0.298784
0.298726
0.298606
0.298452
0.298368
0.298266
0.298108
0.297949
0.297872
0.297759
0.297702
0.297643
0.297618
0.297625
0.297648
0.297701
0.297787
0.297828
0.297954
0.298111
0.298234
0.298303
0.298401
0.298474
0.298521
0.298536
0.298538
0.298502
0.298437
0.298374
0.298299
0.298165
0.298017
0.297917
0.297817
0.297671
0.297584
0.297474
0.297417
0.297358
0.297341
0.297339
0.297362
0.297417
0.297479
0.297575
0.297702
0.297799
0.298006
0.29812
0.298212
0.298326
0.298393
0.298471
0.298508
0.298529
0.298507
0.298476
0.298427
0.298322
0.298084
0.298091
0.297988
0.297823
0.297653
0.297567
0.297437
0.297328
0.297281
0.29724
0.297232
0.297242
0.297282
0.29733
0.297392
0.297545
0.297641
0.297851
0.297965
0.298101
0.29817
0.298265
0.298318
0.298367
0.298378
0.298349
0.298295
0.298249
0.29818
0.298045
0.297947
0.297786
0.297664
0.297505
0.297421
0.297285
0.297224
0.297147
0.297117
0.297102
0.297123
0.297159
0.29724
0.297312
0.297449
0.297605
0.297687
0.297802
0.297854
0.297929
0.297985
0.298004
0.298002
0.297979
0.297905
0.297857
0.297731
0.297633
0.297453
0.297338
0.297177
0.297066
0.296902
0.296813
0.296715
0.296662
0.296613
0.296603
0.296618
0.296656
0.29673
0.296828
0.296915
0.297031
0.297272
0.297389
0.297502
0.297532
0.297579
0.297628
0.297638
0.297642
0.297594
0.297546
0.297447
0.297344
0.29718
0.297062
0.296889
0.296701
0.296568
0.29642
0.296286
0.296216
0.29614
0.296124
0.296123
0.296147
0.296211
0.296278
0.296358
0.296495
0.296635
0.296869
0.296964
0.297066
0.297147
0.297223
0.297277
0.297299
0.297295
0.297236
0.297186
0.297119
0.296971
0.296797
0.296673
0.296542
0.296345
0.296204
0.296053
0.295959
0.29585
0.295802
0.295764
0.295767
0.295802
0.295873
0.295947
0.296034
0.2962
0.296448
0.296548
0.29662
0.296727
0.296779
0.296848
0.296878
0.296887
0.29684
0.29681
0.296747
0.296539
0.296507
0.296322
0.296193
0.295992
0.295804
0.29569
0.295541
0.295466
0.295384
0.295336
0.295346
0.295371
0.295432
0.295499
0.295623
0.295726
0.295918
0.296193
0.296256
0.29644
0.296521
0.296575
0.296623
0.296659
0.296658
0.296626
0.29658
0.296514
0.296365
0.29618
0.296048
0.295814
0.295686
0.295545
0.295347
0.295171
0.295095
0.295
0.294965
0.294949
0.294981
0.295033
0.295136
0.295221
0.295328
0.295598
0.295739
0.29589
0.295954
0.29606
0.296117
0.296148
0.296156
0.29615
0.296066
0.295965
0.295872
0.29569
0.295542
0.295404
0.295203
0.295004
0.294866
0.294768
0.294634
0.29457
0.294511
0.294509
0.294546
0.294579
0.294683
0.294811
0.294925
0.295135
0.295387
0.295609
0.295653
0.295745
0.295825
0.295891
0.295927
0.295944
0.295916
0.295844
0.295761
0.295687
0.29548
0.295282
0.295129
0.294895
0.294719
0.294534
0.294413
0.294265
0.294188
0.294131
0.294119
0.294137
0.294187
0.294278
0.294372
0.294534
0.294681
0.294908
0.295139
0.295274
0.295423
0.295503
0.295556
0.295622
0.295633
0.295625
0.295549
0.295483
0.29537
0.295196
0.295056
0.294821
0.294639
0.294425
0.294206
0.294085
0.293967
0.29386
0.293794
0.293785
0.293813
0.293887
0.293969
0.294069
0.294243
0.294408
0.294744
0.294867
0.29497
0.295087
0.2952
0.295228
0.295266
0.295284
0.295236
0.295191
0.295055
0.294941
0.294724
0.294568
0.294309
0.29414
0.293891
0.293742
0.293549
0.293443
0.293328
0.293285
0.293261
0.293284
0.293349
0.293429
0.293574
0.293698
0.293931
0.294282
0.294408
0.294496
0.294626
0.294719
0.294772
0.294814
0.294824
0.294818
0.29473
0.294665
0.294481
0.294341
0.294095
0.293828
0.293649
0.293383
0.293224
0.293014
0.292856
0.292824
0.292743
0.292721
0.292746
0.292821
0.292903
0.293125
0.293187
0.293507
0.293725
0.293918
0.293991
0.294077
0.294173
0.294239
0.294265
0.294275
0.294174
0.294124
0.293948
0.293816
0.293465
0.293381
0.293088
0.292896
0.292617
0.292461
0.292313
0.292194
0.292016
0.291988
0.291979
0.292015
0.292102
0.292197
0.292365
0.292509
0.292738
0.292948
0.293353
0.293493
0.293626
0.293756
0.293837
0.293907
0.293964
0.293989
0.293943
0.29382
0.293735
0.293632
0.29339
0.293212
0.2929
0.292728
0.292444
0.292178
0.291991
0.291887
0.29178
0.291747
0.291749
0.291789
0.291864
0.291998
0.29217
0.29232
0.292539
0.292928
0.293089
0.293194
0.293328
0.293399
0.29346
0.293512
0.293525
0.29347
0.293378
0.293199
0.293061
0.292876
0.292615
0.292307
0.292117
0.291904
0.291747
0.291512
0.291378
0.291247
0.291186
0.291182
0.291218
0.291293
0.291422
0.291546
0.291756
0.291947
0.292254
0.292672
0.292823
0.292926
0.293082
0.293197
0.293264
0.293322
0.293354
0.293306
0.29324
0.293081
0.292967
0.292706
0.292516
0.292203
0.291896
0.291698
0.291522
0.291278
0.291101
0.29104
0.290991
0.290965
0.290996
0.291075
0.291171
0.291342
0.291489
0.291846
0.292092
0.292373
0.292391
0.292513
0.292592
0.292666
0.292693
0.292695
0.292661
0.292468
0.292448
0.292221
0.292049
0.291749
0.291539
0.291221
0.291024
0.290752
0.290528
0.290422
0.290344
0.290274
0.290272
0.290317
0.290387
0.290529
0.290718
0.290972
0.291139
0.291513
0.291782
0.291898
0.292
0.292136
0.292225
0.292278
0.292315
0.292303
0.292219
0.292056
0.29193
0.291642
0.291477
0.291162
0.290946
0.290618
0.29045
0.290208
0.290093
0.289937
0.289896
0.289876
0.289909
0.290008
0.290107
0.290294
0.290547
0.290755
0.291207
0.291386
0.291467
0.291619
0.29169
0.291801
0.291854
0.291885
0.291843
0.291795
0.291707
0.291484
0.291343
0.291023
0.290733
0.290521
0.290217
0.29001
0.289797
0.28965
0.289531
0.289473
0.289468
0.289497
0.289634
0.289702
0.289911
0.290135
0.290327
0.290741
0.291009
0.291136
0.291273
0.291355
0.291457
0.291504
0.291534
0.291526
0.29141
0.291321
0.291133
0.290963
0.29063
0.290444
0.289758
0.289778
0.289233
0.28925
0.289202
0.288946
0.288968
0.289006
0.289028
0.289284
0.289308
0.289376
0.289795
0.289817
0.290706
0.29072
0.290794
0.290983
0.291295
0.291295
0.291299
0.291285
0.291263
0.29083
0.290749
0.289719
0.289719
0.28902
0.288752
0.288346
0.287877
0.287665
0.287613
0.287587
0.287653
0.287759
0.287855
0.288029
0.288226
0.28839
0.288563
0.288889
0.289388
0.289629
0.28969
0.289797
0.289953
0.290034
0.290123
0.290168
0.290149
0.290116
0.289965
0.289836
0.289568
0.28936
0.289025
0.28879
0.288465
0.288247
0.287992
0.287839
0.287681
0.287596
0.287581
0.287597
0.287675
0.287762
0.288022
0.288084
0.288378
0.288737
0.288975
0.289089
0.289155
0.289264
0.289318
0.289359
0.289385
0.289354
0.289308
0.289221
0.289021
0.288753
0.288551
0.288331
0.287991
0.287664
0.28737
0.287192
0.287048
0.28689
0.28681
0.286799
0.286842
0.286905
0.286993
0.287109
0.287425
0.287588
0.287826
0.288207
0.288541
0.288644
0.288646
0.28875
0.288862
0.288902
0.288922
0.288919
0.288804
0.288732
0.288483
0.288328
0.288124
0.287789
0.287456
0.287256
0.287061
0.286744
0.286616
0.286504
0.286467
0.286464
0.286515
0.286587
0.286752
0.286877
0.287132
0.287418
0.28767
0.28803
0.28822
0.288453
0.288522
0.28863
0.288709
0.28878
0.288823
0.288803
0.28877
0.288594
0.288477
0.288333
0.288037
0.287715
0.287486
0.287173
0.286946
0.286705
0.28657
0.286444
0.286387
0.286381
0.286435
0.286504
0.286608
0.286812
0.286975
0.287226
0.287471
0.287999
0.288151
0.288294
0.288326
0.288454
0.28855
0.288599
0.28864
0.288618
0.288548
0.288449
0.288309
0.288049
0.287743
0.287522
0.287189
0.286939
0.286681
0.286508
0.286372
0.286227
0.286167
0.286165
0.28622
0.286294
0.286449
0.286593
0.286836
0.287045
0.287327
0.287773
0.288062
0.288183
0.288307
0.288357
0.288477
0.288542
0.288582
0.288603
0.288546
0.288396
0.28827
0.2881
0.287795
0.287453
0.287197
0.286977
0.286685
0.286484
0.286285
0.286176
0.28608
0.286063
0.286092
0.28619
0.286406
0.286617
0.286762
0.287028
0.28728
0.287798
0.28794
0.288078
0.288129
0.288249
0.288345
0.28839
0.288422
0.288402
0.288288
0.288217
0.288082
0.287686
0.287497
0.287269
0.287032
0.28669
0.286484
0.286228
0.286086
0.285942
0.285874
0.285869
0.285895
0.285991
0.286152
0.286304
0.286634
0.286734
0.287064
0.28762
0.287781
0.287832
0.287971
0.288019
0.288095
0.288339
0.288408
0.288426
0.288458
0.288369
0.288196
0.288051
0.287759
0.287556
0.287223
0.286881
0.286714
0.286551
0.286324
0.286212
0.286157
0.286175
0.286233
0.286325
0.286493
0.286728
0.286923
0.287233
0.287615
0.287929
0.28851
0.288717
0.288807
0.289015
0.289078
0.289216
0.289307
0.289359
0.289389
0.289301
0.289134
0.289018
0.288728
0.288506
0.288267
0.287852
0.287616
0.287294
0.286993
0.286852
0.286705
0.28665
0.286619
0.286665
0.286731
0.286881
0.287028
0.287279
0.287571
0.2878
0.288426
0.288628
0.288784
0.288889
0.289044
0.28911
0.289173
0.289219
0.289164
0.289124
0.288958
0.288709
0.288393
0.288291
0.287891
0.287667
0.287269
0.286971
0.286788
0.286569
0.286423
0.286414
0.286381
0.286416
0.286514
0.28667
0.28684
0.287072
0.287377
0.287612
0.28812
0.28843
0.288564
0.288724
0.288789
0.288904
0.288969
0.288997
0.289011
0.2889
0.288788
0.288558
0.288371
0.288014
0.287595
0.28722
0.286985
0.286752
0.286518
0.286277
0.286094
0.286031
0.285991
0.286008
0.286068
0.286206
0.286353
0.28658
0.286779
0.287148
0.28773
0.2879
0.28804
0.288138
0.288246
0.28833
0.288395
0.288436
0.28837
0.288336
0.288118
0.287995
0.287672
0.287432
0.287037
0.286773
0.286387
0.286044
0.285849
0.285686
0.2855
0.285437
0.285393
0.285415
0.285509
0.285617
0.285823
0.286097
0.286288
0.286538
0.287143
0.287379
0.287594
0.287756
0.287815
0.287892
0.288003
0.288023
0.288014
0.287971
0.287826
0.287533
0.28736
0.287126
0.286681
0.286299
0.286022
0.285633
0.285419
0.285124
0.284953
0.284879
0.284846
0.284853
0.284949
0.285063
0.285289
0.285459
0.285759
0.285998
0.286451
0.287153
0.287243
0.287362
0.287517
0.287614
0.287748
0.287826
0.287858
0.287867
0.287765
0.287554
0.287409
0.287205
0.286819
0.286402
0.286113
0.285693
0.285337
0.285107
0.284943
0.284757
0.284686
0.284634
0.284664
0.284758
0.284998
0.285099
0.285288
0.285566
0.285875
0.28648
0.286623
0.286757
0.286933
0.286986
0.287078
0.287131
0.287154
0.287124
0.287053
0.286886
0.286602
0.286354
0.286009
0.28574
0.285466
0.285034
0.284711
0.284512
0.284274
0.28416
0.284066
0.284055
0.284106
0.284201
0.284361
0.284522
0.284795
0.285119
0.285421
0.286041
0.286221
0.2864
0.286471
0.286604
0.286688
0.286763
0.286819
0.286795
0.286733
0.286547
0.286378
0.286046
0.2858
0.285398
0.285122
0.284732
0.28449
0.284177
0.284017
0.283838
0.283773
0.283744
0.283772
0.283883
0.283999
0.284215
0.284487
0.284712
0.285008
0.285629
0.285815
0.285944
0.286079
0.286213
0.286263
0.286325
0.286346
0.286327
0.286189
0.28607
0.285895
0.285387
0.28516
0.28488
0.284598
0.284151
0.28382
0.283614
0.283376
0.283255
0.283162
0.283147
0.283205
0.283291
0.283477
0.283633
0.283918
0.284165
0.284495
0.284823
0.285478
0.285634
0.285844
0.285988
0.286055
0.28619
0.286251
0.28627
0.286291
0.28611
0.286014
0.285712
0.285485
0.285072
0.284786
0.284308
0.283924
0.283646
0.283449
0.283192
0.283018
0.282957
0.282956
0.283
0.283137
0.283291
0.283443
0.28375
0.28409
0.284383
0.284885
0.285222
0.285398
0.285448
0.285608
0.285689
0.285774
0.285828
0.28576
0.285729
0.285508
0.285351
0.285039
0.284779
0.284323
0.283937
0.283664
0.283405
0.283049
0.282906
0.282716
0.28262
0.282613
0.282666
0.28276
0.282942
0.283128
0.283504
0.283632
0.284001
0.284702
0.284929
0.285079
0.285185
0.285337
0.285407
0.285476
0.285537
0.285492
0.285436
0.285217
0.285074
0.284721
0.284458
0.284025
0.283733
0.283295
0.283043
0.282712
0.282524
0.282318
0.282232
0.282185
0.282214
0.282312
0.282429
0.282644
0.282848
0.283157
0.283412
0.283868
0.284386
0.284728
0.284914
0.284963
0.285066
0.285205
0.285281
0.285326
0.285352
0.285258
0.285026
0.28486
0.284674
0.284274
0.283838
0.283374
0.282908
0.282687
0.282363
0.282198
0.282075
0.281975
0.281952
0.28199
0.282105
0.282223
0.28246
0.282668
0.283001
0.283417
0.28373
0.284471
0.284627
0.284855
0.284878
0.285032
0.285107
0.285216
0.285256
0.285209
0.285181
0.284967
0.284798
0.284435
0.284167
0.283679
0.283401
0.282969
0.282693
0.28232
0.282067
0.281917
0.281863
0.281815
0.281859
0.281953
0.28207
0.282319
0.282598
0.282943
0.283241
0.283558
0.284262
0.284486
0.284655
0.284698
0.284841
0.284971
0.285026
0.285042
0.284977
0.284946
0.284722
0.284536
0.284185
0.283887
0.283419
0.28309
0.282618
0.282331
0.281924
0.281667
0.281525
0.281403
0.281375
0.281409
0.281508
0.281691
0.28188
0.282145
0.282389
0.282764
0.283143
0.283809
0.284005
0.284194
0.28432
0.284438
0.2845
0.284615
0.284636
0.284634
0.28457
0.284376
0.284073
0.283701
0.283565
0.283115
0.282776
0.282366
0.282095
0.28146
0.281479
0.281355
0.281243
0.28125
0.281322
0.281387
0.281665
0.281743
0.28215
0.282395
0.282722
0.283266
0.28374
0.283785
0.283921
0.283918
0.284114
0.284143
0.284183
0.28419
0.283862
0.283882
0.2837
0.282713
0.282591
0.281637
0.281581
0.281455
0.280643
0.280668
0.282541
0.282562
0.282752
0.282773
0.283995
0.284381
0.285897
0.286048
0.286056
0.285881
0.285881
0.282913
0.282913
0.281925
0.281925
0.279718
0.279682
0.276005
0.276005
0.274115
0.274007
0.274007
0.276366
0.276599
0.279271
0.279371
0.27936
0.279243
0.279243
0.280191
0.280197
0.281392
0.281508
0.28366
0.283733
0.282378
0.28235
0.280759
0.280643
0.279364
0.279364
0.279111
0.277685
0.277609
0.277957
0.277957
0.278676
0.278625
0.280052
0.280086
0.281337
0.28099
0.280373
0.279798
0.279412
0.279121
0.278905
0.278829
0.278702
0.278417
0.278214
0.277699
0.277291
0.276626
0.276159
0.275476
0.274833
0.274412
0.274073
0.273658
0.273494
0.273332
0.273334
0.273412
0.273606
0.273823
0.274199
0.274542
0.27483
0.275356
0.275738
0.276376
0.276953
0.277464
0.278379
0.278669
0.278912
0.279239
0.279489
0.279672
0.279833
0.279964
0.280002
0.279997
0.279886
0.279637
0.279398
0.279158
0.278779
0.278371
0.278086
0.277764
0.277583
0.277396
0.277325
0.277295
0.277363
0.277509
0.277717
0.277921
0.278166
0.278565
0.278889
0.279347
0.279744
0.280568
0.280864
0.281084
0.281291
0.281406
0.281603
0.281724
0.281792
0.281827
0.281738
0.281626
0.281237
0.281124
0.280704
0.280398
0.27996
0.279655
0.279269
0.279041
0.278785
0.278666
0.278578
0.27859
0.278653
0.278773
0.278981
0.279176
0.279516
0.279777
0.280206
0.280585
0.281335
0.281561
0.281721
0.28185
0.282038
0.282147
0.282276
0.282328
0.282338
0.282299
0.281983
0.281819
0.281594
0.28131
0.280811
0.28039
0.280082
0.279798
0.279338
0.279184
0.27906
0.278978
0.278941
0.279008
0.279099
0.279231
0.279506
0.279813
0.280192
0.280326
0.280826
0.281717
0.281946
0.281988
0.282222
0.282271
0.282406
0.282483
0.282531
0.282506
0.282416
0.282309
0.281966
0.281744
0.281458
0.281014
0.280357
0.280217
0.279834
0.27945
0.279156
0.279156
0.279033
0.279031
0.279067
0.279197
0.279416
0.279529
0.279921
0.280154
0.280552
0.280939
0.281732
0.281838
0.282036
0.282107
0.282291
0.282382
0.282515
0.2826
0.28259
0.282569
0.282423
0.282064
0.281947
0.281388
0.281231
0.280442
0.280422
0.279843
0.279711
0.279398
0.279076
0.279069
0.279036
0.27905
0.279166
0.279293
0.279644
0.279762
0.28
0.280351
0.281126
0.281122
0.281469
0.282353
0.282435
0.282676
0.282844
0.282899
0.28314
0.28314
0.283188
0.283208
0.283091
0.28294
0.282662
0.282413
0.28197
0.28162
0.281181
0.280725
0.280471
0.280199
0.279879
0.279717
0.279692
0.279703
0.279744
0.279874
0.280005
0.280294
0.280479
0.280831
0.281165
0.281864
0.282062
0.28218
0.282373
0.282447
0.282558
0.282664
0.282748
0.282734
0.282643
0.282579
0.282309
0.282064
0.281801
0.281393
0.280926
0.280587
0.279942
0.279926
0.279663
0.279465
0.279336
0.279288
0.27929
0.279365
0.279504
0.27973
0.279922
0.280153
0.28049
0.280759
0.281262
0.281863
0.282181
0.282344
0.282379
0.282528
0.282603
0.282706
0.282771
0.282745
0.282702
0.282516
0.282316
0.28194
0.281506
0.28117
0.280856
0.280364
0.280097
0.279736
0.279516
0.279301
0.279212
0.279164
0.279168
0.279268
0.279384
0.279617
0.279801
0.280131
0.280504
0.280777
0.281286
0.281789
0.281953
0.282117
0.282208
0.28235
0.282475
0.282533
0.282574
0.282483
0.282464
0.282232
0.282025
0.281498
0.281041
0.280888
0.280579
0.280123
0.279738
0.279507
0.279337
0.279099
0.279066
0.279066
0.279142
0.279236
0.279469
0.279642
0.280111
0.280335
0.280673
0.281397
0.28158
0.281694
0.281845
0.281981
0.282056
0.282152
0.282216
0.2822
0.282153
0.281907
0.281776
0.281413
0.281149
0.280682
0.28036
0.279872
0.27959
0.279222
0.278994
0.278767
0.278681
0.278609
0.278633
0.278729
0.27884
0.279068
0.279358
0.279627
0.279999
0.280272
0.280888
0.281352
0.281518
0.281704
0.281715
0.281856
0.28193
0.28204
0.282085
0.282084
0.281981
0.28176
0.281547
0.281295
0.280798
0.280518
0.280043
0.279673
0.279266
0.279001
0.278744
0.27859
0.278479
0.27846
0.278506
0.278595
0.278783
0.278944
0.279241
0.279589
0.279882
0.28026
0.280624
0.281214
0.281615
0.281631
0.281779
0.281819
0.281983
0.282061
0.28214
0.282127
0.282066
0.281872
0.281672
0.281295
0.281009
0.280729
0.280243
0.279777
0.279437
0.279084
0.278866
0.278636
0.278546
0.27849
0.278519
0.278626
0.278762
0.278994
0.279185
0.279533
0.279816
0.280201
0.280557
0.281283
0.281506
0.281638
0.281695
0.281852
0.281951
0.282057
0.282111
0.282102
0.282036
0.281865
0.28157
0.281324
0.28085
0.280558
0.28008
0.279759
0.279379
0.279115
0.278915
0.278694
0.278565
0.278532
0.278589
0.278678
0.278857
0.279028
0.279316
0.27955
0.279929
0.280191
0.280972
0.281293
0.281684
0.281735
0.281886
0.281922
0.282079
0.282218
0.282249
0.282211
0.282204
0.282066
0.281804
0.281555
0.281123
0.28064
0.280309
0.279995
0.279536
0.279291
0.278959
0.278805
0.278652
0.278581
0.278613
0.27867
0.278832
0.278978
0.279244
0.279459
0.279958
0.280218
0.280587
0.281151
0.281632
0.28166
0.281653
0.281765
0.281918
0.281995
0.282036
0.281966
0.281978
0.281764
0.281469
0.281009
0.280735
0.280406
0.279915
0.279584
0.279251
0.278859
0.278567
0.278427
0.278261
0.278249
0.278278
0.27841
0.278552
0.278792
0.278981
0.279356
0.279628
0.280045
0.280379
0.280951
0.281438
0.28138
0.281493
0.28166
0.281715
0.281841
0.281897
0.281866
0.281829
0.281677
0.281352
0.281069
0.280825
0.280357
0.28003
0.279529
0.279238
0.278885
0.278674
0.278474
0.278425
0.278363
0.278428
0.278506
0.278696
0.278843
0.279152
0.279385
0.279775
0.280026
0.280541
0.28111
0.281495
0.281519
0.281684
0.281758
0.281891
0.281965
0.28206
0.282064
0.281966
0.281904
0.28162
0.281248
0.2809
0.280467
0.28014
0.279763
0.279343
0.279075
0.278745
0.278441
0.278388
0.278337
0.27835
0.278437
0.278568
0.278712
0.278982
0.279318
0.279569
0.279999
0.280355
0.281118
0.281293
0.281427
0.281493
0.281649
0.281728
0.281818
0.281916
0.281928
0.281848
0.281642
0.281479
0.281073
0.280827
0.280359
0.280024
0.279553
0.279248
0.278874
0.278653
0.278429
0.278316
0.278276
0.278285
0.278432
0.278511
0.278729
0.278925
0.279269
0.279654
0.279932
0.280204
0.281256
0.281422
0.281537
0.281605
0.281758
0.281828
0.281967
0.282044
0.282075
0.281991
0.281891
0.281724
0.281379
0.280966
0.280466
0.28012
0.279636
0.27933
0.279038
0.278809
0.278544
0.278374
0.278319
0.278334
0.278386
0.27859
0.278742
0.278919
0.279247
0.27965
0.280149
0.280299
0.281373
0.281373
0.281692
0.281791
0.281887
0.28197
0.282092
0.282165
0.282206
0.282164
0.281995
0.281865
0.281488
0.281256
0.280793
0.280467
0.279971
0.279533
0.279235
0.279019
0.278751
0.278641
0.278532
0.278542
0.27863
0.278681
0.278895
0.279064
0.279413
0.279746
0.280019
0.28037
0.281158
0.281411
0.281447
0.281614
0.281675
0.281786
0.281864
0.281914
0.281893
0.281768
0.281643
0.281296
0.281042
0.280623
0.280297
0.279789
0.279492
0.279078
0.278817
0.278505
0.278338
0.278245
0.278225
0.278227
0.27831
0.278451
0.278645
0.278928
0.279233
0.279474
0.279747
0.280293
0.280825
0.281192
0.281222
0.281343
0.281446
0.281548
0.281665
0.281713
0.281683
0.281655
0.281433
0.28126
0.280867
0.280635
0.280141
0.27978
0.279477
0.27905
0.278673
0.278416
0.278216
0.278139
0.278053
0.278097
0.278182
0.278314
0.278543
0.278772
0.279057
0.279388
0.2798
0.280201
0.280921
0.281129
0.28119
0.281313
0.281391
0.281518
0.28161
0.281659
0.281668
0.281547
0.281435
0.281084
0.280855
0.280409
0.280101
0.279615
0.27927
0.278833
0.27858
0.278294
0.278172
0.278036
0.278035
0.278064
0.278156
0.278332
0.27851
0.278819
0.279165
0.279412
0.279687
0.280763
0.280742
0.28107
0.281119
0.281208
0.281318
0.281446
0.28153
0.281559
0.281478
0.281372
0.281224
0.280866
0.280478
0.280183
0.279858
0.279343
0.278964
0.278667
0.278344
0.278183
0.278038
0.277973
0.277985
0.278042
0.278201
0.27834
0.278531
0.278835
0.279206
0.279485
0.279986
0.280564
0.280893
0.281084
0.281035
0.281201
0.281307
0.281372
0.281492
0.281516
0.281426
0.281234
0.281064
0.280704
0.280418
0.279949
0.279468
0.279055
0.278861
0.278507
0.27816
0.278031
0.277961
0.277891
0.277914
0.278048
0.27815
0.278382
0.278591
0.27894
0.279157
0.279555
0.280042
0.280594
0.280934
0.281235
0.28133
0.281501
0.281574
0.281744
0.281791
0.281807
0.281751
0.28167
0.281371
0.281136
0.280744
0.280396
0.279801
0.279491
0.279356
0.278947
0.278648
0.278512
0.278347
0.278309
0.27835
0.278393
0.278548
0.278709
0.279008
0.279231
0.279576
0.279836
0.280604
0.2811
0.281276
0.281342
0.281521
0.281583
0.281679
0.281788
0.281841
0.281849
0.281796
0.281589
0.28138
0.281026
0.280735
0.28025
0.279853
0.27941
0.279093
0.278707
0.278453
0.278263
0.27813
0.27808
0.278091
0.278176
0.27838
0.278544
0.278734
0.279048
0.279293
0.279708
0.280646
0.280808
0.280989
0.281152
0.281244
0.281357
0.281461
0.281556
0.281626
0.281613
0.281463
0.281368
0.28114
0.280813
0.280368
0.280035
0.279663
0.279221
0.27879
0.278542
0.278251
0.278122
0.278015
0.27797
0.277999
0.278114
0.278266
0.278438
0.278734
0.278967
0.279329
0.279638
0.280182
0.280744
0.281042
0.281051
0.281178
0.281264
0.28139
0.281463
0.28148
0.281504
0.281415
0.281286
0.280971
0.28056
0.28025
0.279923
0.279398
0.278938
0.278626
0.278108
0.278037
0.277886
0.277729
0.277706
0.277736
0.277859
0.278017
0.278172
0.278439
0.278786
0.279046
0.279339
0.279831
0.280601
0.280743
0.280834
0.280942
0.2811
0.281219
0.281254
0.281334
0.281345
0.281315
0.281119
0.280941
0.280557
0.280262
0.279951
0.279408
0.27896
0.278551
0.278276
0.277957
0.277854
0.277698
0.277668
0.277699
0.27781
0.277968
0.278167
0.278494
0.278685
0.279071
0.27923
0.279798
0.280472
0.280851
0.281017
0.281085
0.281258
0.281301
0.281392
0.281456
0.281498
0.281405
0.281326
0.281025
0.280836
0.280399
0.280073
0.279533
0.279244
0.278766
0.278365
0.278137
0.277949
0.277841
0.277755
0.277766
0.277875
0.278021
0.278256
0.278466
0.278763
0.279023
0.27959
0.27973
0.280499
0.280828
0.28114
0.281191
0.28131
0.281414
0.281535
0.281625
0.28162
0.281644
0.281462
0.281224
0.280993
0.280737
0.280214
0.279743
0.279452
0.27903
0.278694
0.278502
0.278327
0.278177
0.278147
0.278192
0.278243
0.278422
0.278567
0.278829
0.279085
0.279436
0.279725
0.280129
0.280773
0.281164
0.281375
0.281339
0.281428
0.281566
0.281665
0.281753
0.281742
0.281669
0.281452
0.281139
0.280884
0.280586
0.280216
0.279726
0.279416
0.278944
0.27864
0.278353
0.278157
0.277978
0.277928
0.277946
0.27803
0.278143
0.278389
0.278549
0.278882
0.279136
0.279559
0.279929
0.280644
0.280796
0.28096
0.280976
0.281045
0.281205
0.281329
0.281352
0.281376
0.281305
0.28101
0.280938
0.280558
0.280258
0.279783
0.279414
0.278955
0.278663
0.278261
0.277972
0.277839
0.277738
0.277669
0.277724
0.27783
0.277929
0.278147
0.27843
0.278681
0.278906
0.279473
0.279787
0.280466
0.280837
0.280985
0.281041
0.281154
0.281268
0.281337
0.281451
0.281451
0.281382
0.281193
0.281041
0.280669
0.280543
0.279921
0.279582
0.279126
0.278816
0.278434
0.278243
0.278041
0.277926
0.277882
0.278021
0.278138
0.278283
0.278514
0.27882
0.279038
0.279414
0.279697
0.280053
0.280899
0.281007
0.281104
0.281226
0.281287
0.281408
0.281506
0.281541
0.281533
0.281401
0.281242
0.280827
0.280687
0.280185
0.279821
0.279329
0.278975
0.278535
0.278304
0.278006
0.277812
0.277679
0.277652
0.277684
0.277746
0.277952
0.278115
0.278384
0.278612
0.279006
0.279249
0.279686
0.280342
0.28074
0.280883
0.2809
0.281046
0.281144
0.281247
0.281309
0.281275
0.281226
0.281061
0.280879
0.280471
0.280049
0.279697
0.279374
0.278883
0.278568
0.278218
0.277976
0.277755
0.277644
0.277596
0.277646
0.27771
0.277833
0.278077
0.278358
0.278582
0.27897
0.27923
0.279884
0.280384
0.280638
0.280613
0.280754
0.280847
0.28097
0.281029
0.281093
0.281091
0.280873
0.280856
0.280536
0.280289
0.279833
0.279494
0.279144
0.278673
0.278241
0.277892
0.296154
0.295823
0.29563
0.295605
0.295768
0.296044
0.296481
0.296776
0.297217
0.297476
0.297811
0.297988
0.298736
0.316829
0.286887
0.293619
0.274983
0.28026
0.267522
0.272844
0.280882
0.290097
0.298974
0.292414
0.281931
0.279933
0.275291
0.272987
0.271534
0.271205
0.27139
0.271854
0.273
0.273935
0.275483
0.325042
0.32742
0.329791
0.333373
0.3372
0.339354
0.344143
0.345589
0.349168
0.351625
0.355265
0.35768
0.361292
0.363778
0.366192
0.369818
0.373457
0.375887
0.379513
0.383455
0.385556
0.389207
0.393175
0.395277
0.397748
0.401637
0.405324
0.407457
0.409944
0.413569
0.416025
0.420853
0.422067
0.426043
0.429623
0.432116
0.434257
0.437864
0.441795
0.444216
0.4476
0.449976
0.453875
0.456354
0.45967
0.462107
0.465985
0.468409
0.472002
0.474137
0.478021
0.481369
0.483725
0.486133
0.490006
0.492401
0.495698
0.499252
0.50193
0.505244
0.50774
0.51156
0.514553
0.518181
0.521052
0.523864
0.52802
0.530505
0.528972
0.52854
0.527028
0.525743
0.523699
0.522419
0.520354
0.518507
0.516211
0.514548
0.512377
0.510433
0.508362
0.506519
0.505417
0.502699
0.501039
0.498932
0.497
0.495346
0.493807
0.491803
0.489962
0.488452
0.48684
0.484926
0.48346
0.48158
0.47971
0.478269
0.476855
0.475109
0.473609
0.471807
0.470388
0.46863
0.46716
0.455401
0.433326
0.419601
0.39592
0.379826
0.36182
0.333898
0.316782
0.302012
0.31162
0.306957
0.308866
0.31739
0.328715
0.334688
0.341509
0.346977
0.352327
0.354561
0.358771
0.359382
0.35914
0.344501
0.334013
0.330465
0.329715
0.328866
0.329538
0.336293
0.339547
0.338821
0.340255
0.34237
0.348772
0.353396
0.356764
0.359907
0.365597
0.368419
0.370773
0.371295
0.374098
0.375431
0.376575
0.375872
0.377917
0.383458
0.384782
0.387862
0.389555
0.393147
0.399087
0.403508
0.408244
0.408198
0.410335
0.411024
0.411961
0.412391
0.412534
0.412048
0.411184
0.409749
0.407998
0.405599
0.403406
0.400811
0.397836
0.395669
0.393248
0.391447
0.389715
0.388344
0.387256
0.386298
0.385665
0.384997
0.384661
0.384229
0.38383
0.383415
0.38297
0.382466
0.381927
0.381427
0.380733
0.380147
0.379504
0.378722
0.378009
0.377285
0.376526
0.375786
0.375033
0.374288
0.373508
0.372749
0.371959
0.371161
0.370368
0.369581
0.368784
0.367986
0.367202
0.366405
0.365622
0.364862
0.364059
0.363293
0.362526
0.361781
0.361035
0.360235
0.359514
0.358769
0.35802
0.357279
0.356524
0.355811
0.355057
0.354327
0.353613
0.352811
0.352191
0.351318
0.350739
0.35012
0.34934
0.348764
0.347897
0.347356
0.346496
0.345979
0.345402
0.344649
0.344118
0.343295
0.342803
0.342266
0.341622
0.34065
0.340148
0.339437
0.338933
0.338052
0.337582
0.336689
0.336256
0.335831
0.335304
0.334819
0.334292
0.333759
0.33323
0.332729
0.332195
0.331679
0.331172
0.330674
0.330177
0.329688
0.329201
0.328721
0.328248
0.327779
0.327327
0.32689
0.326425
0.325897
0.325544
0.32511
0.324595
0.324235
0.323811
0.323395
0.322959
0.322572
0.322172
0.321777
0.321391
0.321007
0.320634
0.320257
0.319903
0.31951
0.31915
0.318788
0.318434
0.318091
0.317744
0.317405
0.317067
0.316736
0.316404
0.316078
0.315738
0.315437
0.31511
0.314819
0.314517
0.3142
0.313908
0.313609
0.313321
0.313033
0.31275
0.312462
0.312187
0.311922
0.311639
0.311376
0.311115
0.310868
0.310606
0.310356
0.310099
0.309855
0.309599
0.309364
0.309125
0.308889
0.308652
0.308393
0.308197
0.307963
0.307755
0.307526
0.307317
0.307104
0.306893
0.306687
0.306482
0.306271
0.306074
0.305865
0.305677
0.305481
0.30529
0.305102
0.304924
0.304738
0.304562
0.304374
0.3042
0.304021
0.303845
0.303657
0.303506
0.303323
0.303161
0.302996
0.302826
0.302675
0.302519
0.302366
0.302224
0.302067
0.301914
0.301774
0.301635
0.301488
0.301343
0.3012
0.301067
0.30091
0.300784
0.300644
0.300522
0.300383
0.300248
0.300122
0.300006
0.300136
0.300266
0.300389
0.300512
0.300631
0.300746
0.300861
0.300979
0.301089
0.301203
0.301315
0.301425
0.301536
