0
0
0
0
0
0
0
0
0
0
0
0
0
0
0
0
0
0
0
0
0
0
0
0
0
0
0
0
0
0
0
0
0
0
0
0
0
0
0
0
0
0
0
0
0
0
0
0
0
0
0
0
0
0
0
0
0
0
0
0
0
0
0
0
0
0
0
0
0
0
0
0
0
0
0
0
0
0
0
0
0
0
0
0
0
0
0
0
0
0
0
0
0
0
0
0
0
0
0
0
0
0
0
0
0
0
0
0
0
0
0
0
0
0
0
0
0
0
0
0
0
0
0
0
0
0
0
0
0
0
0
0
0
0
0
0
0
0
0
0
0
0
0
0
0
0
0
0
0
0
0
0
0
0
0
0
0
0
0
0
0
0
0
0
0
0
0
0
0
0
0
0
0
0
0
0
0
0
0
0
0
0
0
0
0
0
0
0
0
0
0
0
0
0
0
0
0
0
0
0
0
0
0
0
0
0
0
0
0
0
0
0
0
0
0
0
0
0
0
0
0
0
0
0
0
0
0
0
0
0
0
0
0
0
0
0
0
0
0
0
0
0
0
0
0
0
0
0
0
0
0
0
0
0
0
0
0
0
0
0
0
0
0
0
0
0
0
0
0
0
0
0
0
0
0
0
0
0
0
0
0
0
0
0
0
0
0
0
0
0
0
0
0
0
0
0
0
0
0
0
0
0
0
0
0
0
0
0
0
0
0
0
0
0
0
0
0
0
0
0
0
0
0
0
-0.135363
-0.0120306
0.00153732
0.00691223
0.0100861
0.0122528
0.0131836
0.0133362
0.0116806
0.0102081
0.00645828
0.00190735
-0.000839233
-0.0059967
-0.0086937
-0.013443
-0.017952
-0.0170574
-0.0212173
-0.021204
-0.0212193
-0.0196381
-0.0169411
-0.0139046
-0.00874519
-0.0040226
0.00175095
0.00951958
0.0158005
0.0223083
0.0324574
0.0428295
0.0494232
0.0632172
0.0699482
0.0745125
0.0861263
0.0872593
0.0948257
0.0973854
0.102577
0.104477
0.108652
0.109577
0.110514
0.108921
0.104729
0.100132
0.0917339
0.084322
0.0727253
0.0599651
0.0508766
0.0418739
0.0289631
0.0207729
0.00857925
0.00294113
-0.00632668
-0.0121918
-0.0155354
-0.0174217
-0.0191212
-0.0188961
-0.0179749
-0.0164623
-0.0134735
-0.0101776
-0.00504494
-0.00331306
-0.000391006
0.00363731
0.00622177
0.00957108
0.0118561
0.0144043
0.0154285
0.0156364
0.0142021
0.011467
0.0083065
0.00297356
-0.000986099
-0.0075779
-0.0137558
-0.018589
-0.0242653
-0.0277538
-0.0325794
-0.0351391
-0.0374355
-0.0379963
-0.0378227
-0.0367298
-0.0342693
-0.0315208
-0.027957
-0.0226889
-0.0185537
-0.0128193
-0.00637627
-0.0014286
0.00439072
0.00898552
0.0140991
0.0178967
0.0223942
0.0255098
0.0278244
0.0282078
0.0270042
0.0249348
0.0202942
0.0157099
0.00922203
0.00409317
-0.00400734
-0.00998116
-0.0171013
-0.0242195
-0.0281439
-0.0338001
-0.0357189
-0.0384102
-0.0389147
-0.0387106
-0.0368347
-0.0344372
-0.0314522
-0.0279732
-0.0224056
-0.0176287
-0.0116367
-0.00705433
-0.000421524
0.00603008
0.0100965
0.0155907
0.0192766
0.0238447
0.0259295
0.0271311
0.0260067
0.023983
0.0169306
0.0148039
0.0107021
-0.000502586
-0.00235462
-0.0105848
-0.0157566
-0.023222
-0.0274429
-0.0316286
-0.035841
-0.0390167
-0.0399237
-0.0402737
-0.0392361
-0.0359221
-0.0340452
-0.0289268
-0.0253172
-0.0190458
-0.0143995
-0.00688171
-0.00267124
0.0041399
0.00839996
0.0142155
0.019269
0.0214281
0.0225811
0.0225878
0.0202351
0.0140114
0.0116625
0.00624943
-0.00110054
-0.00684929
-0.0127077
-0.0221014
-0.0269079
-0.0345869
-0.0390148
-0.0447369
-0.0489559
-0.0507107
-0.0517035
-0.0518236
-0.0504799
-0.0474339
-0.044467
-0.03934
-0.0353317
-0.0267954
-0.0266476
-0.0199213
-0.0134811
-0.00904274
-0.00484943
0.000142097
0.00298882
0.00345135
0.00235462
-0.00131893
-0.00620651
-0.0111876
-0.0154915
-0.0239859
-0.0293808
-0.0374031
-0.044879
-0.0492411
-0.0525713
-0.0575819
-0.0599165
-0.0625172
-0.0628223
-0.0624304
-0.0609951
-0.0575399
-0.054718
-0.0493155
-0.0424051
-0.035326
-0.030942
-0.0258961
-0.0181913
-0.0139809
-0.00707912
-0.00177288
0.000750542
0.00173092
0.00142097
-2.28882e-05
-0.00443935
-0.00825977
-0.014493
-0.0195847
-0.0284634
-0.0360508
-0.0413532
-0.0463638
-0.0537977
-0.0575485
-0.063242
-0.0650635
-0.0663061
-0.0665636
-0.0657978
-0.0643482
-0.0607061
-0.0574646
-0.0518694
-0.0475063
-0.0405531
-0.0362091
-0.0290403
-0.021781
-0.0165596
-0.0130682
-0.00848198
-0.0067358
-0.00690937
-0.00888157
-0.0118446
-0.0168314
-0.02178
-0.0285425
-0.0364094
-0.044302
-0.0473099
-0.0538712
-0.0580616
-0.0617514
-0.0667677
-0.0695705
-0.0706253
-0.071104
-0.0702343
-0.0680332
-0.0642014
-0.0607367
-0.056304
-0.0502729
-0.0430708
-0.038065
-0.0308189
-0.0256977
-0.0208054
-0.014842
-0.0118608
-0.0100965
-0.0102015
-0.012393
-0.0155659
-0.0214386
-0.0255785
-0.0335531
-0.0399342
-0.0479422
-0.0564871
-0.0617161
-0.0689611
-0.0729656
-0.0780506
-0.0803976
-0.0822239
-0.083272
-0.0829277
-0.0813465
-0.0780172
-0.0747471
-0.0689726
-0.0643349
-0.0570135
-0.051899
-0.0438347
-0.0387239
-0.032568
-0.0285578
-0.0269623
-0.0269718
-0.0288992
-0.0325518
-0.0360794
-0.040226
-0.0473518
-0.0523663
-0.0601177
-0.0650454
-0.0721321
-0.0762053
-0.0816174
-0.0842829
-0.0873375
-0.0888109
-0.0886793
-0.0874271
-0.0843201
-0.0802088
-0.0744257
-0.0739202
-0.0664892
-0.0596542
-0.0516396
-0.0482998
-0.0399399
-0.0373144
-0.0353403
-0.0345039
-0.0353994
-0.0385904
-0.0437555
-0.0457039
-0.0527744
-0.0634918
-0.0659485
-0.0740185
-0.0822392
-0.0859909
-0.0919209
-0.0931778
-0.0972538
-0.099741
-0.10054
-0.0998592
-0.0977383
-0.0955029
-0.0905132
-0.0868511
-0.0794621
-0.0724277
-0.0661716
-0.0609913
-0.0522556
-0.0480576
-0.0428028
-0.0405741
-0.0395164
-0.040123
-0.0431423
-0.0486946
-0.0529652
-0.0570774
-0.0649548
-0.0709839
-0.0790443
-0.0858936
-0.0902596
-0.0946198
-0.0990658
-0.10252
-0.103861
-0.104401
-0.1036
-0.101357
-0.0990505
-0.0939236
-0.0897141
-0.0832787
-0.0780945
-0.0691376
-0.0635967
-0.0570736
-0.0532131
-0.0493345
-0.0483122
-0.0488367
-0.0504456
-0.0551777
-0.0607166
-0.0653248
-0.0730762
-0.0811901
-0.0842628
-0.0920296
-0.0984459
-0.102907
-0.107498
-0.109869
-0.112434
-0.113096
-0.112766
-0.111315
-0.109173
-0.10504
-0.0998993
-0.0947475
-0.0876637
-0.0793858
-0.0732861
-0.0673885
-0.0598679
-0.0543976
-0.0520458
-0.0508604
-0.0515547
-0.0536633
-0.05797
-0.0620346
-0.0694141
-0.0784321
-0.083292
-0.0888672
-0.0971794
-0.105366
-0.108927
-0.114435
-0.117023
-0.119902
-0.121069
-0.120642
-0.119459
-0.116686
-0.112354
-0.110149
-0.103943
-0.0984612
-0.0910797
-0.0855999
-0.0785503
-0.073287
-0.0703354
-0.0696602
-0.070116
-0.0729599
-0.0778713
-0.0819283
-0.0865307
-0.094368
-0.10261
-0.107862
-0.112896
-0.120134
-0.124153
-0.129433
-0.131887
-0.134628
-0.135262
-0.135206
-0.133984
-0.131189
-0.127888
-0.122931
-0.11631
-0.111019
-0.102663
-0.0963879
-0.0901165
-0.0817394
-0.0769758
-0.0719471
-0.0699453
-0.0693684
-0.0714073
-0.0739975
-0.0774593
-0.0842094
-0.0979939
-0.0974789
-0.102989
-0.111368
-0.119896
-0.123722
-0.129805
-0.134862
-0.136771
-0.13843
-0.138511
-0.137836
-0.135771
-0.133237
-0.130009
-0.1223
-0.117229
-0.109104
-0.102911
-0.0939426
-0.0883331
-0.0817051
-0.0784197
-0.0758228
-0.0756454
-0.0787067
-0.0820503
-0.0852909
-0.0896473
-0.0973434
-0.102655
-0.111004
-0.116948
-0.124469
-0.128139
-0.134419
-0.13678
-0.140105
-0.141166
-0.141783
-0.140588
-0.138662
-0.134524
-0.13085
-0.12459
-0.119641
-0.114777
-0.106246
-0.101839
-0.0960264
-0.0924711
-0.0913496
-0.0920773
-0.0941734
-0.0989561
-0.102416
-0.109752
-0.114971
-0.124224
-0.129683
-0.137141
-0.142003
-0.149383
-0.152891
-0.156972
-0.158894
-0.160804
-0.160916
-0.159963
-0.158004
-0.1543
-0.149528
-0.145152
-0.140259
-0.131765
-0.123887
-0.113967
-0.111561
-0.107732
-0.10515
-0.104944
-0.105126
-0.108706
-0.11199
-0.117987
-0.123608
-0.132054
-0.137694
-0.145652
-0.153967
-0.159471
-0.165508
-0.17088
-0.173292
-0.176207
-0.176523
-0.176318
-0.174931
-0.171913
-0.168743
-0.164915
-0.158442
-0.152634
-0.144959
-0.138739
-0.13016
-0.124464
-0.119233
-0.115983
-0.115187
-0.116383
-0.120073
-0.123545
-0.127759
-0.135485
-0.143999
-0.14959
-0.155105
-0.163353
-0.168765
-0.174691
-0.177989
-0.182095
-0.1836
-0.184863
-0.184415
-0.182786
-0.179486
-0.176123
-0.172119
-0.165447
-0.157637
-0.151667
-0.145836
-0.138384
-0.134196
-0.130201
-0.128754
-0.129081
-0.132277
-0.134768
-0.138462
-0.149014
-0.150492
-0.158783
-0.164101
-0.172194
-0.179533
-0.183564
-0.188961
-0.191456
-0.194292
-0.195774
-0.194976
-0.193753
-0.190982
-0.187983
-0.182658
-0.17808
-0.170588
-0.162113
-0.158538
-0.146346
-0.139659
-0.135796
-0.132939
-0.131669
-0.132965
-0.135013
-0.138062
-0.141963
-0.149424
-0.157837
-0.163462
-0.173054
-0.177656
-0.18275
-0.189898
-0.196297
-0.198575
-0.20182
-0.202696
-0.20309
-0.201566
-0.199271
-0.19502
-0.191461
-0.18696
-0.179652
-0.173839
-0.165432
-0.160034
-0.153399
-0.14971
-0.148205
-0.148527
-0.149906
-0.154646
-0.160226
-0.164804
-0.172711
-0.178741
-0.183994
-0.191291
-0.198652
-0.203221
-0.206074
-0.210498
-0.212279
-0.214092
-0.213791
-0.212174
-0.210603
-0.206378
-0.201333
-0.196649
-0.189092
-0.182635
-0.171352
-0.167931
-0.16
-0.155239
-0.151425
-0.14992
-0.149692
-0.152144
-0.156915
-0.160898
-0.164868
-0.17378
-0.181775
-0.187404
-0.195898
-0.201613
-0.207987
-0.211655
-0.216427
-0.218749
-0.220401
-0.220461
-0.219514
-0.217497
-0.213916
-0.210297
-0.204074
-0.198306
-0.192596
-0.184267
-0.17718
-0.167144
-0.162634
-0.15919
-0.156638
-0.156848
-0.158195
-0.162558
-0.166352
-0.171502
-0.178822
-0.184283
-0.193032
-0.199226
-0.206441
-0.213423
-0.217072
-0.220529
-0.223671
-0.225511
-0.225449
-0.224211
-0.221452
-0.218324
-0.214506
-0.208014
-0.202687
-0.194304
-0.187888
-0.181023
-0.173784
-0.166704
-0.165119
-0.163635
-0.163992
-0.166998
-0.170084
-0.17663
-0.181546
-0.190116
-0.195824
-0.204856
-0.210332
-0.218327
-0.222784
-0.228844
-0.231695
-0.235119
-0.236057
-0.236562
-0.23551
-0.233066
-0.230161
-0.225005
-0.22046
-0.213016
-0.204548
-0.1981
-0.191796
-0.183835
-0.177922
-0.175124
-0.173589
-0.173925
-0.17546
-0.180073
-0.184016
-0.191584
-0.19701
-0.206
-0.215126
-0.220701
-0.228864
-0.233479
-0.239672
-0.244287
-0.24483
-0.247107
-0.247588
-0.24654
-0.243994
-0.241055
-0.23351
-0.231189
-0.223703
-0.217777
-0.208778
-0.202868
-0.197595
-0.191821
-0.188698
-0.187911
-0.188396
-0.194098
-0.197346
-0.204767
-0.210249
-0.222959
-0.225562
-0.235023
-0.240695
-0.248959
-0.2535
-0.257325
-0.260491
-0.265688
-0.266162
-0.266246
-0.264894
-0.261947
-0.258729
-0.253041
-0.248162
-0.240272
-0.234115
-0.224567
-0.217473
-0.207794
-0.199792
-0.195489
-0.192482
-0.190742
-0.191018
-0.194406
-0.199935
-0.204473
-0.208831
-0.217657
-0.223585
-0.233657
-0.23849
-0.246717
-0.254444
-0.259516
-0.262041
-0.264867
-0.265579
-0.265246
-0.263745
-0.261283
-0.256862
-0.251319
-0.246305
-0.240165
-0.232105
-0.224762
-0.216375
-0.208831
-0.204394
-0.201692
-0.200352
-0.200627
-0.204091
-0.209078
-0.216296
-0.221632
-0.228176
-0.236676
-0.245907
-0.251512
-0.257353
-0.261331
-0.267693
-0.271177
-0.27464
-0.276079
-0.275958
-0.274673
-0.27228
-0.268286
-0.264316
-0.257598
-0.251462
-0.242619
-0.233699
-0.226524
-0.219626
-0.210881
-0.204393
-0.201385
-0.199685
-0.200077
-0.203206
-0.207005
-0.214009
-0.218471
-0.227454
-0.233452
-0.242831
-0.251728
-0.256888
-0.261521
-0.268273
-0.272707
-0.274145
-0.275184
-0.275676
-0.274621
-0.272119
-0.269187
-0.263948
-0.25933
-0.251921
-0.245955
-0.233793
-0.231105
-0.223893
-0.220065
-0.216832
-0.217093
-0.217425
-0.219566
-0.228239
-0.229534
-0.237714
-0.24341
-0.25274
-0.258632
-0.267455
-0.272557
-0.279655
-0.285353
-0.287907
-0.28973
-0.291429
-0.291232
-0.289822
-0.287598
-0.283354
-0.277575
-0.269847
-0.264647
-0.258576
-0.248942
-0.242375
-0.236362
-0.22891
-0.224822
-0.223107
-0.222707
-0.224789
-0.229394
-0.235892
-0.240885
-0.250389
-0.255349
-0.264548
-0.270159
-0.27909
-0.282907
-0.288985
-0.291918
-0.295572
-0.296213
-0.296505
-0.295409
-0.292474
-0.289612
-0.284078
-0.276567
-0.271438
-0.262644
-0.255207
-0.249387
-0.240487
-0.236327
-0.231613
-0.230022
-0.230162
-0.233048
-0.236071
-0.239923
-0.248117
-0.252734
-0.262445
-0.270644
-0.276078
-0.28408
-0.289088
-0.294464
-0.29767
-0.30055
-0.301623
-0.301491
-0.300498
-0.296773
-0.294699
-0.288703
-0.282237
-0.276566
-0.269938
-0.260411
-0.253976
-0.246382
-0.241347
-0.237101
-0.235674
-0.235965
-0.237447
-0.242625
-0.246764
-0.253726
-0.259224
-0.269219
-0.274211
-0.292246
-0.291428
-0.305143
-0.30423
-0.305146
-0.311425
-0.310511
-0.309422
-0.308496
-0.301643
-0.300701
-0.298545
-0.286939
-0.286057
-0.267179
-0.266386
-0.263127
-0.253652
-0.236659
-0.236659
-0.236364
-0.237674
-0.240409
-0.259616
-0.262309
-0.292869
-0.292869
-0.311406
-0.31805
-0.323997
-0.329797
-0.33584
-0.339325
-0.343031
-0.344447
-0.34482
-0.343949
-0.340992
-0.336387
-0.332286
-0.32752
-0.319309
-0.310012
-0.300035
-0.293831
-0.288201
-0.281781
-0.278928
-0.277109
-0.277514
-0.280389
-0.28368
-0.290253
-0.295527
-0.30434
-0.310559
-0.319873
-0.326051
-0.334519
-0.339695
-0.34618
-0.349671
-0.353549
-0.355699
-0.356099
-0.355681
-0.353647
-0.351326
-0.34412
-0.342519
-0.335343
-0.330013
-0.321134
-0.312396
-0.307346
-0.30146
-0.298731
-0.297606
-0.298227
-0.301053
-0.304324
-0.308511
-0.316104
-0.324805
-0.330829
-0.336984
-0.345957
-0.354431
-0.36163
-0.365722
-0.369172
-0.37295
-0.374977
-0.375228
-0.374156
-0.372537
-0.370412
-0.3673
-0.358571
-0.354176
-0.348663
-0.342828
-0.33001
-0.321025
-0.31845
-0.312158
-0.308341
-0.307652
-0.308749
-0.31106
-0.316728
-0.320782
-0.329528
-0.334731
-0.340704
-0.349805
-0.358364
-0.36305
-0.367785
-0.375597
-0.378746
-0.381497
-0.382346
-0.38249
-0.381171
-0.379447
-0.375113
-0.371962
-0.364959
-0.357032
-0.351192
-0.345874
-0.339243
-0.32632
-0.320204
-0.314328
-0.31128
-0.309795
-0.31027
-0.312993
-0.316247
-0.32314
-0.328351
-0.333284
-0.342171
-0.351111
-0.356885
-0.364874
-0.370243
-0.376269
-0.379386
-0.382391
-0.383852
-0.384042
-0.382826
-0.381166
-0.378505
-0.37302
-0.368732
-0.361794
-0.356301
-0.346283
-0.33977
-0.330507
-0.325777
-0.319435
-0.315808
-0.315017
-0.31618
-0.318635
-0.323535
-0.328003
-0.333126
-0.341678
-0.350655
-0.356709
-0.365246
-0.371317
-0.377633
-0.381521
-0.384806
-0.388403
-0.389932
-0.390111
-0.388838
-0.387035
-0.383031
-0.379365
-0.372825
-0.367053
-0.359146
-0.352962
-0.34296
-0.33561
-0.327716
-0.32323
-0.318505
-0.316919
-0.317245
-0.318937
-0.323539
-0.33021
-0.335414
-0.341165
-0.350322
-0.35962
-0.366348
-0.371807
-0.378687
-0.383636
-0.388303
-0.390999
-0.393406
-0.393902
-0.393361
-0.39088
-0.383859
-0.378193
-0.374417
-0.367082
-0.361435
-0.352384
-0.34576
-0.336435
-0.330888
-0.324646
-0.320915
-0.320289
-0.320781
-0.323777
-0.331244
-0.333706
-0.339028
-0.351659
-0.357036
-0.363281
-0.369086
-0.377558
-0.382524
-0.388665
-0.392121
-0.395677
-0.397395
-0.397661
-0.397121
-0.394848
-0.390745
-0.386737
-0.377774
-0.3751
-0.367313
-0.357064
-0.351236
-0.344704
-0.336293
-0.331711
-0.328457
-0.320391
-0.319715
-0.32155
-0.322001
-0.327115
-0.333929
-0.338699
-0.347014
-0.352202
-0.360391
-0.36864
-0.371797
-0.37503
-0.379811
-0.382086
-0.382807
-0.381868
-0.380022
-0.377296
-0.372772
-0.366229
-0.360901
-0.352166
-0.341428
-0.33389
-0.323437
-0.315126
-0.30703
-0.296462
-0.291291
-0.285851
-0.283581
-0.283546
-0.284888
-0.290268
-0.29721
-0.301657
-0.31089
-0.317096
-0.323215
-0.333626
-0.338983
-0.346272
-0.353217
-0.356024
-0.359171
-0.360097
-0.360582
-0.35921
-0.357394
-0.353437
-0.3495
-0.342804
-0.334923
-0.328511
-0.318701
-0.310651
-0.301445
-0.295425
-0.288404
-0.285523
-0.284002
-0.284082
-0.287712
-0.291087
-0.297484
-0.305944
-0.315227
-0.317838
-0.328336
-0.333291
-0.342731
-0.349426
-0.35316
-0.358043
-0.361178
-0.360952
-0.361563
-0.360427
-0.357938
-0.353807
-0.349293
-0.343087
-0.334785
-0.328418
-0.32167
-0.311246
-0.304173
-0.295381
-0.290438
-0.285776
-0.284116
-0.2847
-0.286448
-0.291699
-0.296792
-0.304467
-0.310259
-0.320067
-0.330933
-0.339553
-0.34503
-0.350002
-0.355007
-0.360113
-0.364174
-0.365346
-0.366019
-0.365386
-0.363797
-0.360295
-0.35648
-0.350687
-0.345402
-0.336981
-0.32753
-0.320469
-0.310835
-0.304959
-0.298648
-0.295585
-0.294152
-0.294547
-0.298213
-0.301214
-0.308985
-0.313579
-0.32296
-0.329342
-0.339201
-0.345342
-0.354164
-0.361876
-0.365856
-0.369233
-0.373268
-0.374411
-0.375376
-0.374707
-0.372405
-0.36966
-0.364524
-0.357568
-0.352607
-0.346032
-0.337308
-0.3302
-0.320156
-0.311285
-0.30639
-0.302848
-0.300498
-0.301104
-0.302677
-0.3057
-0.312559
-0.32197
-0.327368
-0.333735
-0.345037
-0.354129
-0.360108
-0.368598
-0.373042
-0.379507
-0.383106
-0.384573
-0.385107
-0.384891
-0.382531
-0.379854
-0.374208
-0.370059
-0.362365
-0.356247
-0.345925
-0.332882
-0.328696
-0.32132
-0.312099
-0.307096
-0.302184
-0.300665
-0.301268
-0.303008
-0.308897
-0.316602
-0.321628
-0.327843
-0.338089
-0.348373
-0.35479
-0.364139
-0.371987
-0.376904
-0.380261
-0.383993
-0.385315
-0.386424
-0.385679
-0.383414
-0.37758
-0.375219
-0.37052
-0.363533
-0.35692
-0.347333
-0.341215
-0.331468
-0.323643
-0.319039
-0.315831
-0.314935
-0.3157
-0.319212
-0.322745
-0.329338
-0.337983
-0.344942
-0.353785
-0.360014
-0.366165
-0.375682
-0.382684
-0.386576
-0.391624
-0.393874
-0.395844
-0.395985
-0.394762
-0.392503
-0.388662
-0.384859
-0.37811
-0.370081
-0.363872
-0.354239
-0.347024
-0.33709
-0.331226
-0.324494
-0.32162
-0.319934
-0.320309
-0.323677
-0.327165
-0.334278
-0.33967
-0.348887
-0.355057
-0.364758
-0.370739
-0.379438
-0.384237
-0.390795
-0.393997
-0.397765
-0.399019
-0.399594
-0.39889
-0.396271
-0.393561
-0.388496
-0.381834
-0.376372
-0.370398
-0.361092
-0.354066
-0.344362
-0.336558
-0.330815
-0.328923
-0.328059
-0.329697
-0.332109
-0.337983
-0.343057
-0.348534
-0.362314
-0.367883
-0.374243
-0.380357
-0.390105
-0.397068
-0.401089
-0.406168
-0.408393
-0.410311
-0.41052
-0.409251
-0.407243
-0.402963
-0.399363
-0.392588
-0.386518
-0.378465
-0.371745
-0.3613
-0.353803
-0.343558
-0.334955
-0.330675
-0.32672
-0.326381
-0.327486
-0.32829
-0.336777
-0.341217
-0.350162
-0.356469
-0.366848
-0.37325
-0.38416
-0.392062
-0.397879
-0.401439
-0.406728
-0.410233
-0.411508
-0.411432
-0.41056
-0.407443
-0.404035
-0.400534
-0.393327
-0.385091
-0.3794
-0.372779
-0.362261
-0.352388
-0.346499
-0.339628
-0.33662
-0.334857
-0.335535
-0.339029
-0.342118
-0.349936
-0.355309
-0.363904
-0.370399
-0.381016
-0.389471
-0.395176
-0.400173
-0.407472
-0.410155
-0.41406
-0.416032
-0.416154
-0.414962
-0.412921
-0.408884
-0.404549
-0.395847
-0.392714
-0.383824
-0.373938
-0.36701
-0.359149
-0.351049
-0.344304
-0.341479
-0.339943
-0.340542
-0.343852
-0.347517
-0.354841
-0.360368
-0.369913
-0.376441
-0.386387
-0.392672
-0.402005
-0.406951
-0.413903
-0.417328
-0.421587
-0.423172
-0.42422
-0.423448
-0.421259
-0.418654
-0.413772
-0.409077
-0.401894
-0.395739
-0.386212
-0.379456
-0.368631
-0.358109
-0.351959
-0.34684
-0.341934
-0.340426
-0.341043
-0.342433
-0.34777
-0.355805
-0.361404
-0.366741
-0.376794
-0.386895
-0.396701
-0.406435
-0.410666
-0.417146
-0.420249
-0.422807
-0.424667
-0.425205
-0.424344
-0.421914
-0.419407
-0.414197
-0.409407
-0.401775
-0.391802
-0.385928
-0.374445
-0.367774
-0.354109
-0.350856
-0.343487
-0.340788
-0.338802
-0.339442
-0.342906
-0.346457
-0.353855
-0.359588
-0.369348
-0.375905
-0.387259
-0.392885
-0.40204
-0.407232
-0.414998
-0.419865
-0.422886
-0.423772
-0.42486
-0.423831
-0.422037
-0.419475
-0.413976
-0.407611
-0.399605
-0.392667
-0.386734
-0.376379
-0.368026
-0.357835
-0.352047
-0.345568
-0.34152
-0.340835
-0.341442
-0.347054
-0.349413
-0.357658
-0.363659
-0.373098
-0.380406
-0.391091
-0.397858
-0.407528
-0.413208
-0.421462
-0.426583
-0.429383
-0.431838
-0.432517
-0.431768
-0.429867
-0.425891
-0.421828
-0.415911
-0.410424
-0.401628
-0.394221
-0.384689
-0.377081
-0.366592
-0.358281
-0.353181
-0.350611
-0.348954
-0.350304
-0.352619
-0.356333
-0.363426
-0.372543
-0.382174
-0.385357
-0.395395
-0.402542
-0.410801
-0.416124
-0.428793
-0.42823
-0.430887
-0.432993
-0.432811
-0.431365
-0.429928
-0.42402
-0.422258
-0.413162
-0.407415
-0.401373
-0.394603
-0.377888
-0.374314
-0.364124
-0.363694
-0.357939
-0.35748
-0.359902
-0.359696
-0.372413
-0.37185
-0.377337
-0.403746
-0.406266
-0.431353
-0.433061
-0.436695
-0.443218
-0.442509
-0.39849
-0.397885
-0.393222
-0.39261
-0.368916
-0.361438
-0.333618
-0.330203
-0.32997
-0.307627
-0.307627
-0.306367
-0.306367
-0.340889
-0.340889
-0.400431
-0.400506
-0.44795
-0.44795
-0.47941
-0.482047
-0.482047
-0.497959
-0.498163
-0.492197
-0.489571
-0.48897
-0.481095
-0.481095
-0.455195
-0.455247
-0.429704
-0.427362
-0.421079
-0.421075
-0.438649
-0.437844
-0.46662
-0.468913
-0.493316
-0.493316
-0.497595
-0.508029
-0.508717
-0.504492
-0.504492
-0.4814
-0.481889
-0.448907
-0.448822
-0.416638
-0.413556
-0.409245
-0.4047
-0.403707
-0.405539
-0.411429
-0.416529
-0.422811
-0.433184
-0.44104
-0.454323
-0.463402
-0.476604
-0.4849
-0.496973
-0.506985
-0.513097
-0.518216
-0.524632
-0.527029
-0.529775
-0.52976
-0.528819
-0.525853
-0.522591
-0.516238
-0.510526
-0.505774
-0.496595
-0.489732
-0.477955
-0.467277
-0.458745
-0.445133
-0.436517
-0.425402
-0.41542
-0.408687
-0.405369
-0.40399
-0.404551
-0.40644
-0.411495
-0.415751
-0.423826
-0.430265
-0.436287
-0.44466
-0.453274
-0.459071
-0.465534
-0.469266
-0.473433
-0.475297
-0.476613
-0.475986
-0.474064
-0.470494
-0.467301
-0.463178
-0.455724
-0.449483
-0.440547
-0.434023
-0.422602
-0.414092
-0.403361
-0.395311
-0.390618
-0.386326
-0.385304
-0.386282
-0.388643
-0.393855
-0.399248
-0.410739
-0.413647
-0.42368
-0.430332
-0.439642
-0.445625
-0.453492
-0.457863
-0.463124
-0.465683
-0.467917
-0.468164
-0.467513
-0.465418
-0.461611
-0.458155
-0.45131
-0.446219
-0.437299
-0.430668
-0.420348
-0.41285
-0.402574
-0.396587
-0.389657
-0.386427
-0.384653
-0.385852
-0.388378
-0.391932
-0.402866
-0.40802
-0.414256
-0.42113
-0.432286
-0.44113
-0.447174
-0.452777
-0.461998
-0.464936
-0.467588
-0.46949
-0.470572
-0.469676
-0.468177
-0.46579
-0.460302
-0.453951
-0.445932
-0.443223
-0.433813
-0.418821
-0.411421
-0.406918
-0.396111
-0.391816
-0.387992
-0.387287
-0.388704
-0.393034
-0.397459
-0.402455
-0.412695
-0.418538
-0.425345
-0.435399
-0.448764
-0.451547
-0.459347
-0.466913
-0.472669
-0.472669
-0.475542
-0.475561
-0.475129
-0.472807
-0.468476
-0.466082
-0.457879
-0.452708
-0.443902
-0.436704
-0.423333
-0.419597
-0.409583
-0.40644
-0.398195
-0.395154
-0.392051
-0.392434
-0.395711
-0.397344
-0.404047
-0.415756
-0.41892
-0.43262
-0.435875
-0.452558
-0.452701
-0.464097
-0.466473
-0.472747
-0.479046
-0.479207
-0.480286
-0.480013
-0.477879
-0.475484
-0.468243
-0.465583
-0.460562
-0.452684
-0.43481
-0.435042
-0.428594
-0.412849
-0.408811
-0.396954
-0.388578
-0.383768
-0.379014
-0.379014
-0.379857
-0.382436
-0.388746
-0.394586
-0.403132
-0.409633
-0.42023
-0.427722
-0.437036
-0.4458
-0.45099
-0.456383
-0.462539
-0.465903
-0.466489
-0.46648
-0.46551
-0.463222
-0.460394
-0.454378
-0.450267
-0.442487
-0.436482
-0.426965
-0.419949
-0.412985
-0.404194
-0.399134
-0.394997
-0.392601
-0.392169
-0.395559
-0.399461
-0.403988
-0.412536
-0.419393
-0.425951
-0.435201
-0.44511
-0.452168
-0.464983
-0.4651
-0.470382
-0.474027
-0.476664
-0.477627
-0.477713
-0.476268
-0.473582
-0.468717
-0.464669
-0.459545
-0.451962
-0.445761
-0.435688
-0.427948
-0.417562
-0.407097
-0.400862
-0.394073
-0.391249
-0.389747
-0.390541
-0.393914
-0.397894
-0.405459
-0.411726
-0.421712
-0.431985
-0.439258
-0.445743
-0.456127
-0.460903
-0.468174
-0.472344
-0.476737
-0.478504
-0.479654
-0.479802
-0.477829
-0.475637
-0.470622
-0.466846
-0.459448
-0.451124
-0.444822
-0.438181
-0.427284
-0.420327
-0.410246
-0.405095
-0.399253
-0.396379
-0.396377
-0.397544
-0.403858
-0.405974
-0.414038
-0.420254
-0.433377
-0.443761
-0.446828
-0.453176
-0.462108
-0.469864
-0.474392
-0.477416
-0.482253
-0.482924
-0.483103
-0.481637
-0.47984
-0.474994
-0.471302
-0.46092
-0.455779
-0.449726
-0.439641
-0.432745
-0.425533
-0.416573
-0.410154
-0.407124
-0.405518
-0.406005
-0.409787
-0.41335
-0.421759
-0.426949
-0.436704
-0.442952
-0.453295
-0.459922
-0.470251
-0.475355
-0.482707
-0.486887
-0.491528
-0.493136
-0.494738
-0.494275
-0.492448
-0.490374
-0.485665
-0.479286
-0.473313
-0.464796
-0.45856
-0.448281
-0.441831
-0.434439
-0.423371
-0.417877
-0.41075
-0.408365
-0.40653
-0.408319
-0.411286
-0.417624
-0.425704
-0.431708
-0.438637
-0.450364
-0.45632
-0.466439
-0.47354
-0.481701
-0.486558
-0.491628
-0.494613
-0.496943
-0.497441
-0.496674
-0.4951
-0.491383
-0.488016
-0.481616
-0.473742
-0.467124
-0.458338
-0.451527
-0.443803
-0.431998
-0.425203
-0.415811
-0.411036
-0.405726
-0.404376
-0.405078
-0.408588
-0.413115
-0.420986
-0.42728
-0.437436
-0.444323
-0.450494
-0.46083
-0.470289
-0.476882
-0.483808
-0.487774
-0.492453
-0.49418
-0.495598
-0.495218
-0.493159
-0.49058
-0.485729
-0.481854
-0.47416
-0.467735
-0.458869
-0.45234
-0.441695
-0.433258
-0.423203
-0.416979
-0.410073
-0.406762
-0.405378
-0.406064
-0.409346
-0.414076
-0.420906
-0.430242
-0.436944
-0.448302
-0.454459
-0.464608
-0.470631
-0.477955
-0.482768
-0.486662
-0.491076
-0.493897
-0.494847
-0.493821
-0.492118
-0.488611
-0.485009
-0.478896
-0.47369
-0.465104
-0.459094
-0.444982
-0.441376
-0.429826
-0.422461
-0.412975
-0.408261
-0.403085
-0.401136
-0.402162
-0.408302
-0.409661
-0.414979
-0.423922
-0.430637
-0.441265
-0.451766
-0.458715
-0.464951
-0.474115
-0.478696
-0.485414
-0.488369
-0.491567
-0.493244
-0.492712
-0.491715
-0.488524
-0.485541
-0.479934
-0.475244
-0.463987
-0.458065
-0.451165
-0.444646
-0.42894
-0.422462
-0.416886
-0.411504
-0.406382
-0.405695
-0.406432
-0.412635
-0.414293
-0.422059
-0.431669
-0.44359
-0.450053
-0.457212
-0.46738
-0.473708
-0.480352
-0.48801
-0.493846
-0.496519
-0.500195
-0.500527
-0.500165
-0.497643
-0.494931
-0.489982
-0.486006
-0.477599
-0.471561
-0.461907
-0.455939
-0.449039
-0.430245
-0.430149
-0.419947
-0.413157
-0.410569
-0.408632
-0.409748
-0.413413
-0.41737
-0.424136
-0.433797
-0.44142
-0.447242
-0.457539
-0.464322
-0.474835
-0.480201
-0.487266
-0.491142
-0.495024
-0.495766
-0.49735
-0.496102
-0.494802
-0.490834
-0.487885
-0.481214
-0.476201
-0.46738
-0.461728
-0.451459
-0.443332
-0.432725
-0.425374
-0.415882
-0.410684
-0.406149
-0.404989
-0.405285
-0.40774
-0.413353
-0.417711
-0.426733
-0.437035
-0.445516
-0.455199
-0.461723
-0.469497
-0.477599
-0.482759
-0.489385
-0.495463
-0.496701
-0.497969
-0.497792
-0.496136
-0.49379
-0.490937
-0.485295
-0.477866
-0.472405
-0.46255
-0.456007
-0.444948
-0.43733
-0.427672
-0.421152
-0.4142
-0.411283
-0.409803
-0.410256
-0.413387
-0.417658
-0.424904
-0.431244
-0.442172
-0.448083
-0.458494
-0.465483
-0.475243
-0.480876
-0.488321
-0.492388
-0.496897
-0.499196
-0.500057
-0.500128
-0.497351
-0.49581
-0.491338
-0.487274
-0.479764
-0.471081
-0.464707
-0.458457
-0.442512
-0.435983
-0.428117
-0.42188
-0.413304
-0.410354
-0.407254
-0.407218
-0.40999
-0.415345
-0.420541
-0.42655
-0.436505
-0.446716
-0.458008
-0.464947
-0.474943
-0.480901
-0.486197
-0.490483
-0.495649
-0.499184
-0.500519
-0.500413
-0.499548
-0.495078
-0.492093
-0.488366
-0.481181
-0.47207
-0.46057
-0.457186
-0.438358
-0.438358
-0.426118
-0.420651
-0.412852
-0.409072
-0.406169
-0.406662
-0.407799
-0.411881
-0.419599
-0.424908
-0.435301
-0.441476
-0.451996
-0.458894
-0.469374
-0.477821
-0.483701
-0.487426
-0.49268
-0.494657
-0.497076
-0.496862
-0.495505
-0.49446
-0.490077
-0.486473
-0.4787
-0.471124
-0.4649
-0.458479
-0.446976
-0.435968
-0.429556
-0.421052
-0.416802
-0.413422
-0.412894
-0.413482
-0.41779
-0.4238
-0.429198
-0.439346
-0.446215
-0.455985
-0.46301
-0.473608
-0.479394
-0.487872
-0.492582
-0.49867
-0.501906
-0.503903
-0.504205
-0.504391
-0.50273
-0.500023
-0.495759
-0.489643
-0.482853
-0.477373
-0.471031
-0.459862
-0.453846
-0.442812
-0.435659
-0.425768
-0.420306
-0.416289
-0.414509
-0.415526
-0.419028
-0.423264
-0.430816
-0.437359
-0.447843
-0.453374
-0.464314
-0.471839
-0.477823
-0.486029
-0.493516
-0.498631
-0.50256
-0.503961
-0.506008
-0.505167
-0.50365
-0.501085
-0.496408
-0.491399
-0.485301
-0.477476
-0.467943
-0.460374
-0.450539
-0.442056
-0.432361
-0.425195
-0.41926
-0.415633
-0.414452
-0.415909
-0.418898
-0.425013
-0.430362
-0.440632
-0.446977
-0.457602
-0.464029
-0.474296
-0.480807
-0.48937
-0.494305
-0.500039
-0.502224
-0.505245
-0.505292
-0.505166
-0.503391
-0.500021
-0.496236
-0.489697
-0.481897
-0.47649
-0.470179
-0.452582
-0.452466
-0.438143
-0.432962
-0.428006
-0.423913
-0.421634
-0.421056
-0.423444
-0.428663
-0.433906
-0.439354
-0.449603
-0.459172
-0.465638
-0.47247
-0.483014
-0.490338
-0.496019
-0.502144
-0.505275
-0.508222
-0.50958
-0.509345
-0.508448
-0.505149
-0.502443
-0.49831
-0.491693
-0.483313
-0.476884
-0.466948
-0.46003
-0.449139
-0.437399
-0.434864
-0.425426
-0.421999
-0.42079
-0.420818
-0.422524
-0.428437
-0.435833
-0.441781
-0.451475
-0.458418
-0.468791
-0.478878
-0.487218
-0.490515
-0.497486
-0.504017
-0.506718
-0.50808
-0.509621
-0.509297
-0.506532
-0.504769
-0.499917
-0.495483
-0.487861
-0.48303
-0.473975
-0.462565
-0.456641
-0.448314
-0.434919
-0.428189
-0.419587
-0.416646
-0.413614
-0.413952
-0.416045
-0.421323
-0.426185
-0.435871
-0.442339
-0.451758
-0.459464
-0.471951
-0.47809
-0.480361
-0.488252
-0.494117
-0.496614
-0.50017
-0.500971
-0.500136
-0.499567
-0.496428
-0.493108
-0.486655
-0.481697
-0.473812
-0.467919
-0.454241
-0.447236
-0.439451
-0.432575
-0.421731
-0.417374
-0.413536
-0.411981
-0.412921
-0.415852
-0.420369
-0.428215
-0.435188
-0.444767
-0.451758
-0.462675
-0.470866
-0.479827
-0.485689
-0.493331
-0.4982
-0.501791
-0.504529
-0.505674
-0.505698
-0.504155
-0.500005
-0.496587
-0.492763
-0.485774
-0.48039
-0.470831
-0.457201
-0.453417
-0.445992
-0.435905
-0.428849
-0.422436
-0.41932
-0.417717
-0.418517
-0.422558
-0.429466
-0.433887
-0.441396
-0.450334
-0.460835
-0.468159
-0.475699
-0.484551
-0.492853
-0.497296
-0.503181
-0.505547
-0.507828
-0.508853
-0.50852
-0.506256
-0.50328
-0.499778
-0.493248
-0.488173
-0.479987
-0.472712
-0.463193
-0.455644
-0.444647
-0.437362
-0.42936
-0.423993
-0.420059
-0.419425
-0.421287
-0.424128
-0.430105
-0.435438
-0.44521
-0.455902
-0.463096
-0.470319
-0.481028
-0.490298
-0.49607
-0.506314
-0.507273
-0.510391
-0.513695
-0.514249
-0.514027
-0.511689
-0.508552
-0.50538
-0.499838
-0.492081
-0.486331
-0.479518
-0.469867
-0.458688
-0.451652
-0.443659
-0.434142
-0.426981
-0.422999
-0.422492
-0.422948
-0.426891
-0.430452
-0.438657
-0.444461
-0.454829
-0.461873
-0.468815
-0.480314
-0.489089
-0.497216
-0.502239
-0.508532
-0.510355
-0.513758
-0.514485
-0.513928
-0.511907
-0.508878
-0.504885
-0.497619
-0.493683
-0.48489
-0.481262
-0.468146
-0.460826
-0.449613
-0.437748
-0.431678
-0.424586
-0.421919
-0.420542
-0.420998
-0.423312
-0.428653
-0.433754
-0.443263
-0.449156
-0.45984
-0.467014
-0.478786
-0.483987
-0.493415
-0.501338
-0.505653
-0.509304
-0.511209
-0.513243
-0.513055
-0.51123
-0.508252
-0.503201
-0.499
-0.492382
-0.486712
-0.473583
-0.47041
-0.459446
-0.451519
-0.439344
-0.432436
-0.424931
-0.421109
-0.418454
-0.418547
-0.4209
-0.423865
-0.431596
-0.439993
-0.446568
-0.453055
-0.464966
-0.474978
-0.480675
-0.488611
-0.495059
-0.498126
-0.501379
-0.504518
-0.505165
-0.504299
-0.503552
-0.49975
-0.496953
-0.491245
-0.485604
-0.47753
-0.470969
-0.461484
-0.455013
-0.443586
-0.433159
-0.429182
-0.421914
-0.417198
-0.415348
-0.415856
-0.418689
-0.424362
-0.432462
-0.44225
-0.449162
-0.456363
-0.464653
-0.474764
-0.480756
-0.489958
-0.495956
-0.501351
-0.505317
-0.509034
-0.510136
-0.510015
-0.508419
-0.506285
-0.501118
-0.497794
-0.490304
-0.484616
-0.474796
-0.467936
-0.458296
-0.451118
-0.439957
-0.434142
-0.429558
-0.424126
-0.422289
-0.424118
-0.426752
-0.43113
-0.442469
-0.444849
-0.454956
-0.462095
-0.472515
-0.480225
-0.489292
-0.49487
-0.502671
-0.508419
-0.510906
-0.512975
-0.514664
-0.513715
-0.511794
-0.509762
-0.505323
-0.499312
-0.493686
-0.488746
-0.475588
-0.468269
-0.460625
-0.450358
-0.439661
-0.432846
-0.426479
-0.42306
-0.421646
-0.422136
-0.425207
-0.429471
-0.437404
-0.442937
-0.452917
-0.456021
-0.470143
-0.476856
-0.486252
-0.491836
-0.499261
-0.502913
-0.506823
-0.509297
-0.510324
-0.506943
-0.504606
-0.501667
-0.49695
-0.490345
-0.48552
-0.476997
-0.470367
-0.464015
-0.451685
-0.445491
-0.434312
-0.426157
-0.421564
-0.41814
-0.417244
-0.41889
-0.422427
-0.429416
-0.435438
-0.447868
-0.451485
-0.463459
-0.471074
-0.481456
-0.488163
-0.496986
-0.500927
-0.506859
-0.510789
-0.513696
-0.5144
-0.514071
-0.513039
-0.508761
-0.505583
-0.499784
-0.494915
-0.486042
-0.480498
-0.470333
-0.46327
-0.451529
-0.441544
-0.435567
-0.428847
-0.42566
-0.424087
-0.424973
-0.428998
-0.433417
-0.440601
-0.446522
-0.457445
-0.467443
-0.475279
-0.481592
-0.49123
-0.497391
-0.504312
-0.508853
-0.513254
-0.515497
-0.516588
-0.515686
-0.51469
-0.512236
-0.507188
-0.501092
-0.4963
-0.48742
-0.481489
-0.470693
-0.463756
-0.452762
-0.445981
-0.437467
-0.432401
-0.428838
-0.428869
-0.429705
-0.432994
-0.442465
-0.444461
-0.453934
-0.460828
-0.471694
-0.478891
-0.486189
-0.49542
-0.504053
-0.510662
-7.15741
-7.16217
-7.16776
-7.17038
-7.17264
-7.1731
-7.17224
-7.17078
-7.16711
-7.16394
-7.15808
-7.15344
-7.14575
-7.14026
-7.13005
-7.12192
-7.10392
-0.409466
-7.05899
-7.03175
-6.99214
-6.9592
-6.9032
-6.86148
-6.77023
-6.74599
-6.67033
-6.59098
-6.50869
-6.48071
-6.3884
-6.33794
-6.2506
-6.19197
-6.10368
0.685421
0.745493
0.805553
0.895555
0.992063
1.04411
1.16258
1.19637
1.28423
1.34277
1.43035
1.48824
1.57531
1.63343
1.69069
1.77642
1.86209
1.91913
2.00409
2.09652
2.14594
2.23085
2.32252
2.37168
2.42804
2.5193
2.60363
2.65314
2.70959
2.79332
2.84978
2.9612
2.98918
3.08081
3.16414
3.22058
3.26952
3.35276
3.44406
3.49935
3.57673
3.63178
3.72247
3.77879
3.85551
3.91119
4.00157
4.05708
4.14062
4.18925
4.2798
4.35629
4.41183
4.4673
4.55747
4.61312
4.68951
4.77272
4.83496
4.91118
4.96627
5.04925
5.11012
5.1842
5.23751
5.29006
5.37422
5.43315
5.43638
5.46357
5.47056
5.488
5.48726
5.50713
5.50995
5.52141
5.51698
5.53084
5.52975
5.53622
5.53377
5.53854
5.56362
5.53855
5.5452
5.5358
5.53059
5.53255
5.53726
5.52752
5.52138
5.52509
5.52496
5.51488
5.51772
5.50749
5.49692
5.49923
5.50158
5.49386
5.49265
5.48174
5.48288
5.47227
5.47302
5.46081
5.45876
5.44681
5.44674
5.43642
5.43987
5.44426
5.43713
5.43158
5.44051
5.43568
5.44466
5.44035
5.44841
5.44285
5.44769
5.43932
5.44051
5.42992
5.43598
5.41458
5.4162
5.39996
5.3837
5.36827
5.35939
5.3515
5.33691
5.33006
5.31859
5.31264
5.29839
5.28611
5.28936
5.27954
5.2661
5.25437
5.25691
5.24486
5.24042
5.21952
5.22079
5.20613
5.19289
5.18502
5.17188
5.16424
5.15587
5.1483
5.13405
5.11928
5.11024
5.09625
5.09105
5.07242
5.06384
5.04857
5.03847
5.0244
5.0147
5.00063
4.98999
4.97552
4.96515
4.95473
4.93922
4.92417
4.91207
4.89701
4.88423
4.86933
4.85494
4.83944
4.82474
4.80837
4.79386
4.7767
4.76138
4.74528
4.7285
4.71236
4.69578
4.67848
4.6614
4.64515
4.62786
4.61171
4.59531
4.57867
4.56208
4.54594
4.52906
4.5133
4.4972
4.48139
4.4655
4.45008
4.43417
4.4182
4.40278
4.38712
4.3717
4.35596
4.34075
4.32514
4.30998
4.29494
4.27933
4.26418
4.24901
4.23397
4.21892
4.20378
4.18877
4.17403
4.15899
4.14418
4.12952
4.11496
4.10011
4.08538
4.07115
4.05632
4.04246
4.02751
4.01391
4.00021
3.98565
3.97252
3.9578
3.94474
3.93003
3.91744
3.90427
3.89019
3.87763
3.8632
3.85086
3.83834
3.82514
3.8099
3.79741
3.78402
3.77191
3.75702
3.74497
3.73023
3.71867
3.70731
3.69527
3.68295
3.6709
3.65868
3.64678
3.63494
3.62326
3.61119
3.59963
3.58817
3.5767
3.56525
3.55394
3.54243
3.53127
3.51976
3.50887
3.49741
3.48658
3.47453
3.46445
3.45347
3.44196
3.43171
3.42076
3.41023
3.3992
3.38881
3.37807
3.36768
3.35713
3.34676
3.33661
3.32645
3.31642
3.3057
3.2957
3.28578
3.27553
3.26588
3.25574
3.24618
3.23616
3.22665
3.21684
3.20742
3.19752
3.18818
3.17862
3.16952
3.16
3.15028
3.14139
3.13166
3.12286
3.11344
3.10475
3.09527
3.08668
3.0779
3.06879
3.05965
3.05088
3.04216
3.03342
3.02454
3.01571
3.007
2.99812
2.9896
2.98135
2.97274
2.96442
2.955
2.94748
2.93884
2.93095
2.92252
2.91451
2.90634
2.89802
2.89034
2.88257
2.87451
2.86665
2.85851
2.85103
2.8432
2.83517
2.82753
2.82011
2.81236
2.80499
2.79707
2.78957
2.78206
2.77473
2.76643
2.75969
2.75148
2.74423
2.73715
2.72946
2.72244
2.71466
2.70755
2.7009
2.69333
2.68597
2.67926
2.67252
2.66528
2.65796
2.65112
2.64465
2.63647
2.63055
2.62341
2.61719
2.61011
2.60303
2.59668
2.59375
2.5835
2.57666
2.57031
2.56348
2.55676
2.55042
2.54388
2.53754
2.53088
2.52478
2.51794
2.51202
2.50519
