0
0
0
0
0
0
0
0
0
0
0
0
0
0
0
0
0
0
0
0
0
0
0
0
1.81352
1.81579
1.77623
1.77849
1.51996
1.52216
1.11286
1.07842
0.742392
0.744132
0.57771
0.57916
0.58061
0.548779
0.549984
0.556335
0.551539
0.552567
0.51489
0.515797
0.444905
0.445698
0.399417
0.400115
0.398127
0.386362
0.38468
0.34847
0.348462
0.287416
0.283037
0.252319
0.250743
0.245528
0.2459
0.252063
0.252401
0.227381
0.227692
0
0
0
0
0
0
0
0
0
0
0
0
0
0
0
0
0
0
0
0
0
0
0
0
0
0
0
0
0
0
0
0
0
0
0
0
0
0
0
0
0
0
0
0
0
0
0
0
0
0
0
0
0
0
0
0
0
0
0
0
0
0
0
0
0
0
0
0
0
0
0
0
0
0
0
0
0
0
0
0
0
0
0
0
0
0
0
0
0
0
0
0
0
0
0
0
0
0
0
0
0
0
0
0
0
0
0
0
0
0
0
0
0
0
0
0
0
0
0
0
0
0
0
0
0
0
0
0
0
0
0
0
0
0
0
0
0
0
0
0
0
0
0
0
0
0
0
0
0
0
0
0
0
0
0
0
0
0
0
0
0
0
0
0
0
0
0
0
0
0
0
0
0
0
0
0
0
0
0
0
0
0
0
0
0
0
0
0
0
0
0
0
0
0
0
0
0
0
0
0
0
0
0
0
0
0
0
0
0
0
0
0
0
0
0
0
0
0
0
0
0
0
0
0
0
0
0
0
0
0
0
0
0
0
0
0
0
0
0
0
0
0
0
0
0
0
0
0
0
0
0
0
0
0
0
0
0
0
0
0
0
0.548709
0.549367
0.550024
0.549563
0.543462
0.532442
0.508229
0.488072
0.453022
0.427879
0.388676
0.34969
0.324832
0.289379
0.267738
0.238134
0.210614
0.205221
0.179227
0.1691
0.156725
0.150272
0.141117
0.139083
0.135068
0.133386
0.131009
0.131059
0.130641
0.130321
0.129722
0.128889
0.128183
0.125939
0.123919
0.122939
0.118839
0.11783
0.668042
0.666663
0.663175
0.660629
0.646982
0.632344
0.601443
0.576983
0.534461
0.506705
0.462001
0.432725
0.390157
0.350653
0.326763
0.304766
0.275227
0.258311
0.234253
0.224516
0.207439
0.198118
0.190446
0.185891
0.180657
0.179853
0.175422
0.175475
0.172292
0.171722
0.168933
0.168338
0.558574
0.556105
0.554465
0.549885
0.541933
0.522792
0.506569
0.488056
0.455507
0.423173
0.399082
0.365015
0.343287
0.312206
0.28568
0.266918
0.24601
0.232841
0.215653
0.204282
0.193927
0.187335
0.181794
0.173536
0.169951
0.167335
0.16383
0.160993
0.159402
0.158012
0.155498
0.152942
0.59136
0.589116
0.587038
0.583502
0.570614
0.55598
0.529705
0.507736
0.474008
0.449768
0.412653
0.386894
0.353717
0.332011
0.30177
0.281712
0.259386
0.238699
0.227072
0.207396
0.203913
0.193806
0.188559
0.18073
0.177612
0.175243
0.173229
0.171489
0.169052
0.166509
0.165119
0.163431
0.599191
0.596469
0.594696
0.589877
0.581424
0.560779
0.543146
0.511729
0.476509
0.452102
0.40054
0.388786
0.367127
0.321443
0.313877
0.28651
0.270331
0.249047
0.237048
0.224661
0.213303
0.202838
0.197254
0.190303
0.186681
0.18073
0.1797
0.175239
0.174581
0.171823
0.17003
0.601491
0.600936
0.598107
0.596014
0.585195
0.564849
0.547411
0.527396
0.493481
0.457097
0.407475
0.39575
0.370437
0.338486
0.318012
0.299117
0.271362
0.258526
0.239081
0.228147
0.214291
0.20328
0.197463
0.192571
0.184883
0.182159
0.178725
0.176915
0.174416
0.172899
0.598948
0.599677
0.597495
0.593526
0.585782
0.573911
0.549466
0.51915
0.484844
0.460925
0.422587
0.388143
0.363497
0.343638
0.311366
0.293227
0.268936
0.248288
0.236697
0.228525
0.215723
0.20892
0.19885
0.196131
0.190697
0.187858
0.182974
0.182303
0.179533
0.175816
0.60875
0.608315
0.606794
0.602814
0.598011
0.580561
0.55532
0.534247
0.513259
0.476017
0.453023
0.414543
0.390644
0.358118
0.336969
0.305885
0.282311
0.267465
0.254179
0.235042
0.22564
0.212019
0.206048
0.19937
0.195199
0.190096
0.188836
0.184094
0.18225
0.179639
0.605599
0.603488
0.603098
0.600199
0.589836
0.5769
0.562307
0.532414
0.500215
0.475313
0.440099
0.414233
0.380485
0.356459
0.327392
0.29968
0.275576
0.266594
0.249183
0.238104
0.22856
0.214711
0.207042
0.201999
0.195717
0.190964
0.188277
0.184901
0.183009
0.180119
0.622596
0.62032
0.618887
0.614655
0.606647
0.594432
0.569286
0.548094
0.514943
0.490618
0.452793
0.426066
0.389207
0.367936
0.335344
0.313535
0.288892
0.265885
0.25286
0.236035
0.226676
0.214846
0.208619
0.201738
0.197175
0.192439
0.19
0.186898
0.185197
0.613863
0.612865
0.610894
0.608144
0.594892
0.581581
0.555406
0.523819
0.487271
0.476908
0.438318
0.403661
0.380736
0.358821
0.32817
0.30976
0.284994
0.270598
0.251777
0.241198
0.22774
0.220409
0.21127
0.204133
0.200365
0.195582
0.1904
0.188419
0.625405
0.626103
0.622759
0.619723
0.60612
0.599166
0.564995
0.545502
0.523027
0.499165
0.462002
0.424874
0.389005
0.377844
0.345273
0.307075
0.298899
0.275772
0.25413
0.245321
0.231458
0.227708
0.217709
0.209947
0.203946
0.199273
0.19533
0.194444
0.190158
0.629674
0.626392
0.625003
0.621072
0.614123
0.593765
0.577838
0.547181
0.524416
0.486199
0.462665
0.425015
0.386823
0.364043
0.344573
0.315169
0.295794
0.272905
0.255784
0.245064
0.233819
0.224181
0.215179
0.208723
0.202931
0.199901
0.19609
0.195277
0.632308
0.631097
0.629993
0.628291
0.616926
0.605041
0.581588
0.562003
0.527123
0.503037
0.466994
0.442041
0.403434
0.370711
0.349352
0.320974
0.293922
0.284276
0.263435
0.248269
0.236821
0.226862
0.220462
0.212588
0.206863
0.203438
0.199296
0.197005
0.193944
0.643975
0.645256
0.64402
0.639751
0.631471
0.619178
0.593879
0.562235
0.538751
0.512368
0.474865
0.447349
0.411293
0.387412
0.353859
0.322825
0.30599
0.289886
0.268809
0.249507
0.242059
0.230101
0.223728
0.215944
0.205293
0.206646
0.203846
0.200232
0.64244
0.642101
0.63977
0.637017
0.627639
0.615825
0.591423
0.560778
0.53237
0.501075
0.47585
0.437874
0.401309
0.378424
0.356781
0.326767
0.300689
0.285539
0.272021
0.254601
0.245012
0.232954
0.226429
0.218354
0.214051
0.208692
0.205774
0.201958
0.19847
0.654448
0.651882
0.650324
0.647108
0.641026
0.630273
0.60715
0.587953
0.554301
0.529852
0.491141
0.451877
0.426417
0.401771
0.366912
0.316466
0.316842
0.299717
0.276666
0.255636
0.247179
0.233736
0.221201
0.215626
0.210483
0.206899
0.203943
0.200296
0.198297
0.653816
0.650844
0.649639
0.646931
0.64115
0.623822
0.608004
0.578313
0.555776
0.517316
0.491561
0.441157
0.41436
0.392336
0.369418
0.337973
0.319319
0.294361
0.277894
0.259463
0.251187
0.236112
0.230937
0.222126
0.217454
0.210038
0.20712
0.204548
0.658681
0.657159
0.654635
0.652742
0.647898
0.629465
0.614695
0.585057
0.550292
0.525432
0.486454
0.458784
0.420699
0.398758
0.365209
0.344934
0.315343
0.299231
0.2802
0.268127
0.250591
0.242037
0.23322
0.227362
0.220114
0.214623
0.211283
0.207115
0.203497
0.667385
0.665786
0.664172
0.658494
0.644691
0.61184
0.602082
0.578807
0.543288
0.504396
0.491551
0.450321
0.424847
0.390671
0.366181
0.335395
0.31711
0.295009
0.274519
0.260846
0.248199
0.232333
0.23022
0.220742
0.218328
0.213222
0.210433
0.206819
0.204666
0.666108
0.663584
0.661004
0.657362
0.648701
0.628126
0.609151
0.578002
0.541214
0.513818
0.475594
0.441787
0.411132
0.387083
0.353635
0.324014
0.306612
0.290945
0.270609
0.257238
0.245187
0.237443
0.227904
0.222832
0.216621
0.211735
0.209078
0.205535
0.661738
0.660268
0.657755
0.653285
0.644825
0.632446
0.607078
0.586683
0.551769
0.526779
0.487752
0.446765
0.423462
0.399228
0.352404
0.344686
0.316805
0.300364
0.27898
0.261214
0.251286
0.23871
0.23186
0.223397
0.214878
0.213216
0.210136
0.2061
0.20376
0.67363
0.672082
0.669422
0.66347
0.661201
0.634018
0.606487
0.584214
0.558423
0.520639
0.480424
0.453999
0.428181
0.403229
0.368428
0.337272
0.318748
0.291785
0.279808
0.2673
0.251406
0.236767
0.23191
0.223416
0.218842
0.2117
0.207404
0.205005
0.664612
0.664431
0.663042
0.66025
0.654462
0.637103
0.621208
0.590109
0.556282
0.529663
0.491918
0.465836
0.425569
0.391612
0.369475
0.338899
0.318469
0.301943
0.282467
0.261727
0.252519
0.245865
0.235048
0.22927
0.220481
0.218314
0.212032
0.210716
0.205756
0.67845
0.676829
0.674005
0.670828
0.653887
0.647206
0.620755
0.598329
0.563444
0.537567
0.510873
0.468418
0.42891
0.403956
0.382445
0.347659
0.321398
0.304753
0.282876
0.271226
0.254678
0.24596
0.235125
0.227428
0.222062
0.218187
0.213368
0.209282
0.207184
0.67587
0.673334
0.670733
0.669143
0.662525
0.650602
0.618335
0.597301
0.573882
0.535393
0.495245
0.468462
0.428962
0.403967
0.37814
0.34758
0.328007
0.301985
0.284741
0.267597
0.251827
0.243201
0.233911
0.226891
0.220052
0.216426
0.210478
0.208355
0.20622
0.683207
0.680814
0.679355
0.674817
0.666056
0.652164
0.626817
0.581457
0.569188
0.529447
0.502193
0.461483
0.435207
0.397674
0.374499
0.342694
0.32378
0.298693
0.284278
0.265714
0.255306
0.242286
0.235175
0.226507
0.221879
0.21464
0.213203
0.20936
0.207123
0.684875
0.683466
0.680992
0.676391
0.667571
0.654623
0.628109
0.594895
0.570188
0.544007
0.503093
0.475837
0.435862
0.406666
0.37486
0.353045
0.32333
0.297873
0.283218
0.264322
0.253911
0.241009
0.230991
0.228278
0.221308
0.215971
0.2131
0.209445
0.207281
0.69115
0.691904
0.689412
0.685934
0.670811
0.655893
0.637361
0.603796
0.565467
0.538445
0.510778
0.453446
0.429147
0.391737
0.368646
0.327614
0.3187
0.294264
0.280264
0.262612
0.25287
0.24456
0.237569
0.22502
0.222788
0.216284
0.215142
0.211655
0.209556
0.20657
0.694125
0.69156
0.689856
0.68481
0.675553
0.653642
0.623697
0.600365
0.574901
0.533947
0.506016
0.462283
0.426941
0.396588
0.374927
0.342423
0.323257
0.295685
0.283493
0.264986
0.247979
0.23831
0.231945
0.224245
0.218465
0.215228
0.212552
0.20882
0.205869
0.693691
0.692359
0.689905
0.686448
0.676604
0.656248
0.626863
0.602563
0.577275
0.536597
0.510641
0.467158
0.428895
0.391317
0.368236
0.344613
0.318342
0.294191
0.280393
0.266029
0.257617
0.244542
0.235524
0.227155
0.22248
0.219016
0.21478
0.211002
0.209281
0.20728
0.702601
0.700057
0.697401
0.693315
0.683947
0.67027
0.642411
0.607649
0.581825
0.552944
0.512022
0.469779
0.440538
0.401578
0.37993
0.347418
0.328223
0.302983
0.281899
0.270081
0.259793
0.244874
0.234878
0.231362
0.226746
0.221146
0.218123
0.214261
0.211973
0.693902
0.692382
0.689705
0.686107
0.662511
0.655817
0.626513
0.603584
0.565343
0.510417
0.496768
0.469228
0.413809
0.403731
0.368711
0.347483
0.319247
0.302805
0.281485
0.269471
0.254354
0.242365
0.235915
0.230463
0.223828
0.218674
0.215819
0.21327
0.209873
0.694387
0.690692
0.686994
0.687915
0.676071
0.66275
0.6457
0.612617
0.57657
0.549861
0.522246
0.48034
0.439577
0.401137
0.377357
0.34244
0.325336
0.299701
0.284994
0.264021
0.255812
0.242908
0.231341
0.225719
0.223141
0.217896
0.215104
0.210222
0.209544
0.694425
0.691015
0.690656
0.684716
0.676096
0.663902
0.63583
0.615264
0.576712
0.551528
0.510033
0.468462
0.441678
0.415896
0.377539
0.357944
0.326142
0.303025
0.288451
0.269689
0.257079
0.241948
0.237139
0.225719
0.224274
0.222264
0.216189
0.21307
0.211975
0.697349
0.696029
0.69441
0.691254
0.679452
0.666051
0.639848
0.616667
0.579028
0.552078
0.511877
0.484026
0.441114
0.415133
0.380902
0.358779
0.326518
0.311195
0.269036
0.269143
0.240968
0.241011
0.237531
0.217009
0.222031
0.21318
0.213109
0.207058
0.206951
0.20724
0.722519
0.723029
0.714265
0.714744
0.711811
0.692089
0.585257
0.585664
0.571304
0.52569
0.495017
0.394004
0.384017
0.299798
0.299969
0.263481
0.251705
0.241946
0.232392
0.225635
0.221094
0.216059
0.21189
0.210677
0.209111
0.20706
0.205052
0.689927
0.688859
0.686633
0.681955
0.666436
0.65112
0.63215
0.598007
0.572637
0.531888
0.504016
0.462268
0.435321
0.396935
0.373231
0.340809
0.321532
0.29608
0.281463
0.262814
0.25244
0.23956
0.232545
0.224099
0.217645
0.214182
0.211228
0.207578
0.205451
0.679053
0.679773
0.677431
0.675486
0.664217
0.643321
0.62504
0.592002
0.565934
0.541238
0.498788
0.459778
0.433449
0.408054
0.372428
0.340495
0.321466
0.304163
0.281565
0.262914
0.247801
0.239475
0.232409
0.22388
0.217426
0.215595
0.208313
0.206024
0.20528
0.20327
0.680862
0.680544
0.678999
0.676902
0.659012
0.63489
0.625358
0.59176
0.552066
0.526675
0.485315
0.458036
0.416418
0.39361
0.356858
0.338362
0.319575
0.294833
0.272113
0.262772
0.252737
0.236675
0.228561
0.22104
0.216969
0.215131
0.210846
0.20841
0.203932
0.2031
0.681419
0.678863
0.677143
0.675757
0.669235
0.642172
0.622301
0.589566
0.563056
0.52423
0.495142
0.455976
0.429579
0.393735
0.366587
0.347192
0.318203
0.293458
0.279273
0.261085
0.248909
0.236568
0.229857
0.223537
0.217426
0.212227
0.209565
0.207132
0.204906
0.200641
0.680291
0.678864
0.677168
0.67137
0.662282
0.640769
0.623091
0.589529
0.5589
0.524433
0.483115
0.45406
0.416553
0.391921
0.368833
0.337004
0.309272
0.293153
0.272214
0.258321
0.245817
0.237821
0.231098
0.221193
0.216754
0.213397
0.209264
0.2069
0.203776
0.201739
0.685442
0.682866
0.681106
0.678786
0.666785
0.652375
0.626018
0.604055
0.56666
0.538399
0.49833
0.470602
0.430037
0.391921
0.368463
0.346646
0.317332
0.292414
0.275913
0.263398
0.249776
0.23914
0.230714
0.225111
0.218404
0.2117
0.210454
0.206892
0.204735
0.200577
0.685379
0.68289
0.681216
0.676327
0.667192
0.645593
0.626769
0.592925
0.562049
0.52724
0.499566
0.458168
0.405689
0.393525
0.370036
0.325726
0.310054
0.293871
0.279427
0.261218
0.251171
0.238754
0.232008
0.22385
0.21756
0.214149
0.211212
0.207495
0.204241
0.200936
0.693127
0.692549
0.690735
0.684738
0.678209
0.662625
0.634921
0.612642
0.587905
0.547469
0.505194
0.46289
0.449222
0.409328
0.372572
0.350254
0.320131
0.302483
0.279505
0.258319
0.25
0.24094
0.228032
0.216791
0.215671
0.210809
0.209727
0.207468
0.204657
0.202119
0.200369
0.720176
0.716824
0.715171
0.7109
0.701145
0.686856
0.656737
0.634402
0.594513
0.565938
0.521543
0.491958
0.446572
0.405762
0.383
0.348798
0.328649
0.310633
0.284862
0.271672
0.257449
0.24229
0.235346
0.228894
0.224396
0.217421
0.214671
0.213807
0.210713
0.208801
0.717586
0.715306
0.713751
0.70888
0.698498
0.676899
0.65719
0.620373
0.595276
0.551247
0.523889
0.478435
0.450387
0.412827
0.376528
0.344378
0.334689
0.305827
0.292946
0.27136
0.258004
0.249474
0.239022
0.230964
0.22867
0.221306
0.218254
0.214496
0.212548
0.209098
0.724022
0.718123
0.719561
0.717202
0.704707
0.690572
0.661793
0.638581
0.599018
0.569067
0.526602
0.497352
0.454642
0.425495
0.390134
0.367245
0.336288
0.307175
0.28717
0.274485
0.263448
0.251686
0.242251
0.233376
0.228622
0.22289
0.219836
0.217192
0.213822
0.210434
0.718754
0.71727
0.714611
0.709639
0.700172
0.67762
0.657946
0.622507
0.596039
0.553561
0.524574
0.479256
0.453252
0.41112
0.388708
0.355
0.334929
0.308455
0.293217
0.273686
0.257811
0.249092
0.241633
0.232612
0.227772
0.221982
0.218793
0.214867
0.212544
0.20941
0.721667
0.721296
0.71862
0.716259
0.709548
0.689803
0.661144
0.638014
0.612269
0.553614
0.52405
0.49641
0.467249
0.42539
0.384917
0.364057
0.342703
0.311977
0.290636
0.277196
0.260231
0.250966
0.23763
0.230988
0.226379
0.222513
0.217965
0.214417
0.212312
0.20819
0.207491
0.730496
0.72895
0.725162
0.716339
0.710906
0.69644
0.667042
0.643418
0.60318
0.557734
0.527643
0.499464
0.45357
0.412623
0.389794
0.36647
0.335199
0.308688
0.293515
0.274132
0.258515
0.247867
0.240721
0.234085
0.229495
0.22237
0.221087
0.21741
0.207708
0.210977
0.71753
0.716164
0.713464
0.708553
0.700015
0.677445
0.653104
0.621007
0.581922
0.553437
0.522539
0.478932
0.450935
0.413344
0.377099
0.352824
0.325705
0.308493
0.293186
0.271483
0.258202
0.249634
0.23913
0.233495
0.226738
0.221402
0.218589
0.214538
0.212599
0.210431
0.719323
0.716698
0.714918
0.709757
0.700129
0.677344
0.657494
0.621841
0.595261
0.552563
0.52337
0.479837
0.451841
0.412132
0.387709
0.354358
0.334497
0.308437
0.29339
0.274163
0.263406
0.250051
0.24276
0.233915
0.229131
0.221669
0.220092
0.214602
0.213614
0.210323
0.720401
0.718759
0.716995
0.711912
0.702356
0.679676
0.648569
0.609649
0.583542
0.554779
0.510659
0.481606
0.439585
0.413331
0.388768
0.342425
0.325812
0.308712
0.293435
0.271839
0.258617
0.250101
0.234763
0.234049
0.227328
0.22368
0.219302
0.216774
0.212122
0.211273
0.208118
0.727391
0.725612
0.723626
0.71811
0.708155
0.684723
0.652731
0.627744
0.584557
0.541686
0.511806
0.497084
0.437342
0.412922
0.37602
0.353603
0.323723
0.306351
0.281615
0.265728
0.253489
0.247153
0.236904
0.229223
0.223408
0.221798
0.21777
0.213131
0.211226
0.210609
0.719697
0.717362
0.716727
0.714438
0.702073
0.679301
0.659404
0.623596
0.596972
0.554317
0.515842
0.47938
0.453106
0.410604
0.385775
0.354273
0.334141
0.305254
0.285455
0.272976
0.262148
0.246714
0.241663
0.233056
0.226469
0.221261
0.218606
0.216119
0.212887
0.209541
0.724626
0.724021
0.721178
0.715016
0.706208
0.690987
0.6631
0.625749
0.600217
0.570198
0.527693
0.483839
0.455467
0.419197
0.390007
0.356094
0.335872
0.309153
0.293778
0.274098
0.263044
0.24936
0.241864
0.232866
0.226215
0.220729
0.219137
0.215277
0.212983
0.209938
0.207879
0.725469
0.723852
0.720925
0.718447
0.705719
0.682451
0.662179
0.638681
0.598669
0.570041
0.523746
0.495814
0.452391
0.409346
0.384115
0.363004
0.331494
0.30463
0.282234
0.261682
0.253873
0.241489
0.234829
0.229375
0.222943
0.219595
0.216814
0.21348
0.211517
0.208868
0.207025
0.73063
0.727143
0.726334
0.720151
0.711122
0.677725
0.66721
0.629151
0.602978
0.559152
0.529182
0.484334
0.45545
0.41459
0.389338
0.354901
0.334433
0.305092
0.292038
0.272384
0.261459
0.245917
0.237668
0.230222
0.227529
0.220406
0.216352
0.214074
0.213381
0.209248
0.207677
0.733994
0.734677
0.733843
0.728496
0.717641
0.693915
0.674273
0.637183
0.594936
0.563545
0.534884
0.473912
0.457223
0.415093
0.389044
0.356317
0.33553
0.308309
0.292769
0.273098
0.262214
0.24673
0.238639
0.233177
0.226703
0.221888
0.218831
0.216964
0.214
0.210809
0.209257
0.728049
0.725413
0.722599
0.718169
0.708264
0.684906
0.652984
0.626758
0.600853
0.557282
0.512672
0.483236
0.454478
0.413714
0.376811
0.344161
0.334295
0.307511
0.289764
0.272761
0.261966
0.238475
0.238375
0.230924
0.224135
0.222307
0.216667
0.215339
0.209858
0.209983
0.725815
0.724224
0.72251
0.720205
0.693226
0.684769
0.641029
0.641335
0.573136
0.558782
0.500124
0.50035
0.417773
0.417936
0.393533
0.317295
0.310135
0.259079
0.254792
0.244873
0.219215
0.219022
0.766163
0.766564
0.765381
0.765777
0.7659
0.76718
0.776845
0.778608
0.778946
0.773522
0.773848
0.642581
0.642873
0.469063
0.469273
0.317187
0.317263
0.262356
0.262309
0.266849
0.267624
0.267473
0.293942
0.293737
0.263412
0.260392
0.25872
0.241396
0.241122
0.729145
0.729493
0.663586
0.65217
0.537808
0.5265
0.432393
0.432524
0.341257
0.332988
0.268588
0.268518
0.257197
0.220624
0.217698
0.198026
0.197777
0.18138
0.181066
0.746714
0.747066
0.730098
0.721525
0.70045
0.660441
0.632314
0.585297
0.53478
0.5025
0.470996
0.428325
0.400673
0.36298
0.340525
0.310829
0.293634
0.271694
0.253931
0.244269
0.236109
0.224357
0.221248
0.215342
0.209314
0.207033
0.204247
0.203821
0.200081
0.198319
0.197496
0.194385
0.191953
0.70051
0.697584
0.694884
0.687561
0.676965
0.6537
0.621407
0.582952
0.555036
0.524444
0.481907
0.451147
0.411516
0.385636
0.349979
0.326244
0.306884
0.283886
0.26306
0.249171
0.236832
0.228973
0.219584
0.212718
0.208623
0.205431
0.201642
0.19403
0.196629
0.194745
0.19203
0.711214
0.709798
0.708049
0.702877
0.692266
0.669034
0.63826
0.613423
0.572025
0.542975
0.4986
0.469318
0.426964
0.40052
0.352747
0.341995
0.312508
0.295119
0.272938
0.260434
0.244898
0.236416
0.226224
0.220786
0.21438
0.209502
0.206835
0.20451
0.20156
0.199655
0.196928
0.7137
0.711219
0.709455
0.704281
0.694544
0.671507
0.651384
0.615271
0.588344
0.536831
0.500791
0.471493
0.442889
0.387333
0.365465
0.343098
0.322665
0.293672
0.273956
0.261517
0.250738
0.231857
0.227462
0.222079
0.217573
0.212266
0.20826
0.205971
0.203893
0.201084
0.198309
0.720186
0.719579
0.716795
0.707189
0.694919
0.686432
0.653736
0.62175
0.580348
0.551042
0.506074
0.468482
0.433992
0.407233
0.367874
0.348101
0.32801
0.301484
0.273196
0.267193
0.25156
0.237065
0.227024
0.226879
0.218365
0.214948
0.21209
0.208524
0.205453
0.203052
0.200399
0.715979
0.713185
0.710296
0.701307
0.695826
0.672551
0.663011
0.627791
0.603096
0.560983
0.515073
0.472745
0.458402
0.416463
0.365836
0.354465
0.313176
0.304028
0.26627
0.266232
0.244478
0.239979
0.229051
0.217087
0.216913
0.210911
0.207994
0.206543
0.204753
0.201703
0.199572
0.197865
0.72471
0.719048
0.719374
0.718121
0.707676
0.702003
0.677104
0.65298
0.620031
0.548001
0.548225
0.502831
0.472587
0.429383
0.400232
0.365393
0.343094
0.313556
0.294031
0.274568
0.256795
0.247057
0.236689
0.226109
0.219335
0.21735
0.211394
0.210027
0.206866
0.2049
0.20104
0.714303
0.712022
0.71042
0.705547
0.696039
0.682048
0.653562
0.629372
0.591444
0.563325
0.519612
0.475893
0.447694
0.420586
0.382751
0.357544
0.336538
0.311054
0.287573
0.271943
0.245984
0.245889
0.236598
0.228388
0.223015
0.219091
0.214434
0.210341
0.208528
0.205537
0.203492
0.200299
0.726629
0.72484
0.721633
0.718085
0.705808
0.68201
0.661332
0.624303
0.596754
0.552689
0.522709
0.478081
0.449264
0.408374
0.38329
0.349253
0.31977
0.302697
0.287529
0.265924
0.257457
0.244285
0.23713
0.228607
0.224036
0.218623
0.215642
0.211985
0.209767
0.20677
0.204699
0.715768
0.713018
0.711078
0.708904
0.700133
0.687781
0.661558
0.639691
0.601659
0.5579
0.530203
0.500644
0.442835
0.429149
0.389983
0.365913
0.323866
0.297528
0.289697
0.275297
0.257067
0.242805
0.233003
0.228534
0.217009
0.215116
0.212065
0.208419
0.206347
0.202406
0.201852
0.71875
0.718345
0.716718
0.71173
0.702087
0.687901
0.659021
0.622891
0.595948
0.551008
0.523
0.478679
0.450043
0.407024
0.384046
0.349841
0.329468
0.302652
0.287273
0.265536
0.256911
0.243554
0.234286
0.225833
0.223152
0.217777
0.214895
0.211459
0.209382
0.206591
0.203788
0.200635
0.724927
0.72312
0.719827
0.71635
0.706236
0.681576
0.661927
0.623747
0.597526
0.551903
0.508341
0.476634
0.433415
0.395897
0.371603
0.349116
0.316897
0.302106
0.27995
0.265213
0.250032
0.241819
0.234062
0.226908
0.2209
0.217718
0.215496
0.211818
0.209038
0.208405
0.205539
0.20241
0.72476
0.722557
0.720272
0.717346
0.703086
0.689045
0.65914
0.63513
0.593041
0.563787
0.520259
0.475357
0.444397
0.403293
0.377948
0.343461
0.323065
0.307169
0.283565
0.2641
0.251186
0.240326
0.233343
0.225182
0.219125
0.216039
0.213389
0.210219
0.206971
0.205731
0.203891
0.20109
0.723321
0.721515
0.719472
0.713821
0.702848
0.679979
0.659354
0.622459
0.593601
0.551108
0.521111
0.476372
0.445423
0.406631
0.369416
0.34707
0.314873
0.299934
0.27768
0.265176
0.249716
0.241367
0.234411
0.226172
0.218252
0.216696
0.212717
0.210397
0.207455
0.205507
0.202687
0.200587
0.728341
0.726483
0.721788
0.720339
0.707013
0.692124
0.662163
0.63807
0.597209
0.552887
0.522687
0.460511
0.448241
0.420468
0.381715
0.358615
0.327674
0.301247
0.28615
0.272903
0.256299
0.247181
0.236147
0.230168
0.223125
0.217778
0.214858
0.212333
0.209145
0.20711
0.204249
0.20217
0.72965
0.728757
0.726685
0.72398
0.702879
0.68688
0.666069
0.64198
0.595364
0.556941
0.52669
0.464532
0.452238
0.410791
0.373006
0.337492
0.320343
0.302796
0.280075
0.267489
0.256657
0.24343
0.233287
0.227894
0.219765
0.216757
0.214137
0.209519
0.207642
0.206283
0.204375
0.200444
0.724745
0.721919
0.720722
0.717979
0.689764
0.690046
0.659232
0.622002
0.594477
0.551956
0.520277
0.475586
0.446739
0.40807
0.370956
0.346243
0.32824
0.301528
0.286327
0.264811
0.254177
0.24329
0.2362
0.227795
0.223325
0.218045
0.21392
0.211543
0.208467
0.206446
0.203542
0.201408
0.729237
0.728338
0.724984
0.721341
0.708812
0.693892
0.66386
0.638572
0.598911
0.569662
0.522548
0.492232
0.450141
0.422279
0.383489
0.348898
0.32601
0.301496
0.286047
0.270195
0.255715
0.246511
0.235478
0.223055
0.222731
0.217356
0.214732
0.210889
0.209437
0.207564
0.20492
0.202118
0.723795
0.720983
0.718942
0.713298
0.70318
0.679513
0.658953
0.622176
0.594795
0.565899
0.5212
0.47682
0.448136
0.411655
0.381989
0.345227
0.327169
0.300193
0.284612
0.264955
0.254044
0.240721
0.233552
0.22509
0.220616
0.215434
0.212637
0.207023
0.207321
0.204706
0.202866
0.200142
0.729263
0.727538
0.725595
0.717874
0.70844
0.693569
0.674595
0.638324
0.61283
0.569353
0.539154
0.49364
0.449446
0.421465
0.394934
0.358547
0.326742
0.299739
0.284258
0.264677
0.253839
0.244631
0.236927
0.227906
0.221231
0.217712
0.213599
0.21131
0.208468
0.20664
0.204825
0.202135
0.726705
0.723803
0.722921
0.711266
0.711555
0.68986
0.671841
0.63696
0.610405
0.567135
0.537204
0.507181
0.462798
0.41854
0.394575
0.358243
0.33698
0.308738
0.29241
0.269225
0.254643
0.24326
0.237616
0.226437
0.223547
0.216253
0.214967
0.210519
0.209382
0.206704
0.204854
0.201035
0.728839
0.727139
0.725228
0.718938
0.701907
0.686076
0.652563
0.627166
0.586491
0.555367
0.527094
0.480455
0.439779
0.413017
0.373468
0.351091
0.323779
0.306551
0.282087
0.269543
0.256055
0.247315
0.234772
0.22868
0.222528
0.218895
0.214606
0.213617
0.210398
0.207061
0.204204
0.202202
0.725385
0.723495
0.719262
0.717326
0.704062
0.689265
0.658438
0.63438
0.595004
0.551003
0.521029
0.476121
0.445053
0.406341
0.378812
0.344485
0.326546
0.29986
0.28224
0.271271
0.254662
0.241622
0.232585
0.226251
0.221801
0.216613
0.212236
0.210418
0.20837
0.205629
0.202568
0.200865
0.725181
0.72237
0.719476
0.714752
0.70379
0.680937
0.659262
0.62339
0.581386
0.551815
0.506482
0.476635
0.433542
0.406525
0.366856
0.346745
0.316886
0.299547
0.277354
0.264995
0.249814
0.241548
0.231682
0.226431
0.220301
0.21701
0.211606
0.210874
0.207975
0.206047
0.202145
0.719547
0.717873
0.715999
0.704897
0.705178
0.67597
0.655626
0.632152
0.606071
0.563546
0.534205
0.489782
0.446455
0.418997
0.392932
0.354921
0.326239
0.308022
0.291713
0.268621
0.254198
0.245012
0.233843
0.227887
0.220869
0.215546
0.213928
0.210192
0.205773
0.205184
0.203277
0.200494
0.722688
0.721008
0.717945
0.715311
0.702317
0.677753
0.668998
0.621323
0.593997
0.565212
0.520493
0.490838
0.447533
0.406852
0.381802
0.347578
0.32721
0.300463
0.275815
0.256529
0.254789
0.241505
0.22936
0.224133
0.221587
0.216351
0.213562
0.208803
0.208215
0.204278
0.203599
0.199695
0.723391
0.720588
0.716455
0.714541
0.707256
0.686563
0.667772
0.63184
0.606575
0.548512
0.516663
0.486516
0.444413
0.416906
0.376433
0.353382
0.325085
0.304874
0.277693
0.265605
0.260151
0.246195
0.233456
0.229732
0.222898
0.219198
0.213264
0.212293
0.209085
0.207001
0.202909
0.200828
0.73135
0.729495
0.724887
0.720455
0.710184
0.695294
0.664247
0.640015
0.600298
0.555895
0.523829
0.480414
0.451237
0.409879
0.38205
0.349724
0.329143
0.302173
0.284359
0.267232
0.256412
0.243212
0.234075
0.227747
0.221525
0.219728
0.213948
0.212232
0.209429
0.207547
0.204484
0.202782
0.726096
0.723246
0.718186
0.715508
0.705344
0.68156
0.659852
0.623982
0.59649
0.552463
0.520519
0.477402
0.432142
0.407371
0.379749
0.347695
0.318086
0.300939
0.283409
0.266625
0.251488
0.243265
0.233404
0.228117
0.223715
0.218571
0.214619
0.212303
0.209277
0.207252
0.204308
0.202122
0.730196
0.728249
0.724759
0.72082
0.704402
0.687952
0.655906
0.629469
0.588696
0.558999
0.513404
0.483221
0.439587
0.412168
0.374236
0.340649
0.320895
0.303147
0.280153
0.258126
0.251554
0.233802
0.230673
0.227361
0.221135
0.217867
0.212584
0.209714
0.209239
0.207406
0.204762
0.201882
0.72546
0.723647
0.720349
0.714523
0.704261
0.689439
0.659597
0.622523
0.565543
0.56575
0.520295
0.474957
0.446142
0.405139
0.379883
0.345575
0.325229
0.306924
0.280759
0.263696
0.248147
0.239662
0.227559
0.224173
0.217944
0.214636
0.217033
0.20866
0.205939
0.202906
0.200342
0.199468
0.727961
0.727274
0.723078
0.720383
0.707186
0.68229
0.661351
0.632214
0.595958
0.568076
0.520922
0.492463
0.448327
0.42031
0.37904
0.357754
0.326147
0.307671
0.281498
0.270444
0.253745
0.238543
0.231614
0.22005
0.220978
0.216031
0.211842
0.210408
0.207246
0.200653
0.203288
0.198309
0.724954
0.7213
0.720472
0.716649
0.709448
0.687905
0.668974
0.635075
0.608519
0.563716
0.520029
0.489894
0.460276
0.415862
0.379616
0.356353
0.335041
0.304614
0.281368
0.270593
0.254201
0.243161
0.234694
0.229052
0.222497
0.217305
0.214845
0.212446
0.209404
0.206171
0.204589
0.201409
0.732441
0.729671
0.727335
0.724572
0.711259
0.692624
0.67629
0.642053
0.601019
0.570143
0.526236
0.493979
0.451717
0.410273
0.372507
0.349709
0.328955
0.307875
0.286491
0.273167
0.256612
0.245412
0.236696
0.230833
0.22398
0.218851
0.216032
0.212579
0.210492
0.20645
0.205723
0.202777
0.726021
0.72219
0.720145
0.715329
0.70516
0.681411
0.660775
0.636916
0.596394
0.552458
0.507262
0.47744
0.448437
0.39225
0.38224
0.347931
0.32732
0.300573
0.282864
0.265836
0.255075
0.241945
0.231887
0.226512
0.222022
0.216781
0.212771
0.209524
0.208351
0.205503
0.202678
0.200596
0.723466
0.719433
0.717279
0.713665
0.703893
0.682842
0.655756
0.619883
0.592458
0.563522
0.516767
0.47403
0.445375
0.404662
0.379557
0.345411
0.335047
0.298553
0.283417
0.264343
0.253743
0.23881
0.233966
0.225753
0.221371
0.214627
0.213471
0.210074
0.207998
0.203996
0.201287
0.200298
0.736999
0.735159
0.733121
0.726628
0.717169
0.692994
0.659997
0.634241
0.589879
0.559648
0.51543
0.485172
0.439278
0.411776
0.364458
0.353299
0.320385
0.302766
0.280517
0.268004
0.252571
0.246341
0.236244
0.228952
0.222822
0.221207
0.217183
0.214867
0.211888
0.208637
0.20697
0.204796
0.72802
0.727061
0.72358
0.720658
0.706364
0.683129
0.662263
0.624994
0.595959
0.553327
0.523217
0.478335
0.447278
0.408372
0.383059
0.348631
0.318735
0.301403
0.286038
0.266639
0.253741
0.242913
0.235807
0.227414
0.221159
0.217763
0.213767
0.211475
0.209408
0.206622
0.20382
0.20173
0.728991
0.727132
0.723767
0.719392
0.702176
0.685321
0.652788
0.627424
0.58384
0.555784
0.510681
0.48091
0.421904
0.410834
0.373325
0.350601
0.320582
0.303099
0.287616
0.268012
0.252331
0.24003
0.233379
0.22783
0.221299
0.217789
0.213669
0.211308
0.208307
0.206327
0.203508
0.201426
-1
-1
-1
-1
-1
-1
-1
-1
-1
-1
-1
-1
-1
-1
-1
-1
-1
-1
-1
-1
-1
-1
-1
-1
-1
-1
-1
-1
-1
-1
-1
-1
-1
-1
-1
-1
-1
-1
-1
-1
-1
-1
-1
-1
-1
-1
-1
-1
-1
-1
-1
-1
-1
-1
-1
-1
-1
-1
-1
-1
-1
-1
-1
-1
-1
-1
-1
-1
-1
-1
-1
-1
-1
-1
-1
-1
-1
-1
-1
-0.980065
-0.947665
-0.902327
-0.852705
-0.816306
-0.772678
-0.742401
-0.698351
-0.667233
-0.633197
-0.61028
-0.58903
-0.555498
-0.533032
-0.517559
-0.495732
-0.479753
-0.465121
-0.454519
-0.439203
-0.427324
-0.41652
-0.408251
-0.395689
-0.385598
-0.375826
-0.366168
-0.356428
-0.340514
-0.337268
-0.325708
-0.318376
-0.309537
-0.300076
-0.289208
-0.282357
-0.274173
-0.263899
-0.255231
-0.248942
-0.23941
-0.233502
-0.227758
-0.219125
-0.210886
-0.204738
-0.19819
-0.193549
-0.764685
-0.183725
-0.755431
-0.174438
-0.737816
-0.149281
-0.703773
-0.108711
-0.658614
-0.052824
-0.0346388
-0.018688
0.00409478
0.0169762
0.0304807
0.0354499
0.0372546
0.0348229
0.0270647
0.0194931
0.00597729
-0.00409558
-0.60226
-0.030725
-0.62735
-0.0578385
-0.0568023
-0.0499264
-0.611434
-0.0170344
-0.00808908
0.00583517
0.0211404
0.0431472
0.0533165
0.0619748
0.0731107
0.0758186
0.0748214
0.0725544
0.0630004
0.0561499
0.0446143
0.0400353
-0.554802
0.0133968
0.00526058
-0.582745
-0.00503862
-0.576498
0.00816523
0.0263859
0.041308
0.0572951
0.0786791
0.0893345
0.105575
0.108445
0.114859
0.11532
0.112955
0.108957
0.1
0.0923611
0.0793182
0.0698736
0.0554469
0.0410329
0.0322199
0.0236845
0.0122356
0.00549159
-0.00313776
-0.00846761
-0.013841
-0.017399
-0.0202612
-0.0218176
-0.0234886
-0.023445
-0.0232365
-0.0224203
-0.0216823
-0.0204746
-0.0186805
-0.017684
-0.0167175
-0.0154044
-0.0145273
-0.0134812
-0.0127006
-0.0124535
-0.0122791
-0.012122
-0.0122595
-0.0125855
-0.0129653
-0.013551
-0.014125
-0.0151347
-0.0157953
-0.0164621
-0.0173704
-0.018026
-0.0188703
-0.0194679
-0.0202154
-0.0207737
-0.0213228
-0.021726
-0.0221694
-0.0225139
-0.0227987
-0.0229858
-0.0231767
-0.0232593
-0.0233692
-0.0234606
-0.0234591
-0.0235256
-0.0234694
-0.0235043
-0.0234408
-0.0233732
-0.0233907
-0.0231436
-0.0233511
-0.0230413
-0.0232487
-0.0233702
-0.0231627
-0.0233697
-0.0231053
-0.023312
-0.0230657
-0.023272
-0.0234067
-0.0232052
-0.0234111
-0.0231207
-0.0233262
-0.0234497
-0.0234097
-0.0227389
-0.0228625
-0.0226693
-0.0227748
-0.0221481
-0.0222274
-0.021656
-0.021858
-0.0220599
-0.0220713
-0.0219984
-0.0220594
-0.0219963
-0.0220301
-0.0220567
-0.0220071
-0.0219046
-0.0219106
-0.0218053
-0.0217534
-0.0216089
-0.0215759
-0.0214256
-0.0213911
-0.0212422
-0.0212096
-0.0210799
-0.0210097
-0.0205593
-0.0207551
-0.020612
-0.0203309
-0.0203822
-0.020252
-0.0202144
-0.0200669
-0.0200342
-0.0198929
-0.0198631
-0.0197247
-0.0196691
-0.0195602
-0.0195331
-0.0195072
-0.0193437
-0.0192347
-0.0192053
-0.0190642
-0.0190063
-0.0188922
-0.0188597
-0.018717
-0.0186563
-0.0185398
-0.0185051
-0.0183605
-0.0182983
-0.0181533
-0.0181451
-0.018
-0.0178551
-0.0178206
-0.0176481
-0.0176413
-0.0174712
-0.0174644
-0.0173231
-0.0172888
-0.017256
-0.0171135
-0.0169721
-0.0169371
-0.0168739
-0.0167589
-0.0166178
-0.0165829
-0.01644
-0.0162977
-0.0162627
-0.0162267
-0.0160854
-0.0160511
-0.0157741
-0.0158718
-0.0157287
-0.0156925
-0.0155533
-0.015516
-0.0153731
-0.0152249
-0.0151911
-0.0151527
-0.0150102
-0.0149743
-0.0148321
-0.0147945
-0.0146522
-0.0145085
-0.0144707
-0.0144315
-0.0142746
-0.0142856
-0.0141787
-0.0141637
-0.0140567
-0.0140404
-0.0138374
-0.013913
-0.0137067
-0.0136871
-0.0136684
-0.0135518
-0.013532
-0.0134144
-0.0133905
-0.0133665
-0.0132452
-0.0131244
-0.0130979
-0.0130706
-0.0129479
-0.0128264
-0.0127999
-0.0127731
-0.0124635
-0.0125328
-0.0124132
-0.0124818
-0.0123653
-0.0122243
-0.0122253
-0.0121992
-0.0120793
-0.0119362
-0.0119343
-0.0118138
-0.0116704
-0.0116697
-0.0115666
-0.011565
-0.0114627
-0.0114822
-0.0113792
-0.0113976
-0.0112929
