0
3.53441
0
0
0
0
0
0
0
0
0
0
0
0
0
0
0
0
0
0
0
0
0
0
0
0
-0.00348282
-0.00348282
-0.0677581
-0.0677581
-0.259983
-0.280011
-0.605796
-0.605796
-0.978156
-0.978156
-0.978156
-1.3233
-1.3233
-1.37455
-1.61138
-1.61138
-1.83898
-1.83898
-2.06217
-2.06217
-2.23882
-2.23882
-2.25449
-2.37462
-2.38563
-2.47214
-2.47214
-2.56705
-2.57562
-2.65014
-2.65789
-2.72541
-2.72541
-2.77109
-2.77109
-2.80833
-2.80833
-2.85501
-2.93755
-2.93755
-2.93777
-2.93819
-2.93841
-2.93873
-2.93894
-2.93916
-2.93948
-2.95603
-2.96896
-2.96896
-2.96918
-2.96937
-2.96957
-2.96973
-2.96986
-2.97005
-2.97021
-2.97032
-2.97052
-2.9707
-2.97083
-2.97093
-2.97113
-2.9713
-2.97144
-2.97162
-2.97174
-2.97192
-2.97205
-2.97223
-2.97235
-2.97254
-2.97264
-2.97284
-2.97296
-2.97314
-2.97329
-2.97341
-2.97351
-2.97366
-2.97378
-2.97394
-2.97405
-2.9742
-2.97436
-2.97448
-2.97462
-2.97478
-2.97484
-2.97501
-2.97512
-2.97528
-2.97538
-2.97554
-2.97569
-2.97579
-2.97589
-2.97604
-2.97616
-2.97626
-2.97639
-2.97649
-2.97662
-2.97671
-2.97685
-2.97695
-2.97708
-2.97718
-2.97731
-2.97741
-2.97753
-2.97763
-2.97776
-2.97787
-2.97799
-2.97808
-2.97822
-2.97836
-2.97844
-2.97856
-2.97863
-2.97872
-2.97882
-2.97891
-2.97901
-2.9791
-2.9792
-2.97928
-2.9794
-2.97948
-2.97959
-2.97967
-2.97978
-2.97989
-2.97997
-2.98008
-2.98016
-2.98027
-2.98039
-2.9805
-2.98054
-2.98065
-2.98073
-2.98085
-2.98092
-2.98104
-2.9811
-2.98119
-2.98125
-2.98135
-2.98143
-2.98152
-2.98159
-2.98165
-2.98174
-2.9818
-2.98186
-2.98195
-2.98201
-2.9821
-2.98217
-2.98226
-2.98235
-2.98247
-2.98247
-2.98256
-2.98266
-2.98271
-2.98281
-2.9829
-2.98299
-2.98305
-2.98308
-2.98317
-2.98326
-2.98333
-2.98342
-2.98348
-2.98357
-2.98363
-2.98371
-2.98378
-2.98382
-2.98389
-2.98394
-2.98401
-2.98408
-2.98413
-2.9842
-2.98421
-2.98428
-2.98433
-2.9844
-2.98444
-2.98451
-2.98458
-2.98462
-2.98467
-2.98474
-2.98481
-2.98485
-2.98492
-2.98499
-2.98504
-2.98508
-2.98516
-2.9852
-2.98527
-2.98534
-2.98538
-2.98545
-2.98549
-2.98557
-2.98561
-2.98568
-2.98572
-2.9858
-2.98584
-2.98588
-2.98596
-2.98603
-2.98607
-2.98614
-2.98618
-2.98626
-2.98629
-2.98633
-2.98638
-2.98642
-2.98645
-2.98649
-2.98652
-2.98657
-2.9866
-2.98664
-2.98667
-2.98672
-2.98676
-2.98681
-2.98685
-2.98687
-2.98692
-2.98695
-2.98699
-2.98703
-2.98706
-2.9871
-2.98714
-2.98718
-2.98722
-2.98725
-2.9873
-2.98733
-2.98737
-2.98741
-2.98744
-2.98748
-2.98753
-2.98757
-2.9876
-2.98764
-2.98768
-2.98774
-2.98775
-2.98779
-2.98783
-2.98788
-2.98791
-2.98794
-2.98798
-2.98801
-2.98806
-2.98809
-2.98814
-2.98817
-2.98821
-2.98826
-2.98829
-2.98833
-2.98836
-2.98841
-2.98844
-2.98847
-2.98852
-2.98857
-2.98859
-2.98863
-2.98867
-2.9887
-2.98875
-2.98881
-2.98882
-2.98887
-2.98889
-2.98891
-2.98893
-2.98895
-2.98897
-2.98899
-2.989
-2.98903
-2.98906
-2.98946
-2.99116
-2.99742
-3.00465
-3.02085
-3.03544
-3.06311
-3.09751
-3.12397
-3.16849
-3.20112
-3.25394
-3.31571
-3.33055
-3.41275
-3.4555
-3.52122
-3.56588
-3.63955
-3.67964
-3.7488
-3.7951
-3.84724
-3.91076
-3.95665
-4.00212
-4.06917
-4.1344
-4.17666
-4.25771
-4.30103
-4.33351
-4.40356
-4.42014
-4.47138
-4.49733
-4.53921
-4.56536
-4.60541
-4.62655
-4.66323
-4.68845
-4.73148
-4.7559
-4.80002
-4.83107
-4.88009
-4.93193
-4.96795
-5.00505
-5.06254
-5.10198
-5.16768
-5.20379
-5.27196
-5.33057
-5.37898
-5.42215
-5.48684
-5.52431
-5.59287
-5.62903
-5.69435
-5.74738
-5.82025
-5.83761
-5.87128
-5.91909
-5.94916
-5.99155
-6.01834
-6.05785
-6.08433
-6.11129
-6.15672
-6.19715
-6.23175
-6.28012
-6.31376
-6.36625
-6.41637
-6.45867
-6.5118
-6.55132
-6.6118
-6.65799
-6.71523
-6.75731
-6.79972
-6.86905
-6.92775
-6.97024
-7.01761
-7.07972
-7.12021
-7.17437
-7.23113
-7.27191
-7.31951
-7.35654
-7.3994
-7.43248
-7.47111
-7.5022
-7.54039
-7.57225
-7.6124
-7.64261
-7.68973
-7.72655
-7.77327
-7.8084
-7.86281
-7.90487
-7.95759
-8.01656
-8.05661
-8.12275
-8.15884
-8.22131
-8.26333
-8.332
-8.39024
-8.43248
-8.47446
-8.51605
-8.57735
-8.62219
-8.67537
-8.71278
-8.76668
-8.81773
-8.8501
-8.89611
-8.92537
-8.96843
-8.9971
-9.04074
-9.08571
-9.11664
-9.18528
-9.20202
-9.23187
-9.30715
-9.32083
-9.37661
-9.4147
-9.47303
-9.51262
-9.55775
-9.61365
-9.67539
-9.71692
-9.77963
-9.82164
-9.9058
-9.92679
-9.99455
-10.0306
-10.0913
-10.1308
-10.193
-10.2253
-10.2786
-10.3125
-10.361
-10.4082
-10.4395
-10.4709
-10.5186
-10.5674
-10.6347
-10.652
-10.6915
-10.741
-10.7777
-10.8151
-10.8772
-10.9111
-10.9702
-11.0102
-11.0707
-11.132
-11.1731
-11.2145
-11.2977
-11.3394
-11.4018
-11.4432
-11.5045
-11.5448
-11.623
-11.623
-11.6792
-11.7329
-11.7675
-11.8015
-11.852
-11.9026
-11.9536
-11.9881
-12.0451
-12.0943
-12.1354
-12.1678
-12.2289
-12.2672
-12.3254
-12.3845
-12.4243
-12.4594
-12.5201
-12.5608
-12.6274
-12.6634
-12.7253
-12.7667
-12.8341
-12.8702
-12.9318
-12.9975
-13.0567
-13.0905
-13.1282
-13.1874
-13.2181
-13.2696
-13.3205
-13.3586
-13.3884
-13.4443
-13.4748
-13.5323
-13.5684
-13.6188
-13.656
-13.7175
-13.7704
-13.8093
-13.8486
-13.9132
-13.9532
-14.029
-14.0697
-14.1157
-14.1567
-14.2184
-14.2545
-14.3214
-14.3625
-14.4236
-14.4638
-14.5231
-14.557
-14.6134
-14.668
-14.7081
-14.739
-14.7963
-14.845
-14.885
-14.9346
-14.9755
-15.0263
-15.0683
-15.1204
-15.1779
-15.2363
-15.2608
-15.3151
-15.3548
-15.3949
-15.4603
-15.516
-15.5567
-15.618
-15.664
-15.7204
-15.7819
-15.8227
-15.8684
-15.9235
-15.9825
-16.021
-16.077
-16.1134
-16.1494
-16.2028
-16.2427
-16.2917
-16.3275
-16.3817
-16.4229
-16.4784
-16.5112
-16.568
-16.6111
-16.6644
-16.7231
-16.7626
-16.8222
-16.8623
-16.9226
-16.9631
-17.0087
-17.0647
-17.1106
-17.1668
-17.2282
-17.2691
-17.3303
-17.3708
-17.4309
-17.4703
-17.5286
-17.5671
-17.6245
-17.6817
-17.7438
-17.7581
-17.8205
-17.8736
-17.9123
-17.9512
-18.0099
-18.0493
-18.1086
-18.1483
-18.2082
-18.2482
-18.3085
-18.3488
-18.4094
-18.4702
-18.5108
-18.5717
-18.6378
-18.6938
-18.7547
-18.7547
-18.8204
-18.8753
-18.9345
-18.959
-19.0371
-19.0711
-19.1101
-19.149
-19.2075
-19.2661
-19.3249
-19.3446
-19.4038
-19.483
-19.5029
-19.5627
-19.6277
-19.6628
-19.7231
-19.7432
-19.8037
-19.8644
-19.9251
-19.9706
-20.0315
-20.0669
-20.1329
-20.1683
-20.2341
-20.2893
-20.3341
-20.3686
-20.4323
-20.4665
-20.525
-20.5639
-20.6272
-20.6614
-20.72
-20.7837
-20.8231
-20.8576
-20.917
-20.9616
-21.0214
-21.0763
-21.1163
-21.1615
-21.2168
-21.2772
-21.3226
-21.3832
-21.4236
-21.4843
-21.5197
-21.5855
-21.626
-21.6815
-21.7218
-21.7867
-21.8265
-21.8811
-21.9208
-21.9851
-22.0247
-22.0791
-22.1187
-22.1831
-22.2377
-22.2774
-22.3372
-22.397
-22.422
-22.482
-22.5372
-22.5823
-22.6376
-22.6779
-22.7383
-22.7836
-22.8391
-22.8845
-22.9249
-22.9854
-23.041
-23.0864
-23.1418
-23.202
-23.2418
-23.2816
-23.3411
-23.4005
-23.4401
-23.4846
-23.539
-23.5835
-23.638
-23.6776
-23.7372
-23.8018
-23.8367
-23.8766
-23.9365
-24.0015
-24.0366
-24.0968
-24.137
-24.1974
-24.2577
-24.298
-24.3383
-24.3988
-24.4593
-24.4794
-24.5399
-24.5853
-24.6406
-24.6809
-24.7413
-24.8016
-24.8619
-24.902
-24.9421
-25.0023
-25.0624
-25.1025
-25.1425
-25.2027
-25.2628
-25.3029
-25.3431
-25.4033
-25.4435
-25.5038
-25.544
-25.6043
-25.6445
-25.7049
-25.7452
-25.8055
-25.8508
-25.9062
-25.9666
-26.0068
-26.0671
-26.1074
-26.1476
-26.2078
-26.248
-26.3082
-26.3483
-26.4085
-26.4686
-26.5086
-26.5486
-26.6087
-26.7088
-26.7088
-26.7488
-26.809
-26.8742
-26.9093
-26.9695
-27.0348
-27.0749
-27.1302
-27.1705
-27.2107
-27.271
-27.3112
-27.3515
-27.4319
-27.4721
-27.5325
-27.5727
-27.633
-27.6732
-27.7334
-27.7736
-27.8388
-27.8789
-27.954
-27.9991
-28.0341
-28.0741
-28.1342
-28.1742
-28.2343
-28.2794
-28.3395
-28.3746
-28.4398
-28.4749
-28.5352
-28.5753
-28.6557
-28.6958
-28.736
-28.8012
-28.8414
-28.9016
-28.9418
-28.9769
-29.0422
-29.0773
-29.1376
-29.1978
-29.2379
-29.298
-29.343
-29.4031
-29.4381
-29.4981
-29.5381
-29.6032
-29.6432
-29.6983
-29.7383
-29.8035
-29.8436
-29.8987
-29.9388
-29.9991
-30.0443
-30.0995
-30.1447
-30.2049
-30.2601
-30.3003
-30.3404
-30.4057
-30.4609
-30.5412
-30.5613
-30.6064
-30.6615
-30.7216
-30.7416
-30.8066
-30.8466
-30.9016
-30.9465
-31.0065
-31.0465
-31.1015
-31.1616
-31.2066
-31.2617
-31.3219
-31.362
-31.4271
-31.4622
-31.5224
-31.5626
-31.6228
-31.663
-31.7032
-31.7634
-31.8085
-31.8637
-31.9038
-31.9639
-32.009
-32.0642
-32.1242
-32.1693
-32.2243
-32.2843
-32.3242
-32.3642
-32.4242
-32.4841
-32.5241
-32.5641
-32.6241
-32.6692
-32.7242
-32.7643
-32.8244
-32.8645
-32.9247
-32.9698
-33.025
-33.0851
-33.1252
-33.1653
-33.2255
-33.2856
-33.3257
-33.3658
-33.426
-33.4661
-33.5261
-33.5662
-33.6262
-33.6912
-33.7261
-33.7661
-33.8511
-33.8661
-33.926
-33.966
-34.026
-34.086
-34.126
-34.1861
-34.2262
-34.2863
-34.3665
-34.3866
-34.4267
-34.4868
-34.5269
-34.5871
-34.6272
-34.6873
-34.7475
-34.7675
-34.8527
-34.9079
-34.9479
-34.993
-35.048
-35.1079
-35.1479
-35.1879
-35.2278
-35.2877
-35.3476
-35.3876
-35.4525
-35.4875
-35.5275
-35.5876
-35.6526
-35.6876
-35.7478
-35.7879
-35.853
-35.9132
-35.9533
-36.0134
-36.0485
-36.0886
-36.1488
-36.1889
-36.249
-36.2891
-36.3542
-36.4093
-36.4543
-36.5093
-36.5493
-36.6142
-36.6691
-36.709
-36.7689
-36.8138
-36.8538
-36.9088
-36.9687
-37.0138
-37.0488
-37.1089
-37.1489
-37.214
-37.2491
-37.3293
-37.3494
-37.4145
-37.4697
-37.5098
-37.5699
-37.615
-37.6902
-37.7103
-37.7704
-37.8154
-37.8705
-37.9105
-37.9505
-38.0154
-38.0753
-38.1152
-38.1501
-38.215
-38.2699
-38.3098
-38.3698
-38.4148
-38.4698
-38.5098
-38.5699
-38.6149
-38.67
-38.7101
-38.7703
-38.8154
-38.8705
-38.9106
-38.9708
-39.0159
-39.056
-39.1111
-39.1563
-39.2314
-39.2714
-39.3115
-39.3715
-39.4314
-39.4714
-39.5313
-39.5712
-39.6161
-39.671
-39.7109
-39.7708
-39.8157
-39.8707
-39.9307
-39.9707
-40.0158
-40.0708
-40.1309
-40.171
-40.2362
-40.2913
-40.3314
-40.3715
-40.4316
-40.4717
-40.5319
-40.572
-40.6171
-40.6722
-40.7522
-40.7723
-40.8322
-40.8722
-40.9321
-40.972
-41.0319
-41.0718
-41.1317
-41.1716
-41.2315
-41.2715
-41.3315
-41.3714
-41.4315
-41.4715
-41.5316
-41.5716
-41.6367
-41.6718
-41.732
-41.7721
-41.8322
-41.8723
-41.9325
-41.9925
-42.0326
-42.0727
-42.1327
-42.1928
-42.2328
-42.2728
-42.3327
-42.3727
-42.4325
-42.4725
-42.5323
-42.5723
-42.6321
-42.692
-42.732
-42.792
-42.8319
-42.892
-42.952
-42.972
-43.0321
-43.0922
-43.1323
-43.1924
-43.2325
-43.3178
-43.3328
-43.3929
-43.433
-43.4931
-43.5331
-43.5732
-43.6332
-43.6932
-43.7332
-43.7732
-43.858
-43.893
-43.9528
-43.9927
-44.0726
-44.0925
-44.1524
-44.1924
-44.2524
-44.2923
-44.3324
-44.3724
-44.4575
-44.4925
-44.5576
-44.5927
-44.6529
-44.693
-44.7531
-44.7932
-44.8533
-44.8933
-44.9534
-44.9934
-45.0535
-45.1135
-45.1536
-45.1936
-45.2535
-45.2935
-45.3583
-45.4182
-45.4581
-45.4931
-45.5529
-45.5929
-45.6577
-45.6927
-45.7527
-45.8176
-45.8727
-45.9127
-45.9728
-46.0178
-46.073
-46.1131
-46.1582
-46.2183
-46.2735
-46.3135
-46.3586
-46.4136
-46.4587
-46.5137
-46.5738
-46.6188
-46.6588
-46.7188
-46.7537
-46.8186
-46.8735
-46.9334
-46.9733
-47.0182
-47.0731
-47.133
-47.1729
-47.2179
-47.2529
-47.3129
-47.3579
-47.418
-47.4731
-47.5131
-47.5732
-47.6183
-47.6735
-47.7136
-47.7737
-47.8187
-47.8788
-47.9339
-47.9739
-48.0139
-48.074
-48.134
-48.174
-48.219
-48.2739
-48.3338
-48.3787
-48.4386
-48.4735
-48.5334
-48.5733
-48.6332
-48.6931
-48.7331
-48.7731
-48.8381
-48.8982
-48.9332
-48.9732
-49.0333
-49.0734
-49.1335
-49.1736
-49.2338
-49.2739
-49.3339
-49.374
-49.459
-49.4741
-49.5341
-49.5742
-49.6341
-49.7141
-49.734
-49.7739
-49.8588
-49.8737
-49.9336
-49.9735
-50.0334
-50.0733
-50.1333
-50.1732
-50.2332
-50.2932
-50.3333
-50.3733
-50.4334
-50.4934
-50.5335
-50.5736
-50.6338
-50.6939
-50.7589
-50.794
-50.834
-50.8941
-50.9341
-50.9742
-51.0392
-51.0942
-51.1342
-51.1742
-51.2341
-51.2939
-51.3538
-51.3937
-51.4586
-51.4935
-51.5534
-51.5933
-51.6583
-51.6933
-51.7533
-51.7933
-51.8584
-51.8934
-51.9535
-51.9935
-52.0587
-52.0938
-52.1539
-52.219
-52.254
-52.3141
-52.3591
-52.3942
-52.4592
-52.4943
-52.5593
-52.5943
-52.6542
-52.7141
-52.754
-52.7939
-52.8588
-52.8937
-52.9586
-53.0134
-53.0534
-53.1134
-53.1583
-53.2133
-53.2584
-53.3134
-53.3585
-53.3935
-53.4586
-53.5337
-53.5538
-53.6189
-53.674
-53.714
-53.7591
-53.8191
-53.8592
-53.9142
-53.9593
-54.0193
-54.0592
-54.1142
-54.1541
-54.219
-54.2589
-54.3138
-54.3537
-54.4185
-54.4535
-54.5733
-54.5733
-54.6933
-54.6933
-54.7134
-54.8335
-54.8335
-54.9536
-54.9536
-55.0587
-55.0587
-55.0737
-55.1738
-55.1738
-55.2989
-55.2989
-55.3139
-55.374
-55.5541
-55.5541
-55.574
-55.634
-55.6739
-55.8185
-55.8335
-55.9931
-55.9931
-56.093
-56.1329
-56.1729
-56.2179
-56.2726
-56.312
-56.3709
-56.4148
-56.4684
-56.5074
-56.5659
-56.6247
-56.6639
-56.7034
-56.7627
-56.8223
-56.8822
-56.9222
-56.9622
-57.0224
-57.0626
-57.1228
-57.163
-57.2232
-57.2634
-57.3236
-57.3638
-57.424
-57.4641
-57.5242
-57.5643
-57.6245
-57.6646
-57.7248
-57.765
-57.8252
-57.8853
-57.9254
-57.9655
-58.0257
-58.0658
-58.151
-58.166
-58.2261
-58.2662
-58.3262
-58.3863
-58.4263
-58.4864
-58.5314
-58.5663
-58.6313
-58.6861
-58.7261
-58.766
-58.8258
-58.8857
-58.9256
-58.9656
-59.0254
-59.0853
-59.1454
-59.1854
-59.2254
-59.2855
-59.3456
-59.3656
-59.4507
-59.4907
-59.5257
-59.5658
-59.6509
-59.6859
-59.7259
-59.766
-59.846
-59.9061
-59.9261
-59.9862
-60.0512
-60.0862
-60.146
-60.186
-60.2508
-60.2857
-60.3506
-60.3855
-60.4255
-60.4853
-60.5502
-60.5852
-60.6252
-60.7053
-60.7503
-60.8104
-60.8504
-60.8854
-60.9455
-60.9855
-61.0506
-61.0856
-61.1507
-61.2108
-61.2508
-61.2858
-61.3259
-61.406
-61.451
-61.5061
-61.5511
-61.606
-61.6509
-61.7058
-61.7457
-61.8106
-61.8505
-61.8854
-61.9453
-62.0052
-62.0451
-62.105
-62.1501
-62.2101
-62.2502
-62.3052
-62.3503
-62.4103
-62.4654
-62.5054
-62.5455
-62.6105
-62.6506
-62.7056
-62.7456
-62.8107
-62.8508
-62.9108
-62.9458
-63.0059
-63.0659
-63.1059
-63.1657
-63.2106
-63.2655
-63.3054
-63.3454
-63.4052
-63.4651
-63.505
-63.5649
-63.6099
-63.6649
-63.7049
-63.745
-63.8101
-63.8651
-63.9051
-63.9652
-64.0052
-64.0653
-64.1053
-64.1654
-64.2105
-64.2655
-64.3055
-64.3656
-64.4106
-64.4657
-64.5057
-64.5658
-64.6107
-64.6656
-64.7056
-64.7654
-64.8253
-64.8652
-64.9051
-64.965
-65.0249
-65.0698
-65.1097
-65.1647
-65.2098
-65.2648
-65.3049
-65.3649
-65.43
-65.465
-65.5251
-65.5651
-65.6302
-65.6652
-65.7253
-65.7653
-65.8254
-65.8654
-65.9255
-65.9655
-66.0256
-66.0856
-66.1255
-66.1654
-66.2253
-66.3051
-66.3251
-66.365
-66.4498
-66.4848
-66.5247
-66.5646
-66.6245
-66.6645
-66.7246
-66.7646
-66.8247
-66.8847
-66.9248
-66.9648
-67.0249
-67.0849
-67.13
-67.2101
-67.2301
-67.2851
-67.3502
-67.3852
-67.4253
-67.4853
-67.5254
-67.5654
-67.6254
-67.6852
-67.7451
-67.7651
-67.8249
-67.8848
-67.9247
-67.9846
-68.0245
-68.0844
-68.1493
-68.1843
-68.2244
-68.2894
-68.3445
-68.4045
-68.4496
-68.4846
-68.5246
-68.5847
-68.6448
-68.6848
-68.7449
-68.8099
-68.85
-68.905
-68.9451
-68.9851
-69.0502
-69.0852
-69.1452
-69.1852
-69.245
-69.285
-69.3498
-69.4097
-69.4446
-69.5045
-69.5444
-69.5843
-69.6492
-69.6891
-69.7441
-69.8092
-69.8492
-69.9043
-69.9443
-70.0094
-70.0494
-70.0844
-70.1445
-70.1845
-70.2446
-70.3047
-70.3447
-70.4048
-70.4498
-70.5049
-70.5449
-70.61
-70.645
-70.7099
-70.7448
-70.8097
-70.8496
-70.9045
-70.9643
-71.0242
-71.0442
-71.109
-71.144
-71.2088
-71.2639
-71.3039
-71.364
-71.424
-71.444
-71.5091
-71.5492
-71.6092
-71.6643
-71.7093
-71.7644
-71.8244
-71.8645
-71.9045
-71.9646
-72.0046
-72.0647
-72.1047
-72.1647
-72.2097
-72.2646
-72.3045
-72.3644
-72.4093
-72.4641
-72.5041
-72.5639
-72.6288
-72.6837
-72.7236
-72.7636
-72.8087
-72.8637
-72.9238
-72.9638
-73.0089
-73.0639
-73.104
-73.164
-73.2091
-73.2641
-73.3042
-73.3642
-73.4243
-73.4643
-73.5244
-73.5644
-73.6245
-73.6645
-73.7244
-73.7643
-73.8292
-73.8641
-73.929
-73.9639
-74.0238
-74.0637
-74.1236
-74.1635
-74.2234
-74.2834
-74.3235
-74.3635
-74.4235
-74.4636
-74.5236
-74.5637
-74.6237
-74.6638
-74.7238
-74.7889
-74.8239
-74.869
-74.924
-74.9641
-75.0241
-75.0842
-75.1242
-75.1643
-75.2492
-75.2891
-75.324
-75.3639
-75.4238
-75.4887
-75.5236
-75.5635
-75.6284
-75.6833
-75.7232
-75.7832
-75.8232
-75.8883
-75.9433
-75.9833
-76.0234
-76.0834
-76.1435
-76.1835
-76.2486
-76.2836
-76.3437
-76.3837
-76.4488
-76.5239
-76.5439
-76.5839
-76.644
-76.684
-76.7441
-76.8089
-76.8489
-76.8838
-76.9486
-77.0085
-77.0435
-77.0834
-77.1433
-77.2031
-77.243
-77.3029
-77.363
-77.408
-77.4481
-77.5031
-77.5432
-77.6082
-77.6432
-77.7033
-77.7884
-77.8084
-77.8484
-77.9035
-77.9485
-78.0086
-78.0436
-78.1037
-78.1638
-78.2088
-78.2638
-78.3037
-78.3487
-78.4085
-78.4484
-78.5033
-78.5632
-78.6081
-78.663
-78.7029
-78.7428
-78.8077
-78.8627
-78.9028
-78.9628
-79.0029
-79.0629
-79.108
-79.163
-79.2081
-79.2631
-79.3032
-79.3632
-79.4233
-79.4633
-79.5234
-79.5634
-79.6235
-79.6635
-79.7236
-79.7636
-79.8235
-79.8634
-79.9233
-79.9632
-80.0231
-80.063
-80.1229
-80.1628
-80.2227
-80.2626
-80.3225
-80.3625
-80.4226
-80.4626
-80.5227
-80.5627
-80.6278
-80.6628
-80.7279
-80.7629
-80.823
-80.883
-80.9231
-80.9631
-81.0232
-81.0632
-81.1232
-81.1833
-81.2484
-81.2834
-81.3233
-81.3832
-81.4231
-81.4829
-81.5229
-81.5628
-81.6476
-81.6825
-81.7224
-81.7624
-81.8272
-81.8823
-81.9223
-81.9824
-82.0224
-82.0825
-82.1225
-82.1826
-82.2226
-82.2877
-82.3227
-82.3828
-82.4278
-82.4829
-82.5229
-82.583
-82.623
-82.6831
-82.7431
-82.7832
-82.8481
-82.903
-82.9429
-82.9629
-83.0477
-83.0827
-83.1425
-83.1824
-83.2423
-83.2822
-83.3471
-83.402
-83.4471
-83.4821
-83.5422
-83.6022
-83.6473
-83.6823
-83.7424
-83.8074
-83.8475
-83.8825
-83.9476
-84.0076
-84.0427
-84.0827
-84.1428
-84.2028
-84.2429
-84.3029
-84.343
-84.4028
-84.4478
-84.5076
-84.5426
-84.6074
-84.6473
-84.7022
-84.7421
-84.807
-84.8619
-84.9018
-84.9418
-85.0069
-85.0419
-85.102
-85.1621
-85.2071
-85.2621
-85.3022
-85.3622
-85.4073
-85.4824
-85.5024
-85.5624
-85.6225
-85.6625
-85.7076
-85.7626
-85.8277
-85.8627
-85.9076
-85.9625
-86.0224
-86.0623
-86.1222
-86.1621
-86.222
-86.2619
-86.3218
-86.3617
-86.4216
-86.4616
-86.5217
-86.5617
-86.6218
-86.6668
-86.7419
-86.7619
-86.822
-86.862
-86.9221
-86.9621
-87.0222
-87.0622
-87.1223
-87.1623
-87.2224
-87.2824
-87.3224
-87.3625
-87.4225
-87.4625
-87.5273
-87.5622
-87.6221
-87.687
-87.7269
-87.7618
-87.8217
-87.8816
-87.9415
-88.0064
-88.0414
-88.1015
-88.1415
-88.1816
-88.2416
-88.2817
-88.3217
-88.3818
-88.4218
-88.4819
-88.5219
-88.582
-88.647
-88.6821
-88.7471
-88.7821
-88.8622
-88.8822
-88.9473
-88.9823
-89.0422
-89.0821
-89.142
-89.1819
-89.2418
-89.2817
-89.3416
-89.3815
-89.4464
-89.4813
-89.5412
-89.5812
-89.6463
-89.7013
-89.7464
-89.7814
-89.8465
-89.9065
-89.9466
-89.9816
-90.0467
-90.1017
-90.1618
-90.2068
-90.2418
-90.3019
-90.347
-90.407
-90.4421
-90.5021
-90.5621
-90.607
-90.6419
-90.7218
-90.7467
-90.8066
-90.8465
-90.9014
-90.9413
-91.0012
-91.0411
-91.101
-91.141
-91.206
-91.2611
-91.3011
-91.3612
-91.4212
-91.4463
-91.5013
-91.5614
-91.6064
-91.6615
-91.7015
-91.7616
-91.8066
-91.8617
-91.9017
-91.9618
-92.0218
-92.0669
-92.1019
-92.1618
-92.2216
-92.2616
-92.3015
-92.3613
-92.4212
-92.4811
-92.5011
-92.5609
-92.6058
-92.6607
-92.7008
-92.8209
-92.8209
-92.8659
-92.941
-92.961
-93.0411
-93.0611
-93.1462
-93.1612
-93.2413
-93.2813
-93.3214
-93.3614
-93.4615
-93.4815
-93.5616
-93.5616
-93.6616
-93.6815
-93.7614
-93.7614
-93.8811
-93.8811
-93.921
-94.0803
-94.1
-94.2758
-94.2953
-94.3391
-94.5493
-94.5493
-94.9791
-94.9791
-95.0034
-95.0034
-95.1279
-95.1618
-95.2905
-95.3022
-95.3022
-95.3891
-95.3891
-95.4684
-95.4684
-95.5796
-95.5796
-95.7504
-95.7504
-95.9233
-95.9233
-96.072
-96.0874
-96.0874
-96.1835
-96.1835
-96.3255
-96.3381
-96.3381
-96.3926
-96.3926
-96.5697
-96.5697
-96.7451
-96.7642
-96.9397
-96.9591
-97.138
-97.138
-97.304
-97.321
-97.4798
-97.4798
-97.5166
-97.6883
-97.7076
-97.8832
-97.8832
-98.1022
-98.1022
-98.2962
-98.2962
-98.4565
-98.4708
-98.4994
-98.5459
-98.5714
-98.6159
-98.6659
-98.6977
-98.7303
-98.7764
-98.8109
-98.8641
-98.9004
-98.9561
-98.9939
-99.0517
-99.1105
-99.1502
-99.1903
-99.2559
-99.2915
-99.3528
-99.4196
-99.4609
-99.5229
-99.5591
-99.6263
-99.6677
-99.7039
-99.766
-99.8073
-99.8743
-99.931
-99.9721
-100.039
-100.08
-100.136
-100.198
-100.259
-100.3
-100.346
-100.402
-100.447
-100.503
-100.544
-100.605
-100.65
-100.691
-100.746
-100.807
-100.853
-100.909
-100.949
-101.01
-101.056
-101.112
-101.153
-101.213
-101.274
-101.315
-101.356
-101.417
-101.462
-101.518
-101.559
-101.62
-101.665
-101.726
-101.782
-101.822
-101.883
-101.924
-101.984
-102.025
-102.085
-102.126
-102.206
-102.227
-102.287
-102.328
-102.388
-102.429
-102.489
-102.53
-102.591
-102.631
-102.692
-102.753
-102.793
-102.834
-102.895
-102.935
-102.996
-103.036
-103.097
-103.138
-103.198
-103.239
-103.299
-103.34
-103.4
-103.441
-103.527
-103.562
-103.602
-103.642
-103.728
-103.763
-103.804
-103.844
-103.909
-103.965
-104.005
-104.045
-104.131
-104.167
-104.207
-104.247
-104.308
-104.369
-104.409
-104.449
-104.51
-104.571
-104.631
-104.651
-104.712
-104.793
-104.833
-104.859
-104.934
-104.974
-105.035
-105.075
-105.136
-105.196
-105.236
-105.276
-105.341
-105.377
-105.417
-105.477
-105.558
-105.578
-105.638
-105.704
-105.779
-105.779
-105.86
-105.9
-105.94
-106.001
-106.061
-106.086
-106.162
-106.202
-106.263
-106.308
-106.383
-106.404
-106.464
-106.484
-106.55
-106.585
-106.645
-106.71
-106.766
-106.786
-106.846
-106.926
-106.946
-107.027
-107.047
-107.147
-107.147
-107.227
-107.248
-107.308
-107.409
-107.409
-107.489
-107.514
-107.57
-107.61
-107.691
-107.716
-107.756
-107.811
-107.917
-107.917
-107.952
-108.033
-108.053
-108.118
-108.174
-108.214
-108.314
-108.314
-108.374
-108.414
-108.474
-108.519
-108.575
-108.615
-108.675
-108.72
-108.775
-108.835
-108.875
-108.921
-108.996
-109.056
-109.076
-109.157
-109.177
-109.237
-109.278
-109.343
-109.378
-109.439
-109.479
-109.539
-109.579
-109.619
-109.68
-109.725
-109.78
-109.82
-109.88
-109.94
-109.98
-110.02
-110.08
-110.125
-110.165
-110.221
-110.281
-110.326
-110.426
-110.426
-110.481
-110.526
-110.582
-110.622
-110.682
-110.727
-110.782
-110.843
-110.883
-110.928
-110.983
-111.023
-111.084
-111.129
-111.184
-111.244
-111.284
-111.345
-111.385
-111.445
-111.485
-111.545
-111.585
-111.645
-111.685
-111.745
-111.805
-111.845
-111.885
-111.95
-111.985
-112.046
-112.086
-112.146
-112.186
-112.246
-112.287
-112.347
-112.387
-112.447
-112.487
-112.548
-112.608
-112.648
-112.688
-112.748
-112.789
-112.849
-112.889
-112.949
-113.014
-113.049
-113.089
-113.169
-113.189
-113.249
-113.289
-113.369
-113.429
-113.449
-113.489
-113.549
-113.609
-113.654
-113.689
-113.775
-113.81
-113.85
-113.91
-113.951
-114.016
-114.051
-114.136
-114.171
-114.212
-114.272
-114.312
-114.352
-114.412
-114.472
-114.512
-114.577
-114.612
-114.672
-114.712
-114.777
-114.812
-114.872
-114.912
-114.972
-115.012
-115.077
-115.112
-115.172
-115.217
-115.277
-115.313
-115.373
-115.413
-115.473
-115.513
-115.574
-115.634
-115.679
-115.739
-115.779
-115.839
-115.874
-115.915
-115.98
-116.015
-116.08
-116.115
-116.18
-116.235
-116.28
-116.34
-116.394
-116.434
-116.474
-116.539
-116.574
-116.634
-116.679
-116.739
-116.779
-116.834
-116.879
-116.94
-116.98
-117.035
-117.08
-117.14
-117.176
-117.236
-117.296
-117.341
-117.396
-117.436
-117.476
-117.541
-117.576
-117.636
-117.676
-117.741
-117.781
-117.836
-117.896
-117.941
-118.001
-118.041
-118.101
-118.141
-118.176
-118.236
-118.296
-118.341
-118.396
-118.436
-118.496
-118.541
-118.596
-118.636
-118.697
-118.742
-118.797
-118.837
-118.897
-118.942
-118.997
-119.037
-119.097
-119.142
-119.197
-119.238
-119.298
-119.343
-119.398
-119.438
-119.497
-119.542
-119.597
-119.657
-119.697
-119.762
-119.797
-119.857
-119.897
-119.957
-119.997
-120.037
-120.097
-120.162
-120.197
-120.257
-120.297
-120.358
-120.398
-120.458
-120.498
-120.558
-120.598
-120.678
-120.698
-120.758
-120.798
-120.858
-120.898
-120.958
-121.018
-121.058
-121.143
-121.158
-121.198
-121.258
-121.298
-121.358
-121.417
-121.457
-121.497
-121.557
-121.597
-121.657
-121.698
-121.758
-121.818
-121.858
-121.898
-121.958
-121.998
-122.058
-122.098
-122.183
-122.218
-122.258
-122.298
-122.383
-122.418
-122.458
-122.498
-122.578
-122.618
-122.658
-122.743
-122.758
-122.818
-122.878
-122.942
-122.977
-123.017
-123.077
-123.118
-123.158
-123.218
-123.278
-123.318
-123.383
-123.438
-123.478
-123.543
-123.583
-123.638
-123.678
-123.743
-123.783
-123.843
-123.878
-123.918
-124.018
-124.018
-124.083
-124.144
-124.184
-124.239
-124.284
-124.344
-124.383
-124.438
-124.498
-124.543
-124.578
-124.638
-124.678
-124.743
-124.783
-124.838
-124.878
-124.938
-124.978
-125.038
-125.098
-125.138
-125.198
-125.238
-125.298
-125.338
-125.403
-125.438
-125.499
-125.544
-125.599
-125.639
-125.699
-125.744
-125.799
-125.839
-125.904
-125.944
-125.999
-126.038
-126.098
-126.158
-126.203
-126.258
-126.298
-126.343
-126.398
-126.438
-126.498
-126.583
-126.598
-126.643
-126.698
-126.743
-126.798
-126.838
-126.898
-126.959
-126.999
-127.059
-127.099
-127.159
-127.199
-127.259
-127.299
-127.359
-127.399
-127.439
-127.499
-127.559
-127.599
-127.658
-127.698
-127.763
-127.798
-127.858
-127.898
-127.958
-127.998
-128.058
-128.098
-128.158
-128.198
-128.258
-128.298
-128.383
-128.398
-128.458
-128.498
-128.559
-128.619
-128.659
-128.699
-128.784
-128.819
-128.859
-128.899
-128.964
-128.999
-129.059
-129.099
-129.159
-129.219
-129.259
-129.298
-129.358
-129.418
-129.478
-129.518
-129.578
-129.618
-129.658
-129.698
-129.758
-129.818
-129.858
-129.918
-129.958
-130.018
-130.058
-130.098
-130.159
-130.224
-130.299
-130.319
-130.419
-130.419
-130.484
-130.519
-130.579
-130.619
-130.679
-130.719
-130.759
-130.819
-130.883
-130.918
-130.983
-131.018
-131.078
-131.118
-131.183
-131.238
-131.283
-131.318
-131.383
-131.418
-131.483
-131.518
-131.598
-131.618
-131.678
-131.718
-131.783
-131.838
-131.879
-131.919
-131.984
-132.044
-132.079
-132.144
-132.184
-132.239
-132.284
-132.319
-132.384
-132.438
-132.478
-132.543
-132.583
-132.638
-132.678
-132.743
-132.783
-132.838
-132.878
-132.943
-132.998
-133.043
-133.083
-133.143
-133.178
-133.238
-133.283
-133.343
-133.398
-133.438
-133.478
-133.543
-133.578
-133.639
-133.679
-133.744
-133.784
-133.839
-133.899
-133.939
-133.999
-134.043
-134.098
-134.143
-134.203
-134.237
-134.297
-134.342
-134.378
-134.438
-134.498
-134.543
-134.598
-134.638
-134.698
-134.743
-134.798
-134.838
-134.898
-134.943
-134.998
-135.038
-135.098
-135.143
-135.198
-135.243
-135.298
-135.343
-135.399
-135.459
-135.499
-135.559
-135.598
-135.658
-135.698
-135.763
-135.797
-135.857
-135.897
-135.957
-135.997
-136.057
-136.097
-136.158
-136.198
-136.258
-136.298
-136.363
-136.398
-136.458
-136.498
-136.563
-136.618
-136.658
-136.698
-136.798
-136.798
-136.878
-136.918
-136.958
-136.998
-137.058
-137.098
-137.158
-137.218
-137.258
-137.298
-137.362
-137.417
-137.457
-137.497
-137.562
-137.617
-137.657
-137.717
-137.757
-137.817
-137.877
-137.897
-137.958
-138.023
-138.058
-138.098
-138.158
-138.218
-138.258
-138.318
-138.358
-138.418
-138.483
-138.498
-138.578
-138.618
-138.658
-138.718
-138.758
-138.818
-138.878
-138.917
-138.977
-139.017
-139.077
-139.142
-139.197
-139.217
-139.277
-139.342
-139.382
-139.417
-139.477
-139.517
-139.582
-139.617
-139.683
-139.718
-139.783
-139.818
-139.878
-139.943
-139.978
-140.018
-140.078
-140.118
-140.183
-140.218
-140.298
-140.343
-140.383
-140.438
-140.478
-140.542
-140.582
-140.637
-140.682
-140.757
-140.797
-140.817
-140.877
-140.942
-140.977
-141.037
-141.077
-141.142
-141.177
-141.237
-141.277
-141.342
-141.382
-141.437
-141.477
-141.558
-141.598
-141.638
-141.678
-141.743
-141.783
-141.838
-141.898
-141.943
-141.998
-142.038
-142.097
-142.142
-142.197
-142.236
-142.296
-142.342
-142.397
-142.437
-142.497
-142.542
-142.597
-142.642
-142.677
-142.742
-142.797
-142.857
-142.897
-142.942
-142.997
-143.037
-143.097
-143.177
-143.197
-143.237
-143.297
-143.343
-143.398
-143.438
-143.498
-143.543
-143.598
-143.662
-143.697
-143.742
-143.796
-143.856
-143.896
-143.941
-143.996
-144.056
-144.096
-144.157
-144.197
-144.237
-144.297
-144.357
-144.397
-144.457
-144.497
-144.557
-144.597
-144.657
-144.697
-144.757
-144.797
-144.857
-144.897
-144.957
-145.002
-145.057
-145.097
-145.157
-145.197
-145.257
-145.297
-145.356
-145.416
-145.456
-145.496
-145.556
-145.616
-145.656
-145.741
-145.761
-145.796
-145.856
-145.896
-145.961
-146.021
-146.057
-146.097
-146.157
-146.217
-146.257
-146.297
-146.357
-146.417
-146.457
-146.497
-146.557
-146.617
-146.697
-146.697
-146.757
-146.817
-146.857
-146.916
-146.956
-147.016
-147.056
-147.096
-147.161
-147.216
-147.276
-147.316
-147.381
-147.416
-147.476
-147.516
-147.556
-147.616
-147.676
-147.721
-147.781
-147.816
-147.876
-147.896
-147.977
-148.017
-148.077
-148.142
-148.182
-148.242
-148.282
-148.317
-148.382
-148.417
-148.477
-148.516
-148.581
-148.616
-148.676
-148.715
-148.781
-148.816
-148.876
-148.941
-148.981
-149.036
-149.076
-149.136
-149.181
-149.236
-149.281
-149.341
-149.381
-149.436
-149.476
-149.556
-149.576
-149.636
-149.676
-149.741
-149.782
-149.837
-149.877
-149.942
-149.997
-150.037
-150.076
-150.141
-150.196
-150.236
-150.275
-150.34
-150.4
-150.435
-150.495
-150.54
-150.596
-150.636
-150.696
-150.741
-150.796
-150.836
-150.896
-150.941
-150.996
-151.041
-151.096
-151.141
-151.196
-151.236
-151.296
-151.356
-151.381
-151.436
-151.496
-151.541
-151.597
-151.641
-151.696
-151.756
-151.816
-151.855
-151.895
-151.94
-151.995
-152.035
-152.095
-152.14
-152.195
-152.235
-152.295
-152.355
-152.395
-152.456
-152.496
-152.561
-152.596
-152.656
-152.696
-152.761
-152.801
-152.856
-152.896
-152.956
-152.996
-153.036
-153.096
-153.156
-153.216
-153.256
-153.296
-153.38
-153.395
-153.455
-153.495
-153.555
-153.6
-153.655
-153.695
-153.755
-153.815
-153.855
-153.895
-153.955
-154.015
-154.075
-154.095
-154.155
-154.216
-154.256
-154.296
-154.376
-154.416
-154.461
-154.516
-154.576
-154.621
-154.676
-154.716
-154.756
-154.821
-154.876
-154.916
-154.975
-155.015
-155.075
-155.095
-155.175
-155.215
-155.275
-155.315
-155.38
-155.415
-155.475
-155.515
-155.58
-155.615
-155.675
-155.715
-155.78
-155.84
-155.875
-155.935
-155.975
-156.016
-156.081
-156.116
-156.176
-156.236
-156.276
-156.341
-156.381
-156.436
-156.476
-156.54
-156.58
-156.655
-156.675
-156.739
-156.779
-156.839
-156.88
-156.94
-156.975
-157.035
-157.08
-157.14
-157.175
-157.235
-157.275
-157.335
-157.38
-157.435
-157.475
-157.54
-157.575
-157.635
-157.675
-157.74
-157.795
-157.835
-157.895
-157.941
-157.996
-158.036
-158.095
-158.14
-158.195
-158.235
-158.294
-158.354
-158.394
-158.434
-158.494
-158.539
-158.594
-158.634
-158.694
-158.74
-158.795
-158.855
-158.895
-158.935
-158.995
-159.055
-159.095
-159.155
-159.195
-159.255
-159.295
-159.355
-159.395
-159.455
-159.495
-159.56
-159.595
-159.655
-159.695
-159.78
-159.795
-159.854
-159.894
-159.954
-159.994
-160.034
-160.094
-160.154
-160.214
-160.254
-160.294
-160.354
-160.394
-160.454
-160.494
-160.554
-160.595
-160.655
-160.695
-160.755
-160.795
-160.855
-160.9
-160.955
-160.995
-161.055
-161.095
-161.154
-161.199
-161.254
-161.294
-161.354
-161.394
-161.474
-161.494
-161.554
-161.614
-161.674
-161.694
-161.759
-161.794
-161.854
-161.894
-161.954
-162.013
-162.053
-162.093
-162.153
-162.217
-162.252
-162.332
-162.352
-162.411
-162.451
-162.511
-162.551
-162.61
-162.65
-162.69
-162.75
-162.809
-162.849
-162.909
-162.973
-163.008
-163.068
-163.133
-163.167
-163.207
-163.272
-163.332
-163.366
-163.406
-163.466
-163.506
-163.585
-163.605
-163.67
-163.73
-163.769
-163.804
-163.864
-163.929
-163.968
-164.023
-164.063
-164.128
-164.167
-164.222
-164.262
-164.326
-164.366
-164.426
-164.461
-164.526
-164.581
-164.621
-164.661
-164.726
-164.766
-164.821
-164.881
-164.926
-164.981
-165.021
-165.081
-165.126
-165.181
-165.222
-165.262
-165.327
-165.382
-165.422
-165.482
-165.527
-165.582
-165.622
-165.682
-165.727
-165.782
-165.822
-165.882
-165.927
-165.982
-166.027
-166.082
-166.162
-166.182
-166.243
-166.283
-166.328
-166.383
-166.443
-166.483
-166.528
-166.588
-166.643
-166.683
-166.743
-166.783
-166.823
-166.883
-166.943
-166.988
-167.043
-167.083
-167.143
-167.183
-167.243
-167.284
-167.344
-167.383
-167.443
-167.482
-167.539
-167.596
-167.633
-167.67
-167.723
-167.759
-167.81
-167.844
-167.896
-167.93
-167.982
-168.017
-168.07
-168.107
-168.18
-168.199
-168.275
-168.314
-168.352
-168.389
-168.44
-168.486
-168.515
-168.557
-168.587
-168.623
-168.642
-168.663
-168.705
-168.728
-168.747
-168.77
-168.818
-168.844
-168.89
-168.901
-168.967
-168.996
-169.03
-169.084
-169.12
-169.171
-169.218
-169.263
-169.285
-169.302
-169.324
-169.335
-169.352
-169.355
-169.366
-169.372
-169.384
-169.393
-169.411
-169.425
-169.449
-169.468
-169.5
-169.538
-169.56
-169.585
-169.625
-169.652
-169.692
-169.722
-169.756
-169.784
-169.815
-169.837
-169.869
-169.885
-169.91
-169.932
-169.946
-169.965
-169.979
-169.988
-169.996
-170.007
-170.013
-170.021
-170.029
-170.034
-170.038
-170.043
-170.047
-170.053
-170.056
-170.061
-170.064
-170.07
-170.073
-170.076
-170.08
-170.083
-170.087
-170.089
-170.092
-170.095
-170.097
-170.099
-170.101
-170.103
-170.104
-170.105
-170.105
-170.106
-170.106
-170.106
-170.105
-170.105
-170.104
-170.103
-170.102
-170.1
-170.099
-170.095
-170.095
-170.09
-170.09
-170.089
-170.085
-170.085
-170.079
-170.079
-170.073
-170.073
-170.072
-170.067
-170.067
-170.06
-170.06
-170.059
-170.055
-170.044
-170.043
-170.038
-170.036
-170.025
-170.024
-170.012
-170.012
-170.012
-170.01
-170.006
-170.003
-169.998
-169.996
-169.993
-169.989
-169.985
-169.982
-169.979
-169.976
-169.972
-169.969
-169.964
-169.961
-169.957
-169.954
-169.95
-169.946
-169.938
-169.938
-169.934
-169.927
-169.925
-169.921
-169.917
-169.912
-169.909
-169.903
-169.9
-169.895
-169.891
-169.886
-169.883
-169.88
-169.874
-169.869
-169.866
-169.861
-169.857
-169.852
-169.849
-169.844
-169.84
-169.835
-169.832
-169.827
-169.823
-169.818
-169.815
-169.809
-169.804
-169.801
-169.795
-169.792
-169.787
-169.784
-169.779
-169.775
-169.772
-169.767
-169.761
-169.758
-169.754
-169.749
-169.743
-169.739
-169.734
-169.728
-169.725
-169.721
-169.716
-169.712
-169.704
-169.703
-169.697
-169.694
-169.688
-169.685
-169.68
-169.675
-169.671
-169.668
-169.663
-169.659
-169.654
-169.651
-169.646
-169.64
-169.637
-169.634
-169.628
-169.625
-169.62
-169.617
-169.611
-169.608
-169.601
-169.599
-169.592
-169.588
-169.584
-169.579
-169.575
-169.57
-169.566
-169.563
-169.558
-169.552
-169.549
-169.546
-169.541
-169.535
-169.532
-169.529
-169.52
-169.518
-169.513
-169.511
-169.506
-169.501
-169.498
-169.494
-169.489
-169.484
-169.481
-169.476
-169.47
-169.467
-169.462
-169.458
-169.453
-169.45
-169.444
-169.441
-169.436
