0
0
0
0
0
0
0
0
0
0
0
0
0
0
0
0
0
0
0
0
0
0
0
0
0
0
0
0
0
0
0
0
0
0
0
0
0
0
0
0
0
0
0
0
0
0
0
0
0
0
0
0
0
0
0
0
0
0
0
0
0
0
0
0
0
0
0
0
0
0
0
0
0
-2.95603
-2.85501
-2.85501
-2.85501
-2.85501
-2.85501
-2.85501
-2.85501
-2.85501
-2.85501
-2.85501
-2.85501
-2.85501
-2.85501
-2.85501
-2.85501
-2.85501
-2.85501
-2.85501
-2.85501
-2.85501
-2.85501
-2.85501
-2.85501
-2.85501
-2.85501
-2.85501
-2.85501
-2.85501
-2.85501
-2.85501
-2.85501
-2.85501
-2.85501
-2.85501
-2.85501
-2.85501
-2.85501
-2.85501
-2.85501
-2.85501
-2.85501
-2.85501
-2.85501
-2.85501
-2.85501
-2.85501
-2.85501
-2.85501
-2.85501
-2.85501
-2.85501
-2.85501
-2.85501
-2.85501
-2.85501
-2.85501
-2.85501
-2.85501
-2.85501
-2.85501
-2.85501
-2.85501
-2.85501
-2.85501
-2.85501
-2.85501
-2.85501
-2.85501
-2.85501
-2.85501
-2.85501
-2.85501
-2.85501
-2.85501
-2.85501
-2.85501
-2.85501
-2.85501
-2.85501
-2.85501
-2.85501
-2.85501
-2.85501
-2.85501
-2.85501
-2.85501
-2.85501
-2.85501
-2.85501
-2.85501
-2.85501
-2.85501
-2.85501
-2.85501
-2.85501
-2.85501
-2.85501
-2.85501
-2.85501
-2.85501
-2.85501
-2.85501
-2.85501
-2.85501
-2.85501
-2.85501
-2.85501
-2.85501
-2.85501
-2.85501
-2.85501
-2.85501
-2.85501
-2.85501
-2.85501
-2.85501
-2.85501
-2.85501
-2.85501
-2.85501
-2.85501
-2.85501
-2.85501
-2.85501
-2.85501
-2.85501
-2.85501
-2.85501
-2.85501
-2.85501
-2.85501
-2.85501
-2.85501
-2.85501
-2.85501
-2.85501
-2.85501
-2.85501
-2.85501
-2.85501
-2.85501
-2.85501
-2.85501
-2.85501
-2.85501
-2.85501
-2.85501
-2.85501
-2.85501
-2.85501
-2.85501
-2.85501
-2.85501
-2.85501
-2.85501
-2.85501
-2.85501
-2.85501
-2.85501
-2.85501
-2.85501
-2.85501
-2.85501
-2.85501
-2.85501
-2.85501
-2.85501
-2.85501
-2.85501
-2.85501
-2.85501
-2.85501
-2.85501
-2.85501
-2.85501
-2.85501
-2.85501
-2.85501
-2.85501
-2.85501
-2.85501
-2.85501
-2.85501
-2.85501
-2.85501
-2.85501
-2.85501
-2.85501
-2.85501
-2.85501
-2.85501
-2.85501
-2.85501
-2.85501
-2.85501
-2.85501
-2.85501
-2.85501
-2.85501
-2.85501
-2.85501
-2.85501
-2.85501
-2.85501
-2.85501
-2.85501
-2.85501
-2.85501
-2.85501
-2.85501
-2.85501
-2.85501
-2.85501
-2.85501
-2.85501
-2.85501
-2.85501
-2.85501
-2.85501
-2.85501
-2.85501
-2.85501
-2.85501
-2.85501
-2.85501
-2.85501
-2.85501
-2.85501
-2.85501
-2.85501
-2.85501
-2.85501
-2.85501
-2.85501
-2.85501
-2.85501
-2.85501
-2.85501
-2.85501
-2.85501
-2.85501
-2.85501
-2.85501
-2.85501
-2.85501
-2.85501
-2.85501
-2.85501
-2.85501
-2.85501
-5.20652
-5.20652
-5.20652
-5.20652
-5.20652
-5.20652
-5.20652
-5.20652
-5.20652
-5.20652
-5.20652
-5.20652
-5.20652
-5.20652
-5.20652
-5.20652
-5.20652
-5.20652
-5.20652
-5.20652
-5.20652
-5.20652
-5.20652
-5.20652
-5.20652
-5.20652
-5.20652
-5.20652
-5.20652
-5.20652
-5.20652
-5.20652
-5.20652
-5.20652
-5.20652
-5.20652
-5.20652
-5.20652
-6.60783
-6.60783
-6.60783
-6.60783
-6.60783
-6.60783
-6.60783
-6.60783
-6.60783
-6.60783
-6.60783
-6.60783
-6.60783
-6.60783
-6.60783
-6.60783
-6.60783
-6.60783
-6.60783
-6.60783
-6.60783
-6.60783
-6.60783
-6.60783
-6.60783
-6.60783
-6.60783
-6.60783
-6.60783
-6.60783
-6.60783
-6.60783
-8.04362
-8.04362
-8.04362
-8.04362
-8.04362
-8.04362
-8.04362
-8.04362
-8.04362
-8.04362
-8.04362
-8.04362
-8.04362
-8.04362
-8.04362
-8.04362
-8.04362
-8.04362
-8.04362
-8.04362
-8.04362
-8.04362
-8.04362
-8.04362
-8.04362
-8.04362
-8.04362
-8.04362
-8.04362
-8.04362
-8.04362
-8.04362
-9.49033
-9.49033
-9.49033
-9.49033
-9.49033
-9.49033
-9.49033
-9.49033
-9.49033
-9.49033
-9.49033
-9.49033
-9.49033
-9.49033
-9.49033
-9.49033
-9.49033
-9.49033
-9.49033
-9.49033
-9.49033
-9.49033
-9.49033
-9.49033
-9.49033
-9.49033
-9.49033
-9.49033
-9.49033
-9.49033
-9.49033
-9.49033
-10.9394
-10.9394
-10.9394
-10.9394
-10.9394
-10.9394
-10.9394
-10.9394
-10.9394
-10.9394
-10.9394
-10.9394
-10.9394
-10.9394
-10.9394
-10.9394
-10.9394
-10.9394
-10.9394
-10.9394
-10.9394
-10.9394
-10.9394
-10.9394
-10.9394
-10.9394
-10.9394
-10.9394
-10.9394
-10.9394
-10.9394
-12.3677
-12.3677
-12.3677
-12.3677
-12.3677
-12.3677
-12.3677
-12.3677
-12.3677
-12.3677
-12.3677
-12.3677
-12.3677
-12.3677
-12.3677
-12.3677
-12.3677
-12.3677
-12.3677
-12.3677
-12.3677
-12.3677
-12.3677
-12.3677
-12.3677
-12.3677
-12.3677
-12.3677
-12.3677
-12.3677
-13.8035
-13.8035
-13.8035
-13.8035
-13.8035
-13.8035
-13.8035
-13.8035
-13.8035
-13.8035
-13.8035
-13.8035
-13.8035
-13.8035
-13.8035
-13.8035
-13.8035
-13.8035
-13.8035
-13.8035
-13.8035
-13.8035
-13.8035
-13.8035
-13.8035
-13.8035
-13.8035
-13.8035
-13.8035
-13.8035
-15.2391
-15.2391
-15.2391
-15.2391
-15.2391
-15.2391
-15.2391
-15.2391
-15.2391
-15.2391
-15.2391
-15.2391
-15.2391
-15.2391
-15.2391
-15.2391
-15.2391
-15.2391
-15.2391
-15.2391
-15.2391
-15.2391
-15.2391
-15.2391
-15.2391
-15.2391
-15.2391
-15.2391
-15.2391
-15.2391
-16.6492
-16.6492
-16.6492
-16.6492
-16.6492
-16.6492
-16.6492
-16.6492
-16.6492
-16.6492
-16.6492
-16.6492
-16.6492
-16.6492
-16.6492
-16.6492
-16.6492
-16.6492
-16.6492
-16.6492
-16.6492
-16.6492
-16.6492
-16.6492
-16.6492
-16.6492
-16.6492
-16.6492
-16.6492
-16.6492
-18.109
-18.109
-18.109
-18.109
-18.109
-18.109
-18.109
-18.109
-18.109
-18.109
-18.109
-18.109
-18.109
-18.109
-18.109
-18.109
-18.109
-18.109
-18.109
-18.109
-18.109
-18.109
-18.109
-18.109
-18.109
-18.109
-18.109
-18.109
-18.109
-19.5211
-19.5211
-19.5211
-19.5211
-19.5211
-19.5211
-19.5211
-19.5211
-19.5211
-19.5211
-19.5211
-19.5211
-19.5211
-19.5211
-19.5211
-19.5211
-19.5211
-19.5211
-19.5211
-19.5211
-19.5211
-19.5211
-19.5211
-19.5211
-19.5211
-19.5211
-19.5211
-19.5211
-20.9461
-20.9461
-20.9461
-20.9461
-20.9461
-20.9461
-20.9461
-20.9461
-20.9461
-20.9461
-20.9461
-20.9461
-20.9461
-20.9461
-20.9461
-20.9461
-20.9461
-20.9461
-20.9461
-20.9461
-20.9461
-20.9461
-20.9461
-20.9461
-20.9461
-20.9461
-20.9461
-20.9461
-20.9461
-22.3626
-22.3626
-22.3626
-22.3626
-22.3626
-22.3626
-22.3626
-22.3626
-22.3626
-22.3626
-22.3626
-22.3626
-22.3626
-22.3626
-22.3626
-22.3626
-22.3626
-22.3626
-22.3626
-22.3626
-22.3626
-22.3626
-22.3626
-22.3626
-22.3626
-22.3626
-22.3626
-22.3626
-23.7813
-23.7813
-23.7813
-23.7813
-23.7813
-23.7813
-23.7813
-23.7813
-23.7813
-23.7813
-23.7813
-23.7813
-23.7813
-23.7813
-23.7813
-23.7813
-23.7813
-23.7813
-23.7813
-23.7813
-23.7813
-23.7813
-23.7813
-23.7813
-23.7813
-23.7813
-23.7813
-23.7813
-23.7813
-25.238
-25.238
-25.238
-25.238
-25.238
-25.238
-25.238
-25.238
-25.238
-25.238
-25.238
-25.238
-25.238
-25.238
-25.238
-25.238
-25.238
-25.238
-25.238
-25.238
-25.238
-25.238
-25.238
-25.238
-25.238
-25.238
-25.238
-25.238
-26.6598
-26.6598
-26.6598
-26.6598
-26.6598
-26.6598
-26.6598
-26.6598
-26.6598
-26.6598
-26.6598
-26.6598
-26.6598
-26.6598
-26.6598
-26.6598
-26.6598
-26.6598
-26.6598
-26.6598
-26.6598
-26.6598
-26.6598
-26.6598
-26.6598
-26.6598
-26.6598
-26.6598
-26.6598
-28.1095
-28.1095
-28.1095
-28.1095
-28.1095
-28.1095
-28.1095
-28.1095
-28.1095
-28.1095
-28.1095
-28.1095
-28.1095
-28.1095
-28.1095
-28.1095
-28.1095
-28.1095
-28.1095
-28.1095
-28.1095
-28.1095
-28.1095
-28.1095
-28.1095
-28.1095
-28.1095
-28.1095
-28.1095
-29.5566
-29.5566
-29.5566
-29.5566
-29.5566
-29.5566
-29.5566
-29.5566
-29.5566
-29.5566
-29.5566
-29.5566
-29.5566
-29.5566
-29.5566
-29.5566
-29.5566
-29.5566
-29.5566
-29.5566
-29.5566
-29.5566
-29.5566
-29.5566
-29.5566
-29.5566
-29.5566
-29.5566
-31.0075
-31.0075
-31.0075
-31.0075
-31.0075
-31.0075
-31.0075
-31.0075
-31.0075
-31.0075
-31.0075
-31.0075
-31.0075
-31.0075
-31.0075
-31.0075
-31.0075
-31.0075
-31.0075
-31.0075
-31.0075
-31.0075
-31.0075
-31.0075
-31.0075
-31.0075
-31.0075
-31.0075
-31.0075
-32.471
-32.471
-32.471
-32.471
-32.471
-32.471
-32.471
-32.471
-32.471
-32.471
-32.471
-32.471
-32.471
-32.471
-32.471
-32.471
-32.471
-32.471
-32.471
-32.471
-32.471
-32.471
-32.471
-32.471
-32.471
-32.471
-32.471
-32.471
-32.471
-33.9188
-33.9188
-33.9188
-33.9188
-33.9188
-33.9188
-33.9188
-33.9188
-33.9188
-33.9188
-33.9188
-33.9188
-33.9188
-33.9188
-33.9188
-33.9188
-33.9188
-33.9188
-33.9188
-33.9188
-33.9188
-33.9188
-33.9188
-33.9188
-33.9188
-33.9188
-33.9188
-33.9188
-35.3442
-35.3442
-35.3442
-35.3442
-35.3442
-35.3442
-35.3442
-35.3442
-35.3442
-35.3442
-35.3442
-35.3442
-35.3442
-35.3442
-35.3442
-35.3442
-35.3442
-35.3442
-35.3442
-35.3442
-35.3442
-35.3442
-35.3442
-35.3442
-35.3442
-35.3442
-35.3442
-35.3442
-35.3442
-36.8079
-36.8079
-36.8079
-36.8079
-36.8079
-36.8079
-36.8079
-36.8079
-36.8079
-36.8079
-36.8079
-36.8079
-36.8079
-36.8079
-36.8079
-36.8079
-36.8079
-36.8079
-36.8079
-36.8079
-36.8079
-36.8079
-36.8079
-36.8079
-36.8079
-36.8079
-36.8079
-36.8079
-38.2381
-38.2381
-38.2381
-38.2381
-38.2381
-38.2381
-38.2381
-38.2381
-38.2381
-38.2381
-38.2381
-38.2381
-38.2381
-38.2381
-38.2381
-38.2381
-38.2381
-38.2381
-38.2381
-38.2381
-38.2381
-38.2381
-38.2381
-38.2381
-38.2381
-38.2381
-38.2381
-38.2381
-38.2381
-39.6961
-39.6961
-39.6961
-39.6961
-39.6961
-39.6961
-39.6961
-39.6961
-39.6961
-39.6961
-39.6961
-39.6961
-39.6961
-39.6961
-39.6961
-39.6961
-39.6961
-39.6961
-39.6961
-39.6961
-39.6961
-39.6961
-39.6961
-39.6961
-39.6961
-39.6961
-39.6961
-39.6961
-39.6961
-41.1397
-41.1397
-41.1397
-41.1397
-41.1397
-41.1397
-41.1397
-41.1397
-41.1397
-41.1397
-41.1397
-41.1397
-41.1397
-41.1397
-41.1397
-41.1397
-41.1397
-41.1397
-41.1397
-41.1397
-41.1397
-41.1397
-41.1397
-41.1397
-41.1397
-41.1397
-41.1397
-41.1397
-41.1397
-42.6017
-42.6017
-42.6017
-42.6017
-42.6017
-42.6017
-42.6017
-42.6017
-42.6017
-42.6017
-42.6017
-42.6017
-42.6017
-42.6017
-42.6017
-42.6017
-42.6017
-42.6017
-42.6017
-42.6017
-42.6017
-42.6017
-42.6017
-42.6017
-42.6017
-42.6017
-42.6017
-42.6017
-42.6017
-44.0655
-44.0655
-44.0655
-44.0655
-44.0655
-44.0655
-44.0655
-44.0655
-44.0655
-44.0655
-44.0655
-44.0655
-44.0655
-44.0655
-44.0655
-44.0655
-44.0655
-44.0655
-44.0655
-44.0655
-44.0655
-44.0655
-44.0655
-44.0655
-44.0655
-44.0655
-44.0655
-44.0655
-44.0655
-45.5535
-45.5535
-45.5535
-45.5535
-45.5535
-45.5535
-45.5535
-45.5535
-45.5535
-45.5535
-45.5535
-45.5535
-45.5535
-45.5535
-45.5535
-45.5535
-45.5535
-45.5535
-45.5535
-45.5535
-45.5535
-45.5535
-45.5535
-45.5535
-45.5535
-45.5535
-45.5535
-45.5535
-45.5535
-45.5535
-47.0333
-47.0333
-47.0333
-47.0333
-47.0333
-47.0333
-47.0333
-47.0333
-47.0333
-47.0333
-47.0333
-47.0333
-47.0333
-47.0333
-47.0333
-47.0333
-47.0333
-47.0333
-47.0333
-47.0333
-47.0333
-47.0333
-47.0333
-47.0333
-47.0333
-47.0333
-47.0333
-47.0333
-47.0333
-48.5144
-48.5144
-48.5144
-48.5144
-48.5144
-48.5144
-48.5144
-48.5144
-48.5144
-48.5144
-48.5144
-48.5144
-48.5144
-48.5144
-48.5144
-48.5144
-48.5144
-48.5144
-48.5144
-48.5144
-48.5144
-48.5144
-48.5144
-48.5144
-48.5144
-48.5144
-48.5144
-48.5144
-48.5144
-48.5144
-50.0164
-50.0164
-50.0164
-50.0164
-50.0164
-50.0164
-50.0164
-50.0164
-50.0164
-50.0164
-50.0164
-50.0164
-50.0164
-50.0164
-50.0164
-50.0164
-50.0164
-50.0164
-50.0164
-50.0164
-50.0164
-50.0164
-50.0164
-50.0164
-50.0164
-50.0164
-50.0164
-50.0164
-50.0164
-51.4783
-51.4783
-51.4783
-51.4783
-51.4783
-51.4783
-51.4783
-51.4783
-51.4783
-51.4783
-51.4783
-51.4783
-51.4783
-51.4783
-51.4783
-51.4783
-51.4783
-51.4783
-51.4783
-51.4783
-51.4783
-51.4783
-51.4783
-51.4783
-51.4783
-51.4783
-51.4783
-51.4783
-51.4783
-52.9424
-52.9424
-52.9424
-52.9424
-52.9424
-52.9424
-52.9424
-52.9424
-52.9424
-52.9424
-52.9424
-52.9424
-52.9424
-52.9424
-52.9424
-52.9424
-52.9424
-52.9424
-52.9424
-52.9424
-52.9424
-52.9424
-52.9424
-52.9424
-52.9424
-52.9424
-52.9424
-52.9424
-52.9424
-54.4042
-54.4042
-54.4042
-54.4042
-54.4042
-54.4042
-54.4042
-54.4042
-54.4042
-54.4042
-54.4042
-54.4042
-54.4042
-54.4042
-54.4042
-54.4042
-54.4042
-54.4042
-54.4042
-54.4042
-54.4042
-54.4042
-54.4042
-54.4042
-54.4042
-54.4042
-54.4042
-54.4042
-54.4042
-55.8705
-55.8705
-55.8705
-55.8705
-55.8705
-55.8705
-55.8705
-55.8705
-55.8705
-55.8705
-55.8705
-55.8705
-55.8705
-55.8705
-55.8705
-55.8705
-55.8705
-55.8705
-55.8705
-55.8705
-55.8705
-55.8705
-55.8705
-55.8705
-55.8705
-55.8705
-55.8705
-55.8705
-55.8705
-55.8705
-57.4246
-57.4246
-57.4246
-57.4246
-57.4246
-57.4246
-57.4246
-57.4246
-57.4246
-57.4246
-57.4246
-57.4246
-57.4246
-57.4246
-57.4246
-57.4246
-57.4246
-57.4246
-57.4246
-57.4246
-57.4246
-57.4246
-57.4246
-57.4246
-57.4246
-57.4246
-57.4246
-58.9286
-58.9286
-58.9286
-58.9286
-58.9286
-58.9286
-58.9286
-58.9286
-58.9286
-58.9286
-58.9286
-58.9286
-58.9286
-58.9286
-58.9286
-58.9286
-58.9286
-58.9286
-58.9286
-58.9286
-58.9286
-58.9286
-58.9286
-58.9286
-58.9286
-58.9286
-58.9286
-58.9286
-58.9286
-60.4193
-60.4193
-60.4193
-60.4193
-60.4193
-60.4193
-60.4193
-60.4193
-60.4193
-60.4193
-60.4193
-60.4193
-60.4193
-60.4193
-60.4193
-60.4193
-60.4193
-60.4193
-60.4193
-60.4193
-60.4193
-60.4193
-60.4193
-60.4193
-60.4193
-60.4193
-60.4193
-60.4193
-60.4193
-60.4193
-61.9237
-61.9237
-61.9237
-61.9237
-61.9237
-61.9237
-61.9237
-61.9237
-61.9237
-61.9237
-61.9237
-61.9237
-61.9237
-61.9237
-61.9237
-61.9237
-61.9237
-61.9237
-61.9237
-61.9237
-61.9237
-61.9237
-61.9237
-61.9237
-61.9237
-61.9237
-61.9237
-61.9237
-61.9237
-61.9237
-63.4255
-63.4255
-63.4255
-63.4255
-63.4255
-63.4255
-63.4255
-63.4255
-63.4255
-63.4255
-63.4255
-63.4255
-63.4255
-63.4255
-63.4255
-63.4255
-63.4255
-63.4255
-63.4255
-63.4255
-63.4255
-63.4255
-63.4255
-63.4255
-63.4255
-63.4255
-63.4255
-63.4255
-63.4255
-63.4255
-64.9265
-64.9265
-64.9265
-64.9265
-64.9265
-64.9265
-64.9265
-64.9265
-64.9265
-64.9265
-64.9265
-64.9265
-64.9265
-64.9265
-64.9265
-64.9265
-64.9265
-64.9265
-64.9265
-64.9265
-64.9265
-64.9265
-64.9265
-64.9265
-64.9265
-64.9265
-64.9265
-64.9265
-64.9265
-64.9265
-66.4426
-66.4426
-66.4426
-66.4426
-66.4426
-66.4426
-66.4426
-66.4426
-66.4426
-66.4426
-66.4426
-66.4426
-66.4426
-66.4426
-66.4426
-66.4426
-66.4426
-66.4426
-66.4426
-66.4426
-66.4426
-66.4426
-66.4426
-66.4426
-66.4426
-66.4426
-66.4426
-66.4426
-66.4426
-66.4426
-67.9429
-67.9429
-67.9429
-67.9429
-67.9429
-67.9429
-67.9429
-67.9429
-67.9429
-67.9429
-67.9429
-67.9429
-67.9429
-67.9429
-67.9429
-67.9429
-67.9429
-67.9429
-67.9429
-67.9429
-67.9429
-67.9429
-67.9429
-67.9429
-67.9429
-67.9429
-67.9429
-67.9429
-67.9429
-67.9429
-69.4888
-69.4888
-69.4888
-69.4888
-69.4888
-69.4888
-69.4888
-69.4888
-69.4888
-69.4888
-69.4888
-69.4888
-69.4888
-69.4888
-69.4888
-69.4888
-69.4888
-69.4888
-69.4888
-69.4888
-69.4888
-69.4888
-69.4888
-69.4888
-69.4888
-69.4888
-69.4888
-69.4888
-69.4888
-69.4888
-69.4888
-71.0154
-71.0154
-71.0154
-71.0154
-71.0154
-71.0154
-71.0154
-71.0154
-71.0154
-71.0154
-71.0154
-71.0154
-71.0154
-71.0154
-71.0154
-71.0154
-71.0154
-71.0154
-71.0154
-71.0154
-71.0154
-71.0154
-71.0154
-71.0154
-71.0154
-71.0154
-71.0154
-71.0154
-71.0154
-71.0154
-72.512
-72.512
-72.512
-72.512
-72.512
-72.512
-72.512
-72.512
-72.512
-72.512
-72.512
-72.512
-72.512
-72.512
-72.512
-72.512
-72.512
-72.512
-72.512
-72.512
-72.512
-72.512
-72.512
-72.512
-72.512
-72.512
-72.512
-72.512
-72.512
-72.512
-74.0316
-74.0316
-74.0316
-74.0316
-74.0316
-74.0316
-74.0316
-74.0316
-74.0316
-74.0316
-74.0316
-74.0316
-74.0316
-74.0316
-74.0316
-74.0316
-74.0316
-74.0316
-74.0316
-74.0316
-74.0316
-74.0316
-74.0316
-74.0316
-74.0316
-74.0316
-74.0316
-74.0316
-74.0316
-74.0316
-75.5335
-75.5335
-75.5335
-75.5335
-75.5335
-75.5335
-75.5335
-75.5335
-75.5335
-75.5335
-75.5335
-75.5335
-75.5335
-75.5335
-75.5335
-75.5335
-75.5335
-75.5335
-75.5335
-75.5335
-75.5335
-75.5335
-75.5335
-75.5335
-75.5335
-75.5335
-75.5335
-75.5335
-75.5335
-75.5335
-77.0602
-77.0602
-77.0602
-77.0602
-77.0602
-77.0602
-77.0602
-77.0602
-77.0602
-77.0602
-77.0602
-77.0602
-77.0602
-77.0602
-77.0602
-77.0602
-77.0602
-77.0602
-77.0602
-77.0602
-77.0602
-77.0602
-77.0602
-77.0602
-77.0602
-77.0602
-77.0602
-77.0602
-77.0602
-77.0602
-77.0602
-78.6163
-78.6163
-78.6163
-78.6163
-78.6163
-78.6163
-78.6163
-78.6163
-78.6163
-78.6163
-78.6163
-78.6163
-78.6163
-78.6163
-78.6163
-78.6163
-78.6163
-78.6163
-78.6163
-78.6163
-78.6163
-78.6163
-78.6163
-78.6163
-78.6163
-78.6163
-78.6163
-78.6163
-78.6163
-78.6163
-80.1234
-80.1234
-80.1234
-80.1234
-80.1234
-80.1234
-80.1234
-80.1234
-80.1234
-80.1234
-80.1234
-80.1234
-80.1234
-80.1234
-80.1234
-80.1234
-80.1234
-80.1234
-80.1234
-80.1234
-80.1234
-80.1234
-80.1234
-80.1234
-80.1234
-80.1234
-80.1234
-80.1234
-80.1234
-80.1234
-81.6404
-81.6404
-81.6404
-81.6404
-81.6404
-81.6404
-81.6404
-81.6404
-81.6404
-81.6404
-81.6404
-81.6404
-81.6404
-81.6404
-81.6404
-81.6404
-81.6404
-81.6404
-81.6404
-81.6404
-81.6404
-81.6404
-81.6404
-81.6404
-81.6404
-81.6404
-81.6404
-81.6404
-81.6404
-81.6404
-83.1611
-83.1611
-83.1611
-83.1611
-83.1611
-83.1611
-83.1611
-83.1611
-83.1611
-83.1611
-83.1611
-83.1611
-83.1611
-83.1611
-83.1611
-83.1611
-83.1611
-83.1611
-83.1611
-83.1611
-83.1611
-83.1611
-83.1611
-83.1611
-83.1611
-83.1611
-83.1611
-83.1611
-83.1611
-83.1611
-83.1611
-84.7072
-84.7072
-84.7072
-84.7072
-84.7072
-84.7072
-84.7072
-84.7072
-84.7072
-84.7072
-84.7072
-84.7072
-84.7072
-84.7072
-84.7072
-84.7072
-84.7072
-84.7072
-84.7072
-84.7072
-84.7072
-84.7072
-84.7072
-84.7072
-84.7072
-84.7072
-84.7072
-84.7072
-84.7072
-84.7072
-86.2289
-86.2289
-86.2289
-86.2289
-86.2289
-86.2289
-86.2289
-86.2289
-86.2289
-86.2289
-86.2289
-86.2289
-86.2289
-86.2289
-86.2289
-86.2289
-86.2289
-86.2289
-86.2289
-86.2289
-86.2289
-86.2289
-86.2289
-86.2289
-86.2289
-86.2289
-86.2289
-86.2289
-86.2289
-86.2289
-87.7643
-87.7643
-87.7643
-87.7643
-87.7643
-87.7643
-87.7643
-87.7643
-87.7643
-87.7643
-87.7643
-87.7643
-87.7643
-87.7643
-87.7643
-87.7643
-87.7643
-87.7643
-87.7643
-87.7643
-87.7643
-87.7643
-87.7643
-87.7643
-87.7643
-87.7643
-87.7643
-87.7643
-87.7643
-87.7643
-87.7643
-89.3058
-89.3058
-89.3058
-89.3058
-89.3058
-89.3058
-89.3058
-89.3058
-89.3058
-89.3058
-89.3058
-89.3058
-89.3058
-89.3058
-89.3058
-89.3058
-89.3058
-89.3058
-89.3058
-89.3058
-89.3058
-89.3058
-89.3058
-89.3058
-89.3058
-89.3058
-89.3058
-89.3058
-89.3058
-89.3058
-89.3058
-90.8655
-90.8655
-90.8655
-90.8655
-90.8655
-90.8655
-90.8655
-90.8655
-90.8655
-90.8655
-90.8655
-90.8655
-90.8655
-90.8655
-90.8655
-90.8655
-90.8655
-90.8655
-90.8655
-90.8655
-90.8655
-90.8655
-90.8655
-90.8655
-90.8655
-90.8655
-90.8655
-90.8655
-90.8655
-90.8655
-90.8655
-92.4445
-92.4445
-92.4445
-92.4445
-92.4445
-92.4445
-92.4445
-92.4445
-92.4445
-92.4445
-92.4445
-92.4445
-92.4445
-92.4445
-92.4445
-92.4445
-92.4445
-92.4445
-92.4445
-92.4445
-92.4445
-92.4445
-92.4445
-92.4445
-92.4445
-92.4445
-92.4445
-92.4445
-92.4445
-92.4445
-92.4445
-93.9874
-93.9874
-93.9874
-93.9874
-93.9874
-93.9874
-93.9874
-93.9874
-93.9874
-93.9874
-93.9874
-93.9874
-93.9874
-93.9874
-93.9874
-93.9874
-93.9874
-93.9874
-93.9874
-93.9874
-93.9874
-93.9874
-93.9874
-93.9874
-93.9874
-93.9874
-93.9874
-93.9874
-93.9874
-93.9874
-95.5279
-95.5279
-95.5279
-95.5279
-95.5279
-95.5279
-95.5279
-95.5279
-95.5279
-95.5279
-95.5279
-95.5279
-95.5279
-95.5279
-95.5279
-95.5279
-95.5279
-95.5279
-95.5279
-95.5279
-95.5279
-95.5279
-97.2612
-97.2612
-97.2612
-97.2612
-97.2612
-97.2612
-97.2612
-97.2612
-97.2612
-97.2612
-97.2612
-97.2612
-97.2612
-97.2612
-97.2612
-97.2612
-97.2612
-97.2612
-97.2612
-97.2612
-97.2612
-97.2612
-97.2612
-97.2612
-97.2612
-97.2612
-97.2612
-97.2612
-97.2612
-98.8689
-98.8689
-98.8689
-98.8689
-98.8689
-98.8689
-98.8689
-98.8689
-98.8689
-98.8689
-98.8689
-98.8689
-98.8689
-98.8689
-98.8689
-98.8689
-98.8689
-98.8689
-98.8689
-100.593
-100.593
-100.593
-100.593
-100.593
-100.593
-100.593
-100.593
-100.593
-100.593
-100.593
-100.593
-100.593
-100.593
-100.593
-100.593
-100.593
-100.593
-100.593
-100.593
-100.593
-100.593
-100.593
-100.593
-100.593
-100.593
-100.593
-100.593
-100.593
-100.593
-100.593
-100.593
-100.593
-102.179
-102.179
-102.179
-102.179
-102.179
-102.179
-102.179
-102.179
-102.179
-102.179
-102.179
-102.179
-102.179
-102.179
-102.179
-102.179
-102.179
-102.179
-102.179
-102.179
-102.179
-102.179
-102.179
-102.179
-102.179
-102.179
-102.179
-102.179
-102.179
-102.179
-102.179
-103.759
-103.759
-103.759
-103.759
-103.759
-103.759
-103.759
-103.759
-103.759
-103.759
-103.759
-103.759
-103.759
-103.759
-103.759
-103.759
-103.759
-103.759
-103.759
-103.759
-103.759
-103.759
-103.759
-103.759
-103.759
-103.759
-103.759
-103.759
-103.759
-103.759
-103.759
-105.333
-105.333
-105.333
-105.333
-105.333
-105.333
-105.333
-105.333
-105.333
-105.333
-105.333
-105.333
-105.333
-105.333
-105.333
-105.333
-105.333
-105.333
-105.333
-105.333
-105.333
-105.333
-105.333
-105.333
-105.333
-105.333
-105.333
-105.333
-105.333
-105.333
-105.333
-106.928
-106.928
-106.928
-106.928
-106.928
-106.928
-106.928
-106.928
-106.928
-106.928
-106.928
-106.928
-106.928
-106.928
-106.928
-106.928
-106.928
-106.928
-106.928
-106.928
-106.928
-106.928
-106.928
-106.928
-106.928
-106.928
-106.928
-106.928
-106.928
-106.928
-106.928
-108.5
-108.5
-108.5
-108.5
-108.5
-108.5
-108.5
-108.5
-108.5
-108.5
-108.5
-108.5
-108.5
-108.5
-108.5
-108.5
-108.5
-108.5
-108.5
-108.5
-108.5
-108.5
-108.5
-108.5
-108.5
-108.5
-108.5
-108.5
-108.5
-108.5
-108.5
-108.5
-110.11
-110.11
-110.11
-110.11
-110.11
-110.11
-110.11
-110.11
-110.11
-110.11
-110.11
-110.11
-110.11
-110.11
-110.11
-110.11
-110.11
-110.11
-110.11
-110.11
-110.11
-110.11
-110.11
-110.11
-110.11
-110.11
-110.11
-110.11
-110.11
-110.11
-110.11
-111.676
-111.676
-111.676
-111.676
-111.676
-111.676
-111.676
-111.676
-111.676
-111.676
-111.676
-111.676
-111.676
-111.676
-111.676
-111.676
-111.676
-111.676
-111.676
-111.676
-111.676
-111.676
-111.676
-111.676
-111.676
-111.676
-111.676
-111.676
-111.676
-111.676
-111.676
-111.676
-113.281
-113.281
-113.281
-113.281
-113.281
-113.281
-113.281
-113.281
-113.281
-113.281
-113.281
-113.281
-113.281
-113.281
-113.281
-113.281
-113.281
-113.281
-113.281
-113.281
-113.281
-113.281
-113.281
-113.281
-113.281
-113.281
-113.281
-113.281
-113.281
-113.281
-113.281
-114.848
-114.848
-114.848
-114.848
-114.848
-114.848
-114.848
-114.848
-114.848
-114.848
-114.848
-114.848
-114.848
-114.848
-114.848
-114.848
-114.848
-114.848
-114.848
-114.848
-114.848
-114.848
-114.848
-114.848
-114.848
-114.848
-114.848
-114.848
-114.848
-114.848
-114.848
-116.437
-116.437
-116.437
-116.437
-116.437
-116.437
-116.437
-116.437
-116.437
-116.437
-116.437
-116.437
-116.437
-116.437
-116.437
-116.437
-116.437
-116.437
-116.437
-116.437
-116.437
-116.437
-116.437
-116.437
-116.437
-116.437
-116.437
-116.437
-116.437
-116.437
-116.437
-116.437
-118.041
-118.041
-118.041
-118.041
-118.041
-118.041
-118.041
-118.041
-118.041
-118.041
-118.041
-118.041
-118.041
-118.041
-118.041
-118.041
-118.041
-118.041
-118.041
-118.041
-118.041
-118.041
-118.041
-118.041
-118.041
-118.041
-118.041
-118.041
-118.041
-118.041
-118.041
-118.041
-119.644
-119.644
-119.644
-119.644
-119.644
-119.644
-119.644
-119.644
-119.644
-119.644
-119.644
-119.644
-119.644
-119.644
-119.644
-119.644
-119.644
-119.644
-119.644
-119.644
-119.644
-119.644
-119.644
-119.644
-119.644
-119.644
-119.644
-119.644
-119.644
-119.644
-119.644
-119.644
-121.245
-121.245
-121.245
-121.245
-121.245
-121.245
-121.245
-121.245
-121.245
-121.245
-121.245
-121.245
-121.245
-121.245
-121.245
-121.245
-121.245
-121.245
-121.245
-121.245
-121.245
-121.245
-121.245
-121.245
-121.245
-121.245
-121.245
-121.245
-121.245
-121.245
-121.245
-121.245
-122.86
-122.86
-122.86
-122.86
-122.86
-122.86
-122.86
-122.86
-122.86
-122.86
-122.86
-122.86
-122.86
-122.86
-122.86
-122.86
-122.86
-122.86
-122.86
-122.86
-122.86
-122.86
-122.86
-122.86
-122.86
-122.86
-122.86
-122.86
-122.86
-122.86
-122.86
-122.86
-124.485
-124.485
-124.485
-124.485
-124.485
-124.485
-124.485
-124.485
-124.485
-124.485
-124.485
-124.485
-124.485
-124.485
-124.485
-124.485
-124.485
-124.485
-124.485
-124.485
-124.485
-124.485
-124.485
-124.485
-124.485
-124.485
-124.485
-124.485
-124.485
-124.485
-124.485
-124.485
-126.087
-126.087
-126.087
-126.087
-126.087
-126.087
-126.087
-126.087
-126.087
-126.087
-126.087
-126.087
-126.087
-126.087
-126.087
-126.087
-126.087
-126.087
-126.087
-126.087
-126.087
-126.087
-126.087
-126.087
-126.087
-126.087
-126.087
-126.087
-126.087
-126.087
-126.087
-126.087
-127.706
-127.706
-127.706
-127.706
-127.706
-127.706
-127.706
-127.706
-127.706
-127.706
-127.706
-127.706
-127.706
-127.706
-127.706
-127.706
-127.706
-127.706
-127.706
-127.706
-127.706
-127.706
-127.706
-127.706
-127.706
-127.706
-127.706
-127.706
-127.706
-127.706
-127.706
-127.706
-129.303
-129.303
-129.303
-129.303
-129.303
-129.303
-129.303
-129.303
-129.303
-129.303
-129.303
-129.303
-129.303
-129.303
-129.303
-129.303
-129.303
-129.303
-129.303
-129.303
-129.303
-129.303
-129.303
-129.303
-129.303
-129.303
-129.303
-129.303
-129.303
-129.303
-129.303
-129.303
-130.922
-130.922
-130.922
-130.922
-130.922
-130.922
-130.922
-130.922
-130.922
-130.922
-130.922
-130.922
-130.922
-130.922
-130.922
-130.922
-130.922
-130.922
-130.922
-130.922
-130.922
-130.922
-130.922
-130.922
-130.922
-130.922
-130.922
-130.922
-130.922
-130.922
-130.922
-130.922
-132.528
-132.528
-132.528
-132.528
-132.528
-132.528
-132.528
-132.528
-132.528
-132.528
-132.528
-132.528
-132.528
-132.528
-132.528
-132.528
-132.528
-132.528
-132.528
-132.528
-132.528
-132.528
-132.528
-132.528
-132.528
-132.528
-132.528
-132.528
-132.528
-132.528
-132.528
-132.528
-134.142
-134.142
-134.142
-134.142
-134.142
-134.142
-134.142
-134.142
-134.142
-134.142
-134.142
-134.142
-134.142
-134.142
-134.142
-134.142
-134.142
-134.142
-134.142
-134.142
-134.142
-134.142
-134.142
-134.142
-134.142
-134.142
-134.142
-134.142
-134.142
-134.142
-134.142
-134.142
-135.744
-135.744
-135.744
-135.744
-135.744
-135.744
-135.744
-135.744
-135.744
-135.744
-135.744
-135.744
-135.744
-135.744
-135.744
-135.744
-135.744
-135.744
-135.744
-135.744
-135.744
-135.744
-135.744
-135.744
-135.744
-135.744
-135.744
-135.744
-135.744
-135.744
-135.744
-135.744
-137.344
-137.344
-137.344
-137.344
-137.344
-137.344
-137.344
-137.344
-137.344
-137.344
-137.344
-137.344
-137.344
-137.344
-137.344
-137.344
-137.344
-137.344
-137.344
-137.344
-137.344
-137.344
-137.344
-137.344
-137.344
-137.344
-137.344
-137.344
-137.344
-137.344
-137.344
-138.925
-138.925
-138.925
-138.925
-138.925
-138.925
-138.925
-138.925
-138.925
-138.925
-138.925
-138.925
-138.925
-138.925
-138.925
-138.925
-138.925
-138.925
-138.925
-138.925
-138.925
-138.925
-138.925
-138.925
-138.925
-138.925
-138.925
-138.925
-138.925
-138.925
-138.925
-138.925
-140.525
-140.525
-140.525
-140.525
-140.525
-140.525
-140.525
-140.525
-140.525
-140.525
-140.525
-140.525
-140.525
-140.525
-140.525
-140.525
-140.525
-140.525
-140.525
-140.525
-140.525
-140.525
-140.525
-140.525
-140.525
-140.525
-140.525
-140.525
-140.525
-140.525
-140.525
-140.525
-142.125
-142.125
-142.125
-142.125
-142.125
-142.125
-142.125
-142.125
-142.125
-142.125
-142.125
-142.125
-142.125
-142.125
-142.125
-142.125
-142.125
-142.125
-142.125
-142.125
-142.125
-142.125
-142.125
-142.125
-142.125
-142.125
-142.125
-142.125
-142.125
-142.125
-142.125
-142.125
-143.742
-143.742
-143.742
-143.742
-143.742
-143.742
-143.742
-143.742
-143.742
-143.742
-143.742
-143.742
-143.742
-143.742
-143.742
-143.742
-143.742
-143.742
-143.742
-143.742
-143.742
-143.742
-143.742
-143.742
-143.742
-143.742
-143.742
-143.742
-143.742
-143.742
-143.742
-143.742
-145.344
-145.344
-145.344
-145.344
-145.344
-145.344
-145.344
-145.344
-145.344
-145.344
-145.344
-145.344
-145.344
-145.344
-145.344
-145.344
-145.344
-145.344
-145.344
-145.344
-145.344
-145.344
-145.344
-145.344
-145.344
-145.344
-145.344
-145.344
-145.344
-145.344
-145.344
-145.344
-146.964
-146.964
-146.964
-146.964
-146.964
-146.964
-146.964
-146.964
-146.964
-146.964
-146.964
-146.964
-146.964
-146.964
-146.964
-146.964
-146.964
-146.964
-146.964
-146.964
-146.964
-146.964
-146.964
-146.964
-146.964
-146.964
-146.964
-146.964
-146.964
-146.964
-146.964
-146.964
-148.565
-148.565
-148.565
-148.565
-148.565
-148.565
-148.565
-148.565
-148.565
-148.565
-148.565
-148.565
-148.565
-148.565
-148.565
-148.565
-148.565
-148.565
-148.565
-148.565
-148.565
-148.565
-148.565
-148.565
-148.565
-148.565
-148.565
-148.565
-148.565
-148.565
-148.565
-148.565
-150.184
-150.184
-150.184
-150.184
-150.184
-150.184
-150.184
-150.184
-150.184
-150.184
-150.184
-150.184
-150.184
-150.184
-150.184
-150.184
-150.184
-150.184
-150.184
-150.184
-150.184
-150.184
-150.184
-150.184
-150.184
-150.184
-150.184
-150.184
-150.184
-150.184
-150.184
-150.184
-151.785
-151.785
-151.785
-151.785
-151.785
-151.785
-151.785
-151.785
-151.785
-151.785
-151.785
-151.785
-151.785
-151.785
-151.785
-151.785
-151.785
-151.785
-151.785
-151.785
-151.785
-151.785
-151.785
-151.785
-151.785
-151.785
-151.785
-151.785
-151.785
-151.785
-151.785
-151.785
-153.402
-153.402
-153.402
-153.402
-153.402
-153.402
-153.402
-153.402
-153.402
-153.402
-153.402
-153.402
-153.402
-153.402
-153.402
-153.402
-153.402
-153.402
-153.402
-153.402
-153.402
-153.402
-153.402
-153.402
-153.402
-153.402
-153.402
-153.402
-153.402
-153.402
-153.402
-153.402
-155.004
-155.004
-155.004
-155.004
-155.004
-155.004
-155.004
-155.004
-155.004
-155.004
-155.004
-155.004
-155.004
-155.004
-155.004
-155.004
-155.004
-155.004
-155.004
-155.004
-155.004
-155.004
-155.004
-155.004
-155.004
-155.004
-155.004
-155.004
-155.004
-155.004
-155.004
-155.004
-156.605
-156.605
-156.605
-156.605
-156.605
-156.605
-156.605
-156.605
-156.605
-156.605
-156.605
-156.605
-156.605
-156.605
-156.605
-156.605
-156.605
-156.605
-156.605
-156.605
-156.605
-156.605
-156.605
-156.605
-156.605
-156.605
-156.605
-156.605
-156.605
-156.605
-156.605
-156.605
-158.241
-158.241
-158.241
-158.241
-158.241
-158.241
-158.241
-158.241
-158.241
-158.241
-158.241
-158.241
-158.241
-158.241
-158.241
-158.241
-158.241
-158.241
-158.241
-158.241
-158.241
-158.241
-158.241
-158.241
-158.241
-158.241
-158.241
-158.241
-158.241
-158.241
-158.241
-158.241
-159.848
-159.848
-159.848
-159.848
-159.848
-159.848
-159.848
-159.848
-159.848
-159.848
-159.848
-159.848
-159.848
-159.848
-159.848
-159.848
-159.848
-159.848
-159.848
-159.848
-159.848
-159.848
-159.848
-159.848
-159.848
-159.848
-159.848
-159.848
-159.848
-159.848
-159.848
-159.848
-161.464
-161.464
-161.464
-161.464
-161.464
-161.464
-161.464
-161.464
-161.464
-161.464
-161.464
-161.464
-161.464
-161.464
-161.464
-161.464
-161.464
-161.464
-161.464
-161.464
-161.464
-161.464
-161.464
-161.464
-161.464
-161.464
-161.464
-161.464
-161.464
-161.464
-161.464
-161.464
-165.352
-165.352
-165.352
-165.352
-165.352
-165.352
-165.352
-165.352
-165.352
-165.352
-165.352
-165.352
-165.352
-165.352
-165.352
-165.352
-165.352
-165.352
-165.352
-165.352
-165.352
-165.352
-165.352
-165.352
-165.352
-165.352
-165.352
-165.352
-165.352
-165.352
-165.352
-165.352
-165.352
-165.352
-165.352
-165.352
-165.352
-165.352
-165.352
-165.352
-165.352
-165.352
-165.352
-165.352
-165.352
-165.352
-165.352
-165.352
-165.352
-165.352
-165.352
-165.352
-165.352
-165.352
-165.352
-165.352
-165.352
-165.352
-165.352
-165.352
-165.352
-165.352
-165.352
-165.352
-165.352
-165.352
-165.352
-165.352
-165.352
-165.352
-165.352
-165.352
-165.352
-165.352
-165.352
-165.352
-165.352
-165.352
-165.352
-165.352
-165.352
-165.352
-165.352
-165.352
-165.352
-165.352
-165.352
-165.352
-165.352
-165.352
-165.352
-165.352
-165.352
-165.352
-165.352
-165.352
-165.352
-165.352
-165.352
-165.352
-165.352
-165.352
-165.352
-165.352
-165.352
-165.352
-165.352
-165.352
-165.352
-165.352
-165.352
-165.352
-165.352
-165.352
-165.352
-165.352
-165.352
-165.352
-165.352
-165.352
-165.352
-165.352
-165.352
-165.352
-165.352
-165.352
-165.352
-165.352
-165.352
-165.352
-165.352
-165.352
-165.352
-165.352
-165.352
-165.352
-165.352
-165.352
-165.352
-165.352
-165.352
-165.352
-165.352
-165.352
-165.352
-165.352
-165.352
-165.352
-165.352
-165.352
-165.352
-165.352
-165.352
-165.352
-165.352
-165.352
-165.352
-165.352
-165.352
-165.352
-165.352
-165.352
-165.352
-165.352
-165.352
-165.352
-165.352
-165.352
-165.352
-165.352
-165.352
-165.352
-165.352
-165.352
-165.352
-165.352
-165.352
-165.352
-165.352
-165.352
-165.352
-165.352
-165.352
-165.352
-165.352
-165.352
-165.352
-165.352
-165.352
-165.352
-165.352
-165.352
-165.352
-165.352
-165.352
-165.352
-165.352
-165.352
-165.352
-165.352
-165.352
-165.352
-165.352
-165.352
-165.352
-165.352
-165.352
-165.352
-165.352
-165.352
-165.352
-165.352
-165.352
-165.352
-165.352
-165.352
-165.352
-165.352
-165.352
-165.352
-165.352
-165.352
-165.352
-165.352
-165.352
-165.352
-165.352
-165.352
-165.352
-165.352
-165.352
-165.352
-165.352
-165.352
-165.352
-165.352
-165.352
-165.352
-165.352
-165.352
-165.352
-165.352
-165.352
-165.352
-165.352
-165.352
-165.352
-165.352
-165.352
-165.352
-165.352
-165.352
-165.352
-165.352
-165.352
-165.352
-165.352
-165.352
-165.352
-165.352
-165.352
-165.352
-165.352
-165.352
-165.352
-165.352
-165.352
-165.352
-165.352
-165.352
-165.352
-165.352
-165.352
-165.352
-165.352
-165.352
-165.352
-165.352
-165.352
-165.352
-165.352
-165.352
-165.352
-165.352
-165.352
-165.352
-165.352
-165.352
-165.352
-165.352
-165.352
-165.352
-165.352
-165.352
-165.352
-165.352
-165.352
-165.352
-165.352
-165.352
-165.352
-165.352
-165.352
-165.352
-165.352
-165.352
-165.352
-165.352
-165.352
-165.352
-165.352
-165.352
-165.352
-165.352
-165.352
-165.352
-165.352
-165.352
-165.352
-165.352
-165.352
-165.352
-165.352
-165.352
-165.352
-165.352
-165.352
-165.352
-165.352
-165.352
-165.352
-165.352
-165.352
-165.352
-165.352
-165.352
-165.352
-165.352
-165.352
-165.352
-165.352
-165.352
-165.352
-165.352
-165.352
-165.352
-165.352
-165.352
-165.352
-165.352
-165.352
-165.352
-165.352
-165.352
-165.352
-165.352
-165.352
-165.352
-165.352
-165.352
-165.352
-165.352
-165.352
-165.352
-165.352
-165.352
-165.352
-165.352
-165.352
-165.352
-165.352
-165.352
-165.352
-165.352
-165.352
-165.352
-165.352
-165.352
-165.352
-165.352
-165.352
-165.352
-165.352
-165.352
-165.352
-165.352
-165.352
-165.352
-165.352
-165.352
-165.352
-165.352
-165.352
-165.352
-165.352
-165.352
-165.352
-165.352
-165.352
-165.352
-165.352
-165.352
-165.352
-165.352
-165.352
-165.352
-165.352
-165.352
-165.352
-165.352
-165.352
-165.352
-165.352
-165.352
-165.352
