0
0
0
0
0
0
0
0
0
0
0
0
0
0
0
0
0
0
0
0
0
0
0
0
0
0
0
0
0
0
0
0
0
0
0
0
0
0
0
0
0
0
0
0
0
0
0
0
0
0
0
0
0
0
0
0
0
0
0
0
0
0
0
0
0
0
0
0
0
0
0
0
0
0
0
0
0
0
0
0
0
0
0
0
0
0
0
0
0
0
0
0
0
0
0
0
0
0
0
0
0
0
0
0
0
0
0
0
0
0
0
0
0
0
0
0
0
0
0
0
0
0
0
0
0
0
0
0
0
0
0
0
0
0
0
0
0
0
0
0
0
0
0
0
0
0
0
0
0
0
0
0
0
0
0
0
0
0
0
0
0
0
0
0
0
0
0
0
0
0
0
0
0
0
0
0
0
0
0
0
0
0
0
0
0
0
0
0
0
0
0
0
0
0
0
0
0
0
0
0
0
0
0
0
0
0
0
0
0
0
0
0
0
0
0
0
0
0
0
0
0
0
0
0
0
0
0
0
0
0
0
0
0
0
0
0
0
0
0
0
0
0
0
0
0
0
0
0
0
0
0
0
0
0
0
0
0
0
0
0
0
0
0
0
0
0
0
0
0
0
0
0
0
0
0
0
0
0
0
0
0
0
0
0
0
0
0
0
0
0
0
0
0
0
0
0
0
0
0
0
0
0
0
0
0
0
0
0
0
0
0
0
0
0
0
0
0
0
0
0
0
0
0
0
2.3093
2.3093
2.3093
2.3093
2.3093
2.3093
2.3093
2.3093
2.3093
2.3093
2.3093
2.3093
2.3093
2.3093
2.3093
2.3093
2.3093
2.3093
2.3093
2.3093
2.3093
2.3093
2.3093
2.3093
2.3093
2.3093
2.3093
2.3093
2.3093
2.3093
2.3093
2.3093
2.3093
2.3093
2.3093
2.3093
2.3093
2.3093
2.3011
2.3011
2.3011
2.3011
2.3011
2.3011
2.3011
2.3011
2.3011
2.3011
2.3011
2.3011
2.3011
2.3011
2.3011
2.3011
2.3011
2.3011
2.3011
2.3011
2.3011
2.3011
2.3011
2.3011
2.3011
2.3011
2.3011
2.3011
2.3011
2.3011
2.3011
2.3011
2.29989
2.29989
2.29989
2.29989
2.29989
2.29989
2.29989
2.29989
2.29989
2.29989
2.29989
2.29989
2.29989
2.29989
2.29989
2.29989
2.29989
2.29989
2.29989
2.29989
2.29989
2.29989
2.29989
2.29989
2.29989
2.29989
2.29989
2.29989
2.29989
2.29989
2.29989
2.29989
2.29993
2.29993
2.29993
2.29993
2.29993
2.29993
2.29993
2.29993
2.29993
2.29993
2.29993
2.29993
2.29993
2.29993
2.29993
2.29993
2.29993
2.29993
2.29993
2.29993
2.29993
2.29993
2.29993
2.29993
2.29993
2.29993
2.29993
2.29993
2.29993
2.29993
2.29993
2.29993
2.2998
2.2998
2.2998
2.2998
2.2998
2.2998
2.2998
2.2998
2.2998
2.2998
2.2998
2.2998
2.2998
2.2998
2.2998
2.2998
2.2998
2.2998
2.2998
2.2998
2.2998
2.2998
2.2998
2.2998
2.2998
2.2998
2.2998
2.2998
2.2998
2.2998
2.2998
2.29962
2.29962
2.29962
2.29962
2.29962
2.29962
2.29962
2.29962
2.29962
2.29962
2.29962
2.29962
2.29962
2.29962
2.29962
2.29962
2.29962
2.29962
2.29962
2.29962
2.29962
2.29962
2.29962
2.29962
2.29962
2.29962
2.29962
2.29962
2.29962
2.29962
2.2992
2.2992
2.2992
2.2992
2.2992
2.2992
2.2992
2.2992
2.2992
2.2992
2.2992
2.2992
2.2992
2.2992
2.2992
2.2992
2.2992
2.2992
2.2992
2.2992
2.2992
2.2992
2.2992
2.2992
2.2992
2.2992
2.2992
2.2992
2.2992
2.2992
2.29905
2.29905
2.29905
2.29905
2.29905
2.29905
2.29905
2.29905
2.29905
2.29905
2.29905
2.29905
2.29905
2.29905
2.29905
2.29905
2.29905
2.29905
2.29905
2.29905
2.29905
2.29905
2.29905
2.29905
2.29905
2.29905
2.29905
2.29905
2.29905
2.29905
2.29883
2.29883
2.29883
2.29883
2.29883
2.29883
2.29883
2.29883
2.29883
2.29883
2.29883
2.29883
2.29883
2.29883
2.29883
2.29883
2.29883
2.29883
2.29883
2.29883
2.29883
2.29883
2.29883
2.29883
2.29883
2.29883
2.29883
2.29883
2.29883
2.29883
2.29881
2.29881
2.29881
2.29881
2.29881
2.29881
2.29881
2.29881
2.29881
2.29881
2.29881
2.29881
2.29881
2.29881
2.29881
2.29881
2.29881
2.29881
2.29881
2.29881
2.29881
2.29881
2.29881
2.29881
2.29881
2.29881
2.29881
2.29881
2.29881
2.29844
2.29844
2.29844
2.29844
2.29844
2.29844
2.29844
2.29844
2.29844
2.29844
2.29844
2.29844
2.29844
2.29844
2.29844
2.29844
2.29844
2.29844
2.29844
2.29844
2.29844
2.29844
2.29844
2.29844
2.29844
2.29844
2.29844
2.29844
2.29842
2.29842
2.29842
2.29842
2.29842
2.29842
2.29842
2.29842
2.29842
2.29842
2.29842
2.29842
2.29842
2.29842
2.29842
2.29842
2.29842
2.29842
2.29842
2.29842
2.29842
2.29842
2.29842
2.29842
2.29842
2.29842
2.29842
2.29842
2.29842
2.29825
2.29825
2.29825
2.29825
2.29825
2.29825
2.29825
2.29825
2.29825
2.29825
2.29825
2.29825
2.29825
2.29825
2.29825
2.29825
2.29825
2.29825
2.29825
2.29825
2.29825
2.29825
2.29825
2.29825
2.29825
2.29825
2.29825
2.29825
2.29814
2.29814
2.29814
2.29814
2.29814
2.29814
2.29814
2.29814
2.29814
2.29814
2.29814
2.29814
2.29814
2.29814
2.29814
2.29814
2.29814
2.29814
2.29814
2.29814
2.29814
2.29814
2.29814
2.29814
2.29814
2.29814
2.29814
2.29814
2.29814
2.29803
2.29803
2.29803
2.29803
2.29803
2.29803
2.29803
2.29803
2.29803
2.29803
2.29803
2.29803
2.29803
2.29803
2.29803
2.29803
2.29803
2.29803
2.29803
2.29803
2.29803
2.29803
2.29803
2.29803
2.29803
2.29803
2.29803
2.29803
2.29779
2.29779
2.29779
2.29779
2.29779
2.29779
2.29779
2.29779
2.29779
2.29779
2.29779
2.29779
2.29779
2.29779
2.29779
2.29779
2.29779
2.29779
2.29779
2.29779
2.29779
2.29779
2.29779
2.29779
2.29779
2.29779
2.29779
2.29779
2.29779
2.29758
2.29758
2.29758
2.29758
2.29758
2.29758
2.29758
2.29758
2.29758
2.29758
2.29758
2.29758
2.29758
2.29758
2.29758
2.29758
2.29758
2.29758
2.29758
2.29758
2.29758
2.29758
2.29758
2.29758
2.29758
2.29758
2.29758
2.29758
2.29758
2.29739
2.29739
2.29739
2.29739
2.29739
2.29739
2.29739
2.29739
2.29739
2.29739
2.29739
2.29739
2.29739
2.29739
2.29739
2.29739
2.29739
2.29739
2.29739
2.29739
2.29739
2.29739
2.29739
2.29739
2.29739
2.29739
2.29739
2.29739
2.29724
2.29724
2.29724
2.29724
2.29724
2.29724
2.29724
2.29724
2.29724
2.29724
2.29724
2.29724
2.29724
2.29724
2.29724
2.29724
2.29724
2.29724
2.29724
2.29724
2.29724
2.29724
2.29724
2.29724
2.29724
2.29724
2.29724
2.29724
2.29724
2.29683
2.29683
2.29683
2.29683
2.29683
2.29683
2.29683
2.29683
2.29683
2.29683
2.29683
2.29683
2.29683
2.29683
2.29683
2.29683
2.29683
2.29683
2.29683
2.29683
2.29683
2.29683
2.29683
2.29683
2.29683
2.29683
2.29683
2.29683
2.29683
2.29636
2.29636
2.29636
2.29636
2.29636
2.29636
2.29636
2.29636
2.29636
2.29636
2.29636
2.29636
2.29636
2.29636
2.29636
2.29636
2.29636
2.29636
2.29636
2.29636
2.29636
2.29636
2.29636
2.29636
2.29636
2.29636
2.29636
2.29636
2.29595
2.29595
2.29595
2.29595
2.29595
2.29595
2.29595
2.29595
2.29595
2.29595
2.29595
2.29595
2.29595
2.29595
2.29595
2.29595
2.29595
2.29595
2.29595
2.29595
2.29595
2.29595
2.29595
2.29595
2.29595
2.29595
2.29595
2.29595
2.29595
2.29562
2.29562
2.29562
2.29562
2.29562
2.29562
2.29562
2.29562
2.29562
2.29562
2.29562
2.29562
2.29562
2.29562
2.29562
2.29562
2.29562
2.29562
2.29562
2.29562
2.29562
2.29562
2.29562
2.29562
2.29562
2.29562
2.29562
2.29562
2.29514
2.29514
2.29514
2.29514
2.29514
2.29514
2.29514
2.29514
2.29514
2.29514
2.29514
2.29514
2.29514
2.29514
2.29514
2.29514
2.29514
2.29514
2.29514
2.29514
2.29514
2.29514
2.29514
2.29514
2.29514
2.29514
2.29514
2.29514
2.29514
2.29481
2.29481
2.29481
2.29481
2.29481
2.29481
2.29481
2.29481
2.29481
2.29481
2.29481
2.29481
2.29481
2.29481
2.29481
2.29481
2.29481
2.29481
2.29481
2.29481
2.29481
2.29481
2.29481
2.29481
2.29481
2.29481
2.29481
2.29481
2.29481
2.29437
2.29437
2.29437
2.29437
2.29437
2.29437
2.29437
2.29437
2.29437
2.29437
2.29437
2.29437
2.29437
2.29437
2.29437
2.29437
2.29437
2.29437
2.29437
2.29437
2.29437
2.29437
2.29437
2.29437
2.29437
2.29437
2.29437
2.29437
2.29437
2.29407
2.29407
2.29407
2.29407
2.29407
2.29407
2.29407
2.29407
2.29407
2.29407
2.29407
2.29407
2.29407
2.29407
2.29407
2.29407
2.29407
2.29407
2.29407
2.29407
2.29407
2.29407
2.29407
2.29407
2.29407
2.29407
2.29407
2.29407
2.29407
2.29357
2.29357
2.29357
2.29357
2.29357
2.29357
2.29357
2.29357
2.29357
2.29357
2.29357
2.29357
2.29357
2.29357
2.29357
2.29357
2.29357
2.29357
2.29357
2.29357
2.29357
2.29357
2.29357
2.29357
2.29357
2.29357
2.29357
2.29357
2.29357
2.29313
2.29313
2.29313
2.29313
2.29313
2.29313
2.29313
2.29313
2.29313
2.29313
2.29313
2.29313
2.29313
2.29313
2.29313
2.29313
2.29313
2.29313
2.29313
2.29313
2.29313
2.29313
2.29313
2.29313
2.29313
2.29313
2.29313
2.29313
2.29313
2.29313
2.29251
2.29251
2.29251
2.29251
2.29251
2.29251
2.29251
2.29251
2.29251
2.29251
2.29251
2.29251
2.29251
2.29251
2.29251
2.29251
2.29251
2.29251
2.29251
2.29251
2.29251
2.29251
2.29251
2.29251
2.29251
2.29251
2.29251
2.29251
2.29251
2.29217
2.29217
2.29217
2.29217
2.29217
2.29217
2.29217
2.29217
2.29217
2.29217
2.29217
2.29217
2.29217
2.29217
2.29217
2.29217
2.29217
2.29217
2.29217
2.29217
2.29217
2.29217
2.29217
2.29217
2.29217
2.29217
2.29217
2.29217
2.29217
2.29217
2.29176
2.29176
2.29176
2.29176
2.29176
2.29176
2.29176
2.29176
2.29176
2.29176
2.29176
2.29176
2.29176
2.29176
2.29176
2.29176
2.29176
2.29176
2.29176
2.29176
2.29176
2.29176
2.29176
2.29176
2.29176
2.29176
2.29176
2.29176
2.29176
2.29134
2.29134
2.29134
2.29134
2.29134
2.29134
2.29134
2.29134
2.29134
2.29134
2.29134
2.29134
2.29134
2.29134
2.29134
2.29134
2.29134
2.29134
2.29134
2.29134
2.29134
2.29134
2.29134
2.29134
2.29134
2.29134
2.29134
2.29134
2.29134
2.29072
2.29072
2.29072
2.29072
2.29072
2.29072
2.29072
2.29072
2.29072
2.29072
2.29072
2.29072
2.29072
2.29072
2.29072
2.29072
2.29072
2.29072
2.29072
2.29072
2.29072
2.29072
2.29072
2.29072
2.29072
2.29072
2.29072
2.29072
2.29072
2.29029
2.29029
2.29029
2.29029
2.29029
2.29029
2.29029
2.29029
2.29029
2.29029
2.29029
2.29029
2.29029
2.29029
2.29029
2.29029
2.29029
2.29029
2.29029
2.29029
2.29029
2.29029
2.29029
2.29029
2.29029
2.29029
2.29029
2.29029
2.29029
2.28991
2.28991
2.28991
2.28991
2.28991
2.28991
2.28991
2.28991
2.28991
2.28991
2.28991
2.28991
2.28991
2.28991
2.28991
2.28991
2.28991
2.28991
2.28991
2.28991
2.28991
2.28991
2.28991
2.28991
2.28991
2.28991
2.28991
2.28991
2.28991
2.28991
2.28979
2.28979
2.28979
2.28979
2.28979
2.28979
2.28979
2.28979
2.28979
2.28979
2.28979
2.28979
2.28979
2.28979
2.28979
2.28979
2.28979
2.28979
2.28979
2.28979
2.28979
2.28979
2.28979
2.28979
2.28979
2.28979
2.28979
2.28839
2.28839
2.28839
2.28839
2.28839
2.28839
2.28839
2.28839
2.28839
2.28839
2.28839
2.28839
2.28839
2.28839
2.28839
2.28839
2.28839
2.28839
2.28839
2.28839
2.28839
2.28839
2.28839
2.28839
2.28839
2.28839
2.28839
2.28839
2.28839
2.28802
2.28802
2.28802
2.28802
2.28802
2.28802
2.28802
2.28802
2.28802
2.28802
2.28802
2.28802
2.28802
2.28802
2.28802
2.28802
2.28802
2.28802
2.28802
2.28802
2.28802
2.28802
2.28802
2.28802
2.28802
2.28802
2.28802
2.28802
2.28802
2.28802
2.28743
2.28743
2.28743
2.28743
2.28743
2.28743
2.28743
2.28743
2.28743
2.28743
2.28743
2.28743
2.28743
2.28743
2.28743
2.28743
2.28743
2.28743
2.28743
2.28743
2.28743
2.28743
2.28743
2.28743
2.28743
2.28743
2.28743
2.28743
2.28743
2.28743
2.28713
2.28713
2.28713
2.28713
2.28713
2.28713
2.28713
2.28713
2.28713
2.28713
2.28713
2.28713
2.28713
2.28713
2.28713
2.28713
2.28713
2.28713
2.28713
2.28713
2.28713
2.28713
2.28713
2.28713
2.28713
2.28713
2.28713
2.28713
2.28713
2.28713
2.28698
2.28698
2.28698
2.28698
2.28698
2.28698
2.28698
2.28698
2.28698
2.28698
2.28698
2.28698
2.28698
2.28698
2.28698
2.28698
2.28698
2.28698
2.28698
2.28698
2.28698
2.28698
2.28698
2.28698
2.28698
2.28698
2.28698
2.28698
2.28698
2.28698
2.28684
2.28684
2.28684
2.28684
2.28684
2.28684
2.28684
2.28684
2.28684
2.28684
2.28684
2.28684
2.28684
2.28684
2.28684
2.28684
2.28684
2.28684
2.28684
2.28684
2.28684
2.28684
2.28684
2.28684
2.28684
2.28684
2.28684
2.28684
2.28684
2.28684
2.28676
2.28676
2.28676
2.28676
2.28676
2.28676
2.28676
2.28676
2.28676
2.28676
2.28676
2.28676
2.28676
2.28676
2.28676
2.28676
2.28676
2.28676
2.28676
2.28676
2.28676
2.28676
2.28676
2.28676
2.28676
2.28676
2.28676
2.28676
2.28676
2.28676
2.28663
2.28663
2.28663
2.28663
2.28663
2.28663
2.28663
2.28663
2.28663
2.28663
2.28663
2.28663
2.28663
2.28663
2.28663
2.28663
2.28663
2.28663
2.28663
2.28663
2.28663
2.28663
2.28663
2.28663
2.28663
2.28663
2.28663
2.28663
2.28663
2.28663
2.28663
2.28723
2.28723
2.28723
2.28723
2.28723
2.28723
2.28723
2.28723
2.28723
2.28723
2.28723
2.28723
2.28723
2.28723
2.28723
2.28723
2.28723
2.28723
2.28723
2.28723
2.28723
2.28723
2.28723
2.28723
2.28723
2.28723
2.28723
2.28723
2.28723
2.28723
2.28728
2.28728
2.28728
2.28728
2.28728
2.28728
2.28728
2.28728
2.28728
2.28728
2.28728
2.28728
2.28728
2.28728
2.28728
2.28728
2.28728
2.28728
2.28728
2.28728
2.28728
2.28728
2.28728
2.28728
2.28728
2.28728
2.28728
2.28728
2.28728
2.28728
2.28707
2.28707
2.28707
2.28707
2.28707
2.28707
2.28707
2.28707
2.28707
2.28707
2.28707
2.28707
2.28707
2.28707
2.28707
2.28707
2.28707
2.28707
2.28707
2.28707
2.28707
2.28707
2.28707
2.28707
2.28707
2.28707
2.28707
2.28707
2.28707
2.28707
2.28658
2.28658
2.28658
2.28658
2.28658
2.28658
2.28658
2.28658
2.28658
2.28658
2.28658
2.28658
2.28658
2.28658
2.28658
2.28658
2.28658
2.28658
2.28658
2.28658
2.28658
2.28658
2.28658
2.28658
2.28658
2.28658
2.28658
2.28658
2.28658
2.28658
2.2861
2.2861
2.2861
2.2861
2.2861
2.2861
2.2861
2.2861
2.2861
2.2861
2.2861
2.2861
2.2861
2.2861
2.2861
2.2861
2.2861
2.2861
2.2861
2.2861
2.2861
2.2861
2.2861
2.2861
2.2861
2.2861
2.2861
2.2861
2.2861
2.2861
2.2861
2.28576
2.28576
2.28576
2.28576
2.28576
2.28576
2.28576
2.28576
2.28576
2.28576
2.28576
2.28576
2.28576
2.28576
2.28576
2.28576
2.28576
2.28576
2.28576
2.28576
2.28576
2.28576
2.28576
2.28576
2.28576
2.28576
2.28576
2.28576
2.28576
2.28576
2.28529
2.28529
2.28529
2.28529
2.28529
2.28529
2.28529
2.28529
2.28529
2.28529
2.28529
2.28529
2.28529
2.28529
2.28529
2.28529
2.28529
2.28529
2.28529
2.28529
2.28529
2.28529
2.28529
2.28529
2.28529
2.28529
2.28529
2.28529
2.28529
2.28529
2.28479
2.28479
2.28479
2.28479
2.28479
2.28479
2.28479
2.28479
2.28479
2.28479
2.28479
2.28479
2.28479
2.28479
2.28479
2.28479
2.28479
2.28479
2.28479
2.28479
2.28479
2.28479
2.28479
2.28479
2.28479
2.28479
2.28479
2.28479
2.28479
2.28479
2.28449
2.28449
2.28449
2.28449
2.28449
2.28449
2.28449
2.28449
2.28449
2.28449
2.28449
2.28449
2.28449
2.28449
2.28449
2.28449
2.28449
2.28449
2.28449
2.28449
2.28449
2.28449
2.28449
2.28449
2.28449
2.28449
2.28449
2.28449
2.28449
2.28449
2.28449
2.28417
2.28417
2.28417
2.28417
2.28417
2.28417
2.28417
2.28417
2.28417
2.28417
2.28417
2.28417
2.28417
2.28417
2.28417
2.28417
2.28417
2.28417
2.28417
2.28417
2.28417
2.28417
2.28417
2.28417
2.28417
2.28417
2.28417
2.28417
2.28417
2.28417
2.28375
2.28375
2.28375
2.28375
2.28375
2.28375
2.28375
2.28375
2.28375
2.28375
2.28375
2.28375
2.28375
2.28375
2.28375
2.28375
2.28375
2.28375
2.28375
2.28375
2.28375
2.28375
2.28375
2.28375
2.28375
2.28375
2.28375
2.28375
2.28375
2.28375
2.2835
2.2835
2.2835
2.2835
2.2835
2.2835
2.2835
2.2835
2.2835
2.2835
2.2835
2.2835
2.2835
2.2835
2.2835
2.2835
2.2835
2.2835
2.2835
2.2835
2.2835
2.2835
2.2835
2.2835
2.2835
2.2835
2.2835
2.2835
2.2835
2.2835
2.2835
2.28316
2.28316
2.28316
2.28316
2.28316
2.28316
2.28316
2.28316
2.28316
2.28316
2.28316
2.28316
2.28316
2.28316
2.28316
2.28316
2.28316
2.28316
2.28316
2.28316
2.28316
2.28316
2.28316
2.28316
2.28316
2.28316
2.28316
2.28316
2.28316
2.28316
2.28316
2.283
2.283
2.283
2.283
2.283
2.283
2.283
2.283
2.283
2.283
2.283
2.283
2.283
2.283
2.283
2.283
2.283
2.283
2.283
2.283
2.283
2.283
2.283
2.283
2.283
2.283
2.283
2.283
2.283
2.283
2.283
2.28294
2.28294
2.28294
2.28294
2.28294
2.28294
2.28294
2.28294
2.28294
2.28294
2.28294
2.28294
2.28294
2.28294
2.28294
2.28294
2.28294
2.28294
2.28294
2.28294
2.28294
2.28294
2.28294
2.28294
2.28294
2.28294
2.28294
2.28294
2.28294
2.28294
2.28294
2.28239
2.28239
2.28239
2.28239
2.28239
2.28239
2.28239
2.28239
2.28239
2.28239
2.28239
2.28239
2.28239
2.28239
2.28239
2.28239
2.28239
2.28239
2.28239
2.28239
2.28239
2.28239
2.28239
2.28239
2.28239
2.28239
2.28239
2.28239
2.28239
2.28239
2.28215
2.28215
2.28215
2.28215
2.28215
2.28215
2.28215
2.28215
2.28215
2.28215
2.28215
2.28215
2.28215
2.28215
2.28215
2.28215
2.28215
2.28215
2.28215
2.28215
2.28215
2.28215
2.28254
2.28254
2.28254
2.28254
2.28254
2.28254
2.28254
2.28254
2.28254
2.28254
2.28254
2.28254
2.28254
2.28254
2.28254
2.28254
2.28254
2.28254
2.28254
2.28254
2.28254
2.28254
2.28254
2.28254
2.28254
2.28254
2.28254
2.28254
2.28254
2.28019
2.28019
2.28019
2.28019
2.28019
2.28019
2.28019
2.28019
2.28019
2.28019
2.28019
2.28019
2.28019
2.28019
2.28019
2.28019
2.28019
2.28019
2.28019
2.28005
2.28005
2.28005
2.28005
2.28005
2.28005
2.28005
2.28005
2.28005
2.28005
2.28005
2.28005
2.28005
2.28005
2.28005
2.28005
2.28005
2.28005
2.28005
2.28005
2.28005
2.28005
2.28005
2.28005
2.28005
2.28005
2.28005
2.28005
2.28005
2.28005
2.28005
2.28005
2.28005
2.27638
2.27638
2.27638
2.27638
2.27638
2.27638
2.27638
2.27638
2.27638
2.27638
2.27638
2.27638
2.27638
2.27638
2.27638
2.27638
2.27638
2.27638
2.27638
2.27638
2.27638
2.27638
2.27638
2.27638
2.27638
2.27638
2.27638
2.27638
2.27638
2.27638
2.27638
2.27889
2.27889
2.27889
2.27889
2.27889
2.27889
2.27889
2.27889
2.27889
2.27889
2.27889
2.27889
2.27889
2.27889
2.27889
2.27889
2.27889
2.27889
2.27889
2.27889
2.27889
2.27889
2.27889
2.27889
2.27889
2.27889
2.27889
2.27889
2.27889
2.27889
2.27889
2.27978
2.27978
2.27978
2.27978
2.27978
2.27978
2.27978
2.27978
2.27978
2.27978
2.27978
2.27978
2.27978
2.27978
2.27978
2.27978
2.27978
2.27978
2.27978
2.27978
2.27978
2.27978
2.27978
2.27978
2.27978
2.27978
2.27978
2.27978
2.27978
2.27978
2.27978
2.28019
2.28019
2.28019
2.28019
2.28019
2.28019
2.28019
2.28019
2.28019
2.28019
2.28019
2.28019
2.28019
2.28019
2.28019
2.28019
2.28019
2.28019
2.28019
2.28019
2.28019
2.28019
2.28019
2.28019
2.28019
2.28019
2.28019
2.28019
2.28019
2.28019
2.28019
2.28015
2.28015
2.28015
2.28015
2.28015
2.28015
2.28015
2.28015
2.28015
2.28015
2.28015
2.28015
2.28015
2.28015
2.28015
2.28015
2.28015
2.28015
2.28015
2.28015
2.28015
2.28015
2.28015
2.28015
2.28015
2.28015
2.28015
2.28015
2.28015
2.28015
2.28015
2.28015
2.28035
2.28035
2.28035
2.28035
2.28035
2.28035
2.28035
2.28035
2.28035
2.28035
2.28035
2.28035
2.28035
2.28035
2.28035
2.28035
2.28035
2.28035
2.28035
2.28035
2.28035
2.28035
2.28035
2.28035
2.28035
2.28035
2.28035
2.28035
2.28035
2.28035
2.28035
2.28048
2.28048
2.28048
2.28048
2.28048
2.28048
2.28048
2.28048
2.28048
2.28048
2.28048
2.28048
2.28048
2.28048
2.28048
2.28048
2.28048
2.28048
2.28048
2.28048
2.28048
2.28048
2.28048
2.28048
2.28048
2.28048
2.28048
2.28048
2.28048
2.28048
2.28048
2.28048
2.28049
2.28049
2.28049
2.28049
2.28049
2.28049
2.28049
2.28049
2.28049
2.28049
2.28049
2.28049
2.28049
2.28049
2.28049
2.28049
2.28049
2.28049
2.28049
2.28049
2.28049
2.28049
2.28049
2.28049
2.28049
2.28049
2.28049
2.28049
2.28049
2.28049
2.28049
2.28013
2.28013
2.28013
2.28013
2.28013
2.28013
2.28013
2.28013
2.28013
2.28013
2.28013
2.28013
2.28013
2.28013
2.28013
2.28013
2.28013
2.28013
2.28013
2.28013
2.28013
2.28013
2.28013
2.28013
2.28013
2.28013
2.28013
2.28013
2.28013
2.28013
2.28013
2.28011
2.28011
2.28011
2.28011
2.28011
2.28011
2.28011
2.28011
2.28011
2.28011
2.28011
2.28011
2.28011
2.28011
2.28011
2.28011
2.28011
2.28011
2.28011
2.28011
2.28011
2.28011
2.28011
2.28011
2.28011
2.28011
2.28011
2.28011
2.28011
2.28011
2.28011
2.28011
2.28
2.28
2.28
2.28
2.28
2.28
2.28
2.28
2.28
2.28
2.28
2.28
2.28
2.28
2.28
2.28
2.28
2.28
2.28
2.28
2.28
2.28
2.28
2.28
2.28
2.28
2.28
2.28
2.28
2.28
2.28
2.28
2.27988
2.27988
2.27988
2.27988
2.27988
2.27988
2.27988
2.27988
2.27988
2.27988
2.27988
2.27988
2.27988
2.27988
2.27988
2.27988
2.27988
2.27988
2.27988
2.27988
2.27988
2.27988
2.27988
2.27988
2.27988
2.27988
2.27988
2.27988
2.27988
2.27988
2.27988
2.27988
2.27982
2.27982
2.27982
2.27982
2.27982
2.27982
2.27982
2.27982
2.27982
2.27982
2.27982
2.27982
2.27982
2.27982
2.27982
2.27982
2.27982
2.27982
2.27982
2.27982
2.27982
2.27982
2.27982
2.27982
2.27982
2.27982
2.27982
2.27982
2.27982
2.27982
2.27982
2.27982
2.27993
2.27993
2.27993
2.27993
2.27993
2.27993
2.27993
2.27993
2.27993
2.27993
2.27993
2.27993
2.27993
2.27993
2.27993
2.27993
2.27993
2.27993
2.27993
2.27993
2.27993
2.27993
2.27993
2.27993
2.27993
2.27993
2.27993
2.27993
2.27993
2.27993
2.27993
2.27993
2.27996
2.27996
2.27996
2.27996
2.27996
2.27996
2.27996
2.27996
2.27996
2.27996
2.27996
2.27996
2.27996
2.27996
2.27996
2.27996
2.27996
2.27996
2.27996
2.27996
2.27996
2.27996
2.27996
2.27996
2.27996
2.27996
2.27996
2.27996
2.27996
2.27996
2.27996
2.27996
2.27963
2.27963
2.27963
2.27963
2.27963
2.27963
2.27963
2.27963
2.27963
2.27963
2.27963
2.27963
2.27963
2.27963
2.27963
2.27963
2.27963
2.27963
2.27963
2.27963
2.27963
2.27963
2.27963
2.27963
2.27963
2.27963
2.27963
2.27963
2.27963
2.27963
2.27963
2.27963
2.27978
2.27978
2.27978
2.27978
2.27978
2.27978
2.27978
2.27978
2.27978
2.27978
2.27978
2.27978
2.27978
2.27978
2.27978
2.27978
2.27978
2.27978
2.27978
2.27978
2.27978
2.27978
2.27978
2.27978
2.27978
2.27978
2.27978
2.27978
2.27978
2.27978
2.27978
2.27978
2.27957
2.27957
2.27957
2.27957
2.27957
2.27957
2.27957
2.27957
2.27957
2.27957
2.27957
2.27957
2.27957
2.27957
2.27957
2.27957
2.27957
2.27957
2.27957
2.27957
2.27957
2.27957
2.27957
2.27957
2.27957
2.27957
2.27957
2.27957
2.27957
2.27957
2.27957
2.27957
2.27965
2.27965
2.27965
2.27965
2.27965
2.27965
2.27965
2.27965
2.27965
2.27965
2.27965
2.27965
2.27965
2.27965
2.27965
2.27965
2.27965
2.27965
2.27965
2.27965
2.27965
2.27965
2.27965
2.27965
2.27965
2.27965
2.27965
2.27965
2.27965
2.27965
2.27965
2.27965
2.27965
2.27965
2.27965
2.27965
2.27965
2.27965
2.27965
2.27965
2.27965
2.27965
2.27965
2.27965
2.27965
2.27965
2.27965
2.27965
2.27965
2.27965
2.27965
2.27965
2.27965
2.27965
2.27965
2.27965
2.27965
2.27965
2.27965
2.27965
2.27965
2.27965
2.27965
2.27965
2.27975
2.27975
2.27975
2.27975
2.27975
2.27975
2.27975
2.27975
2.27975
2.27975
2.27975
2.27975
2.27975
2.27975
2.27975
2.27975
2.27975
2.27975
2.27975
2.27975
2.27975
2.27975
2.27975
2.27975
2.27975
2.27975
2.27975
2.27975
2.27975
2.27975
2.27975
2.27975
2.27947
2.27947
2.27947
2.27947
2.27947
2.27947
2.27947
2.27947
2.27947
2.27947
2.27947
2.27947
2.27947
2.27947
2.27947
2.27947
2.27947
2.27947
2.27947
2.27947
2.27947
2.27947
2.27947
2.27947
2.27947
2.27947
2.27947
2.27947
2.27947
2.27947
2.27947
2.27947
2.27939
2.27939
2.27939
2.27939
2.27939
2.27939
2.27939
2.27939
2.27939
2.27939
2.27939
2.27939
2.27939
2.27939
2.27939
2.27939
2.27939
2.27939
2.27939
2.27939
2.27939
2.27939
2.27939
2.27939
2.27939
2.27939
2.27939
2.27939
2.27939
2.27939
2.27939
2.27917
2.27917
2.27917
2.27917
2.27917
2.27917
2.27917
2.27917
2.27917
2.27917
2.27917
2.27917
2.27917
2.27917
2.27917
2.27917
2.27917
2.27917
2.27917
2.27917
2.27917
2.27917
2.27917
2.27917
2.27917
2.27917
2.27917
2.27917
2.27917
2.27917
2.27917
2.27917
2.27921
2.27921
2.27921
2.27921
2.27921
2.27921
2.27921
2.27921
2.27921
2.27921
2.27921
2.27921
2.27921
2.27921
2.27921
2.27921
2.27921
2.27921
2.27921
2.27921
2.27921
2.27921
2.27921
2.27921
2.27921
2.27921
2.27921
2.27921
2.27921
2.27921
2.27921
2.27921
2.27916
2.27916
2.27916
2.27916
2.27916
2.27916
2.27916
2.27916
2.27916
2.27916
2.27916
2.27916
2.27916
2.27916
2.27916
2.27916
2.27916
2.27916
2.27916
2.27916
2.27916
2.27916
2.27916
2.27916
2.27916
2.27916
2.27916
2.27916
2.27916
2.27916
2.27916
2.27916
2.27958
2.27958
2.27958
2.27958
2.27958
2.27958
2.27958
2.27958
2.27958
2.27958
2.27958
2.27958
2.27958
2.27958
2.27958
2.27958
2.27958
2.27958
2.27958
2.27958
2.27958
2.27958
2.27958
2.27958
2.27958
2.27958
2.27958
2.27958
2.27958
2.27958
2.27958
2.27958
2.27929
2.27929
2.27929
2.27929
2.27929
2.27929
2.27929
2.27929
2.27929
2.27929
2.27929
2.27929
2.27929
2.27929
2.27929
2.27929
2.27929
2.27929
2.27929
2.27929
2.27929
2.27929
2.27929
2.27929
2.27929
2.27929
2.27929
2.27929
2.27929
2.27929
2.27929
2.27929
2.27933
2.27933
2.27933
2.27933
2.27933
2.27933
2.27933
2.27933
2.27933
2.27933
2.27933
2.27933
2.27933
2.27933
2.27933
2.27933
2.27933
2.27933
2.27933
2.27933
2.27933
2.27933
2.27933
2.27933
2.27933
2.27933
2.27933
2.27933
2.27933
2.27933
2.27933
2.27933
2.27905
2.27905
2.27905
2.27905
2.27905
2.27905
2.27905
2.27905
2.27905
2.27905
2.27905
2.27905
2.27905
2.27905
2.27905
2.27905
2.27905
2.27905
2.27905
2.27905
2.27905
2.27905
2.27905
2.27905
2.27905
2.27905
2.27905
2.27905
2.27905
2.27905
2.27905
2.27905
2.27907
2.27907
2.27907
2.27907
2.27907
2.27907
2.27907
2.27907
2.27907
2.27907
2.27907
2.27907
2.27907
2.27907
2.27907
2.27907
2.27907
2.27907
2.27907
2.27907
2.27907
2.27907
2.27907
2.27907
2.27907
2.27907
2.27907
2.27907
2.27907
2.27907
2.27907
2.27907
2.27902
2.27902
2.27902
2.27902
2.27902
2.27902
2.27902
2.27902
2.27902
2.27902
2.27902
2.27902
2.27902
2.27902
2.27902
2.27902
2.27902
2.27902
2.27902
2.27902
2.27902
2.27902
2.27902
2.27902
2.27902
2.27902
2.27902
2.27902
2.27902
2.27902
2.27902
2.27902
2.27944
2.27944
2.27944
2.27944
2.27944
2.27944
2.27944
2.27944
2.27944
2.27944
2.27944
2.27944
2.27944
2.27944
2.27944
2.27944
2.27944
2.27944
2.27944
2.27944
2.27944
2.27944
2.27944
2.27944
2.27944
2.27944
2.27944
2.27944
2.27944
2.27944
2.27944
2.27944
2.27914
2.27914
2.27914
2.27914
2.27914
2.27914
2.27914
2.27914
2.27914
2.27914
2.27914
2.27914
2.27914
2.27914
2.27914
2.27914
2.27914
2.27914
2.27914
2.27914
2.27914
2.27914
2.27914
2.27914
2.27914
2.27914
2.27914
2.27914
2.27914
2.27914
2.27914
2.27914
2.27891
2.27891
2.27891
2.27891
2.27891
2.27891
2.27891
2.27891
2.27891
2.27891
2.27891
2.27891
2.27891
2.27891
2.27891
2.27891
2.27891
2.27891
2.27891
2.27891
2.27891
2.27891
2.27891
2.27891
2.27891
2.27891
2.27891
2.27891
2.27891
2.27891
2.27891
2.27891
2.27941
2.27941
2.27941
2.27941
2.27941
2.27941
2.27941
2.27941
2.27941
2.27941
2.27941
2.27941
2.27941
2.27941
2.27941
2.27941
2.27941
2.27941
2.27941
2.27941
2.27941
2.27941
2.27941
2.27941
2.27941
2.27941
2.27941
2.27941
2.27941
2.27941
2.27941
2.27941
2.27901
2.27901
2.27901
2.27901
2.27901
2.27901
2.27901
2.27901
2.27901
2.27901
2.27901
2.27901
2.27901
2.27901
2.27901
2.27901
2.27901
2.27901
2.27901
2.27901
2.27901
2.27901
2.27901
2.27901
2.27901
2.27901
2.27901
2.27901
2.27901
2.27901
2.27901
2.27901
2.27897
2.27897
2.27897
2.27897
2.27897
2.27897
2.27897
2.27897
2.27897
2.27897
2.27897
2.27897
2.27897
2.27897
2.27897
2.27897
2.27897
2.27897
2.27897
2.27897
2.27897
2.27897
2.27897
2.27897
2.27897
2.27897
2.27897
2.27897
2.27897
2.27897
2.27897
2.27897
2.29781
2.29781
2.29781
2.29781
2.29781
2.29781
2.29781
2.29781
2.29781
2.29781
2.29781
2.29781
2.29781
2.29781
2.29781
2.29781
2.29781
2.29781
2.29781
2.29781
2.29781
2.29781
2.29781
2.29781
2.29781
2.29781
2.29781
2.29781
2.29781
2.29781
2.29781
2.29781
2.29781
2.29781
2.29781
2.29781
2.29781
2.29781
2.29781
2.29781
2.29781
2.29781
2.29781
2.29781
2.29781
2.29781
2.29781
2.29781
2.29781
2.29781
2.29781
2.29781
2.29781
2.29781
2.29781
2.29781
2.29781
2.29781
2.29781
2.29781
2.29781
2.29781
2.29781
2.29781
2.29781
2.29781
2.29781
2.29781
2.29781
2.29781
2.29781
2.29781
2.29781
2.29781
2.29781
2.29781
2.29781
2.29781
2.29781
2.29781
2.29781
2.29781
2.29781
2.29781
2.29781
2.29781
2.29781
2.29781
2.29781
2.29781
2.29781
2.29781
2.29781
2.29781
2.29781
2.29781
2.29781
2.29781
2.29781
2.29781
2.29781
2.29781
2.29781
2.29781
2.29781
2.29781
2.29781
2.29781
2.29781
2.29781
2.29781
2.29781
2.29781
2.29781
2.29781
2.29781
2.29781
2.29781
2.29781
2.29781
2.29781
2.29781
2.29781
2.29781
2.29781
2.29781
2.29781
2.29781
2.29781
2.29781
2.29781
2.29781
2.29781
2.29781
2.29781
2.29781
2.29781
2.29781
2.29781
2.29781
2.29781
2.29781
2.29781
2.29781
2.29781
2.29781
2.29781
2.29781
2.29781
2.29781
2.29781
2.29781
2.29781
2.29781
2.29781
2.29781
2.29781
2.29781
2.29781
2.29781
2.29781
2.29781
2.29781
2.29781
2.29781
2.29781
2.29781
2.29781
2.29781
2.29781
2.29781
2.29781
2.29781
2.29781
2.29781
2.29781
2.29781
2.29781
2.29781
2.29781
2.29781
2.29781
2.29781
2.29781
2.29781
2.29781
2.29781
2.29781
2.29781
2.29781
2.29781
2.29781
2.29781
2.29781
2.29781
2.29781
2.29781
2.29781
2.29781
2.29781
2.29781
2.29781
2.29781
2.29781
2.29781
2.29781
2.29781
2.29781
2.29781
2.29781
2.29781
2.29781
2.29781
2.29781
2.29781
2.29781
2.29781
2.29781
2.29781
2.29781
2.29781
2.29781
2.29781
2.29781
2.29781
2.29781
2.29781
2.29781
2.29781
2.29781
2.29781
2.29781
2.29781
2.29781
2.29781
2.29781
2.29781
2.29781
2.29781
2.29781
2.29781
2.29781
2.29781
2.29781
2.29781
2.29781
2.29781
2.29781
2.29781
2.29781
2.29781
2.29781
2.29781
2.29781
2.29781
2.29781
2.29781
2.29781
2.29781
2.29781
2.29781
2.29781
2.29781
2.29781
2.29781
2.29781
2.29781
2.29781
2.29781
2.29781
2.29781
2.29781
2.29781
2.29781
2.29781
2.29781
2.29781
2.29781
2.29781
2.29781
2.29781
2.29781
2.29781
2.29781
2.29781
2.29781
2.29781
2.29781
2.29781
2.29781
2.29781
2.29781
2.29781
2.29781
2.29781
2.29781
2.29781
2.29781
2.29781
2.29781
2.29781
2.29781
2.29781
2.29781
2.29781
2.29781
2.29781
2.29781
2.29781
2.29781
2.29781
2.29781
2.29781
2.29781
2.29781
2.29781
2.29781
2.29781
2.29781
2.29781
2.29781
2.29781
2.29781
2.29781
2.29781
2.29781
2.29781
2.29781
2.29781
2.29781
2.29781
2.29781
2.29781
2.29781
2.29781
2.29781
2.29781
2.29781
2.29781
2.29781
2.29781
2.29781
2.29781
2.29781
2.29781
2.29781
2.29781
2.29781
2.29781
2.29781
2.29781
2.29781
2.29781
2.29781
2.29781
2.29781
2.29781
2.29781
2.29781
2.29781
2.29781
2.29781
2.29781
2.29781
2.29781
2.29781
2.29781
2.29781
2.29781
2.29781
2.29781
2.29781
2.29781
2.29781
2.29781
2.29781
2.29781
2.29781
2.29781
2.29781
2.29781
2.29781
2.29781
2.29781
2.29781
2.29781
2.29781
2.29781
2.29781
2.29781
2.29781
2.29781
2.29781
2.29781
2.29781
2.29781
2.29781
2.29781
2.29781
2.29781
2.29781
2.29781
2.29781
2.29781
2.29781
2.29781
2.29781
2.29781
2.29781
2.29781
2.29781
2.29781
2.29781
2.29781
2.29781
