0
0
8.04233e-05
-0.000669174
8.04021e-05
-0.000669178
8.05181e-05
-0.000668878
8.06534e-05
-0.000668549
8.09118e-05
-0.000667937
8.11886e-05
-0.000667282
8.13566e-05
-0.000666877
8.14923e-05
-0.000666536
8.16004e-05
-0.000666217
8.15882e-05
-0.000666179
8.1439e-05
-0.000666409
8.12659e-05
-0.000666723
8.0932e-05
-0.000667376
8.06839e-05
-0.000667885
8.03257e-05
-0.000668655
8.01296e-05
-0.000669112
7.99559e-05
-0.000669609
7.9943e-05
-0.000669758
8.00668e-05
-0.00066968
8.02257e-05
-0.000669452
8.05452e-05
-0.000668914
8.09147e-05
-0.000668262
8.04142e-05
-0.000669494
8.09155e-05
-0.000668356
8.09124e-05
-0.000668358
-0.107829
0.0875642
-0.107829
0.0875642
-0.63926
0.567652
-0.63926
0.567652
-1.34006
1.17738
-1.40408
1.2271
-1.83486
1.48645
-1.83486
1.48645
-1.81989
1.34421
-1.81989
1.34421
-1.81989
1.34421
-1.47794
0.981924
-1.47794
0.981924
-1.41278
0.910267
-1.20051
0.667876
-1.20051
0.667876
-1.06282
0.539121
-1.06282
0.539121
-0.947532
0.495731
-0.947532
0.495731
-0.777917
0.43159
-0.777917
0.43159
-0.756487
0.422092
-0.545886
0.327614
-0.527538
0.32099
-0.436665
0.303673
-0.433208
0.304931
-0.427234
0.319289
-0.425825
0.3187
-0.38507
0.28863
-0.377405
0.282741
-0.276042
0.205492
-0.276042
0.205492
-0.18226
0.132412
-0.18226
0.132412
-0.205913
0.141848
-0.205913
0.141848
-0.265673
0.18071
-0.00524174
0.00332985
-0.00524174
0.00332985
-0.00532473
0.00339961
-0.00541911
0.00348817
-0.00543839
0.00351525
-0.00543525
0.00353456
-0.00542719
0.00353617
-0.00538783
0.00353043
-0.00533331
0.00351427
-0.00514891
0.00348479
-0.00343332
0.00229236
-0.00343332
0.00229236
-0.00340491
0.00224655
-0.00337594
0.00219845
-0.00334388
0.00214911
-0.0033224
0.00211909
-0.00330099
0.00209229
-0.00326938
0.00205893
-0.00324849
0.00204121
-0.00322778
0.00202703
-0.00319718
0.00201203
-0.00316748
0.00200361
-0.00314837
0.00200112
-0.00312992
0.00200075
-0.00310345
0.00200348
-0.00307837
0.0020093
-0.00306229
0.0020145
-0.00303907
0.0020237
-0.00302403
0.00203053
-0.00300196
0.00204142
-0.00298744
0.00204893
-0.00296571
0.00206032
-0.00295117
0.00206787
-0.00292914
0.00207892
-0.0029142
0.00208602
-0.00289129
0.00209616
-0.00287563
0.00210254
-0.00285146
0.00211145
-0.00282648
0.00211952
-0.00280961
0.00212441
-0.00279275
0.0021289
-0.00276775
0.00213486
-0.00275137
0.00213831
-0.00272736
0.00214268
-0.00271175
0.00214507
-0.00268889
0.00214786
-0.00266664
0.00214973
-0.00265208
0.00215048
-0.00263057
0.0021509
-0.00260929
0.00215049
-0.00260222
0.00215018
-0.00258099
0.00214873
-0.00256678
0.00214734
-0.00254526
0.00214467
-0.00253073
0.00214251
-0.00250857
0.00213873
-0.00248591
0.00213433
-0.00247047
0.00213106
-0.00245476
0.00212753
-0.00243102
0.00212179
-0.00240756
0.00211552
-0.00239224
0.00211103
-0.00236992
0.00210386
-0.00235553
0.00209877
-0.0023347
0.00209069
-0.0023213
0.00208502
-0.00230184
0.00207611
-0.00228924
0.00206989
-0.0022708
0.00206017
-0.00225873
0.00205344
-0.00224085
0.00204295
-0.00222902
0.0020357
-0.00221127
0.00202447
-0.00219938
0.00201676
-0.00218139
0.00200484
-0.00216923
0.00199665
-0.00215069
0.00198399
-0.00213809
0.00197531
-0.00211874
0.0019619
-0.0020988
0.00194806
-0.00208516
0.00193858
-0.00207127
0.00192892
-0.00205041
0.00191411
-0.00203671
0.00190402
-0.00201672
0.00188855
-0.00200387
0.001878
-0.00198541
0.00186181
-0.00197366
0.00185078
-0.00195684
0.00183386
-0.00194611
0.00182234
-0.00193067
0.0018047
-0.00192073
0.00179272
-0.00190625
0.0017744
-0.0018968
0.00176197
-0.00188282
0.001743
-0.00186894
0.00172364
-0.00185967
0.00171051
-0.00184565
0.00169049
-0.00183619
0.00167695
-0.00182172
0.00165632
-0.00180688
0.00163532
-0.00179159
0.00161397
-0.00178639
0.00160678
-0.00177045
0.00158499
-0.00175952
0.00157029
-0.00174265
0.00154793
-0.00173108
0.00153284
-0.0017132
0.00150989
-0.00170095
0.0014944
-0.00168235
0.00147088
-0.0016701
0.00145502
-0.00165226
0.00143095
-0.00163535
0.00140655
-0.0016195
0.0013818
-0.00160957
0.00136511
-0.00160014
0.00134828
-0.00158689
0.00132274
-0.0015786
0.00130552
-0.00157068
0.00128814
-0.00155938
0.0012618
-0.00155217
0.00124405
-0.0015417
0.00121715
-0.00153489
0.00119905
-0.0015248
0.00117166
-0.00151475
0.00114397
-0.0015012
0.00110656
-0.0015012
0.00110656
-0.00149079
0.00107814
-0.00148009
0.00104943
-0.00147275
0.00103011
-0.00146141
0.00100088
-0.00144964
0.000971367
-0.0014374
0.000941579
-0.00142899
0.000921584
-0.0014247
0.000911547
-0.00141152
0.000881281
-0.00139786
0.000850772
-0.00138847
0.000830289
-0.00137398
0.000799356
-0.00136404
0.000778595
-0.00134872
0.000747243
-0.00133823
0.000726294
-0.00132218
0.000696317
-0.00130594
0.000670203
-0.00129532
0.000655735
-0.00127999
0.000639221
-0.00127028
0.000631911
-0.00125663
0.000626608
-0.00124416
0.000627889
-0.00123651
0.000632158
-0.00122601
0.000643212
-0.00122275
0.000648025
-0.00121368
0.000665467
-0.00120814
0.000679319
-0.00120049
0.000702877
-0.00119574
0.000720117
-0.00118906
0.000747793
-0.00118275
0.000777136
-0.00117868
0.000797291
-0.00117463
0.000817086
-0.00116853
0.000844161
-0.00116236
0.000866326
-0.0011582
0.00087764
-0.00115183
0.000888752
-0.00114529
0.000892524
-0.00114081
0.000890984
-0.0011362
0.00088632
-0.00112901
0.000873816
-0.001124
0.000862094
-0.00111614
0.000840005
-0.00110783
0.000813189
-0.00110203
0.000793071
-0.00109295
0.00076006
-0.00108663
0.000736445
-0.00107683
0.000699781
-0.0010701
0.000675909
-0.00105966
0.00064275
-0.00105245
0.000623206
-0.00104124
0.000598645
-0.00103349
0.000585754
-0.00102552
0.000575755
-0.00101318
0.000566168
-0.00100039
0.00056279
-0.000991649
0.00056373
-0.000978257
0.000569438
-0.000969157
0.000575808
-0.000955266
0.000588673
-0.000945861
0.000599144
-0.000931661
0.000617221
-0.000917967
0.000637625
-0.000909367
0.000652233
-0.000901312
0.000667468
-0.000890371
0.000691187
-0.000883892
0.000707413
-0.000875407
0.000732142
-0.000870546
0.000748781
-0.000864358
0.000773797
-0.000860889
0.000790367
-0.000856442
0.000813487
-0.000852816
0.000832268
-0.0008499
0.000845034
-0.000847568
0.000850767
-0.000846897
0.000851022
-0.000845142
0.000846767
-0.000844144
0.000839812
-0.000842799
0.000823512
-0.000841946
0.00080902
-0.000841086
0.000791882
-0.000839707
0.000761746
-0.000838136
0.00072706
-0.000836993
0.000702367
-0.000835087
0.000665498
-0.000833636
0.000642108
-0.00083115
0.000610246
-0.000829257
0.000591729
-0.000826038
0.000568657
-0.000823637
0.000556568
-0.000821032
0.000547137
-0.000816756
0.00053783
-0.000812074
0.000533938
-0.000807035
0.000534906
-0.000803501
0.000537942
-0.000799834
0.000542655
-0.000794106
0.000552453
-0.000786072
0.000569639
-0.000783997
0.000574533
-0.000779775
0.00058491
-0.000773268
0.000601689
-0.000766559
0.000619575
-0.000761978
0.000631941
-0.000757311
0.000644561
-0.000750142
0.00066381
-0.000745252
0.000676755
-0.000737755
0.000696211
-0.000732645
0.000709149
-0.0007248
0.000728415
-0.000719443
0.000741126
-0.000711215
0.000759941
-0.000702765
0.000778392
-0.000696986
0.000790142
-0.000688064
0.000804957
-0.000681982
0.000812077
-0.000672695
0.000817527
-0.000666424
0.000817273
-0.000660098
0.000813742
-0.000650504
0.000802243
-0.000640789
0.000783541
-0.000634237
0.000767311
-0.000627624
0.000748313
-0.0006176
0.000715505
-0.000610876
0.000692216
-0.000600657
0.00065735
-0.00058669
0.000614403
-0.000583126
0.000604705
-0.000572233
0.000578736
-0.0005648
0.000564241
-0.000553583
0.000546919
-0.000546372
0.000538298
-0.000536322
0.000529544
-0.000527513
0.000525393
-0.000522443
0.000524905
-0.000518059
0.000526037
-0.000512791
0.000530407
-0.00581755
0.00299883
-0.0358216
0.0176745
-0.0816707
0.0421107
-0.170274
0.0915405
-0.240111
0.130854
-0.353259
0.194414
-0.430693
0.237413
-0.544714
0.298806
-0.651947
0.353326
-0.718128
0.384428
-0.808275
0.42234
-0.861882
0.441421
-0.932414
0.460696
-0.991425
0.46936
-1.00863
0.46992
-1.06617
0.462099
-1.08864
0.452814
-1.11546
0.433454
-1.12923
0.418006
-1.14445
0.391787
-1.15149
0.372949
-1.15807
0.34365
-1.1595
0.323849
-1.15773
0.304208
-1.14938
0.275837
-1.13926
0.257928
-1.12514
0.241034
-1.09682
0.217859
-1.06081
0.197554
-1.03323
0.185665
-0.970248
0.165654
-0.935671
0.157451
-0.899636
0.15034
-0.824952
0.138997
-0.805841
0.136669
-0.748981
0.130783
-0.712068
0.127637
-0.658598
0.123757
-0.624826
0.122492
-0.603358
0.140079
-0.605924
0.165385
-0.626824
0.216816
-0.649013
0.257109
-0.690698
0.321352
-0.721932
0.364198
-0.771018
0.424622
-0.803915
0.460746
-0.85171
0.506434
-0.896315
0.540694
-0.923705
0.556647
-0.94907
0.567271
-0.983006
0.573551
-1.00287
0.571681
-1.02861
0.560661
-1.04319
0.548747
-1.06141
0.5252
-1.07483
0.496451
-1.07928
0.475132
-1.08021
0.452853
-1.07286
0.418332
-1.0621
0.395242
-1.03772
0.361414
-1.01655
0.339842
-0.97782
0.309443
-0.932637
0.281958
-0.864673
0.250179
-0.847038
0.243155
-0.81106
0.230122
-0.756994
0.213161
-0.720651
0.203365
-0.671716
0.193784
-0.658752
0.199205
-0.659762
0.221449
-0.671016
0.243033
-0.688268
0.26814
-0.722484
0.309455
-0.762579
0.351203
-0.790816
0.377573
-0.833323
0.413001
-0.860878
0.43283
-0.899958
0.456068
-0.935509
0.471113
-0.956938
0.476188
-0.985574
0.477108
-1.00227
0.47354
-1.02384
0.462502
-1.03602
0.451899
-1.0512
0.432184
-1.05937
0.417112
-1.06544
0.400756
-1.06861
0.374491
-1.06356
0.347364
-1.0554
0.329346
-1.0436
0.311732
-1.01811
0.286333
-0.996333
0.270395
-0.957673
0.248261
-0.913117
0.228438
-0.880862
0.216542
-0.830181
0.200718
-0.795365
0.191458
-0.742288
0.179344
-0.710059
0.174579
-0.690728
0.187478
-0.690437
0.206259
-0.704302
0.244919
-0.720353
0.275147
-0.751399
0.323224
-0.775047
0.355224
-0.812526
0.39992
-0.837764
0.426091
-0.874634
0.458462
-0.897996
0.475215
-0.930478
0.492425
-0.950223
0.49868
-0.976697
0.500557
-0.999396
0.494339
-1.01244
0.486123
-1.02391
0.475218
-1.0383
0.454862
-1.04958
0.430334
-1.05513
0.412382
-1.05937
0.383884
-1.05694
0.354853
-1.05103
0.335741
-1.04178
0.317167
-1.02866
0.299266
-1.00127
0.274046
-0.97871
0.258569
-0.939556
0.237521
-0.910605
0.224989
-0.863819
0.208368
-0.814325
0.194226
-0.7803
0.186064
-0.733393
0.1788
-0.719193
0.186386
-0.715384
0.213238
-0.722126
0.238504
-0.741899
0.283126
-0.769807
0.331275
-0.791123
0.363051
-0.836409
0.420916
-0.847794
0.433394
-0.870234
0.455566
-0.912478
0.487588
-0.922307
0.492633
-0.949775
0.501766
-0.966237
0.503142
-0.988035
0.497919
-1.0007
0.490263
-1.01188
0.479702
-1.02606
0.459514
-1.03733
0.435274
-1.04338
0.417706
-1.05015
0.390112
-1.05252
0.371317
-1.04918
0.334094
-1.04645
0.32505
-1.03271
0.298899
-1.0193
0.282525
-0.991358
0.259671
-0.968794
0.245814
-0.929067
0.227013
-0.899677
0.215906
-0.851908
0.201192
-0.818896
0.193207
-0.78986
0.198204
-0.780896
0.22316
-0.783121
0.247288
-0.790094
0.275372
-0.807521
0.321502
-0.830358
0.368122
-0.864847
0.424677
-0.873691
0.437063
-0.891288
0.459275
-0.9168
0.485759
-0.9328
0.49779
-0.947872
0.505454
-0.968453
0.509608
-0.980719
0.50747
-0.99694
0.497778
-1.00631
0.487722
-1.01828
0.467894
-1.02792
0.44392
-1.03315
0.426234
-1.0375
0.407711
-1.04288
0.369228
-1.04205
0.349845
-1.03594
0.321539
-1.02763
0.30342
-1.00809
0.277837
-0.99102
0.262078
-0.947098
0.233931
-0.947098
0.233931
-0.90718
0.215929
-0.866884
0.203688
-0.85188
0.207894
-0.843137
0.22086
-0.840475
0.252243
-0.846939
0.29301
-0.859919
0.338112
-0.870947
0.368267
-0.889558
0.410694
-0.90926
0.447211
-0.922378
0.467105
-0.935205
0.483153
-0.953417
0.499546
-0.964691
0.505303
-0.980074
0.506326
-0.993533
0.49938
-1.00139
0.490705
-1.0084
0.479358
-1.01732
0.458062
-1.02229
0.441549
-1.02839
0.414572
-1.03162
0.395746
-1.03522
0.367043
-1.03649
0.348031
-1.03411
0.320197
-1.02947
0.302507
-1.01651
0.277573
-0.996493
0.25499
-0.968915
0.234887
-0.947086
0.222966
-0.922554
0.212163
-0.881939
0.198528
-0.86279
0.198405
-0.84853
0.217049
-0.846098
0.250541
-0.849331
0.278285
-0.855692
0.308618
-0.869281
0.3554
-0.880179
0.385321
-0.898042
0.4261
-0.91038
0.449696
-0.928721
0.478291
-0.940505
0.492281
-0.957136
0.505062
-0.972224
0.508933
-0.981298
0.506764
-0.989582
0.501252
-1.00044
0.487208
-1.0067
0.474517
-1.01696
0.443687
-1.02102
0.426301
-1.02443
0.408015
-1.02725
0.389257
-1.03039
0.360711
-1.03102
0.341855
-1.02785
0.314358
-1.02266
0.296899
-1.00904
0.272366
-0.996344
0.257372
-0.971192
0.236917
-0.950703
0.22474
-0.915498
0.209172
-0.893024
0.211422
-0.884887
0.224484
-0.881385
0.244125
-0.88244
0.282395
-0.889368
0.326379
-0.896248
0.356411
-0.908775
0.39976
-0.917998
0.426051
-0.932345
0.459523
-0.941897
0.477001
-0.95578
0.495442
-0.968739
0.504893
-0.980462
0.505498
-0.984079
0.503938
-0.993968
0.494485
-0.999775
0.484873
-1.0049
0.472526
-1.0115
0.4502
-1.01679
0.424648
-1.01966
0.406478
-1.02306
0.378452
-1.02473
0.359589
-1.0254
0.331725
-1.02211
0.305036
-1.01645
0.28814
-1.00799
0.272164
-0.98962
0.25016
-0.964138
0.230644
-0.943614
0.219081
-0.911837
0.207029
-0.899516
0.211535
-0.891524
0.224942
-0.88733
0.257371
-0.888389
0.284792
-0.89453
0.330606
-0.900804
0.362143
-0.912333
0.407543
-0.920907
0.435115
-0.934289
0.470448
-0.943254
0.489352
-0.956275
0.510048
-0.964506
0.518611
-0.975929
0.523461
-0.986123
0.51972
-0.992171
0.512662
-1.00017
0.496609
-1.00476
0.483
-1.01059
0.45913
-1.01378
0.441163
-1.0165
0.422089
-1.01972
0.392408
-1.02136
0.372391
-1.02313
0.342756
-1.0234
0.314318
-1.02151
0.296331
-1.01441
0.271167
-1.00616
0.255776
-0.987725
0.234951
-0.974552
0.225928
-0.962807
0.23263
-0.957764
0.246915
-0.954151
0.279244
-0.954075
0.319856
-0.956615
0.363827
-0.957901
0.37847
-0.962689
0.420198
-0.968397
0.456157
-0.972485
0.475601
-0.976689
0.491409
-0.982927
0.507635
-0.98695
0.513386
-0.99264
0.514545
-0.996161
0.510874
-1.00093
0.499338
-1.00378
0.488226
-1.00749
0.467342
-1.00962
0.45124
-1.01227
0.424761
-1.01436
0.396652
-1.01543
0.377528
-1.01666
0.349148
-1.01728
0.321703
-1.01684
0.295798
-1.01253
0.271834
-1.01253
0.271834
-1.00262
0.250136
-0.988844
0.234464
-0.980567
0.241011
-0.978431
0.247179
-0.97367
0.287315
-0.972942
0.313769
-0.973105
0.342422
-0.974005
0.372078
-0.976357
0.41498
-0.979615
0.453295
-0.983426
0.484853
-0.984758
0.493608
-0.988823
0.51377
-0.994135
0.525835
-0.995426
0.526262
-0.999129
0.522463
-1.00243
0.511342
-1.00441
0.500002
-1.00705
0.478759
-1.00782
0.470686
-1.00986
0.444056
-1.01149
0.415297
-1.01273
0.385665
-1.01335
0.365984
-1.014
0.337185
-1.01427
0.318785
-1.0141
0.292726
-1.01281
0.27651
-1.00716
0.25414
-0.996379
0.234432
-0.987845
0.226015
-0.982549
0.2288
-0.976789
0.248355
-0.974704
0.269382
-0.973375
0.308965
-0.973558
0.338552
-0.975013
0.383965
-0.976609
0.413198
-0.979618
0.452796
-0.983139
0.485229
-0.985625
0.502068
-0.988168
0.514942
-0.991896
0.52596
-0.994314
0.527801
-0.997751
0.523302
-1.00089
0.511286
-1.00277
0.499601
-1.00448
0.48554
-1.00669
0.460824
-1.0085
0.433006
-1.00949
0.413555
-1.01066
0.383872
-1.01124
0.364111
-1.01184
0.335186
-1.0121
0.316719
-1.01202
0.29061
-1.01115
0.274433
-1.00653
0.252178
-1.00125
0.2396
-0.996068
0.238748
-0.993428
0.249368
-0.990924
0.277658
-0.989863
0.302483
-0.989173
0.344826
-0.989193
0.374489
-0.989792
0.417832
-0.990524
0.444447
-0.991955
0.478729
-0.993736
0.50484
-0.995033
0.517278
-0.996393
0.525737
-0.999113
0.530266
-0.999778
0.528975
-1.00171
0.519927
-1.00347
0.503935
-1.00454
0.489953
-1.00597
0.465489
-1.00678
0.447358
-1.00779
0.418446
-1.00833
0.398474
-1.00895
0.368431
-1.00924
0.348839
-1.00944
0.329826
-1.00959
0.302736
-1.00957
0.285854
-1.0086
0.262509
-1.00468
0.241666
-0.99769
0.227285
-0.994974
0.230887
-0.992559
0.243026
-0.990287
0.273842
-0.989002
0.315075
-0.988652
0.345792
-0.988642
0.377456
-0.989132
0.423665
-0.989751
0.4516
-0.99105
0.487543
-0.992117
0.506787
-0.993888
0.52765
-0.995175
0.536125
-0.997129
0.540855
-0.998441
0.539051
-1.0003
0.529387
-1.00204
0.512373
-1.00309
0.497874
-1.00451
0.472627
-1.0053
0.453924
-1.00631
0.424122
-1.00685
0.403831
-1.00746
0.373424
-1.00775
0.353641
-1.00801
0.325058
-1.00811
0.298193
-1.00811
0.289758
-1.00798
0.266144
-1.00731
0.252612
-1.00687
0.250352
-1.00627
0.260049
-1.00546
0.287131
-1.00453
0.324832
-1.00393
0.353321
-1.00312
0.397576
-1.00268
0.426224
-1.00219
0.465113
-1.00198
0.496855
-1.00196
0.513219
-1.00209
0.525655
-1.0024
0.53683
-1.00287
0.538262
-1.00324
0.534462
-1.00365
0.527308
-1.00424
0.510879
-1.00464
0.496629
-1.00518
0.471695
-1.00551
0.453356
-1.0059
0.424207
-1.0061
0.404227
-1.0063
0.374223
-1.00637
0.354618
-1.00639
0.326341
-1.00636
0.308513
-1.00624
0.283599
-1.00607
0.261127
-1.00591
0.24757
-1.00525
0.230206
-1.00517
0.228731
-1.00487
0.237581
-1.00424
0.264223
-1.00373
0.289105
-1.00294
0.333044
-1.00243
0.364555
-1.00174
0.411492
-1.00125
0.454692
-1.00104
0.479744
-1.00096
0.501206
-1.00099
0.525433
-1.00157
0.543496
-1.00157
0.543496
-1.00194
0.54372
-1.00256
0.537819
-1.00311
0.523537
-1.00353
0.510533
-1.0041
0.487139
-1.00457
0.460116
-1.00483
0.440594
-1.00512
0.410223
-1.00525
0.389574
-1.00534
0.368955
-1.0054
0.338817
-1.00539
0.319588
-1.00534
0.3013
-1.00517
0.26802
-1.00505
0.25317
-1.00489
0.234099
-1.00509
0.231654
-1.00482
0.246389
-1.00454
0.265085
-1.00385
0.302982
-1.00333
0.332414
-1.00252
0.378958
-1.00204
0.409767
-1.00128
0.465441
-1.00103
0.488355
-1.00093
0.507632
-1.00094
0.523225
-1.00104
0.537699
-1.00125
0.5417
-1.00167
0.540131
-1.002
0.534325
-1.00254
0.51943
-1.00292
0.506255
-1.00343
0.482591
-1.00374
0.464763
-1.00411
0.435984
-1.0043
0.415943
-1.00455
0.375441
-1.0046
0.355691
-1.00462
0.336543
-1.00457
0.30943
-1.00449
0.292558
-1.00433
0.269218
-1.00425
0.255904
-1.00445
0.252162
-1.0042
0.26491
-1.00391
0.28231
-1.00323
0.318316
-1.00244
0.361589
-1.0019
0.391956
-1.00118
0.436585
-1.00077
0.46375
-1.00036
0.498574
-1.00021
0.517038
-1.00022
0.536741
-1.00033
0.544409
-1.00067
0.547876
-1.00099
0.545492
-1.00151
0.535383
-1.00189
0.524881
-1.00242
0.504442
-1.00276
0.488388
-1.00318
0.46147
-1.00342
0.442278
-1.00368
0.412391
-1.00381
0.39224
-1.00391
0.362459
-1.00394
0.343256
-1.00389
0.315866
-1.00379
0.290549
-1.00369
0.27499
-1.00357
0.260534
-1.00357
0.245023
-1.00358
0.252923
-1.00295
0.289716
-1.00272
0.30242
-1.00223
0.330673
-1.00142
0.377044
-1.00067
0.423038
-1.00046
0.43775
-0.999955
0.47834
-0.999742
0.501463
-0.999607
0.528441
-0.99968
0.541263
-0.999911
0.552282
-1.00018
0.554358
-1.00065
0.550057
-1.0012
0.53786
-1.00157
0.526004
-1.0021
0.503837
-1.00241
0.486532
-1.00283
0.457893
-1.00315
0.427461
-1.00331
0.406794
-1.00345
0.375871
-1.0035
0.355756
-1.00349
0.326819
-1.00345
0.308677
-1.00337
0.291579
-1.00322
0.2681
-1.00309
0.253938
-1.00308
0.23903
-1.00321
0.242506
-1.0028
0.263077
-1.00245
0.285023
-1.00173
0.326334
-1.00095
0.37307
-1.00045
0.404648
-0.999816
0.449678
-0.9995
0.476671
-0.999224
0.510728
-0.999179
0.528565
-0.999258
0.546772
-0.999562
0.554765
-0.999839
0.554707
-1.00019
0.550784
-1.00072
0.538138
-1.00109
0.525562
-1.00166
0.502107
-1.002
0.484226
-1.00244
0.454953
-1.00269
0.434409
-1.00295
0.403024
-1.00307
0.382211
-1.00315
0.351833
-1.00315
0.323119
-1.00309
0.305142
-1.00301
0.28822
-1.00284
0.265008
-1.00285
0.248496
-1.00299
0.250835
-1.00272
0.2616
-1.00224
0.29048
-1.00176
0.316016
-1.00098
0.359767
-1.00046
0.390451
-0.999748
0.435251
-0.999232
0.47553
-0.998992
0.498342
-0.998888
0.517439
-0.998928
0.54258
-0.999009
0.546046
-0.999379
0.550307
-0.9997
0.548384
-1.0002
0.538248
-1.00079
0.521299
-1.00115
0.506912
-1.00167
0.481887
-1.00196
0.463389
-1.00232
0.433891
-1.00264
0.393198
-1.00268
0.383028
-1.00276
0.363003
-1.00279
0.334182
-1.00276
0.315891
-1.00266
0.290252
-1.00257
0.274529
-1.00239
0.253052
-1.00231
0.241043
-1.00252
0.238833
-1.00215
0.263281
-1.00158
0.298854
-1.0011
0.327916
-1.00059
0.359553
-0.999808
0.407946
-0.999167
0.453474
-0.998844
0.480623
-0.99865
0.504481
-0.998565
0.524726
-0.998565
0.546244
-0.998815
0.557587
-0.999094
0.559776
-0.999594
0.555739
-0.999968
0.548436
-1.00034
0.537871
-1.00091
0.516837
-1.00141
0.490932
-1.00172
0.471767
-1.00211
0.441455
-1.0023
0.420681
-1.00249
0.389229
-1.00258
0.358527
-1.00259
0.338828
-1.00253
0.310931
-1.00245
0.293513
-1.00236
0.277164
-1.00223
0.255669
-1.00245
0.251619
-1.00221
0.264245
-1.00194
0.281741
-1.00126
0.318133
-1.00049
0.361964
-0.999957
0.392668
-0.999257
0.437747
-0.998858
0.465234
-0.99848
0.500532
-0.998327
0.527018
-0.998388
0.539388
-0.99865
0.550165
-0.998913
0.552175
-0.999231
0.550281
-0.999754
0.540551
-1.00012
0.529917
-1.00069
0.509162
-1.00105
0.492853
-1.0015
0.465402
-1.00175
0.445626
-1.00205
0.414952
-1.0022
0.394389
-1.00236
0.354229
-1.00237
0.344568
-1.00235
0.316799
-1.00226
0.291281
-1.00216
0.275609
-1.002
0.254334
-1.00191
0.242482
-1.002
0.249068
-1.00184
0.256261
-1.00137
0.28799
-1.00089
0.315406
-1.00013
0.361767
-0.999627
0.394222
-0.999157
0.426161
-0.998585
0.470576
-0.998229
0.507614
-0.998127
0.527408
-0.998152
0.542983
-0.998326
0.557693
-0.998712
0.561986
-0.999039
0.559645
-0.99962
0.54936
-1.00021
0.531967
-1.00059
0.517107
-1.00096
0.500247
-1.00142
0.472052
-1.00169
0.451977
-1.00198
0.420835
-1.00212
0.399894
-1.00224
0.368923
-1.00226
0.34888
-1.00223
0.320312
-1.00217
0.302492
-1.00204
0.277815
-1.00192
0.262833
-1.0018
0.249144
-1.00198
0.241073
-1.00189
0.249279
-1.00127
0.287273
-1.0008
0.314358
-1.00031
0.344756
-0.999526
0.393128
-0.998825
0.439999
-0.998469
0.46883
-0.998113
0.506341
-0.998009
0.526474
-0.998003
0.542231
-0.998194
0.557319
-0.998414
0.561778
-0.99887
0.56025
-0.999237
0.554365
-0.999814
0.539124
-1.00041
0.517645
-1.00076
0.500515
-1.0011
0.481724
-1.00151
0.451341
-1.00183
0.41946
-1.00198
0.398039
-1.00212
0.366449
-1.00216
0.336257
-1.00214
0.317271
-1.00209
0.29939
-1.00195
0.27471
-1.00184
0.259786
-1.00183
0.243883
-1.00197
0.247132
-1.00171
0.259155
-1.00124
0.290377
-1.00025
0.348335
-0.999978
0.364358
-0.999222
0.413379
-0.998759
0.445151
-0.998193
0.48777
-0.997984
0.512075
-0.997834
0.540785
-0.997899
0.554424
-0.998134
0.566255
-0.998415
0.568615
-0.998903
0.564329
-0.999295
0.556809
-0.999884
0.539567
-1.00028
0.524855
-1.00081
0.498828
-1.00113
0.479616
-1.0015
0.448781
-1.0017
0.427527
-1.0019
0.395427
-1.00199
0.374343
-1.00203
0.343826
-1.00201
0.324516
-1.00193
0.297431
-1.00184
0.280814
-1.00168
0.258199
-1.00167
0.242573
-1.00181
0.246025
-1.00154
0.258277
-1.00107
0.289879
-1.00035
0.332619
-0.999825
0.364528
-0.999309
0.397407
-0.998613
0.445471
-0.99824
0.47493
-0.997866
0.512822
-0.99776
0.541808
-0.99782
0.555643
-0.997994
0.565171
-0.99836
0.571291
-0.998855
0.567529
-0.999225
0.560283
-0.999809
0.543365
-1.00017
0.528373
-1.00071
0.501702
-1.00116
0.471503
-1.0013
0.460875
-1.00164
0.428254
-1.00187
0.395431
-1.00196
0.373942
-1.00202
0.343035
-1.002
0.323599
-1.00187
0.288001
-1.00182
0.279859
-1.00164
0.257373
-1.0017
0.248083
-1.00172
0.256238
-1.00144
0.27211
-1.0011
0.294778
-1.00037
0.337772
-0.999551
0.38653
-0.999041
0.4197
-0.998578
0.45192
-0.9979
0.508699
-0.997705
0.531554
-0.997672
0.557934
-0.99778
0.570135
-0.998193
0.580207
-0.998355
0.579957
-0.998877
0.573056
-0.999275
0.563954
-0.999838
0.543943
-1.00024
0.527402
-1.00059
0.508835
-1.00092
0.488627
-1.00145
0.445131
-1.00165
0.422783
-1.00186
0.389601
-1.00194
0.36818
-1.00196
0.337481
-1.00193
0.318266
-1.00182
0.291585
-1.00172
0.275372
-1.00153
0.253488
-1.0014
0.240528
-1.00136
0.227649
-1.00148
0.233065
-1.0011
0.25733
-1.00054
0.296384
-1.00006
0.327812
-0.99956
0.361694
-0.998816
0.413554
-0.998375
0.446749
-0.997875
0.491498
-0.997684
0.516952
-0.997598
0.547183
-0.997684
0.56175
-0.997932
0.574252
-0.998216
0.576541
-0.998738
0.571798
-0.99915
0.563841
-0.999758
0.545666
-1.00036
0.521525
-1.0009
0.493069
-1.0012
0.472533
-1.00156
0.440258
-1.00172
0.41831
-1.00189
0.385596
-1.00194
0.364311
-1.00195
0.343733
-1.00189
0.314601
-1.00178
0.288006
-1.00167
0.271833
-1.00155
0.256933
-1.00152
0.241193
-1.00164
0.244817
-1.00124
0.266619
-1.00066
0.303502
-1.00016
0.333693
-0.99964
0.366481
-0.998846
0.416803
-0.998389
0.449
-0.997884
0.492959
-0.997614
0.529393
-0.997589
0.556314
-0.997687
0.568558
-0.997878
0.576038
-0.998279
0.578491
-0.99882
0.571075
-0.999226
0.561624
-0.999648
0.549173
-1.00006
0.534186
-1.00059
0.507231
-1.00092
0.487207
-1.00132
0.455128
-1.00162
0.422064
-1.00176
0.399992
-1.00188
0.367615
-1.00189
0.346867
-1.00186
0.317543
-1.0018
0.299435
-1.00165
0.274632
-1.00153
0.259719
-1.00133
0.239791
-1.00129
0.227007
-1.00142
0.232699
-1.00117
0.247441
-1.00072
0.283008
-1.00002
0.329747
-0.999508
0.364258
-0.999
0.399607
-0.99829
0.450761
-0.997784
0.496037
-0.997571
0.521663
-0.99749
0.5521
-0.997537
0.56631
-0.997829
0.578345
-0.998103
0.580386
-0.998653
0.575146
-0.999263
0.561385
-0.999692
0.548197
-1.00011
0.532525
-1.00068
0.505296
-1.00114
0.474873
-1.00139
0.453512
-1.00159
0.431802
-1.00178
0.39911
-1.00185
0.377632
-1.00188
0.34672
-1.00184
0.327228
-1.00174
0.300027
-1.00164
0.28339
-1.00146
0.260858
-1.00151
0.251507
-1.00137
0.266475
-1.00124
0.275288
-1.00065
0.311052
-1.00016
0.34053
-0.999336
0.388733
-0.998371
0.453313
-0.998178
0.468471
-0.99787
0.496847
-0.997519
0.542974
-0.997483
0.551588
-0.99761
0.570592
-0.997802
0.577679
-0.998194
0.579193
-0.998573
0.575028
-0.999153
0.561776
-0.999578
0.548972
-1.00016
0.524904
-1.00071
0.496512
-1.00101
0.475877
-1.00128
0.454453
-1.00157
0.421662
-1.00175
0.389018
-1.00182
0.36784
-1.00184
0.347444
-1.0018
0.318597
-1.00168
0.292234
-1.00152
0.268625
-1.00146
0.261391
-1.0013
0.242442
-1.00151
0.24402
-1.00125
0.257116
-1.00098
0.277478
-1.00033
0.318447
-0.999566
0.366863
-0.999055
0.400629
-0.998583
0.433977
-0.997991
0.480237
-0.997609
0.519166
-0.997513
0.548977
-0.99756
0.563238
-0.997825
0.575773
-0.998092
0.578394
-0.998589
0.574143
-0.998983
0.566435
-0.999569
0.548466
-0.999978
0.533011
-1.00052
0.50575
-1.00069
0.495815
-1.00125
0.453377
-1.00146
0.431188
-1.00169
0.397745
-1.00177
0.3758
-1.00183
0.344201
-1.00182
0.324369
-1.00174
0.296775
-1.00159
0.272033
-1.00147
0.257162
-1.00138
0.244505
-1.00159
0.245289
-1.00133
0.257956
-1.00087
0.29038
-1.00039
0.318567
-0.999612
0.3666
-0.999088
0.400163
-0.998362
0.449069
-0.99784
0.49301
-0.997597
0.517905
-0.997498
0.538801
-0.997504
0.561493
-0.997652
0.570509
-0.998035
0.575489
-0.998572
0.571064
-0.998951
0.563263
-0.999576
0.54561
-0.99997
0.530458
-1.00035
0.513142
-1.00083
0.483954
-1.00111
0.462995
-1.00143
0.430384
-1.00159
0.408312
-1.00174
0.375682
-1.00179
0.334344
-1.00178
0.32463
-1.00171
0.297349
-1.00157
0.273035
-1.00145
0.258424
-1.00137
0.246016
-1.00157
0.247154
-1.00131
0.260088
-1.00084
0.292912
-1.00036
0.321419
-0.999569
0.369859
-0.999042
0.40362
-0.998319
0.452767
-0.997951
0.482895
-0.997559
0.521697
-0.997467
0.542556
-0.997496
0.565397
-0.997664
0.574779
-0.998044
0.580254
-0.99839
0.57862
-0.999548
0.550929
-0.999548
0.550929
-1.00068
0.500065
-1.00068
0.500065
-1.00081
0.49003
-1.00138
0.43627
-1.00146
0.425059
-1.00173
0.359322
-1.00173
0.359322
-1.00171
0.309131
-1.00171
0.309131
-1.00168
0.299972
-1.00145
0.259108
-1.00145
0.259108
-1.00123
0.225581
-1.00123
0.225581
-1.00133
0.22713
-1.00109
0.247255
-0.999116
0.38926
-0.999116
0.38926
-0.998875
0.408349
-0.998242
0.465349
-0.997802
0.500816
-0.997046
0.586407
-0.997114
0.593581
-0.998243
0.608728
-0.998243
0.608728
-0.999469
0.583293
-0.999898
0.568353
-1.0002
0.54998
-0.996937
0.527686
-0.987929
0.49221
-0.982581
0.467563
-0.9768
0.429884
-0.97465
0.405063
-0.974025
0.369089
-0.975008
0.346359
-0.977994
0.314626
-0.982074
0.286057
-0.985057
0.268918
-0.988064
0.253332
-0.992353
0.232812
-0.996353
0.219762
-0.999758
0.231478
-1.00136
0.249737
-1.00261
0.274733
-1.00373
0.32084
-1.00411
0.354832
-1.00428
0.406797
-1.00423
0.440166
-1.00398
0.485329
-1.0038
0.511048
-1.00351
0.541482
-1.00338
0.556006
-1.00321
0.568782
-1.00318
0.571536
-1.00315
0.567518
-1.00319
0.55999
-1.00322
0.542376
-1.00327
0.527164
-1.00329
0.500377
-1.0033
0.480623
-1.00323
0.448977
-1.00311
0.416259
-1.003
0.394443
-1.00286
0.37301
-1.00261
0.341988
-1.00242
0.322342
-1.00201
0.286314
-1.0019
0.278062
-1.00158
0.255215
-1.00142
0.242462
-1.00154
0.242679
-1.00107
0.263578
-1.00069
0.286059
-0.999942
0.328593
-0.999406
0.360459
-0.998874
0.393228
-0.998183
0.441079
-0.997664
0.483944
-0.997474
0.508376
-0.997393
0.529001
-0.997453
0.551548
-0.997724
0.563702
-0.998025
0.566247
-0.998378
0.564761
-0.998958
0.555222
-0.999558
0.538073
-1.00017
0.515006
-1.00053
0.497123
-1.00086
0.477687
-1.00125
0.446506
-1.00156
0.414022
-1.00163
0.40315
-1.00183
0.360501
-1.00185
0.340099
-1.00185
0.320571
-1.0018
0.302128
-1.00163
0.268665
-1.00152
0.253802
-1.00139
0.240252
-1.00131
0.228867
-1.00141
0.236956
-1.001
0.265377
-1.0008
0.278027
-1.00011
0.322579
-0.999313
0.372466
-0.998817
0.405975
-0.998195
0.453849
-0.997887
0.482508
-0.997603
0.518454
-0.997576
0.537138
-0.997692
0.556434
-0.997884
0.563209
-0.998153
0.565237
-0.998674
0.560311
-0.999279
0.546699
-0.999694
0.53377
-1.00011
0.518383
-1.00084
0.481997
-1.00113
0.461769
-1.0015
0.430296
-1.00166
0.409017
-1.00178
0.387751
-1.00186
0.356576
-1.00187
0.336584
-1.00181
0.308335
-1.00174
0.290893
-1.00158
0.266991
-1.00139
0.245906
-1.00126
0.233388
-1.00116
0.222977
-1.00135
0.222499
-1.00102
0.250761
-1.0007
0.275235
-1.00003
0.320507
-0.999518
0.353927
-0.998772
0.404741
-0.998325
0.437095
-0.997837
0.480631
-0.997649
0.505411
-0.99756
0.526055
-0.997639
0.548525
-0.9978
0.557761
-0.998182
0.562824
-0.998701
0.558135
-0.999085
0.550255
-0.999704
0.532597
-1.00008
0.517386
-1.00062
0.490607
-1.00094
0.470977
-1.00133
0.439802
-1.00153
0.418419
-1.00173
0.386334
-1.00183
0.355169
-1.00183
0.335249
-1.00181
0.31624
-1.0017
0.289769
-1.00161
0.273556
-1.00142
0.251565
-1.00129
0.238473
-1.00126
0.22524
-1.00139
0.230184
-1.001
0.253471
-1.00067
0.277461
-0.999968
0.321952
-0.999466
0.354962
-0.998719
0.405425
-0.998113
0.453229
-0.997796
0.481629
-0.99755
0.517276
-0.997497
0.535515
-0.997575
0.549035
-0.997889
0.561185
-0.99833
0.563151
-0.998689
0.55921
-0.999288
0.546589
-0.999671
0.534067
-1.00025
0.510371
-1.0006
0.49204
-1.00091
0.472156
-1.00131
0.440609
-1.0016
0.408196
-1.00173
0.386646
-1.00183
0.355221
-1.00184
0.335128
-1.00179
0.306791
-1.00172
0.28932
-1.00156
0.265405
-1.00143
0.251047
-1.00122
0.231884
-1.00113
0.221528
-1.00133
0.22544
-1.00109
0.239987
-1.00065
0.274896
-1.0002
0.304584
-0.999456
0.354493
-0.998957
0.389026
-0.998277
0.439124
-0.997933
0.469784
-0.997571
0.509191
-0.997485
0.539154
-0.997538
0.553225
-0.997718
0.56264
-0.998088
0.567873
-0.998618
0.563005
-0.999008
0.554942
-0.999433
0.543637
-1.00003
0.521454
-1.0004
0.503681
-1.00089
0.473979
-1.00118
0.452848
-1.0015
0.420213
-1.00172
0.387493
-1.00179
0.366176
-1.00183
0.335595
-1.0018
0.316391
-1.0017
0.289632
-1.0016
0.273316
-1.00141
0.251223
-1.00127
0.238093
-1.00122
0.224873
-1.00135
0.229964
-1.00095
0.253624
-1.00062
0.277926
-0.999917
0.322961
-0.999414
0.356382
-0.998662
0.407472
-0.998238
0.440265
-0.997731
0.484562
-0.997449
0.530476
-0.997442
0.539179
-0.997541
0.553305
-0.997909
0.567515
-0.99824
0.567296
-0.998622
0.563182
-0.99903
0.555488
-0.999613
0.537287
-1.00002
0.521626
-1.00058
0.494324
-1.00092
0.474311
-1.00131
0.44261
-1.00161
0.410113
-1.00173
0.388525
-1.00181
0.367381
-1.00183
0.337005
-1.00177
0.30873
-1.00169
0.291267
-1.00146
0.260011
-1.0014
0.252978
-1.00118
0.23375
-1.00114
0.221459
-1.00125
0.222976
-1.001
0.2421
-1.00055
0.277673
-1.00009
0.307866
-0.999599
0.341313
-0.998839
0.393946
-0.998159
0.445021
-0.997693
0.490799
-0.997581
0.504385
-0.997406
0.538708
-0.997476
0.562623
-0.997642
0.572481
-0.998052
0.578446
-0.998393
0.576802
-0.99898
0.566769
-0.999597
0.549053
-0.999997
0.533628
-1.00038
0.516005
-1.00086
0.486043
-1.00113
0.464343
-1.00155
0.419257
-1.00169
0.396665
-1.00178
0.374407
-1.00182
0.352725
-1.00181
0.321875
-1.00172
0.29359
-1.00163
0.276355
-1.00145
0.253094
-1.00124
0.232962
-1.0011
0.221217
-1.00103
0.210413
-1.00114
0.217935
-1.00088
0.23487
-1.00042
0.274155
-0.99995
0.307105
-0.999193
0.362192
-0.99869
0.400257
-0.997998
0.455309
-0.997658
0.488959
-0.997306
0.53229
-0.997243
0.565404
-0.997311
0.581055
-0.997639
0.595028
-0.997916
0.597797
-0.998282
0.595636
-0.998925
0.584634
-0.999364
0.572741
-1.00001
0.549106
-1.00061
0.520355
-1.00095
0.499144
-1.00137
0.46557
-1.00158
0.442548
-1.00179
0.407921
-1.00186
0.385208
-1.00189
0.363162
-1.00186
0.331853
-1.00179
0.312336
-1.00164
0.285466
-1.00145
0.261727
-1.00131
0.247658
-1.00124
0.233478
-1.00135
0.238679
-1.00093
0.263542
-1.00059
0.289152
-0.999848
0.33668
-0.999307
0.3718
-0.998525
0.42546
-0.998079
0.46
-0.997553
0.506754
-0.99733
0.533092
-0.997233
0.563949
-0.997405
0.584269
-0.997764
0.593447
-0.997935
0.594224
-0.998494
0.590051
-0.998902
0.58226
-0.999515
0.563696
-1.00014
0.539033
-1.0005
0.519863
-1.001
0.488456
-1.00138
0.455071
-1.00148
0.443746
-1.0017
0.409824
-1.00178
0.387636
-1.00182
0.355529
-1.00178
0.325646
-1.0017
0.307177
-1.00154
0.281774
-1.00141
0.266431
-1.0012
0.24588
-1.0011
0.23468
-1.00126
0.238353
-1.00102
0.253515
-1.00058
0.290276
-1.00012
0.321682
-0.99936
0.374555
-0.998843
0.411238
-0.998124
0.464435
-0.997735
0.496699
-0.997363
0.537988
-0.997246
0.559874
-0.99732
0.583395
-0.997511
0.593084
-0.997946
0.598745
-0.998505
0.594601
-0.99912
0.581446
-0.999539
0.568546
-0.999948
0.552882
-1.00034
0.535106
-1.00081
0.504597
-1.00121
0.471317
-1.00143
0.448445
-1.00159
0.425484
-1.00174
0.391431
-1.00178
0.369404
-1.00177
0.338036
-1.00172
0.31846
-1.00159
0.291474
-1.00148
0.275175
-1.00129
0.253279
-1.00123
0.238711
-1.00134
0.243596
-1.00094
0.267945
-1.00059
0.293149
-0.999862
0.3401
-0.999338
0.375097
-0.998548
0.428633
-0.998087
0.462857
-0.997565
0.508984
-0.997368
0.535295
-0.997262
0.566386
-0.997354
0.581181
-0.997632
0.594041
-0.997947
0.596683
-0.998478
0.592192
-0.998906
0.584209
-0.99954
0.565898
-1.00016
0.541516
-1.00053
0.522569
-1.00086
0.502132
-1.00126
0.469406
-1.00147
0.446839
-1.00169
0.41277
-1.00177
0.390459
-1.00181
0.358121
-1.00179
0.337665
-1.0017
0.309018
-1.00155
0.283135
-1.00143
0.2675
-1.0013
0.253202
-1.00113
0.235159
-1.00127
0.234247
-1.00102
0.253509
-1.00055
0.289985
-1.00007
0.321202
-0.999576
0.355944
-0.998536
0.429211
-0.998071
0.464337
-0.997717
0.497037
-0.997481
0.526751
-0.997238
0.562994
-0.997288
0.587375
-0.997465
0.597417
-0.997741
0.60266
-0.998256
0.601538
-0.998855
0.590598
-0.999304
0.578714
-0.999942
0.555363
-1.00034
0.536645
-1.00087
0.505286
-1.0013
0.471496
-1.00152
0.448263
-1.00169
0.424987
-1.00182
0.390445
-1.00187
0.357277
-1.00185
0.336385
-1.00175
0.307281
-1.00165
0.289492
-1.00147
0.265367
-1.00133
0.251016
-1.0011
0.232001
-1.00113
0.222395
-1.00115
0.227431
-1.0009
0.244059
-1.00044
0.283098
-0.999964
0.315879
-0.999204
0.370775
-0.998451
0.427561
-0.998013
0.463948
-0.997666
0.497851
-0.997285
0.54124
-0.997193
0.57369
-0.997274
0.588939
-0.997482
0.599159
-0.997899
0.604828
-0.998487
0.599559
-0.998917
0.590902
-0.999602
0.571562
-1.00024
0.546019
-1.00062
0.526292
-1.00097
0.505064
-1.00137
0.471281
-1.00158
0.448016
-1.00179
0.413061
-1.00187
0.390211
-1.0019
0.357344
-1.00184
0.326682
-1.00176
0.307723
-1.00166
0.290126
-1.00147
0.266424
-1.00131
0.252228
-1.00126
0.23775
-1.00139
0.242724
-1.00101
0.267159
-1.00068
0.292424
-0.999951
0.339361
-0.999157
0.392137
-0.998642
0.427821
-0.99818
0.46228
-0.997615
0.508638
-0.997383
0.534675
-0.997264
0.565388
-0.997418
0.585387
-0.997634
0.592693
-0.998105
0.595126
-0.998481
0.591295
-0.998878
0.583492
-0.999483
0.564984
-1.00009
0.539971
-1.00047
0.520761
-1.00096
0.489311
-1.00123
0.467099
-1.00153
0.433018
-1.00168
0.410335
-1.00179
0.377133
-1.00181
0.355947
-1.00177
0.325943
-1.0017
0.307324
-1.00154
0.281734
-1.00135
0.259055
-1.00122
0.245592
-1.00117
0.232181
-1.00129
0.237823
-1.00091
0.263221
-1.00057
0.289089
-0.999855
0.33687
-0.99934
0.372284
-0.998575
0.426539
-0.998119
0.46131
-0.997595
0.508022
-0.99737
0.534328
-0.997278
0.565082
-0.997343
0.579405
-0.997677
0.591636
-0.997971
0.593936
-0.99854
0.588786
-0.998967
0.58057
-0.999606
0.561928
-1.00003
0.546045
-1.00059
0.518181
-1.00093
0.497638
-1.00132
0.464945
-1.00153
0.442521
-1.00173
0.40887
-1.00181
0.386892
-1.00184
0.355132
-1.00181
0.335078
-1.0017
0.306992
-1.00154
0.281639
-1.00141
0.266313
-1.00128
0.25231
-1.00122
0.238034
-1.00134
0.243103
-1.00094
0.267729
-1.00037
0.307942
-0.999616
0.357786
-0.9991
0.393736
-0.998592
0.429902
-0.997933
0.481185
-0.997597
0.511744
-0.997303
0.549882
-0.997242
0.56934
-0.997308
0.583667
-0.997774
0.59781
-0.998102
0.597748
-0.998508
0.593467
-0.998933
0.585425
-0.999548
0.566452
-1.00017
0.541154
-1.00055
0.521732
-1.0009
0.500905
-1.00131
0.46769
-1.0016
0.43345
-1.00174
0.410677
-1.00183
0.377196
-1.00185
0.355826
-1.0018
0.325682
-1.00173
0.307078
-1.00157
0.281548
-1.00145
0.26619
-1.00123
0.245614
-1.00109
0.233532
-1.00102
0.222126
-1.00113
0.229186
-1.00073
0.256871
-1.00018
0.300117
-0.999707
0.334641
-0.998941
0.39061
-0.99823
0.446593
-0.997816
0.481441
-0.997652
0.497721
-0.997235
0.552606
-0.997209
0.572641
-0.997396
0.593287
-0.997671
0.601134
-0.998129
0.603522
-0.998537
0.599424
-0.999151
0.585665
-0.999807
0.564325
-1.0002
0.546629
-1.00059
0.526863
-1.00107
0.494199
-1.00146
0.459317
-1.00164
0.435618
-1.00179
0.41209
-1.0019
0.377695
-1.00192
0.345105
-1.00187
0.324739
-1.0018
0.305673
-1.00164
0.279634
-1.00143
0.256715
-1.00128
0.243168
-1.00117
0.2319
-1.00132
0.235476
-1.00093
0.261065
-1.00059
0.287156
-0.999872
0.335436
-0.999334
0.37102
-0.998557
0.425285
-0.997914
0.476738
-0.997585
0.507378
-0.997391
0.534304
-0.997266
0.566212
-0.997339
0.581169
-0.99762
0.594178
-0.997935
0.596868
-0.998471
0.59235
-0.999114
0.578868
-0.999531
0.565601
-0.999962
0.549589
-1.00052
0.521259
-1.00086
0.500178
-1.00128
0.466678
-1.0016
0.432235
-1.00173
0.409292
-1.00185
0.37581
-1.00186
0.354419
-1.00181
0.324197
-1.00174
0.305512
-1.00152
0.272074
-1.00145
0.264567
-1.00124
0.244091
-1.00114
0.233023
-1.00128
0.236902
-1.001
0.252277
-1.00052
0.289274
-0.999784
0.337837
-0.999258
0.373743
-0.998739
0.410539
-0.998024
0.463789
-0.997522
0.510905
-0.997338
0.537813
-0.997269
0.560485
-0.997327
0.58502
-0.997637
0.597853
-0.997956
0.600484
-0.998519
0.596045
-0.998948
0.588015
-0.999594
0.569548
-1.00002
0.553749
-1.00059
0.52577
-1.00092
0.505107
-1.00132
0.471941
-1.00153
0.449082
-1.00178
0.403231
-1.00182
0.391983
-1.00186
0.359264
-1.00184
0.338579
-1.00173
0.30956
-1.00164
0.291777
-1.00146
0.267585
-1.00132
0.25315
-1.00111
0.234013
-1.001
0.223786
-1.00116
0.228973
-1.00077
0.256292
-1.00044
0.283532
-0.999976
0.315922
-0.999222
0.370244
-0.998705
0.407742
-0.998032
0.462094
-0.997685
0.495484
-0.997327
0.538322
-0.997253
0.570936
-0.997335
0.586428
-0.997535
0.596997
-0.997954
0.603328
-0.998494
0.598888
-0.999148
0.585193
-0.999784
0.563942
-1.0002
0.54636
-1.00077
0.5163
-1.00107
0.494424
-1.00133
0.471389
-1.00163
0.436096
-1.00176
0.412429
-1.00185
0.389143
-1.0019
0.355565
-1.00188
0.334396
-1.00179
0.304938
-1.00169
0.286991
-1.0015
0.262736
-1.00128
0.241714
-1.00113
0.229452
-1.00105
0.217984
-1.00116
0.225186
-1.00063
0.266452
-1.00044
0.281153
-0.99974
0.332129
-0.999232
0.369774
-0.998438
0.426686
-0.998009
0.463117
-0.997501
0.512441
-0.997285
0.540349
-0.997188
0.572927
-0.997282
0.58848
-0.997588
0.602067
-0.997917
0.604924
-0.998479
0.600468
-0.998921
0.5923
-0.999565
0.573316
-1
0.556952
-1.00058
0.528015
-1.00108
0.495493
-1.00135
0.472546
-1.00157
0.449152
-1.00179
0.413983
-1.0019
0.379712
-1.00191
0.35776
-1.00189
0.336845
-1.00178
0.307628
-1.00161
0.281282
-1.00148
0.26545
-1.00126
0.244368
-1.00111
0.232011
-1.00104
0.220378
-1.00114
0.227542
-1.00075
0.255799
-1.00042
0.283897
-0.999701
0.335293
-0.99892
0.392431
-0.99841
0.430745
-0.997982
0.467719
-0.997381
0.533995
-0.99727
0.547872
-0.99717
0.582105
-0.997242
0.598612
-0.997493
0.612594
-0.997821
0.615424
-0.998379
0.61051
-0.998832
0.601816
-0.999504
0.581882
-0.999963
0.564829
-1.00057
0.534895
-1.0011
0.50138
-1.00138
0.477877
-1.0017
0.442005
-1.00188
0.406212
-1.00192
0.39452
-1.00195
0.360683
-1.00189
0.32921
-1.00181
0.309765
-1.00164
0.283174
-1.0015
0.26724
-1.00128
0.246019
-1.00112
0.233591
-1.00104
0.221829
-1.00114
0.228743
-1.00074
0.256262
-1.00018
0.299365
-0.999695
0.333756
-0.999188
0.370694
-0.998418
0.426935
-0.997791
0.479523
-0.997501
0.510983
-0.997324
0.538697
-0.99722
0.571211
-0.997393
0.591947
-0.997778
0.60127
-0.997956
0.602022
-0.998537
0.597533
-0.998959
0.589365
-0.999591
0.570051
-1.00003
0.553612
-1.00111
0.492313
-1.00111
0.492313
-1.00138
0.469609
-1.00176
0.423909
-1.00181
0.412452
-1.00191
0.367964
-1.0019
0.357298
-1.0018
0.317154
-1.00175
0.307868
-1.00152
0.273919
-1.00138
0.258955
-1.00124
0.245294
-1.00113
0.233877
-1.00103
0.252605
-1.0009
0.263197
-1.00009
0.321114
-1.00009
0.321114
-0.998772
0.410521
-0.998502
0.42853
-0.997671
0.495257
-0.997671
0.495257
-0.99716
0.56699
-0.99716
0.56699
-0.997199
0.581072
-0.985226
0.58307
-0.982724
0.578307
-0.973136
0.514315
-0.973649
0.505332
-0.975376
0.48705
-0.972788
0.376098
-0.972788
0.376098
-0.968759
0.215957
-0.968759
0.215957
-0.960395
0.209834
-0.960395
0.209834
-0.854472
0.164422
-0.810962
0.150819
-0.574886
0.0900395
-0.546945
0.0836164
-0.546945
0.0836164
-0.341975
0.0740562
-0.341975
0.0740562
-0.47461
0.305679
-0.47461
0.305679
-0.688894
0.546549
-0.688894
0.546549
-0.863681
0.646813
-0.863681
0.646813
-0.824439
0.549743
-0.824439
0.549743
-0.616004
0.370506
-0.590649
0.351918
-0.590649
0.351918
-0.396306
0.195718
-0.396306
0.195718
-0.633688
0.172716
-0.633688
0.172716
-0.65518
0.175854
-0.729409
0.188087
-0.729409
0.188087
-0.853689
0.208845
-0.853689
0.208845
-0.953467
0.277904
-0.96173
0.294157
-0.96538
0.434313
-0.95593
0.444589
-0.830804
0.487832
-0.830804
0.487832
-0.849268
0.512567
-0.855483
0.512774
-0.919171
0.493154
-0.919171
0.493154
-0.932811
0.483157
-0.969305
0.417275
-0.970473
0.408477
-0.984563
0.331452
-0.984563
0.331452
-1.00324
0.251573
-1.00324
0.251573
-0.892708
0.177921
-0.892708
0.177921
-0.716402
0.162032
-0.713282
0.176093
-0.712878
0.210695
-0.72336
0.273666
-0.735868
0.319156
-0.760256
0.388186
-0.788762
0.453728
-0.808844
0.492903
-0.829168
0.527615
-0.859142
0.56989
-0.878334
0.59093
-0.90537
0.611285
-0.922035
0.617858
-0.944726
0.618028
-0.95827
0.612426
-0.976134
0.596281
-0.991161
0.572711
-0.99966
0.553522
-1.00704
0.532333
-1.01613
0.497889
-1.02098
0.473825
-1.02664
0.437082
-1.03062
0.400825
-1.03246
0.377374
-1.03421
0.344037
-1.03479
0.323296
-1.03495
0.29467
-1.03467
0.277338
-1.03415
0.261465
-1.03303
0.240402
-1.03211
0.228125
-1.03056
0.212165
-1.02891
0.198976
-1.02779
0.191534
-1.02628
0.186566
-1.02547
0.197265
-1.02376
0.22937
-1.02199
0.275921
-1.02017
0.330897
-1.01899
0.369459
-1.01789
0.407667
-1.01641
0.461068
-1.01561
0.49235
-1.0147
0.531332
-1.01427
0.551092
-1.01395
0.571107
-1.01386
0.57816
-1.01389
0.58009
-1.01409
0.574589
-1.01442
0.55989
-1.01468
0.546068
-1.01506
0.520634
-1.01528
0.501035
-1.01557
0.469044
-1.01572
0.446788
-1.01585
0.412803
-1.01588
0.390318
-1.01584
0.357526
-1.01576
0.336626
-1.01559
0.307234
-1.01544
0.289139
-1.01516
0.264373
-1.01496
0.249402
-1.01465
0.229496
-1.01444
0.217887
-1.01428
0.207217
-1.01432
0.214759
-1.01383
0.243152
-1.01317
0.2871
-1.01264
0.322067
-1.01177
0.378627
-1.0112
0.416344
-1.01048
0.469444
-1.01013
0.501196
-1.00978
0.541011
-1.00968
0.561381
-1.00984
0.58657
-1.00994
0.589806
-1.01035
0.592402
-1.01069
0.588999
-1.01116
0.57577
-1.01153
0.562667
-1.01201
0.5377
-1.01231
0.518309
-1.01266
0.486291
-1.01285
0.463707
-1.01302
0.429075
-1.01308
0.394676
-1.01306
0.372286
-1.013
0.350686
-1.01282
0.320137
-1.01267
0.301202
-1.01239
0.275233
-1.01219
0.259621
-1.01186
0.238772
-1.01164
0.226553
-1.01147
0.214998
-1.0115
0.221943
-1.011
0.249393
-1.0106
0.276691
-1.00979
0.32661
-1.00922
0.363373
-1.00837
0.419372
-1.00767
0.472218
-1.00731
0.503812
-1.00707
0.531617
-1.00688
0.572622
-1.00696
0.585633
-1.00714
0.593782
-1.00739
0.597053
-1.00782
0.592637
-1.00837
0.578843
-1.00875
0.565382
-1.00912
0.549167
-1.00975
0.509956
-1.01
0.487997
-1.01022
0.465173
-1.01038
0.441984
-1.01051
0.40719
-1.01052
0.373143
-1.01048
0.351402
-1.0104
0.330694
-1.01021
0.301886
-1.00995
0.27595
-1.00966
0.25308
-1.00956
0.246147
-1.00925
0.227343
-1.00916
0.217866
-1.009
0.230178
-1.00882
0.239485
-1.00828
0.27844
-1.00747
0.328811
-1.00663
0.384702
-1.00611
0.422576
-1.00541
0.476326
-1.00504
0.508096
-1.00472
0.547679
-1.00466
0.568289
-1.00475
0.5895
-1.00493
0.596841
-1.00521
0.599158
-1.00573
0.594347
-1.00652
0.573493
-1.00673
0.566315
-1.00732
0.5412
-1.00779
0.51168
-1.00827
0.467525
-1.00827
0.467525
-1.00853
0.421674
-1.00858
0.399082
-1.00857
0.376812
-1.0085
0.344924
-1.00833
0.315229
-1.00827
0.305927
-1.00796
0.27203
-1.00777
0.257095
-1.00749
0.237179
-1.0073
0.225521
-1.00726
0.216902
-1.00726
0.222049
-1.00683
0.249998
-1.00667
0.263009
-1.00596
0.309832
-1.00544
0.345516
-1.00461
0.401164
-1.00391
0.455323
-1.00339
0.503761
-1.00328
0.518213
-1.00308
0.555345
-1.00311
0.587411
-1.0032
0.592024
-1.00378
0.599207
-1.00395
0.598291
-1.00484
0.576867
-1.00484
0.576867
-1.00558
0.544417
-1.00577
0.534792
-1.00621
0.502664
-1.00678
0.443264
-1.00678
0.443264
-1.00704
0.395335
-1.00707
0.383722
-1.00706
0.349921
-1.00701
0.328673
-1.00679
0.289907
-1.00672
0.281084
-1.00656
0.264543
-1.00629
0.242527
-1.00581
0.212758
-1.00581
0.212758
-1.00562
0.203123
-1.00559
0.198688
-1.0056
0.20491
-1.00521
0.236154
-1.00488
0.265918
-1.00416
0.319202
-1.00288
0.416752
-1.00288
0.416752
-1.00228
0.472013
-1.002
0.505697
-1.0016
0.546867
-1.00155
0.567824
-1.00167
0.589233
-1.00186
0.59697
-1.00235
0.598928
-1.00272
0.594507
-1.00337
0.579983
-1.00402
0.558094
-1.00442
0.540069
-1.00481
0.520019
-1.0054
0.475934
-1.00571
0.440838
-1.00578
0.429087
-1.00594
0.382969
-1.00594
0.371809
-1.00588
0.339549
-1.0058
0.319402
-1.00561
0.291444
-1.00546
0.274497
-1.0052
0.251674
-1.00502
0.23819
-1.0049
0.224774
-1.00498
0.230525
-1.00469
0.245699
-1.00417
0.282413
-1.00366
0.313618
-1.00285
0.366209
-1.00231
0.402771
-1.00157
0.455865
-1.00104
0.503398
-1.00079
0.530335
-1.00069
0.552934
-1.0007
0.577518
-1.00086
0.58735
-1.0011
0.59229
-1.00161
0.591059
-1.00218
0.580447
-1.00261
0.568871
-1.00359
0.528024
-1.00359
0.528024
-1.00408
0.497679
-1.00435
0.47616
-1.00462
0.442183
-1.00477
0.419285
-1.00487
0.385404
-1.00489
0.363521
-1.00484
0.332392
-1.00472
0.303797
-1.0046
0.286288
-1.00447
0.270086
-1.00424
0.248345
-1.00407
0.235537
-1.00382
0.218731
-1.0037
0.209963
-1.00382
0.217349
-1.00343
0.246922
-1.00309
0.27562
-1.00238
0.327631
-1.00187
0.365693
-1.0011
0.423448
-1.00064
0.460033
-1.00014
0.509109
-0.999953
0.537013
-0.99986
0.569906
-0.999931
0.585209
-1.00024
0.598184
-1.00071
0.599898
-1.0011
0.595275
-1.00153
0.586736
-1.00218
0.567509
-1.00259
0.551085
-1.00314
0.522171
-1.00346
0.500903
-1.00383
0.467042
-1.00402
0.443862
-1.0042
0.4091
-1.00426
0.386401
-1.00425
0.353718
-1.0042
0.33315
-1.00406
0.304491
-1.00393
0.286989
-1.00371
0.263261
-1.00346
0.242598
-1.00329
0.230478
-1.00312
0.219703
-1.00323
0.216659
-1.00313
0.229191
-1.0027
0.26273
-1.00229
0.292886
-1.00155
0.345219
-1.00079
0.401055
-1.00032
0.437615
-0.999927
0.472228
-0.999406
0.531006
-0.999336
0.542947
-0.999332
0.571456
-0.999462
0.584366
-0.999945
0.594171
-1.0005
0.589434
-1.00071
0.585845
-1.00116
0.576229
-1.00176
0.555695
-1.00231
0.528652
-1.00265
0.508222
-1.00295
0.486504
-1.0034
0.440655
-1.00353
0.417312
-1.00363
0.394185
-1.00369
0.360666
-1.00366
0.339285
-1.00357
0.309294
-1.00347
0.290884
-1.00321
0.25819
-1.00306
0.243944
-1.0029
0.231052
-1.00281
0.218621
-1.00291
0.225097
-1.00264
0.24108
-1.00214
0.279122
-1.0014
0.32882
-1.00087
0.365452
-1.00009
0.421559
-0.999634
0.457543
-0.999102
0.5062
-0.9989
0.533898
-0.998797
0.566853
-0.998867
0.582663
-0.999137
0.596252
-0.999443
0.599206
-0.999994
0.594997
-1.0004
0.586928
-1.00105
0.567957
-1.00147
0.551842
-1.00203
0.523236
-1.00237
0.502056
-1.00277
0.468196
-1.00299
0.444945
-1.00319
0.409975
-1.00326
0.386988
-1.00329
0.353756
-1.00326
0.332867
-1.00315
0.303781
-1.00298
0.277697
-1.00284
0.26206
-1.00261
0.241255
-1.00244
0.229069
-1.00219
0.213241
-1.00219
0.208469
-1.00229
0.216694
-1.00189
0.246113
-1.00156
0.274699
-1.00087
0.326545
-1.00037
0.364533
-0.999616
0.422206
-0.999009
0.476491
-0.998695
0.508671
-0.998464
0.549204
-0.998437
0.578196
-0.998609
0.591143
-0.99885
0.599156
-0.999314
0.601462
-0.999702
0.596988
-1.00036
0.582872
-1.00078
0.569117
-1.0014
0.542912
-1.00177
0.522714
-1.00226
0.489535
-1.00253
0.466317
-1.00281
0.430839
-1.00294
0.407279
-1.00303
0.372934
-1.00303
0.351098
-1.00296
0.320391
-1.00286
0.301497
-1.00268
0.275784
-1.00245
0.253264
-1.00228
0.239997
-1.00203
0.222662
-1.00187
0.212694
-1.00175
0.204827
-1.0019
0.21335
-1.00164
0.231672
-1.00121
0.272891
-1.00076
0.307038
-1.00003
0.3636
-0.999549
0.402479
-0.998884
0.458573
-0.998424
0.508369
-0.998219
0.536356
-0.998169
0.569453
-0.998267
0.585183
-0.998576
0.598959
-0.998896
0.601718
-0.999254
0.599666
-0.999885
0.588412
-1.00053
0.569305
-1.00094
0.552575
-1.00152
0.523305
-1.00184
0.501556
-1.00225
0.466819
-1.00245
0.442937
-1.00266
0.407108
-1.00274
0.383795
-1.00277
0.35031
-1.00274
0.329269
-1.00262
0.30009
-1.0025
0.282367
-1.00229
0.25846
-1.00213
0.244295
-1.00188
0.225695
-1.00172
0.214977
-1.00163
0.205625
-1.00174
0.214063
-1.00134
0.243765
-1.00102
0.272538
-1.00032
0.324554
-0.999825
0.362582
-0.999082
0.420279
-0.998666
0.457099
-0.998175
0.506687
-0.998003
0.534783
-0.997923
0.567904
-0.998122
0.589563
-0.998341
0.597362
-0.998851
0.599815
-0.999244
0.595753
-0.999874
0.581957
-1.00032
0.568393
-1.00092
0.542643
-1.00129
0.522582
-1.00162
0.500822
-1.00205
0.466333
-1.00234
0.430882
-1.00248
0.407378
-1.00258
0.373228
-1.00258
0.351519
-1.0025
0.320842
-1.00242
0.301922
-1.00223
0.27605
-1.00208
0.260548
-1.00185
0.239913
-1.00168
0.227826
-1.00136
0.207496
-1.00133
0.203982
-1.00148
0.212397
-1.00123
0.230805
-1.00079
0.27224
-1.00035
0.306615
-0.999621
0.363624
-0.998905
0.42213
-0.998472
0.45927
-0.997931
0.524743
-0.997823
0.538389
-0.997737
0.561873
-0.99781
0.587492
-0.997965
0.597123
-0.998443
0.602098
-0.999067
0.596739
-0.9995
0.587918
-0.999971
0.575597
-1.00063
0.5516
-1.00103
0.532629
-1.00155
0.500945
-1.00184
0.478517
-1.00215
0.443717
-1.00235
0.408805
-1.00241
0.385968
-1.00243
0.363835
-1.00238
0.332424
-1.0023
0.312898
-1.00213
0.285992
-1.002
0.26976
-1.00169
0.241409
-1.00153
0.229256
-1.00138
0.218373
-1.00127
0.209635
-1.00131
0.225097
-1.00103
0.246992
-1.00072
0.275965
-1.00026
0.31008
-0.999512
0.366613
-0.998775
0.42462
-0.99836
0.461705
-0.997765
0.526782
-0.997688
0.540437
-0.997628
0.574172
-0.997793
0.596418
-0.99816
0.606149
-0.998515
0.606606
-0.998917
0.602537
-0.999557
0.589055
-0.999977
0.575182
-1.00041
0.558376
-1.001
0.528806
-1.00149
0.495573
-1.00177
0.472216
-1.00207
0.436563
-1.00225
0.401157
-1.0023
0.378183
-1.0023
0.345351
-1.00224
0.324765
-1.0021
0.296257
-1.00197
0.27894
-1.00175
0.255569
-1.0016
0.24176
-1.00136
0.223629
-1.00121
0.213187
-1.0011
0.204872
-1.00099
0.23091
-1.00099
0.23091
-1.00055
0.271885
-0.999865
0.32424
-0.999357
0.36212
-0.998655
0.419917
-0.998217
0.456521
-0.997762
0.505621
-0.997602
0.533543
-0.99755
0.566512
-0.997765
0.588091
-0.998
0.595962
-0.998335
0.59893
-0.998889
0.5945
-0.999312
0.586056
-0.999962
0.566685
-1.0004
0.550159
-1.00097
0.521164
-1.00132
0.499798
-1.00172
0.465767
-1.00193
0.442422
-1.00214
0.407496
-1.00223
0.373641
-1.00223
0.352025
-1.00216
0.321577
-1.00207
0.302762
-1.00188
0.276974
-1.00174
0.261477
-1.00151
0.240785
-1.00135
0.228675
-1.00112
0.212869
-1.00101
0.204744
-1.00117
0.21314
-1.00093
0.231561
-1.0005
0.273064
-1.00005
0.307385
-0.999329
0.364288
-0.998845
0.403451
-0.998179
0.45992
-0.997852
0.494302
-0.997521
0.538455
-0.997467
0.562122
-0.997547
0.587803
-0.99789
0.601676
-0.99819
0.604449
-0.998785
0.599924
-0.999209
0.591645
-0.999645
0.579646
-1.00028
0.555672
-1.00068
0.536599
-1.00119
0.504494
-1.00173
0.457971
-1.00182
0.446043
-1.00199
0.42226
-1.00212
0.387354
-1.00214
0.364744
-1.00211
0.332689
-1.00204
0.31278
-1.00189
0.285414
-1.00168
0.261187
-1.00153
0.24685
-1.0013
0.228001
-1.00114
0.217105
-1.00106
0.207506
-1.00117
0.215773
-1.00078
0.245188
-1.00046
0.273705
-0.999763
0.325331
-0.999268
0.363142
-0.998769
0.401596
-0.998098
0.456914
-0.997633
0.505735
-0.997472
0.533543
-0.997427
0.556963
-0.997539
0.582623
-0.997852
0.596567
-0.998181
0.599609
-0.998759
0.595677
-0.999186
0.587974
-0.999803
0.569311
-1.00023
0.55307
-1.00078
0.524232
-1.00113
0.502815
-1.00153
0.468584
-1.00175
0.44504
-1.00196
0.409616
-1.00205
0.386436
-1.00207
0.342326
-1.00205
0.331913
-1.00195
0.302515
-1.00184
0.284603
-1.00164
0.260281
-1.00142
0.239169
-1.00126
0.226827
-1.00111
0.215813
-1.00096
0.201961
-1.00108
0.2109
-1.00084
0.229363
-1.0006
0.255525
-0.999964
0.305416
-0.999486
0.343099
-0.998744
0.401922
-0.998295
0.440488
-0.997728
0.493493
-0.997418
0.538084
-0.997347
0.562036
-0.997401
0.581065
-0.997644
0.599538
-0.998066
0.606114
-0.99864
0.601565
-0.999072
0.593233
-0.999734
0.573866
-1.00016
0.557147
-1.00056
0.537968
-1.00092
0.516781
-1.00137
0.482332
-1.00172
0.446324
-1.00189
0.42221
-1.00204
0.386811
-1.00208
0.364082
-1.00205
0.331883
-1.00198
0.311923
-1.00188
0.293307
-1.00168
0.268019
-1.00145
0.245971
-1.00113
0.221502
-1.00105
0.216225
-1.001
0.205614
-1.001
0.205614
-1.00078
0.22989
-1.00053
0.255872
-0.999892
0.305268
-0.999428
0.342687
-0.998685
0.401095
-0.998221
0.439116
-0.997826
0.474636
-0.997453
0.521601
-0.997305
0.558576
-0.997373
0.577052
-0.997538
0.590556
-0.997908
0.600787
-0.99844
0.599486
-0.998866
0.593177
-0.999527
0.576604
-1.00018
0.553127
-1.00056
0.534255
-1.00093
0.513541
-1.00136
0.479873
-1.0016
0.45635
-1.00185
0.420633
-1.00196
0.397131
-1.00203
0.352068
-1.00202
0.341411
-1.00193
0.311174
-1.00184
0.292687
-1.00165
0.267547
-1.00143
0.245635
-1.00127
0.232784
-1.00111
0.221284
-1.00102
0.210826
-1.001
0.226388
-1.00072
0.247822
-1.00015
0.292681
-0.999666
0.328159
-0.998898
0.385255
-0.998399
0.423412
-0.997966
0.459845
-0.997485
0.508926
-0.997269
0.548616
-0.997264
0.569123
-0.997488
0.590611
-0.997712
0.598311
-0.99823
0.600453
-0.998617
0.5961
-0.999289
0.581985
-0.999741
0.568605
-1.00038
0.543518
-1.00076
0.524257
-1.00122
0.492359
-1.00159
0.458392
-1.00176
0.435351
-1.00189
0.412441
-1.00196
0.378714
-1.00197
0.357074
-1.0019
0.326407
-1.00182
0.307387
-1.00165
0.281244
-1.00145
0.258179
-1.0013
0.244499
-1.00115
0.232135
-1.00093
0.215951
-1.00083
0.207579
-1.00099
0.215456
-1.00075
0.233419
-1.00031
0.274123
-0.999872
0.307974
-0.999144
0.364187
-0.99843
0.421916
-0.997999
0.458546
-0.997571
0.508335
-0.997358
0.536534
-0.997284
0.569292
-0.997385
0.584856
-0.997699
0.598297
-0.998033
0.600963
-0.998602
0.596251
-0.999042
0.587788
-0.999474
0.575636
-1.00013
0.551619
-1.0007
0.522309
-1.00105
0.500658
-1.00147
0.466428
-1.00168
0.442972
-1.00189
0.407769
-1.00197
0.384735
-1.00199
0.351587
-1.00196
0.330749
-1.00184
0.301735
-1.00173
0.284007
-1.00153
0.260029
-1.00138
0.24581
-1.00114
0.22705
-1.00098
0.216154
-1.00091
0.206547
-1.00102
0.214866
-1.00064
0.24443
-1.00033
0.273112
-0.999646
0.325123
-0.998897
0.382635
-0.998424
0.421176
-0.997815
0.475799
-0.997524
0.508297
-0.997266
0.548926
-0.997263
0.569951
-0.997422
0.591576
-0.997678
0.599469
-0.998159
0.60181
-0.998573
0.597585
-0.999204
0.583442
-0.999642
0.569425
-1.00028
0.542936
-1.00067
0.52265
-1.00117
0.489429
-1.00145
0.466159
-1.00175
0.43062
-1.00189
0.407073
-1.00198
0.372725
-1.00199
0.35087
-1.00192
0.320136
-1.00184
0.301199
-1.00165
0.275289
-1.00144
0.25255
-1.00128
0.239131
-1.00112
0.227069
-1.00106
0.213472
-1.00106
0.213472
-1.0007
0.247298
-1.00038
0.275167
-0.999911
0.307932
-0.99944
0.344101
-0.998663
0.400724
-0.998198
0.437453
-0.997665
0.488392
-0.997355
0.531605
-0.997289
0.554827
-0.99734
0.573312
-0.997548
0.590973
-0.99798
0.596753
-0.99836
0.594833
-0.998782
0.588798
-0.999423
0.572492
-1.00005
0.549041
-1.00046
0.530366
-1.00098
0.499169
-1.00127
0.47678
-1.00161
0.442073
-1.00182
0.407246
-1.00187
0.395763
-1.00193
0.36224
-1.0019
0.330707
-1.00183
0.311049
-1.00174
0.29268
-1.00156
0.267644
-1.00134
0.245671
-1.0012
0.232747
-1.00097
0.215861
-1.00086
0.207091
-1.00102
0.214425
-1.00064
0.243839
-1.00051
0.257379
-0.999645
0.324265
-0.999135
0.362012
-0.998636
0.40028
-0.997979
0.455754
-0.997624
0.489253
-0.997311
0.53233
-0.997271
0.565203
-0.997356
0.580701
-0.997705
0.594492
-0.99802
0.597514
-0.998584
0.593282
-0.999235
0.579849
-0.999652
0.566446
-1.00008
0.550192
-1.00066
0.521558
-1.00112
0.489072
-1.00138
0.465964
-1.00161
0.442506
-1.00183
0.40745
-1.0019
0.384385
-1.00194
0.351148
-1.00192
0.330267
-1.00181
0.301225
-1.0017
0.283528
-1.0015
0.259567
-1.00135
0.245365
-1.00112
0.22662
-1.00089
0.210814
-1.00078
0.202689
-1.00092
0.205059
-1.00071
0.229146
-1.00047
0.254885
-0.999853
0.304086
-0.999389
0.341315
-0.998431
0.418643
-0.998004
0.455686
-0.997672
0.489954
-0.997344
0.534505
-0.997212
0.557627
-0.997303
0.582367
-0.997478
0.592102
-0.997942
0.596943
-0.998317
0.594143
-0.999217
0.575964
-0.999679
0.56187
-0.999904
0.553776
-1.00054
0.526233
-1.00105
0.494522
-1.00134
0.471953
-1.00168
0.437344
-1.00183
0.414235
-1.00194
0.38023
-1.00197
0.358446
-1.00191
0.327607
-1.00184
0.308492
-1.00167
0.282177
-1.00153
0.266321
-1.00131
0.24509
-1.00115
0.23261
-1.00083
0.211426
-1.00085
0.206951
-1.00096
0.215597
-1.00072
0.233761
-1.00028
0.274905
-0.999839
0.309084
-0.999107
0.365933
-0.998383
0.424355
-0.997942
0.461449
-0.997477
0.511613
-0.997289
0.540087
-0.997208
0.573628
-0.997314
0.589507
-0.997623
0.60335
-0.997956
0.606228
-0.998517
0.601585
-0.998958
0.593127
-0.999608
0.57361
-1.00005
0.556856
-1.00063
0.527356
-1.00098
0.505527
-1.00139
0.470819
-1.0016
0.446955
-1.00176
0.422987
-1.00191
0.387686
-1.00194
0.354036
-1.00188
0.322767
-1.0018
0.303543
-1.00169
0.285667
-1.00149
0.261532
-1.00134
0.247231
-1.0011
0.228407
-1.00083
0.20877
-1.00087
0.207906
-1.00097
0.216231
-1.00059
0.245834
-1.00027
0.274472
-0.99958
0.326338
-0.999088
0.364306
-0.998365
0.422071
-0.997951
0.459063
-0.997461
0.508789
-0.997238
0.549352
-0.997207
0.570171
-0.997317
0.585858
-0.997625
0.599443
-0.998123
0.601239
-0.998522
0.596624
-0.998967
0.587929
-0.999624
0.568145
-1.00027
0.541699
-1.00065
0.521398
-1.00117
0.488287
-1.00144
0.465171
-1.00165
0.441692
-1.00186
0.406519
-1.00195
0.372368
-1.00196
0.350679
-1.00189
0.320236
-1.0018
0.301495
-1.00161
0.275902
-1.00147
0.260573
-1.00123
0.240166
-1.00107
0.228236
-1.00083
0.212749
-1.00081
0.207091
-1.00086
0.221807
-1.00059
0.242952
-1.00008
0.287583
-0.999624
0.32324
-0.998875
0.380989
-0.9984
0.41993
-0.997784
0.475262
-0.997491
0.508546
-0.997215
0.550324
-0.997201
0.572137
-0.997346
0.594883
-0.997741
0.605821
-0.998067
0.60668
-0.998487
0.603016
-0.999125
0.590043
-0.999555
0.576478
-1.00019
0.550629
-1.00093
0.508759
-1.00108
0.4973
-1.00136
0.473646
-1.00169
0.437546
-1.00182
0.413449
-1.00194
0.378135
-1.00195
0.34483
-1.00191
0.324071
-1.00183
0.304646
-1.00166
0.278082
-1.00144
0.254744
-1.00128
0.241014
-1.00112
0.228709
-1.00088
0.21274
-1.0008
0.203958
-1.00091
0.212761
-1.00066
0.230955
-1.00021
0.27206
-0.999532
0.324473
-0.998571
0.401834
-0.998571
0.401834
-0.997941
0.458733
-0.997436
0.509395
-0.997193
0.537205
-0.997148
0.570255
-0.997242
0.585851
-0.997569
0.599283
-0.997914
0.601911
-0.998299
0.599826
-0.998971
0.588926
-0.999631
0.569653
-1.00028
0.543928
-1.00066
0.524037
-1.00116
0.491178
-1.00143
0.468043
-1.00172
0.432509
-1.00186
0.408851
-1.00195
0.374156
-1.00197
0.352001
-1.00191
0.320751
-1.00183
0.301477
-1.00166
0.275285
-1.00152
0.259566
-1.00129
0.238606
-1.0012
0.232294
-1.00088
0.210267
-1.00078
0.202026
-1.00094
0.210325
-1.00057
0.240913
-1.00026
0.270295
-0.999821
0.304774
-0.999096
0.362073
-0.998598
0.401439
-0.997941
0.458185
-0.997601
0.492822
-0.997284
0.537328
-0.997224
0.561388
-0.9973
0.587421
-0.997509
0.598162
-0.997937
0.60443
-0.998328
0.60253
-0.998943
0.591343
-0.999402
0.579148
-1.00004
0.554944
-1.00064
0.525352
-1.00098
0.503481
-1.00129
0.480587
-1.00161
0.444999
-1.00183
0.409046
-1.0019
0.38549
-1.00193
0.351425
-1.00191
0.330066
-1.00184
0.309955
-1.00169
0.282383
-1.00157
0.265837
-1.00134
0.243718
-1.00102
0.218996
-1.00094
0.213654
-1.00075
0.200375
-1.0009
0.202722
-1.00069
0.226953
-1.00046
0.252935
-0.999848
0.302598
-0.999384
0.340165
-0.998642
0.398766
-0.997983
0.455503
-0.997643
0.490057
-0.997406
0.521011
-0.997206
0.558347
-0.997296
0.583645
-0.997484
0.593863
-0.997782
0.599014
-0.998307
0.597406
-0.998956
0.585645
-0.999399
0.573166
-1.00007
0.548917
-1.00046
0.529597
-1.00099
0.497261
-1.00128
0.474301
-1.00163
0.438837
-1.00179
0.415179
-1.00193
0.380558
-1.00196
0.35848
-1.00191
0.327266
-1.00184
0.307933
-1.00167
0.281442
-1.00153
0.265528
-1.0013
0.244272
-1.00114
0.231786
-1.0009
0.215475
-1.00078
0.20703
-1.00094
0.215074
-1.0007
0.233349
-1.00046
0.25934
-0.999843
0.309153
-0.999106
0.366247
-0.998606
0.405354
-0.997948
0.46197
-0.997605
0.49648
-0.997264
0.54077
-0.997205
0.574415
-0.997392
0.596566
-0.997621
0.604835
-0.997934
0.607978
-0.998293
0.606235
-0.998881
0.594705
-0.999323
0.582055
-0.999977
0.557247
-1.0004
0.53764
-1.00095
0.505086
-1.00126
0.482077
-1.00161
0.446459
-1.00183
0.410759
-1.00191
0.38753
-1.00194
0.354229
-1.0019
0.333279
-1.00178
0.304125
-1.00166
0.286352
-1.00145
0.262305
-1.0013
0.248052
-1.00106
0.229227
-1.00091
0.218327
-1.00084
0.208702
-1.00095
0.216975
-1.00056
0.246406
-1.00025
0.274984
-0.999799
0.308608
-0.999076
0.364644
-0.998343
0.422166
-0.997765
0.476394
-0.997471
0.50878
-0.997292
0.537049
-0.997223
0.578522
-0.997289
0.585536
-0.997643
0.598997
-0.997995
0.602223
-0.998518
0.597484
-0.998972
0.5891
-0.99961
0.569733
-1.00005
0.553104
-1.00062
0.523816
-1.00113
0.490869
-1.00139
0.467755
-1.00161
0.444276
-1.00183
0.409036
-1.00192
0.374738
-1.00192
0.342298
-1.0019
0.33203
-1.00179
0.303095
-1.00161
0.27707
-1.00147
0.261414
-1.00132
0.247163
-1.001
0.222753
-1.00085
0.212433
-1.00075
0.20422
-1.00089
0.20649
-1.00069
0.230399
-1.00028
0.271232
-0.999618
0.323389
-0.999125
0.361389
-0.998643
0.400012
-0.997981
0.45603
-0.99749
0.505207
-0.997292
0.532947
-0.997241
0.565803
-0.997333
0.581359
-0.99765
0.594885
-0.997802
0.596852
-0.998541
0.59305
-0.998959
0.584521
-0.999622
0.564933
-1.00005
0.548281
-1.00063
0.518849
-1.00098
0.497272
-1.0014
0.463043
-1.00162
0.439646
-1.00183
0.404567
-1.00191
0.381714
-1.00193
0.348886
-1.0019
0.328271
-1.00178
0.299572
-1.0016
0.273878
-1.00146
0.258491
-1.00123
0.238025
-1.00107
0.226012
-1.00091
0.215247
-1.00084
0.205894
-1.00095
0.214646
-1.00058
0.245274
-1.00005
0.291728
-0.999579
0.32836
-0.998827
0.387384
-0.998322
0.426697
-0.997705
0.48194
-0.997418
0.514924
-0.997167
0.556187
-0.99717
0.57757
-0.997458
0.604395
-0.997602
0.60786
-0.998102
0.610661
-0.998483
0.606454
-0.999119
0.591623
-0.999584
0.577486
-1.00023
0.550929
-1.00063
0.530493
-1.00113
0.496953
-1.00141
0.473418
-1.00171
0.437438
-1.00185
0.413625
-1.00194
0.378895
-1.00195
0.356751
-1.00188
0.32558
-1.00179
0.306414
-1.00161
0.280247
-1.00147
0.264585
-1.00123
0.24374
-1.00107
0.231536
-1.00083
0.215666
-1.00073
0.207538
-1.00088
0.215793
-1.00052
0.24608
-1.00021
0.275177
-0.999536
0.327694
-0.999033
0.365826
-0.998316
0.423474
-0.997911
0.460277
-0.997443
0.509809
-0.997282
0.537854
-0.997219
0.570886
-0.99734
0.586555
-0.997655
0.600171
-0.998172
0.602503
-0.998554
0.598195
-0.998996
0.589814
-0.99963
0.570387
-1.00005
0.553493
-1.00065
0.524023
-1.001
0.502451
-1.0014
0.468076
-1.00162
0.444486
-1.00183
0.409129
-1.00193
0.374793
-1.00193
0.35287
-1.00189
0.331961
-1.00178
0.302897
-1.0016
0.276848
-1.00147
0.261226
-1.00124
0.240437
-1.00108
0.228269
-1.00084
0.212482
-1.00085
0.207791
-1.00085
0.224114
-1.00058
0.245969
-1.00004
0.291318
-0.999572
0.327096
-0.998823
0.384563
-0.998333
0.422911
-0.997733
0.476858
-0.997458
0.509106
-0.99721
0.560599
-0.997232
0.570505
-0.997422
0.592491
-0.997675
0.600884
-0.998122
0.603407
-0.99854
0.599374
-0.998949
0.591173
-0.999613
0.572049
-1.00023
0.546356
-1.0008
0.515962
-1.00111
0.493941
-1.00138
0.470994
-1.00168
0.435805
-1.00181
0.412362
-1.0019
0.377953
-1.00191
0.35596
-1.00185
0.32491
-1.00177
0.305732
-1.0016
0.279418
-1.00146
0.263597
-1.00124
0.242462
-1.00109
0.230073
-1.00086
0.213912
-1.00076
0.202191
-1.00005
0.148153
-0.998161
0.0871663
-0.995952
-0.0305815
-0.995181
-0.121809
-0.995254
-0.26838
-0.995942
-0.367818
-0.997495
-0.512819
-0.998652
-0.603866
-1.00023
-0.728792
-1.00106
-0.803272
-1.00199
-0.93003
-1.00207
-0.957135
-1.00199
-1.028
-1.0015
-1.08431
-1.00073
-1.12773
-1.00044
-1.13964
-0.999505
-1.16862
-0.998877
-1.18293
-0.997985
-1.19806
-0.997449
-1.20456
-0.996761
-1.20993
-0.996226
-1.21107
-0.995955
-1.20999
-0.995749
-1.20774
-0.995553
-1.20268
-0.995475
-1.19617
-0.995478
-1.1913
-0.995585
-1.18087
-0.995628
-1.17819
-0.995787
-1.17019
-0.995909
-1.16495
-0.996107
-1.15737
-0.996242
-1.15257
-0.996445
-1.1458
-0.996577
-1.1416
-0.996703
-1.13767
-0.996879
-1.13228
-0.997038
-1.12749
-0.997133
-1.12462
-0.99726
-1.12077
-0.997368
-1.11742
-0.99743
-1.11545
-0.997508
-1.11284
-0.997571
-1.11061
-0.997606
-1.1093
-0.997634
-1.10811
-0.997667
-1.10655
-0.99769
-1.1052
-0.997701
-1.1044
-0.997709
-1.10366
-0.997719
-1.10265
-0.997723
-1.10203
-0.997729
-1.10089
-0.997731
-1.10063
-0.997734
-1.09984
-0.997739
-1.09909
-0.997742
-1.0986
-0.997747
-1.09811
-0.997754
-1.09737
-0.997764
-1.09664
-0.997772
-1.09614
-0.997784
-1.09539
-0.997794
-1.09488
-0.99781
-1.0941
-0.997822
-1.09358
-0.997841
-1.09278
-0.997854
-1.09225
-0.997876
-1.09143
-0.99789
-1.09089
-0.997913
-1.09006
-0.997929
-1.08951
-0.997954
-1.08867
-0.997979
-1.08783
-0.997996
-1.08727
-0.998014
-1.08672
-0.99804
-1.08588
-0.998057
-1.08532
-0.998083
-1.08449
-0.998127
-1.08347
-0.998201
-1.08196
-0.998334
-1.07737
-0.998444
-1.07212
-0.998623
-1.05985
-0.998729
-1.04819
-0.998812
-1.02563
-0.998848
-1.00738
-0.998845
-0.986661
-0.99881
-0.9517
-0.998734
-0.912923
-0.998682
-0.885803
-0.998642
-0.844
-0.998666
-0.8154
-0.998726
-0.772308
-0.998799
-0.743996
-0.998976
-0.702501
-0.999118
-0.675731
-0.999383
-0.637323
-0.999571
-0.613081
-0.999886
-0.578931
-1.0001
-0.557691
-1.00044
-0.52801
-1.00065
-0.509713
-1.00096
-0.484401
-1.00134
-0.454294
-1.00143
-0.447328
-1.00164
-0.427798
-1.00178
-0.415728
-1.0019
-0.404166
-1.00203
-0.387981
-1.00211
-0.372936
-1.00215
-0.363483
-1.00218
-0.354445
-1.00219
-0.341603
-1.00218
-0.329441
-1.00216
-0.321666
-1.00213
-0.310398
-1.00211
-0.303057
-1.00208
-0.295843
-1.00203
-0.285226
-1.00198
-0.274821
-1.00195
-0.26801
-1.0019
-0.258017
-1.00187
-0.251397
-1.00182
-0.241553
-1.0018
-0.235106
-1.00176
-0.225623
-1.00139
-0.220322
-0.995378
-0.230378
-0.991052
-0.241264
-0.977476
-0.26825
-0.96802
-0.290758
-0.948747
-0.322333
-0.93009
-0.352622
-0.914892
-0.368789
-0.902662
-0.378896
-0.876873
-0.389741
-0.8643
-0.391541
-0.854526
-0.380883
-0.852697
-0.365833
-0.856211
-0.332502
-0.862213
-0.304505
-0.875238
-0.256827
-0.885806
-0.222786
-0.903134
-0.171107
-0.915039
-0.137548
-0.938165
-0.0761226
-0.943624
-0.06235
-0.963844
-0.0143785
-0.962434
0.00192884
-0.925955
-0.00106382
-0.875313
-0.016667
-0.794584
-0.0506486
-0.727362
-0.0839663
-0.703091
-0.0982454
-0.670676
-0.118685
-0.622469
-0.143352
-0.556609
-0.176108
-0.533294
-0.188078
-0.520838
-0.194362
-0.52344
-0.19183
-0.537368
-0.183084
-0.558225
-0.170074
-0.584706
-0.153532
-0.6493
-0.112644
-0.684555
-0.0900288
-0.738111
-0.0555736
-0.755705
-0.0442691
-0.822512
-0.00201294
-0.852974
0.0164908
-0.881126
0.0328658
-0.909505
0.0514026
-0.87609
0.045291
-0.801569
0.0269342
-0.724807
0.00663619
-0.595203
-0.0336473
-0.498051
-0.0641556
-0.398212
-0.0956688
-0.280755
-0.132152
-0.231965
-0.146592
-0.176739
-0.161271
-0.170486
-0.162245
-0.171364
-0.1581
-0.187517
-0.149661
-0.231798
-0.129219
-0.271481
-0.111576
-0.340853
-0.0808406
-0.390675
-0.0585738
-0.464595
-0.024506
-0.511052
-0.00222347
-0.572129
0.0289798
-0.62043
0.0564704
-0.643936
0.0721134
-0.660747
0.0855868
-0.672231
0.101223
-0.671093
0.10869
-0.658062
0.115806
-0.642842
0.11808
-0.61175
0.118168
-0.586738
0.116353
-0.543944
0.111171
-0.513107
0.106444
-0.464558
0.097827
-0.43161
0.0913768
-0.382746
0.0810967
-0.335864
0.0705576
-0.30619
0.0635872
-0.264876
0.0535266
-0.227955
0.0441909
-0.205979
0.0384857
-0.186138
0.0332404
-0.160383
0.0263116
-0.145846
0.0223504
-0.127666
0.0173562
-0.113411
0.013452
-0.105813
0.011427
-0.0995538
0.00982359
-0.0922796
0.00813214
-0.0885835
0.0074269
-0.0843082
0.00687839
-0.0820863
0.00679486
-0.0793363
0.00698467
-0.0777211
0.00727012
-0.0745743
0.00805782
-0.0728621
0.00849646
-0.0709861
0.00893435
-0.0677276
0.00953136
-0.0651369
0.00985414
-0.0607655
0.0102255
-0.0575594
0.0103832
-0.0522097
0.0104556
-0.0482961
0.0103913
-0.0420345
0.0101392
-0.0376769
0.00987725
-0.0309859
0.00935752
-0.0241386
0.00869148
-0.0195706
0.00818687
-0.0150333
0.00764076
-0.0105781
0.00706519
-0.00199138
0.00584763
0.00211694
0.00522247
0.00607456
0.00459647
0.0116947
0.00367204
0.0151973
0.00307462
0.0201017
0.00221432
0.0231316
0.0016717
0.0272864
0.000913327
0.031019
0.000220709
0.0332981
-0.000201805
0.0383199
-0.00112033
0.0383199
-0.00112033
0.04301
-0.00196768
0.04301
-0.00196768
0.043652
-0.00208355
0.0463709
-0.00257768
0.0463709
-0.00257768
0.0493378
-0.00304474
0.0493378
-0.00304474
0.0521441
-0.0033998
0.0521441
-0.0033998
0.0525966
-0.00345032
0.0547908
-0.00369119
0.0547908
-0.00369119
0.0577758
-0.00397926
0.0577758
-0.00397926
0.0582853
-0.00402556
0.0597805
-0.00416344
0.0649039
-0.00464331
0.0655198
-0.00470052
0.0678898
-0.00493183
0.0684271
-0.00498764
0.0705454
-0.00531898
0.0706216
-0.00535616
0.069964
-0.00560319
0.069964
-0.00560319
0.069964
-0.00560319
0.0694584
-0.00564659
0.0685172
-0.00568655
0.0677695
-0.00561843
0.067012
-0.00558809
0.066677
-0.005579
0.0665062
-0.00558562
0.0665822
-0.00561847
0.0670059
-0.00567327
0.0674771
-0.00572376
0.0684453
-0.00581734
0.0692294
-0.0058867
0.0705362
-0.00599814
0.0714849
-0.00607844
0.0729648
-0.00620146
0.0739781
-0.00628368
0.0754749
-0.00640214
0.0764533
-0.00647878
0.0773825
-0.00655002
0.0787117
-0.00665451
0.0806561
-0.00680874
0.0806561
-0.00680874
0.0816515
-0.00688961
0.0826553
-0.0069708
0.0828221
-0.00698442
0.0833248
-0.00703427
0.0836039
-0.00706075
0.0838925
-0.00708641
0.08406
-0.0071005
0.0842462
-0.00711088
0.0843583
-0.00711714
0.0844983
-0.00711944
0.0845963
-0.00712043
0.0847222
-0.00711675
0.0848144
-0.0071138
0.084893
-0.00710779
0.0850211
-0.00710118
0.0851467
-0.00709473
0.0852546
-0.00709391
0.0854608
-0.00709609
0.0855936
-0.00709598
0.0857912
-0.00709778
0.0859369
-0.00710083
0.0861384
-0.00710361
0.0862749
-0.00710673
0.0864702
-0.00711087
0.0866142
-0.00711551
0.0868113
-0.00711954
0.0869446
-0.00712288
0.0871312
-0.00712618
0.0872692
-0.00713007
0.0874595
-0.00713223
0.0876431
-0.00713284
0.0877554
-0.00713178
0.0879448
-0.00713116
0.0880512
-0.00712796
0.0881746
-0.0071205
0.0882537
-0.00711583
0.0883299
-0.00710391
0.0883894
-0.0070978
0.0884259
-0.0070877
0.0885041
-0.00707636
0.08858
-0.00706179
0.088654
-0.00705408
0.088754
-0.00704744
0.0889107
-0.00703295
0.0890379
-0.00701463
0.0891264
-0.00700365
0.0892558
-0.00698761
0.0893414
-0.00696937
0.0893625
-0.00695633
0.0893728
-0.00694484
0.0893083
-0.00692226
0.0892057
-0.00690539
0.0889723
-0.0068773
0.0889141
-0.00687081
0.0887088
-0.00684929
0.0885405
-0.0068337
0.0881916
-0.00680172
0.087988
-0.00678706
0.0877161
-0.00676204
0.0875755
-0.00674765
0.0873985
-0.00672271
0.087329
-0.00670743
0.0872459
-0.00667833
0.0871952
-0.00665596
0.0871791
-0.00662485
0.0872177
-0.0066047
0.0873012
-0.00657208
0.0874386
-0.00654178
0.0875368
-0.0065196
0.0876575
-0.00649995
0.0878317
-0.00646623
0.0879254
-0.00644213
0.0880705
-0.00640792
0.0881849
-0.00638596
0.0883327
-0.00635052
0.0884456
-0.00633004
0.088648
-0.0062894
0.0887003
-0.00628052
0.088856
-0.0062458
0.0888993
-0.00622979
0.0888826
-0.00621118
0.0888517
-0.00619222
0.0887541
-0.0061746
0.0885736
-0.00615652
0.0884408
-0.00614675
0.0882888
-0.00613673
0.0880571
-0.00612494
0.0877994
-0.00611138
0.0876405
-0.00610472
0.0875062
-0.00609916
0.0873265
-0.00608784
0.0871567
-0.00607311
0.0870738
-0.0060636
0.087025
-0.0060544
0.0869525
-0.0060212
0.0869438
-0.00601358
0.0869438
-0.00599122
0.0869491
-0.00598411
0.0869036
-0.00595357
0.0867931
-0.00592247
0.0867234
-0.00590066
0.0866995
-0.0058845
0.0867127
-0.00585884
0.0867212
-0.00582944
0.0867546
-0.0058115
0.0868483
-0.00578508
0.0869332
-0.00575425
0.0869591
-0.00573134
0.0870088
-0.00570152
0.0870189
-0.00567929
0.0869678
-0.00564288
0.0869252
-0.00562034
0.0868192
-0.00558419
0.0867468
-0.00556276
0.0865978
-0.00552934
