0
-9.47399
0
0
0
0
0
0
0
0
0
0
0
0
0
0
0
0
0
0
0
0
0
0
0
0
0.00263595
0.00263595
0.0585136
0.0585136
0.22971
0.247322
0.523643
0.523643
0.813492
0.813492
0.813492
1.05857
1.05857
1.09241
1.23603
1.23603
1.35669
1.35669
1.4707
1.4707
1.5655
1.5655
1.57419
1.64282
1.64941
1.70512
1.70512
1.77396
1.78037
1.83622
1.84203
1.89246
1.89246
1.92628
1.92628
1.95264
1.95264
1.98452
2.04142
2.04142
2.04154
2.04178
2.0419
2.04209
2.04221
2.04233
2.04251
2.05343
2.06269
2.06269
2.06282
2.0629
2.063
2.06306
2.06313
2.06321
2.06328
2.06333
2.06343
2.06352
2.06358
2.06364
2.06374
2.06382
2.06389
2.06398
2.06404
2.06413
2.06419
2.06429
2.06435
2.06444
2.06449
2.06459
2.06465
2.06474
2.06483
2.0649
2.06496
2.06504
2.06511
2.0652
2.06526
2.06535
2.06544
2.06551
2.06559
2.06568
2.06571
2.06581
2.06587
2.06596
2.06602
2.06612
2.0662
2.06626
2.06632
2.06642
2.06651
2.06657
2.06666
2.06673
2.06681
2.06687
2.06696
2.06703
2.06712
2.06718
2.06727
2.06734
2.06742
2.06748
2.06757
2.06764
2.06773
2.06779
2.06788
2.06797
2.06803
2.06812
2.06818
2.06825
2.06834
2.06841
2.06849
2.06856
2.06864
2.0687
2.06879
2.06886
2.06895
2.06902
2.0691
2.06919
2.06925
2.06934
2.0694
2.0695
2.06959
2.06968
2.06971
2.0698
2.06986
2.06996
2.07001
2.07011
2.07017
2.07026
2.07032
2.07042
2.0705
2.07059
2.07066
2.07072
2.07081
2.07087
2.07093
2.07102
2.07108
2.07117
2.07124
2.07133
2.07142
2.07154
2.07154
2.07163
2.07173
2.07178
2.07188
2.07197
2.07206
2.07212
2.07215
2.07224
2.07233
2.0724
2.07249
2.07255
2.07262
2.07262
2.07262
2.07262
2.07262
2.07262
2.07262
2.07262
2.07262
2.07262
2.07262
2.07262
2.07262
2.07262
2.07262
2.07262
2.07262
2.07264
2.0727
2.07276
2.07285
2.07295
2.07301
2.0731
2.07319
2.07325
2.07331
2.07341
2.07346
2.07355
2.07365
2.07371
2.0738
2.07381
2.07381
2.07381
2.07381
2.07381
2.07381
2.07381
2.07381
2.07381
2.07381
2.07381
2.07381
2.07381
2.07381
2.07381
2.07381
2.07381
2.07381
2.07381
2.07381
2.07381
2.07381
2.07381
2.07383
2.0739
2.07399
2.07408
2.07417
2.07426
2.07429
2.07439
2.07444
2.07454
2.0746
2.07467
2.07475
2.07477
2.07477
2.07477
2.07477
2.07477
2.07477
2.07477
2.07477
2.07477
2.07477
2.07477
2.07477
2.07477
2.07477
2.07477
2.07477
2.07477
2.07477
2.07477
2.07477
2.07477
2.07477
2.07477
2.07477
2.07477
2.07477
2.07477
2.07477
2.07477
2.07482
2.07488
2.07497
2.07504
2.07513
2.07519
2.07525
2.07534
2.07544
2.07549
2.07553
2.07553
2.07553
2.07553
2.07553
2.07553
2.07553
2.07553
2.07553
2.07553
2.07553
2.07553
2.07553
2.07553
2.07553
2.07554
2.07573
2.07658
2.07986
2.08376
2.09262
2.10065
2.1159
2.13471
2.14902
2.17271
2.18971
2.21652
2.24666
2.25368
2.29113
2.30954
2.3364
2.35363
2.38026
2.39383
2.41573
2.42935
2.44373
2.45997
2.47089
2.48111
2.4952
2.50794
2.51579
2.5301
2.53749
2.54295
2.55468
2.55747
2.56624
2.5708
2.57841
2.58335
2.59156
2.59666
2.60738
2.61631
2.63431
2.64588
2.66872
2.68592
2.71432
2.74528
2.76699
2.78931
2.82346
2.84638
2.88333
2.90285
2.93806
2.96645
2.98858
3.00733
3.03378
3.04825
3.07326
3.08575
3.10723
3.12378
3.14549
3.15053
3.16019
3.17374
3.18222
3.19423
3.20201
3.21431
3.22331
3.23318
3.25146
3.2692
3.28527
3.30868
3.32542
3.35191
3.37728
3.39852
3.42475
3.44381
3.47206
3.49276
3.5173
3.53449
3.55107
3.57659
3.59673
3.61052
3.62517
3.64334
3.65462
3.66912
3.6837
3.69386
3.70551
3.71446
3.7248
3.73281
3.74257
3.75119
3.76317
3.77449
3.79045
3.80358
3.82563
3.84388
3.86789
3.88633
3.91513
3.93735
3.96482
3.99477
4.01449
4.04574
4.06205
4.08895
4.10606
4.13229
4.15291
4.16699
4.18031
4.1929
4.21045
4.22264
4.2365
4.24593
4.25917
4.27146
4.27918
4.2902
4.29739
4.30897
4.31767
4.33269
4.35046
4.36391
4.39658
4.40501
4.42036
4.46014
4.46744
4.49716
4.51723
4.54735
4.56721
4.58917
4.61522
4.6424
4.6597
4.68432
4.69981
4.72855
4.73527
4.75587
4.76622
4.78281
4.79312
4.80872
4.81658
4.8293
4.83731
4.84891
4.86117
4.87025
4.88032
4.89759
4.91764
4.94862
4.95706
4.97693
5.00266
5.02216
5.04211
5.07507
5.09289
5.12319
5.14303
5.17199
5.19968
5.21732
5.23426
5.26588
5.28053
5.30107
5.31382
5.33162
5.34265
5.36287
5.36287
5.37662
5.38935
5.39753
5.40593
5.41968
5.43546
5.45377
5.46749
5.4923
5.51553
5.53585
5.55232
5.58407
5.60412
5.63448
5.66473
5.68461
5.70169
5.73013
5.74835
5.77651
5.79087
5.81416
5.82873
5.8508
5.86187
5.87963
5.89722
5.91209
5.92024
5.9291
5.94261
5.94954
5.96171
5.97525
5.9868
5.99677
6.01778
6.03045
6.05634
6.07364
6.09888
6.1181
6.15037
6.17823
6.19856
6.21879
6.25109
6.27044
6.30522
6.32286
6.34186
6.35797
6.38073
6.39321
6.41488
6.42727
6.44457
6.45531
6.47033
6.47853
6.49176
6.50428
6.51392
6.52192
6.53855
6.55483
6.56981
6.59017
6.60842
6.63245
6.65329
6.67987
6.70977
6.74009
6.75272
6.78029
6.80001
6.81932
6.84959
6.87392
6.89079
6.91473
6.93158
6.95089
6.97037
6.98247
6.99529
7.00989
7.02459
7.03374
7.04666
7.05497
7.06353
7.07753
7.08939
7.10583
7.11925
7.14172
7.16033
7.1872
7.2038
7.23352
7.25655
7.28517
7.31654
7.33728
7.36779
7.38756
7.41616
7.43441
7.45408
7.47679
7.49426
7.51424
7.53435
7.54682
7.5642
7.57497
7.58998
7.59933
7.61293
7.62234
7.63765
7.65505
7.67673
7.68218
7.70764
7.7314
7.74976
7.76888
7.79864
7.81897
7.8498
7.87035
7.90081
7.92072
7.94968
7.96827
7.99492
8.01995
8.03571
8.0579
8.08005
8.0973
8.11467
8.11467
8.1319
8.14534
8.15948
8.16551
8.18643
8.19669
8.20942
8.2233
8.24633
8.27186
8.29958
8.30924
8.3392
8.3807
8.39121
8.42274
8.45649
8.4743
8.50397
8.51357
8.54139
8.56757
8.59201
8.60918
8.63054
8.6422
8.66241
8.67253
8.69006
8.7037
8.71416
8.72208
8.73731
8.74616
8.76296
8.77551
8.79844
8.8121
8.83754
8.86766
8.88725
8.90492
8.93601
8.95969
8.9913
9.01989
9.04026
9.0626
9.08889
9.1161
9.13539
9.15958
9.17472
9.19596
9.20755
9.22762
9.23907
9.25379
9.26381
9.27928
9.28894
9.30311
9.31437
9.33488
9.349
9.37035
9.38723
9.41682
9.44363
9.46389
9.49512
9.52687
9.54012
9.57169
9.60003
9.62257
9.64911
9.66761
9.69399
9.71263
9.73404
9.75043
9.76418
9.78341
9.79964
9.812
9.82609
9.84032
9.84943
9.85875
9.87379
9.89089
9.90369
9.91956
9.94112
9.96045
9.98592
10.0055
10.0363
10.0708
10.0897
10.1113
10.1435
10.1776
10.1954
10.2249
10.2437
10.2704
10.2954
10.311
10.3258
10.3466
10.3657
10.3717
10.3887
10.4005
10.4143
10.4244
10.4404
10.4582
10.4784
10.4933
10.5094
10.5356
10.564
10.584
10.6046
10.6363
10.6686
10.6901
10.7114
10.7428
10.7631
10.7926
10.8113
10.838
10.8549
10.8787
10.8935
10.9143
10.9289
10.9454
10.9621
10.9724
10.987
10.9962
11.0054
11.0201
11.0308
11.0488
11.0624
11.085
11.1104
11.1287
11.148
11.1785
11.2319
11.2319
11.2536
11.2862
11.3208
11.3391
11.3693
11.4004
11.4186
11.4424
11.4586
11.4741
11.4958
11.5092
11.5219
11.5451
11.5557
11.5706
11.58
11.5941
11.604
11.6205
11.6328
11.6554
11.6709
11.7032
11.7243
11.7416
11.762
11.7936
11.8151
11.8476
11.8719
11.9036
11.9217
11.9541
11.9709
11.9983
12.0156
12.0479
12.0628
12.0769
12.0982
12.1104
12.1275
12.1381
12.147
12.1636
12.173
12.1905
12.2103
12.225
12.2492
12.2691
12.2977
12.3153
12.3466
12.3682
12.4036
12.4255
12.4554
12.4767
12.5104
12.5304
12.5568
12.5752
12.6012
12.6196
12.6407
12.6568
12.6768
12.6938
12.7053
12.7162
12.7328
12.7463
12.7674
12.7732
12.7871
12.806
12.8294
12.8378
12.8671
12.8865
12.9146
12.9384
12.9712
12.9933
13.0237
13.0566
13.0806
13.1092
13.139
13.158
13.1871
13.2019
13.2258
13.2408
13.2616
13.2746
13.2869
13.304
13.3159
13.3296
13.3392
13.354
13.3661
13.3824
13.4028
13.4199
13.4429
13.4705
13.4902
13.5108
13.5428
13.5757
13.5979
13.6201
13.6529
13.677
13.7055
13.7255
13.7541
13.7722
13.7977
13.8157
13.8362
13.8568
13.8696
13.8817
13.8987
13.9143
13.9242
13.9343
13.9505
13.9622
13.9819
13.9965
14.0207
14.0498
14.0666
14.0866
14.1315
14.1396
14.1724
14.1944
14.2272
14.2592
14.28
14.31
14.3292
14.3565
14.3901
14.3981
14.4133
14.4346
14.4478
14.4664
14.4779
14.494
14.5089
14.5137
14.5346
14.5497
14.5618
14.5769
14.5975
14.6227
14.641
14.6604
14.6807
14.7125
14.7455
14.7678
14.8041
14.8235
14.8454
14.8773
14.9104
14.9275
14.9553
14.9728
14.9995
15.0222
15.0364
15.0561
15.0669
15.0785
15.0948
15.105
15.1202
15.1309
15.15
15.1682
15.1848
15.2072
15.2248
15.2558
15.2838
15.305
15.3375
15.3623
15.3844
15.4145
15.4466
15.4701
15.4878
15.5169
15.5354
15.5637
15.5781
15.6086
15.6157
15.6376
15.6546
15.6661
15.6823
15.6937
15.7118
15.7168
15.7326
15.7459
15.764
15.7787
15.7946
15.8232
15.8523
15.8728
15.8914
15.927
15.9578
15.9802
16.0136
16.0382
16.0675
16.0881
16.1177
16.1387
16.163
16.1797
16.2032
16.2196
16.2383
16.2511
16.2688
16.2812
16.2916
16.305
16.316
16.3355
16.3472
16.36
16.3814
16.4058
16.4236
16.4523
16.4727
16.4965
16.5266
16.549
16.5827
16.6078
16.638
16.67
16.6906
16.713
16.739
16.7655
16.7822
16.8074
16.8271
16.8404
16.853
16.8706
16.8815
16.8968
16.9065
16.9178
16.9325
16.9572
16.9641
16.9868
17.0035
17.0309
17.0506
17.0818
17.1035
17.137
17.1596
17.1937
17.2162
17.2493
17.2708
17.3019
17.3217
17.35
17.3678
17.395
17.4087
17.4306
17.4443
17.4633
17.4751
17.4916
17.5068
17.5165
17.5265
17.5425
17.5605
17.574
17.5888
17.6134
17.6314
17.6606
17.6812
17.7136
17.7358
17.7699
17.8041
17.8267
17.8601
17.8817
17.913
17.9426
17.9521
17.9792
18.0044
18.0201
18.042
18.0556
18.0821
18.0864
18.1028
18.1131
18.128
18.1384
18.1494
18.1678
18.1888
18.2045
18.2215
18.2617
18.2796
18.312
18.3344
18.3803
18.3919
18.4266
18.4495
18.483
18.5047
18.5256
18.5459
18.5861
18.6015
18.6283
18.6418
18.6634
18.6768
18.6955
18.707
18.7232
18.7333
18.7475
18.7566
18.771
18.787
18.7991
18.8124
18.8349
18.8517
18.8816
18.9119
18.9333
18.9525
18.9864
19.0094
19.0468
19.0668
19.1003
19.1353
19.1635
19.1831
19.2109
19.2305
19.253
19.2683
19.2845
19.3045
19.3213
19.3328
19.3449
19.3587
19.3696
19.3833
19.3999
19.4139
19.4276
19.4506
19.4655
19.4956
19.5233
19.5555
19.5779
19.6035
19.6353
19.6699
19.6926
19.7178
19.7369
19.7685
19.7911
19.8197
19.8442
19.8609
19.8844
19.9008
19.9193
19.9319
19.9495
19.9617
19.9769
19.9898
19.9989
20.0083
20.0237
20.0415
20.0549
20.0716
20.0945
20.1223
20.1448
20.1768
20.1962
20.2304
20.2536
20.2883
20.3226
20.345
20.3668
20.4009
20.4305
20.447
20.465
20.4904
20.5062
20.5284
20.5422
20.5614
20.5733
20.5899
20.6003
20.622
20.6259
20.643
20.6556
20.6769
20.7097
20.7187
20.7376
20.7813
20.7894
20.8228
20.8457
20.8804
20.9035
20.9378
20.9602
20.9928
21.0238
21.0436
21.0625
21.0892
21.114
21.1294
21.144
21.1644
21.1831
21.2016
21.2109
21.221
21.2355
21.2454
21.2558
21.2746
21.293
21.3079
21.3241
21.3509
21.3804
21.412
21.434
21.4709
21.4911
21.5257
21.5487
21.5851
21.6042
21.6357
21.6559
21.6868
21.7025
21.7278
21.7436
21.7674
21.7793
21.7983
21.8171
21.8265
21.8417
21.8526
21.8612
21.8786
21.889
21.9107
21.9238
21.9486
21.9762
21.9961
22.017
22.0525
22.0722
22.1094
22.141
22.1638
22.1973
22.2217
22.2504
22.2729
22.299
22.3191
22.334
22.3599
22.387
22.3937
22.4142
22.4302
22.441
22.4525
22.4672
22.4773
22.4921
22.5055
22.5258
22.541
22.5641
22.5824
22.6146
22.6357
22.6659
22.6886
22.7261
22.7464
22.8148
22.8148
22.8787
22.8787
22.8887
22.9446
22.9446
22.9925
22.9925
23.0282
23.0282
23.0328
23.0613
23.0613
23.0917
23.0917
23.0951
23.109
23.1632
23.1632
23.1709
23.1963
23.2152
23.2936
23.3024
23.3994
23.3994
23.4594
23.4827
23.5053
23.5298
23.5582
23.5778
23.6052
23.6243
23.646
23.6606
23.6809
23.6993
23.7107
23.7213
23.7362
23.7499
23.7633
23.7726
23.7828
23.8
23.813
23.8352
23.8517
23.8788
23.8984
23.9296
23.9513
23.9849
24.0076
24.0419
24.0645
24.0979
24.1195
24.1507
24.1705
24.1989
24.2253
24.2418
24.2575
24.2793
24.2929
24.3192
24.3235
24.3398
24.35
24.3645
24.3793
24.39
24.4078
24.4229
24.4358
24.4623
24.4873
24.5068
24.5273
24.5594
24.5927
24.6153
24.6379
24.6717
24.7047
24.7366
24.7571
24.7769
24.805
24.8313
24.8396
24.8726
24.8868
24.8986
24.9113
24.9359
24.9452
24.9553
24.9649
24.9832
24.9978
25.0031
25.0205
25.0424
25.0557
25.0809
25.0992
25.1313
25.1496
25.1849
25.2044
25.227
25.2608
25.297
25.316
25.3372
25.3778
25.3993
25.4263
25.4433
25.4575
25.4802
25.4944
25.5157
25.5264
25.5448
25.5604
25.5701
25.5782
25.5871
25.6055
25.617
25.6329
25.6476
25.668
25.6865
25.7113
25.7307
25.7641
25.7857
25.805
25.8385
25.8722
25.8945
25.9272
25.951
25.9815
26.0009
26.0263
26.0459
26.0703
26.091
26.1051
26.1184
26.1385
26.1499
26.1646
26.1745
26.1897
26.1988
26.213
26.2221
26.2394
26.2596
26.2746
26.2998
26.3204
26.3475
26.3683
26.3898
26.423
26.4567
26.4792
26.5126
26.537
26.566
26.5863
26.6059
26.6359
26.6596
26.6758
26.6985
26.7126
26.7322
26.7444
26.7614
26.7732
26.7867
26.7959
26.8092
26.8195
26.8332
26.8444
26.8635
26.8798
26.902
26.9198
26.9486
26.9797
27.0013
27.0235
27.0574
27.0914
27.1166
27.1387
27.1682
27.1915
27.2187
27.2376
27.2642
27.2909
27.3043
27.3257
27.3391
27.3591
27.3691
27.3852
27.3951
27.4092
27.4182
27.4323
27.4426
27.46
27.4802
27.4954
27.5119
27.539
27.5791
27.5896
27.6113
27.6588
27.6787
27.7014
27.7238
27.7569
27.7783
27.8091
27.8288
27.8567
27.8828
27.899
27.9145
27.936
27.9558
27.9695
27.9918
27.997
28.0106
28.0255
28.0333
28.0425
28.0576
28.0689
28.0814
28.1027
28.1272
28.1546
28.1644
28.1952
28.228
28.2505
28.285
28.3081
28.3426
28.3791
28.3981
28.4194
28.4523
28.4785
28.5051
28.5238
28.5375
28.5524
28.573
28.5919
28.6035
28.6198
28.6358
28.645
28.6569
28.6654
28.6742
28.6902
28.7001
28.7194
28.7341
28.759
28.7775
28.8101
28.8428
28.8627
28.8978
28.9216
28.9455
28.984
29.0073
29.0384
29.0735
29.0941
29.1209
29.1394
29.1675
29.1836
29.1969
29.2182
29.2313
29.2496
29.2664
29.2768
29.2914
29.3019
29.3154
29.3261
29.3459
29.3579
29.3832
29.3983
29.4292
29.4498
29.4796
29.5138
29.549
29.5609
29.5995
29.62
29.6575
29.6881
29.7096
29.7403
29.769
29.7782
29.8063
29.8225
29.8451
29.8641
29.8786
29.8951
29.9116
29.9219
29.9317
29.9457
29.9554
29.9711
29.983
30.0031
30.0203
30.0439
30.0626
30.0931
30.1175
30.1488
30.1721
30.2078
30.2467
30.2792
30.3024
30.325
30.3497
30.3786
30.4084
30.4271
30.447
30.4699
30.4854
30.5071
30.5221
30.5391
30.5507
30.5669
30.5818
30.5914
30.6063
30.6172
30.6356
30.6494
30.6727
30.6901
30.7211
30.7392
30.7746
30.7945
30.8296
30.8534
30.8891
30.9128
30.9475
30.9811
31.0026
31.0234
31.053
31.0717
31.0979
31.1143
31.1372
31.1514
31.1712
31.1908
31.2006
31.2125
31.2261
31.2355
31.2498
31.2656
31.2774
31.2905
31.323
31.3405
31.357
31.3771
31.4093
31.4464
31.467
31.4909
31.5301
31.563
31.5866
31.6209
31.643
31.6773
31.7045
31.7232
31.741
31.766
31.7888
31.803
31.8243
31.8349
31.8519
31.8625
31.8784
31.8953
31.8998
31.909
31.9242
31.9358
31.9556
31.9808
31.9983
32.0148
32.0481
32.0813
32.1015
32.1251
32.1612
32.1974
32.2213
32.2564
32.2903
32.3147
32.3355
32.3627
32.3814
32.4099
32.4241
32.447
32.4762
32.4825
32.4946
32.5102
32.5221
32.5368
32.5452
32.5601
32.5767
32.5909
32.6104
32.6263
32.6459
32.6747
32.6953
32.7253
32.7595
32.7859
32.8186
32.8424
32.866
32.9035
32.9342
32.9557
32.9864
33.0058
33.0333
33.0526
33.0746
33.0914
33.1104
33.1234
33.1414
33.1579
33.1682
33.1827
33.192
33.2067
33.2174
33.2355
33.2492
33.2724
33.2897
33.3181
33.3386
33.3712
33.3938
33.4288
33.4525
33.4881
33.5115
33.5461
33.5685
33.6008
33.6214
33.6507
33.6692
33.6973
33.7114
33.7359
33.7482
33.7679
33.7859
33.7971
33.8076
33.8225
33.8321
33.847
33.8637
33.8847
33.8975
33.9135
33.9401
33.9595
33.9909
34.013
34.0358
34.086
34.1069
34.1308
34.1545
34.1921
34.2229
34.2444
34.2752
34.2946
34.3222
34.3394
34.3635
34.3784
34.401
34.4122
34.4302
34.4428
34.4571
34.4668
34.4806
34.4895
34.5037
34.5198
34.532
34.5549
34.5773
34.5954
34.605
34.649
34.6685
34.7032
34.727
34.7631
34.7872
34.8259
34.8578
34.883
34.902
34.9331
34.9622
34.9826
34.9977
35.0219
35.0457
35.0593
35.0706
35.0899
35.1062
35.1151
35.1248
35.1387
35.1532
35.1638
35.1818
35.1954
35.2185
35.238
35.2667
35.2846
35.32
35.3428
35.375
35.3988
35.4375
35.4699
35.493
35.5155
35.5507
35.5687
35.5982
35.6257
35.6449
35.6668
35.6817
35.7025
35.7169
35.739
35.7444
35.76
35.7744
35.7836
35.7945
35.8089
35.8287
35.8408
35.858
35.8815
35.9101
35.9307
35.9635
35.9864
36.0217
36.0456
36.0816
36.1054
36.1404
36.163
36.1958
36.2167
36.2465
36.2675
36.3
36.3081
36.3311
36.3453
36.3652
36.3775
36.3946
36.4052
36.4201
36.4294
36.4428
36.457
36.4674
36.479
36.4988
36.5138
36.5414
36.5579
36.5883
36.624
36.647
36.6676
36.7035
36.7397
36.7754
36.813
36.8326
36.8649
36.8854
36.9051
36.9328
36.9501
36.9664
36.9892
37.0033
37.0229
37.035
37.0519
37.0685
37.0769
37.0915
37.0992
37.1182
37.1234
37.1427
37.1546
37.1778
37.195
37.2236
37.2443
37.2773
37.3003
37.3358
37.3599
37.3992
37.4201
37.4554
37.4782
37.5138
37.5423
37.5644
37.5807
37.6092
37.6333
37.6483
37.6607
37.682
37.6984
37.715
37.7264
37.7349
37.7486
37.7586
37.7728
37.7819
37.7998
37.8208
37.8389
37.8542
37.8934
37.9067
37.9404
37.9638
37.997
38.0215
38.0584
38.0828
38.1186
38.1417
38.1778
38.2067
38.2266
38.2547
38.2806
38.2908
38.3119
38.3331
38.3477
38.3643
38.3755
38.3912
38.4022
38.4148
38.4237
38.4379
38.4539
38.4677
38.4797
38.5028
38.5293
38.5487
38.5693
38.6021
38.6368
38.6725
38.6845
38.7205
38.7473
38.7794
38.8021
38.8659
38.8659
38.8878
38.9218
38.9303
38.9621
38.9695
38.9987
39.0035
39.0272
39.0381
39.0484
39.0581
39.0817
39.0867
39.1092
39.1092
39.1445
39.1526
39.1887
39.1887
39.2518
39.2518
39.2746
39.3688
39.3805
39.4802
39.4905
39.5131
39.6073
39.6073
39.7365
39.7365
39.7419
39.7419
39.7678
39.7743
39.7968
39.7986
39.7986
39.8112
39.8112
39.8454
39.8454
39.9274
39.9274
40.0612
40.0612
40.1844
40.1844
40.2794
40.2887
40.2887
40.3432
40.3432
40.3937
40.3971
40.3971
40.4116
40.4116
40.4562
40.4562
40.5001
40.5056
40.57
40.5787
40.6721
40.6721
40.7723
40.7826
40.874
40.874
40.8937
40.9762
40.9846
41.0522
41.0522
41.1173
41.1173
41.1614
41.1614
41.192
41.1952
41.2024
41.2174
41.2273
41.2476
41.2742
41.2928
41.3129
41.3426
41.3655
41.4014
41.4258
41.4629
41.4876
41.5241
41.5595
41.5823
41.6043
41.6382
41.6554
41.6833
41.711
41.7267
41.7487
41.7606
41.781
41.7926
41.8022
41.8176
41.8271
41.8416
41.8531
41.861
41.8733
41.8809
41.8922
41.9067
41.9241
41.9376
41.9546
41.978
41.999
42.0268
42.0481
42.0815
42.1073
42.1304
42.1623
42.1965
42.2216
42.2512
42.2719
42.3014
42.3223
42.3463
42.3627
42.3856
42.4065
42.4195
42.4317
42.4486
42.4604
42.4738
42.4829
42.4958
42.5051
42.5186
42.5327
42.5444
42.5646
42.58
42.6058
42.6248
42.6555
42.6773
42.7229
42.7346
42.7701
42.7938
42.8289
42.8518
42.8852
42.9066
42.9372
42.9565
42.9837
43.0089
43.0246
43.0394
43.0599
43.0726
43.0903
43.1012
43.1164
43.1259
43.1393
43.1479
43.1617
43.1718
43.1892
43.2025
43.2357
43.2512
43.2703
43.2906
43.3372
43.3573
43.3808
43.4045
43.4433
43.4756
43.4987
43.5212
43.5667
43.5844
43.6038
43.6222
43.6482
43.6721
43.6869
43.7008
43.7202
43.7379
43.7541
43.7592
43.7737
43.7914
43.8002
43.806
43.8253
43.8373
43.8579
43.8735
43.8997
43.9291
43.9501
43.9722
44.0096
44.0302
44.0541
44.09
44.1371
44.1485
44.1821
44.2167
44.2539
44.2539
44.2901
44.3069
44.3227
44.3448
44.365
44.3729
44.3949
44.4057
44.4208
44.4314
44.4479
44.4522
44.466
44.4709
44.4889
44.5001
44.5217
44.5489
44.5748
44.5848
44.6165
44.6618
44.6736
44.7212
44.7331
44.7924
44.7924
44.8377
44.8486
44.8802
44.9283
44.9283
44.9625
44.9725
44.993
45.0069
45.0321
45.0394
45.0505
45.0646
45.0889
45.0889
45.0963
45.1122
45.1162
45.1301
45.1438
45.1553
45.1908
45.1908
45.2167
45.2358
45.2668
45.2916
45.3232
45.3468
45.3827
45.4096
45.4421
45.4765
45.4987
45.5228
45.5607
45.5887
45.5975
45.6306
45.6383
45.6601
45.6736
45.6938
45.7039
45.72
45.73
45.744
45.753
45.7624
45.7777
45.7907
45.8088
45.8237
45.8487
45.8769
45.8972
45.9185
45.9521
45.9782
46.0017
46.0343
46.0696
46.0956
46.1509
46.1509
46.1794
46.2016
46.2272
46.2448
46.2694
46.2865
46.306
46.3255
46.3376
46.3503
46.3648
46.3746
46.3885
46.3983
46.4099
46.4233
46.4334
46.4508
46.4641
46.487
46.5041
46.5326
46.5531
46.5859
46.6087
46.6441
46.68
46.704
46.7277
46.7655
46.7852
46.8178
46.8386
46.8681
46.8866
46.9127
46.9289
46.9516
46.9656
46.9851
46.9972
47.0141
47.0295
47.0392
47.0483
47.0614
47.0701
47.0844
47.0951
47.1135
47.1371
47.1514
47.1691
47.2085
47.2191
47.2521
47.275
47.3221
47.3577
47.3695
47.3929
47.4271
47.46
47.4836
47.5012
47.5412
47.5565
47.573
47.5961
47.6104
47.6319
47.6426
47.6663
47.6752
47.6849
47.6985
47.7073
47.7164
47.7315
47.749
47.7624
47.7873
47.8023
47.8306
47.851
47.8864
47.9063
47.9415
47.9654
48.0013
48.025
48.0628
48.0826
48.1152
48.1386
48.168
48.1842
48.2103
48.2266
48.2493
48.2633
48.2828
48.3006
48.313
48.3283
48.3378
48.3512
48.3586
48.367
48.3816
48.3905
48.4094
48.4211
48.4459
48.4701
48.4919
48.5233
48.554
48.5772
48.6009
48.6399
48.6609
48.6965
48.7226
48.7562
48.7777
48.8059
48.8277
48.8549
48.8719
48.8937
48.9103
48.9307
48.9418
48.9594
48.9756
48.9869
48.9998
49.0087
49.0172
49.0305
49.0382
49.0527
49.0638
49.0849
49.0999
49.123
49.1513
49.1745
49.2074
49.2303
49.2658
49.2897
49.3108
49.3466
49.3816
49.4071
49.437
49.4577
49.4873
49.5081
49.5318
49.548
49.5704
49.586
49.6036
49.6155
49.6321
49.6436
49.6567
49.6657
49.6784
49.6877
49.7
49.7099
49.7271
49.7421
49.763
49.78
49.8083
49.8313
49.8613
49.8958
49.9194
49.9583
49.9793
50.0148
50.038
50.0717
50.0933
50.114
50.1435
50.1731
50.188
50.2119
50.2267
50.2473
50.26
50.2777
50.2887
50.304
50.3135
50.3312
50.3354
50.3477
50.3563
50.3708
50.3819
50.4012
50.424
50.4411
50.4822
50.49
50.5117
50.5459
50.5694
50.6053
50.6414
50.6652
50.6886
50.7228
50.7447
50.7762
50.7961
50.8242
50.8503
50.8665
50.8818
50.9031
50.9163
50.9347
50.946
50.9681
50.9764
50.9856
50.9942
51.0123
51.0203
51.0304
51.0417
51.0684
51.0841
51.1013
51.1426
51.1505
51.1835
51.2183
51.2573
51.2785
51.3027
51.3387
51.3622
51.3851
51.4181
51.4493
51.469
51.4989
51.5223
51.5383
51.5622
51.5758
51.5931
51.6049
51.6226
51.6326
51.6468
51.6545
51.663
51.684
51.684
51.6998
51.7172
51.7306
51.7515
51.7707
51.7992
51.8197
51.8497
51.884
51.9105
51.9314
51.9673
51.991
52.0287
52.0512
52.081
52.1017
52.1311
52.1496
52.1756
52.1995
52.2143
52.235
52.2477
52.2655
52.2765
52.2931
52.3014
52.3149
52.3244
52.3357
52.3443
52.3589
52.3715
52.3894
52.4042
52.4316
52.4503
52.4783
52.5
52.5342
52.5697
52.5968
52.6299
52.6539
52.6804
52.7119
52.734
52.7656
52.8071
52.814
52.8338
52.8565
52.8737
52.8932
52.9064
52.9247
52.9415
52.9518
52.9664
52.9754
52.9882
52.9966
53.01
53.02
53.0372
53.0505
53.0652
53.0902
53.1184
53.1388
53.1714
53.1942
53.2323
53.2532
53.2892
53.3129
53.3479
53.3706
53.4033
53.4241
53.4538
53.4724
53.4985
53.5147
53.5462
53.5514
53.5708
53.5828
53.5995
53.6148
53.6243
53.6333
53.6511
53.6583
53.6668
53.6762
53.6938
53.7047
53.7263
53.7426
53.7699
53.8002
53.8219
53.8445
53.8797
53.9158
53.9521
53.9761
54.0114
54.0342
54.0564
54.0777
54.1082
54.1366
54.1543
54.179
54.1944
54.2157
54.2289
54.2412
54.2584
54.2754
54.2932
54.2977
54.3186
54.3186
54.3324
54.3406
54.3567
54.3692
54.3907
54.407
54.4247
54.454
54.4887
54.5084
54.5463
54.5671
54.6032
54.6271
54.6653
54.6967
54.7214
54.7399
54.7726
54.7892
54.8182
54.8327
54.8633
54.8704
54.8904
54.9027
54.9213
54.9356
54.9454
54.9546
54.9687
54.9816
54.9897
55.0067
55.0188
55.0378
55.0555
55.0706
55.1015
55.1302
55.1523
55.1897
55.2134
55.2464
55.2704
55.3088
55.332
55.3628
55.3844
55.4179
55.4444
55.4648
55.4819
55.506
55.5191
55.54
55.5545
55.5724
55.5875
55.5978
55.6075
55.6222
55.6297
55.6422
55.651
55.6669
55.6783
55.6962
55.719
55.7361
55.7644
55.7875
55.8176
55.8434
55.8788
55.8997
55.9357
55.9625
55.983
56.0171
56.0497
56.073
56.1
56.1185
56.1445
56.1626
56.1832
56.1972
56.2166
56.23
56.2452
56.2555
56.27
56.2801
56.2918
56.3012
56.3134
56.3247
56.3406
56.361
56.3766
56.4027
56.422
56.4531
56.4752
56.5127
56.5335
56.5695
56.5935
56.6292
56.6524
56.6862
56.7078
56.7386
56.758
56.7854
56.8025
56.8283
56.8412
56.8617
56.8744
56.8935
56.9082
56.9183
56.9278
56.9497
56.9497
56.9675
56.9775
56.9888
57.0013
57.0229
57.0391
57.0662
57.0962
57.1176
57.1399
57.1776
57.2102
57.234
57.2578
57.2957
57.3268
57.3487
57.38
57.3998
57.4279
57.4538
57.462
57.4852
57.5082
57.5196
57.5319
57.5491
57.5648
57.5746
57.5883
57.5969
57.6093
57.6238
57.6275
57.6497
57.6629
57.6776
57.7026
57.721
57.7511
57.7836
57.8063
57.8413
57.8651
57.9009
57.9392
57.9708
57.982
58.0145
58.0478
58.0671
58.0832
58.1092
58.1253
58.1497
58.1618
58.1827
58.1931
58.2111
58.22
58.2345
58.2489
58.2562
58.2643
58.277
58.2863
58.3039
58.3148
58.3441
58.3633
58.3819
58.4097
58.4312
58.4679
58.4913
58.524
58.5508
58.595
58.6179
58.6292
58.662
58.6955
58.7127
58.7404
58.7578
58.784
58.7972
58.8182
58.8312
58.8507
58.8618
58.8761
58.8859
58.9039
58.9123
58.9207
58.9294
58.9454
58.9568
58.9747
58.9976
59.0171
59.0434
59.064
59.097
59.1229
59.1556
59.1797
59.2161
59.243
59.2753
59.2982
59.3311
59.3546
59.3818
59.4028
59.4183
59.445
59.4658
59.4865
59.4993
59.5128
59.5281
59.5385
59.5531
59.5708
59.575
59.5834
59.5968
59.6081
59.6241
59.6374
59.6602
59.6795
59.7056
59.7396
59.7589
59.7847
59.8172
59.8532
59.8772
59.904
59.936
59.9697
59.9912
60.022
60.0414
60.0598
60.0858
60.1096
60.1244
60.1449
60.1576
60.1753
60.1863
60.2016
60.2111
60.2246
60.233
60.2456
60.2546
60.2699
60.2832
60.302
60.3175
60.3435
60.3628
60.394
60.4161
60.4508
60.4867
60.5109
60.5352
60.5712
60.6062
60.6288
60.6744
60.6846
60.7018
60.7296
60.747
60.7731
60.7951
60.8071
60.8199
60.8378
60.8541
60.8642
60.8738
60.8872
60.8998
60.908
60.9167
60.9312
60.9483
60.9763
60.9763
61.0013
61.0297
61.0502
61.083
61.1059
61.1413
61.1653
61.1893
61.2281
61.2602
61.2939
61.3156
61.349
61.366
61.3935
61.4107
61.4269
61.4495
61.4701
61.4843
61.5019
61.5114
61.5266
61.5315
61.5495
61.5578
61.57
61.5842
61.5942
61.6115
61.6249
61.6379
61.6651
61.6814
61.7117
61.7333
61.7704
61.791
61.827
61.8512
61.8901
61.9107
61.9451
61.9806
62.0013
62.0285
62.0471
62.0732
62.0914
62.112
62.1276
62.1468
62.1586
62.1737
62.184
62.2028
62.2072
62.2198
62.2279
62.2415
62.2508
62.2656
62.2779
62.3012
62.3241
62.3426
62.3624
62.397
62.4282
62.4516
62.4753
62.5143
62.5499
62.5703
62.6043
62.6288
62.6574
62.6771
62.705
62.7245
62.7468
62.7619
62.7829
62.7974
62.8139
62.8264
62.8407
62.8516
62.864
62.8726
62.8851
62.8984
62.9046
62.9196
62.9391
62.956
62.9792
63.0004
63.0284
63.0615
63.0963
63.1202
63.1444
63.1717
63.2049
63.2286
63.2631
63.288
63.317
63.3371
63.3654
63.3917
63.4079
63.4307
63.4447
63.4658
63.4763
63.4931
63.5035
63.5193
63.5283
63.5401
63.5485
63.562
63.572
63.5832
63.6027
63.6255
63.6517
63.6709
63.6914
63.7385
63.7471
63.7825
63.8065
63.8425
63.8693
63.9014
63.9241
63.9568
63.9877
64.0072
64.0258
64.0519
64.0758
64.0978
64.1047
64.1242
64.1419
64.1529
64.1633
64.1825
64.1913
64.2008
64.2121
64.2253
64.2364
64.2522
64.2654
64.2801
64.3073
64.3332
64.3536
64.3861
64.4088
64.4439
64.4558
64.5035
64.5272
64.562
64.5844
64.6195
64.6375
64.6668
64.6851
64.713
64.727
64.7494
64.7632
64.784
64.8014
64.8109
64.8261
64.8355
64.8445
64.8583
64.8655
64.8789
64.8943
64.9062
64.9287
64.9447
64.9691
64.9886
65.0229
65.0454
65.0895
65.1016
65.1412
65.1656
65.2016
65.2251
65.2592
65.2784
65.3097
65.3318
65.3594
65.3746
65.3988
65.4139
65.4348
65.4492
65.4657
65.4768
65.4936
65.502
65.5157
65.5243
65.5378
65.5502
65.5602
65.5775
65.5926
65.6138
65.6309
65.6593
65.6826
65.7127
65.7357
65.7711
65.8071
65.8312
65.8551
65.8902
65.9157
65.9456
65.9664
65.996
66.0169
66.0407
66.0647
66.0796
66.0936
66.113
66.1308
66.1418
66.1571
66.1667
66.1801
66.1886
66.2013
66.2104
66.2258
66.2377
66.2601
66.2739
66.3001
66.3194
66.3643
66.3727
66.4073
66.4311
66.4672
66.4913
66.5152
66.5504
66.5843
66.6166
66.6371
66.6567
66.6844
66.7017
66.7259
66.7409
66.7617
66.7746
66.7925
66.8036
66.8191
66.8287
66.8423
66.8518
66.8623
66.8678
66.8713
66.8695
66.8599
66.8469
66.8242
66.8032
66.765
66.7354
66.6678
66.6494
66.5908
66.5283
66.4626
66.4401
66.3655
66.3245
66.2534
66.2055
66.1332
66.0606
66.0122
65.9638
65.8915
65.8135
65.7717
65.6767
65.6531
65.5825
65.5358
65.466
65.4198
65.3507
65.3049
65.2593
65.1911
65.1233
65.0782
65.0108
64.938
64.8989
64.8321
64.7598
64.7209
64.6766
64.6046
64.5382
64.4995
64.4554
64.3891
64.345
64.2569
64.2349
64.1634
64.0974
64.0534
64.015
63.9491
63.8778
63.8339
63.7737
63.7299
63.6587
63.6149
63.5548
63.5111
63.4401
63.3965
63.331
63.2929
63.2221
63.1622
63.1187
63.0752
63.0046
62.9612
62.9015
62.8364
62.7877
62.7282
62.6852
62.621
62.5734
62.5162
62.4752
62.4351
62.3716
62.3199
62.2835
62.231
62.1933
62.1492
62.1185
62.0745
62.0431
62.0066
61.9812
61.945
61.9191
61.8889
61.8653
61.8377
61.7997
61.7906
61.764
61.747
61.7283
61.7064
61.6833
61.6684
61.6521
61.6311
61.6125
61.5994
61.5802
61.5678
61.5557
61.5381
61.5212
61.5089
61.4943
61.484
61.469
61.4594
61.4454
61.4364
61.4231
61.4138
61.399
61.3881
61.3701
61.3503
61.336
61.3212
61.2983
61.2827
61.2593
61.2442
61.2228
61.2096
61.1921
61.182
61.1695
61.1628
61.1534
61.1519
61.1481
61.1477
61.1477
61.1475
61.146
61.1423
61.1389
61.1326
61.127
61.1177
61.1114
61.1038
61.0882
61.0796
61.0733
61.0666
61.0553
61.0509
61.0457
61.0449
61.0424
61.0424
61.0432
61.0455
61.0475
61.0499
61.0512
61.0508
61.0491
61.0466
61.0402
61.0348
61.0226
61.0194
61.0088
61.0034
60.9947
60.9896
60.9833
60.9802
60.9772
60.9764
60.9767
60.9792
60.9812
60.9842
60.9895
60.9936
61.0002
61.0055
61.0119
61.0172
61.0235
61.0279
61.0347
61.038
61.0433
61.048
61.0508
61.0547
61.0575
61.0592
61.0607
61.0627
61.0636
61.0649
61.0659
61.0665
61.0669
61.0674
61.0677
61.0682
61.0685
61.0689
61.0692
61.0697
61.0701
61.0704
61.0709
61.0713
61.0719
61.0723
61.073
61.0735
61.074
61.0744
61.075
61.0756
61.076
61.0762
61.0765
61.0771
61.0773
61.0775
61.0778
61.0779
61.0781
61.0782
61.0783
61.0783
61.0783
61.0783
61.0783
61.0781
61.0781
61.078
61.0778
61.0778
61.0775
61.0775
61.0771
61.0771
61.0771
61.0767
61.0767
61.0762
61.0762
61.0761
61.0759
61.0751
61.075
61.0747
61.0746
61.0737
61.0736
61.0728
61.0728
61.0728
61.0725
61.0722
61.072
61.0717
61.0714
61.0712
61.0709
61.0706
61.0704
61.07
61.0698
61.0694
61.0692
61.0688
61.0686
61.0682
61.0679
61.0676
61.0673
61.0666
61.0666
61.0662
61.0657
61.0655
61.0651
61.0648
61.0644
61.0641
61.0637
61.0635
61.063
61.0627
61.0624
61.0621
61.0618
61.0614
61.061
61.0607
61.0603
61.06
61.0596
61.0593
61.0589
61.0586
61.0582
61.058
61.0576
61.0572
61.0568
61.0566
61.0562
61.0558
61.0555
61.055
61.0548
61.0544
61.0541
61.0537
61.0534
61.0532
61.0527
61.0523
61.0521
61.0517
61.0514
61.051
61.0507
61.0503
61.0499
61.0496
61.0493
61.0489
61.0486
61.048
61.0479
61.0475
61.0473
61.0468
61.0466
61.0462
61.0457
61.0455
61.0452
61.0448
61.0445
61.0441
61.0438
61.0434
61.043
61.0427
61.0424
61.042
61.0418
61.0414
61.0412
61.0408
61.0406
61.0401
61.04
61.0395
61.0392
61.039
61.0386
61.0384
61.038
61.0378
61.0375
61.0372
61.0368
61.0366
61.0363
61.0359
61.0356
61.0353
61.0351
61.0345
61.0344
61.034
61.0339
61.0335
61.0331
61.0329
61.0326
61.0323
61.0319
61.0317
61.0313
61.0309
61.0307
61.0303
61.0301
61.0298
61.0296
61.0293
61.0291
61.0287
