0
0
0
0
0
0
0
0
0
0
0
0
0
0
0
0
0
0
0
0
0
0
0
0
0
0
0
0
0
0
0
0
0
0
0
0
0
0
0
0
0
0
0
0
0
0
0
0
0
0
0
0
0
0
0
0
0
0
0
0
0
0
0
0
0
0
0
0
0
0
0
0
0
0
0
0
0
0
0
0
0
0
0
0
0
0
0
0
0
0
0
0
0
0
0
0
0
0
0
0
0
0
0
0
0
0
0
0
0
0
0
0
0
0
0
0
0
0
0
0
0
0
0
0
0
0
0
0
0
0
0
0
0
0
0
0
0
0
0
0
0
0
0
0
0
0
0
0
0
0
0
0
0
0
0
0
0
0
0
0
0
0
0
0
0
0
0
0
0
0
0
0
0
0
0
0
0
0
0
0
0
0
0
0
0
0
0
0
0
0
0
0
0
0
0
0
0
0
0
0
0
0
0
0
0
0
0
0
0
0
0
0
0
0
0
0
0
0
0
0
0
0
0
0
0
0
0
0
0
0
0
0
0
0
0
0
0
0
0
0
0
0
0
0
0
0
0
0
0
0
0
0
0
0
0
0
0
0
0
0
0
0
0
0
0
0
0
0
0
0
0
0
0
0
0
0
0
0
0
0
0
0
0
0
0
0
0
0
0
0
0
0
0
0
0
0
0
0
0
0
0
0
0
0
0
0
0
0
0
0
0
0
0
0
0
0
0
0
0
0
0
0
0
0
-0.135363
-0.135363
-0.135363
-0.135363
-0.135363
-0.135363
-0.135363
-0.135363
-0.135363
-0.135363
-0.135363
-0.135363
-0.135363
-0.135363
-0.135363
-0.135363
-0.135363
-0.135363
-0.135363
-0.135363
-0.135363
-0.135363
-0.135363
-0.135363
-0.135363
-0.135363
-0.135363
-0.135363
-0.135363
-0.135363
-0.135363
-0.135363
-0.135363
-0.135363
-0.135363
-0.135363
-0.135363
-0.135363
0.0948257
0.0948257
0.0948257
0.0948257
0.0948257
0.0948257
0.0948257
0.0948257
0.0948257
0.0948257
0.0948257
0.0948257
0.0948257
0.0948257
0.0948257
0.0948257
0.0948257
0.0948257
0.0948257
0.0948257
0.0948257
0.0948257
0.0948257
0.0948257
0.0948257
0.0948257
0.0948257
0.0948257
0.0948257
0.0948257
0.0948257
0.0948257
-0.000391006
-0.000391006
-0.000391006
-0.000391006
-0.000391006
-0.000391006
-0.000391006
-0.000391006
-0.000391006
-0.000391006
-0.000391006
-0.000391006
-0.000391006
-0.000391006
-0.000391006
-0.000391006
-0.000391006
-0.000391006
-0.000391006
-0.000391006
-0.000391006
-0.000391006
-0.000391006
-0.000391006
-0.000391006
-0.000391006
-0.000391006
-0.000391006
-0.000391006
-0.000391006
-0.000391006
-0.000391006
0.00439072
0.00439072
0.00439072
0.00439072
0.00439072
0.00439072
0.00439072
0.00439072
0.00439072
0.00439072
0.00439072
0.00439072
0.00439072
0.00439072
0.00439072
0.00439072
0.00439072
0.00439072
0.00439072
0.00439072
0.00439072
0.00439072
0.00439072
0.00439072
0.00439072
0.00439072
0.00439072
0.00439072
0.00439072
0.00439072
0.00439072
0.00439072
-0.000421524
-0.000421524
-0.000421524
-0.000421524
-0.000421524
-0.000421524
-0.000421524
-0.000421524
-0.000421524
-0.000421524
-0.000421524
-0.000421524
-0.000421524
-0.000421524
-0.000421524
-0.000421524
-0.000421524
-0.000421524
-0.000421524
-0.000421524
-0.000421524
-0.000421524
-0.000421524
-0.000421524
-0.000421524
-0.000421524
-0.000421524
-0.000421524
-0.000421524
-0.000421524
-0.000421524
-0.00688171
-0.00688171
-0.00688171
-0.00688171
-0.00688171
-0.00688171
-0.00688171
-0.00688171
-0.00688171
-0.00688171
-0.00688171
-0.00688171
-0.00688171
-0.00688171
-0.00688171
-0.00688171
-0.00688171
-0.00688171
-0.00688171
-0.00688171
-0.00688171
-0.00688171
-0.00688171
-0.00688171
-0.00688171
-0.00688171
-0.00688171
-0.00688171
-0.00688171
-0.00688171
-0.0267954
-0.0267954
-0.0267954
-0.0267954
-0.0267954
-0.0267954
-0.0267954
-0.0267954
-0.0267954
-0.0267954
-0.0267954
-0.0267954
-0.0267954
-0.0267954
-0.0267954
-0.0267954
-0.0267954
-0.0267954
-0.0267954
-0.0267954
-0.0267954
-0.0267954
-0.0267954
-0.0267954
-0.0267954
-0.0267954
-0.0267954
-0.0267954
-0.0267954
-0.0267954
-0.035326
-0.035326
-0.035326
-0.035326
-0.035326
-0.035326
-0.035326
-0.035326
-0.035326
-0.035326
-0.035326
-0.035326
-0.035326
-0.035326
-0.035326
-0.035326
-0.035326
-0.035326
-0.035326
-0.035326
-0.035326
-0.035326
-0.035326
-0.035326
-0.035326
-0.035326
-0.035326
-0.035326
-0.035326
-0.035326
-0.0475063
-0.0475063
-0.0475063
-0.0475063
-0.0475063
-0.0475063
-0.0475063
-0.0475063
-0.0475063
-0.0475063
-0.0475063
-0.0475063
-0.0475063
-0.0475063
-0.0475063
-0.0475063
-0.0475063
-0.0475063
-0.0475063
-0.0475063
-0.0475063
-0.0475063
-0.0475063
-0.0475063
-0.0475063
-0.0475063
-0.0475063
-0.0475063
-0.0475063
-0.0475063
-0.0502729
-0.0502729
-0.0502729
-0.0502729
-0.0502729
-0.0502729
-0.0502729
-0.0502729
-0.0502729
-0.0502729
-0.0502729
-0.0502729
-0.0502729
-0.0502729
-0.0502729
-0.0502729
-0.0502729
-0.0502729
-0.0502729
-0.0502729
-0.0502729
-0.0502729
-0.0502729
-0.0502729
-0.0502729
-0.0502729
-0.0502729
-0.0502729
-0.0502729
-0.0689726
-0.0689726
-0.0689726
-0.0689726
-0.0689726
-0.0689726
-0.0689726
-0.0689726
-0.0689726
-0.0689726
-0.0689726
-0.0689726
-0.0689726
-0.0689726
-0.0689726
-0.0689726
-0.0689726
-0.0689726
-0.0689726
-0.0689726
-0.0689726
-0.0689726
-0.0689726
-0.0689726
-0.0689726
-0.0689726
-0.0689726
-0.0689726
-0.0744257
-0.0744257
-0.0744257
-0.0744257
-0.0744257
-0.0744257
-0.0744257
-0.0744257
-0.0744257
-0.0744257
-0.0744257
-0.0744257
-0.0744257
-0.0744257
-0.0744257
-0.0744257
-0.0744257
-0.0744257
-0.0744257
-0.0744257
-0.0744257
-0.0744257
-0.0744257
-0.0744257
-0.0744257
-0.0744257
-0.0744257
-0.0744257
-0.0744257
-0.0868511
-0.0868511
-0.0868511
-0.0868511
-0.0868511
-0.0868511
-0.0868511
-0.0868511
-0.0868511
-0.0868511
-0.0868511
-0.0868511
-0.0868511
-0.0868511
-0.0868511
-0.0868511
-0.0868511
-0.0868511
-0.0868511
-0.0868511
-0.0868511
-0.0868511
-0.0868511
-0.0868511
-0.0868511
-0.0868511
-0.0868511
-0.0868511
-0.0939236
-0.0939236
-0.0939236
-0.0939236
-0.0939236
-0.0939236
-0.0939236
-0.0939236
-0.0939236
-0.0939236
-0.0939236
-0.0939236
-0.0939236
-0.0939236
-0.0939236
-0.0939236
-0.0939236
-0.0939236
-0.0939236
-0.0939236
-0.0939236
-0.0939236
-0.0939236
-0.0939236
-0.0939236
-0.0939236
-0.0939236
-0.0939236
-0.0939236
-0.0998993
-0.0998993
-0.0998993
-0.0998993
-0.0998993
-0.0998993
-0.0998993
-0.0998993
-0.0998993
-0.0998993
-0.0998993
-0.0998993
-0.0998993
-0.0998993
-0.0998993
-0.0998993
-0.0998993
-0.0998993
-0.0998993
-0.0998993
-0.0998993
-0.0998993
-0.0998993
-0.0998993
-0.0998993
-0.0998993
-0.0998993
-0.0998993
-0.112354
-0.112354
-0.112354
-0.112354
-0.112354
-0.112354
-0.112354
-0.112354
-0.112354
-0.112354
-0.112354
-0.112354
-0.112354
-0.112354
-0.112354
-0.112354
-0.112354
-0.112354
-0.112354
-0.112354
-0.112354
-0.112354
-0.112354
-0.112354
-0.112354
-0.112354
-0.112354
-0.112354
-0.112354
-0.122931
-0.122931
-0.122931
-0.122931
-0.122931
-0.122931
-0.122931
-0.122931
-0.122931
-0.122931
-0.122931
-0.122931
-0.122931
-0.122931
-0.122931
-0.122931
-0.122931
-0.122931
-0.122931
-0.122931
-0.122931
-0.122931
-0.122931
-0.122931
-0.122931
-0.122931
-0.122931
-0.122931
-0.122931
-0.130009
-0.130009
-0.130009
-0.130009
-0.130009
-0.130009
-0.130009
-0.130009
-0.130009
-0.130009
-0.130009
-0.130009
-0.130009
-0.130009
-0.130009
-0.130009
-0.130009
-0.130009
-0.130009
-0.130009
-0.130009
-0.130009
-0.130009
-0.130009
-0.130009
-0.130009
-0.130009
-0.130009
-0.134524
-0.134524
-0.134524
-0.134524
-0.134524
-0.134524
-0.134524
-0.134524
-0.134524
-0.134524
-0.134524
-0.134524
-0.134524
-0.134524
-0.134524
-0.134524
-0.134524
-0.134524
-0.134524
-0.134524
-0.134524
-0.134524
-0.134524
-0.134524
-0.134524
-0.134524
-0.134524
-0.134524
-0.134524
-0.149528
-0.149528
-0.149528
-0.149528
-0.149528
-0.149528
-0.149528
-0.149528
-0.149528
-0.149528
-0.149528
-0.149528
-0.149528
-0.149528
-0.149528
-0.149528
-0.149528
-0.149528
-0.149528
-0.149528
-0.149528
-0.149528
-0.149528
-0.149528
-0.149528
-0.149528
-0.149528
-0.149528
-0.149528
-0.164915
-0.164915
-0.164915
-0.164915
-0.164915
-0.164915
-0.164915
-0.164915
-0.164915
-0.164915
-0.164915
-0.164915
-0.164915
-0.164915
-0.164915
-0.164915
-0.164915
-0.164915
-0.164915
-0.164915
-0.164915
-0.164915
-0.164915
-0.164915
-0.164915
-0.164915
-0.164915
-0.164915
-0.176123
-0.176123
-0.176123
-0.176123
-0.176123
-0.176123
-0.176123
-0.176123
-0.176123
-0.176123
-0.176123
-0.176123
-0.176123
-0.176123
-0.176123
-0.176123
-0.176123
-0.176123
-0.176123
-0.176123
-0.176123
-0.176123
-0.176123
-0.176123
-0.176123
-0.176123
-0.176123
-0.176123
-0.176123
-0.182658
-0.182658
-0.182658
-0.182658
-0.182658
-0.182658
-0.182658
-0.182658
-0.182658
-0.182658
-0.182658
-0.182658
-0.182658
-0.182658
-0.182658
-0.182658
-0.182658
-0.182658
-0.182658
-0.182658
-0.182658
-0.182658
-0.182658
-0.182658
-0.182658
-0.182658
-0.182658
-0.182658
-0.19502
-0.19502
-0.19502
-0.19502
-0.19502
-0.19502
-0.19502
-0.19502
-0.19502
-0.19502
-0.19502
-0.19502
-0.19502
-0.19502
-0.19502
-0.19502
-0.19502
-0.19502
-0.19502
-0.19502
-0.19502
-0.19502
-0.19502
-0.19502
-0.19502
-0.19502
-0.19502
-0.19502
-0.19502
-0.201333
-0.201333
-0.201333
-0.201333
-0.201333
-0.201333
-0.201333
-0.201333
-0.201333
-0.201333
-0.201333
-0.201333
-0.201333
-0.201333
-0.201333
-0.201333
-0.201333
-0.201333
-0.201333
-0.201333
-0.201333
-0.201333
-0.201333
-0.201333
-0.201333
-0.201333
-0.201333
-0.201333
-0.201333
-0.210297
-0.210297
-0.210297
-0.210297
-0.210297
-0.210297
-0.210297
-0.210297
-0.210297
-0.210297
-0.210297
-0.210297
-0.210297
-0.210297
-0.210297
-0.210297
-0.210297
-0.210297
-0.210297
-0.210297
-0.210297
-0.210297
-0.210297
-0.210297
-0.210297
-0.210297
-0.210297
-0.210297
-0.210297
-0.214506
-0.214506
-0.214506
-0.214506
-0.214506
-0.214506
-0.214506
-0.214506
-0.214506
-0.214506
-0.214506
-0.214506
-0.214506
-0.214506
-0.214506
-0.214506
-0.214506
-0.214506
-0.214506
-0.214506
-0.214506
-0.214506
-0.214506
-0.214506
-0.214506
-0.214506
-0.214506
-0.214506
-0.214506
-0.225005
-0.225005
-0.225005
-0.225005
-0.225005
-0.225005
-0.225005
-0.225005
-0.225005
-0.225005
-0.225005
-0.225005
-0.225005
-0.225005
-0.225005
-0.225005
-0.225005
-0.225005
-0.225005
-0.225005
-0.225005
-0.225005
-0.225005
-0.225005
-0.225005
-0.225005
-0.225005
-0.225005
-0.225005
-0.23351
-0.23351
-0.23351
-0.23351
-0.23351
-0.23351
-0.23351
-0.23351
-0.23351
-0.23351
-0.23351
-0.23351
-0.23351
-0.23351
-0.23351
-0.23351
-0.23351
-0.23351
-0.23351
-0.23351
-0.23351
-0.23351
-0.23351
-0.23351
-0.23351
-0.23351
-0.23351
-0.23351
-0.23351
-0.23351
-0.248162
-0.248162
-0.248162
-0.248162
-0.248162
-0.248162
-0.248162
-0.248162
-0.248162
-0.248162
-0.248162
-0.248162
-0.248162
-0.248162
-0.248162
-0.248162
-0.248162
-0.248162
-0.248162
-0.248162
-0.248162
-0.248162
-0.248162
-0.248162
-0.248162
-0.248162
-0.248162
-0.248162
-0.248162
-0.251319
-0.251319
-0.251319
-0.251319
-0.251319
-0.251319
-0.251319
-0.251319
-0.251319
-0.251319
-0.251319
-0.251319
-0.251319
-0.251319
-0.251319
-0.251319
-0.251319
-0.251319
-0.251319
-0.251319
-0.251319
-0.251319
-0.251319
-0.251319
-0.251319
-0.251319
-0.251319
-0.251319
-0.251319
-0.251319
-0.257598
-0.257598
-0.257598
-0.257598
-0.257598
-0.257598
-0.257598
-0.257598
-0.257598
-0.257598
-0.257598
-0.257598
-0.257598
-0.257598
-0.257598
-0.257598
-0.257598
-0.257598
-0.257598
-0.257598
-0.257598
-0.257598
-0.257598
-0.257598
-0.257598
-0.257598
-0.257598
-0.257598
-0.257598
-0.263948
-0.263948
-0.263948
-0.263948
-0.263948
-0.263948
-0.263948
-0.263948
-0.263948
-0.263948
-0.263948
-0.263948
-0.263948
-0.263948
-0.263948
-0.263948
-0.263948
-0.263948
-0.263948
-0.263948
-0.263948
-0.263948
-0.263948
-0.263948
-0.263948
-0.263948
-0.263948
-0.263948
-0.263948
-0.277575
-0.277575
-0.277575
-0.277575
-0.277575
-0.277575
-0.277575
-0.277575
-0.277575
-0.277575
-0.277575
-0.277575
-0.277575
-0.277575
-0.277575
-0.277575
-0.277575
-0.277575
-0.277575
-0.277575
-0.277575
-0.277575
-0.277575
-0.277575
-0.277575
-0.277575
-0.277575
-0.277575
-0.277575
-0.284078
-0.284078
-0.284078
-0.284078
-0.284078
-0.284078
-0.284078
-0.284078
-0.284078
-0.284078
-0.284078
-0.284078
-0.284078
-0.284078
-0.284078
-0.284078
-0.284078
-0.284078
-0.284078
-0.284078
-0.284078
-0.284078
-0.284078
-0.284078
-0.284078
-0.284078
-0.284078
-0.284078
-0.284078
-0.288703
-0.288703
-0.288703
-0.288703
-0.288703
-0.288703
-0.288703
-0.288703
-0.288703
-0.288703
-0.288703
-0.288703
-0.288703
-0.288703
-0.288703
-0.288703
-0.288703
-0.288703
-0.288703
-0.288703
-0.288703
-0.288703
-0.288703
-0.288703
-0.288703
-0.288703
-0.288703
-0.288703
-0.288703
-0.288703
-0.286939
-0.286939
-0.286939
-0.286939
-0.286939
-0.286939
-0.286939
-0.286939
-0.286939
-0.286939
-0.286939
-0.286939
-0.286939
-0.286939
-0.286939
-0.286939
-0.286939
-0.286939
-0.286939
-0.286939
-0.286939
-0.286939
-0.286939
-0.286939
-0.286939
-0.286939
-0.286939
-0.332286
-0.332286
-0.332286
-0.332286
-0.332286
-0.332286
-0.332286
-0.332286
-0.332286
-0.332286
-0.332286
-0.332286
-0.332286
-0.332286
-0.332286
-0.332286
-0.332286
-0.332286
-0.332286
-0.332286
-0.332286
-0.332286
-0.332286
-0.332286
-0.332286
-0.332286
-0.332286
-0.332286
-0.332286
-0.34412
-0.34412
-0.34412
-0.34412
-0.34412
-0.34412
-0.34412
-0.34412
-0.34412
-0.34412
-0.34412
-0.34412
-0.34412
-0.34412
-0.34412
-0.34412
-0.34412
-0.34412
-0.34412
-0.34412
-0.34412
-0.34412
-0.34412
-0.34412
-0.34412
-0.34412
-0.34412
-0.34412
-0.34412
-0.34412
-0.358571
-0.358571
-0.358571
-0.358571
-0.358571
-0.358571
-0.358571
-0.358571
-0.358571
-0.358571
-0.358571
-0.358571
-0.358571
-0.358571
-0.358571
-0.358571
-0.358571
-0.358571
-0.358571
-0.358571
-0.358571
-0.358571
-0.358571
-0.358571
-0.358571
-0.358571
-0.358571
-0.358571
-0.358571
-0.358571
-0.364959
-0.364959
-0.364959
-0.364959
-0.364959
-0.364959
-0.364959
-0.364959
-0.364959
-0.364959
-0.364959
-0.364959
-0.364959
-0.364959
-0.364959
-0.364959
-0.364959
-0.364959
-0.364959
-0.364959
-0.364959
-0.364959
-0.364959
-0.364959
-0.364959
-0.364959
-0.364959
-0.364959
-0.364959
-0.364959
-0.368732
-0.368732
-0.368732
-0.368732
-0.368732
-0.368732
-0.368732
-0.368732
-0.368732
-0.368732
-0.368732
-0.368732
-0.368732
-0.368732
-0.368732
-0.368732
-0.368732
-0.368732
-0.368732
-0.368732
-0.368732
-0.368732
-0.368732
-0.368732
-0.368732
-0.368732
-0.368732
-0.368732
-0.368732
-0.368732
-0.372825
-0.372825
-0.372825
-0.372825
-0.372825
-0.372825
-0.372825
-0.372825
-0.372825
-0.372825
-0.372825
-0.372825
-0.372825
-0.372825
-0.372825
-0.372825
-0.372825
-0.372825
-0.372825
-0.372825
-0.372825
-0.372825
-0.372825
-0.372825
-0.372825
-0.372825
-0.372825
-0.372825
-0.372825
-0.372825
-0.374417
-0.374417
-0.374417
-0.374417
-0.374417
-0.374417
-0.374417
-0.374417
-0.374417
-0.374417
-0.374417
-0.374417
-0.374417
-0.374417
-0.374417
-0.374417
-0.374417
-0.374417
-0.374417
-0.374417
-0.374417
-0.374417
-0.374417
-0.374417
-0.374417
-0.374417
-0.374417
-0.374417
-0.374417
-0.374417
-0.377774
-0.377774
-0.377774
-0.377774
-0.377774
-0.377774
-0.377774
-0.377774
-0.377774
-0.377774
-0.377774
-0.377774
-0.377774
-0.377774
-0.377774
-0.377774
-0.377774
-0.377774
-0.377774
-0.377774
-0.377774
-0.377774
-0.377774
-0.377774
-0.377774
-0.377774
-0.377774
-0.377774
-0.377774
-0.377774
-0.377774
-0.352166
-0.352166
-0.352166
-0.352166
-0.352166
-0.352166
-0.352166
-0.352166
-0.352166
-0.352166
-0.352166
-0.352166
-0.352166
-0.352166
-0.352166
-0.352166
-0.352166
-0.352166
-0.352166
-0.352166
-0.352166
-0.352166
-0.352166
-0.352166
-0.352166
-0.352166
-0.352166
-0.352166
-0.352166
-0.352166
-0.342804
-0.342804
-0.342804
-0.342804
-0.342804
-0.342804
-0.342804
-0.342804
-0.342804
-0.342804
-0.342804
-0.342804
-0.342804
-0.342804
-0.342804
-0.342804
-0.342804
-0.342804
-0.342804
-0.342804
-0.342804
-0.342804
-0.342804
-0.342804
-0.342804
-0.342804
-0.342804
-0.342804
-0.342804
-0.342804
-0.343087
-0.343087
-0.343087
-0.343087
-0.343087
-0.343087
-0.343087
-0.343087
-0.343087
-0.343087
-0.343087
-0.343087
-0.343087
-0.343087
-0.343087
-0.343087
-0.343087
-0.343087
-0.343087
-0.343087
-0.343087
-0.343087
-0.343087
-0.343087
-0.343087
-0.343087
-0.343087
-0.343087
-0.343087
-0.343087
-0.350687
-0.350687
-0.350687
-0.350687
-0.350687
-0.350687
-0.350687
-0.350687
-0.350687
-0.350687
-0.350687
-0.350687
-0.350687
-0.350687
-0.350687
-0.350687
-0.350687
-0.350687
-0.350687
-0.350687
-0.350687
-0.350687
-0.350687
-0.350687
-0.350687
-0.350687
-0.350687
-0.350687
-0.350687
-0.350687
-0.357568
-0.357568
-0.357568
-0.357568
-0.357568
-0.357568
-0.357568
-0.357568
-0.357568
-0.357568
-0.357568
-0.357568
-0.357568
-0.357568
-0.357568
-0.357568
-0.357568
-0.357568
-0.357568
-0.357568
-0.357568
-0.357568
-0.357568
-0.357568
-0.357568
-0.357568
-0.357568
-0.357568
-0.357568
-0.357568
-0.357568
-0.362365
-0.362365
-0.362365
-0.362365
-0.362365
-0.362365
-0.362365
-0.362365
-0.362365
-0.362365
-0.362365
-0.362365
-0.362365
-0.362365
-0.362365
-0.362365
-0.362365
-0.362365
-0.362365
-0.362365
-0.362365
-0.362365
-0.362365
-0.362365
-0.362365
-0.362365
-0.362365
-0.362365
-0.362365
-0.362365
-0.37052
-0.37052
-0.37052
-0.37052
-0.37052
-0.37052
-0.37052
-0.37052
-0.37052
-0.37052
-0.37052
-0.37052
-0.37052
-0.37052
-0.37052
-0.37052
-0.37052
-0.37052
-0.37052
-0.37052
-0.37052
-0.37052
-0.37052
-0.37052
-0.37052
-0.37052
-0.37052
-0.37052
-0.37052
-0.37052
-0.37811
-0.37811
-0.37811
-0.37811
-0.37811
-0.37811
-0.37811
-0.37811
-0.37811
-0.37811
-0.37811
-0.37811
-0.37811
-0.37811
-0.37811
-0.37811
-0.37811
-0.37811
-0.37811
-0.37811
-0.37811
-0.37811
-0.37811
-0.37811
-0.37811
-0.37811
-0.37811
-0.37811
-0.37811
-0.37811
-0.381834
-0.381834
-0.381834
-0.381834
-0.381834
-0.381834
-0.381834
-0.381834
-0.381834
-0.381834
-0.381834
-0.381834
-0.381834
-0.381834
-0.381834
-0.381834
-0.381834
-0.381834
-0.381834
-0.381834
-0.381834
-0.381834
-0.381834
-0.381834
-0.381834
-0.381834
-0.381834
-0.381834
-0.381834
-0.381834
-0.381834
-0.386518
-0.386518
-0.386518
-0.386518
-0.386518
-0.386518
-0.386518
-0.386518
-0.386518
-0.386518
-0.386518
-0.386518
-0.386518
-0.386518
-0.386518
-0.386518
-0.386518
-0.386518
-0.386518
-0.386518
-0.386518
-0.386518
-0.386518
-0.386518
-0.386518
-0.386518
-0.386518
-0.386518
-0.386518
-0.386518
-0.393327
-0.393327
-0.393327
-0.393327
-0.393327
-0.393327
-0.393327
-0.393327
-0.393327
-0.393327
-0.393327
-0.393327
-0.393327
-0.393327
-0.393327
-0.393327
-0.393327
-0.393327
-0.393327
-0.393327
-0.393327
-0.393327
-0.393327
-0.393327
-0.393327
-0.393327
-0.393327
-0.393327
-0.393327
-0.393327
-0.395847
-0.395847
-0.395847
-0.395847
-0.395847
-0.395847
-0.395847
-0.395847
-0.395847
-0.395847
-0.395847
-0.395847
-0.395847
-0.395847
-0.395847
-0.395847
-0.395847
-0.395847
-0.395847
-0.395847
-0.395847
-0.395847
-0.395847
-0.395847
-0.395847
-0.395847
-0.395847
-0.395847
-0.395847
-0.395847
-0.395847
-0.401894
-0.401894
-0.401894
-0.401894
-0.401894
-0.401894
-0.401894
-0.401894
-0.401894
-0.401894
-0.401894
-0.401894
-0.401894
-0.401894
-0.401894
-0.401894
-0.401894
-0.401894
-0.401894
-0.401894
-0.401894
-0.401894
-0.401894
-0.401894
-0.401894
-0.401894
-0.401894
-0.401894
-0.401894
-0.401894
-0.401894
-0.401775
-0.401775
-0.401775
-0.401775
-0.401775
-0.401775
-0.401775
-0.401775
-0.401775
-0.401775
-0.401775
-0.401775
-0.401775
-0.401775
-0.401775
-0.401775
-0.401775
-0.401775
-0.401775
-0.401775
-0.401775
-0.401775
-0.401775
-0.401775
-0.401775
-0.401775
-0.401775
-0.401775
-0.401775
-0.401775
-0.401775
-0.399605
-0.399605
-0.399605
-0.399605
-0.399605
-0.399605
-0.399605
-0.399605
-0.399605
-0.399605
-0.399605
-0.399605
-0.399605
-0.399605
-0.399605
-0.399605
-0.399605
-0.399605
-0.399605
-0.399605
-0.399605
-0.399605
-0.399605
-0.399605
-0.399605
-0.399605
-0.399605
-0.399605
-0.399605
-0.399605
-0.399605
-0.410424
-0.410424
-0.410424
-0.410424
-0.410424
-0.410424
-0.410424
-0.410424
-0.410424
-0.410424
-0.410424
-0.410424
-0.410424
-0.410424
-0.410424
-0.410424
-0.410424
-0.410424
-0.410424
-0.410424
-0.410424
-0.410424
-0.410424
-0.410424
-0.410424
-0.410424
-0.410424
-0.410424
-0.410424
-0.410424
-0.413162
-0.413162
-0.413162
-0.413162
-0.413162
-0.413162
-0.413162
-0.413162
-0.413162
-0.413162
-0.413162
-0.413162
-0.413162
-0.413162
-0.413162
-0.413162
-0.413162
-0.413162
-0.413162
-0.413162
-0.413162
-0.413162
-0.39849
-0.39849
-0.39849
-0.39849
-0.39849
-0.39849
-0.39849
-0.39849
-0.39849
-0.39849
-0.39849
-0.39849
-0.39849
-0.39849
-0.39849
-0.39849
-0.39849
-0.39849
-0.39849
-0.39849
-0.39849
-0.39849
-0.39849
-0.39849
-0.39849
-0.39849
-0.39849
-0.39849
-0.39849
-0.455195
-0.455195
-0.455195
-0.455195
-0.455195
-0.455195
-0.455195
-0.455195
-0.455195
-0.455195
-0.455195
-0.455195
-0.455195
-0.455195
-0.455195
-0.455195
-0.455195
-0.455195
-0.455195
-0.448907
-0.448907
-0.448907
-0.448907
-0.448907
-0.448907
-0.448907
-0.448907
-0.448907
-0.448907
-0.448907
-0.448907
-0.448907
-0.448907
-0.448907
-0.448907
-0.448907
-0.448907
-0.448907
-0.448907
-0.448907
-0.448907
-0.448907
-0.448907
-0.448907
-0.448907
-0.448907
-0.448907
-0.448907
-0.448907
-0.448907
-0.448907
-0.448907
-0.477955
-0.477955
-0.477955
-0.477955
-0.477955
-0.477955
-0.477955
-0.477955
-0.477955
-0.477955
-0.477955
-0.477955
-0.477955
-0.477955
-0.477955
-0.477955
-0.477955
-0.477955
-0.477955
-0.477955
-0.477955
-0.477955
-0.477955
-0.477955
-0.477955
-0.477955
-0.477955
-0.477955
-0.477955
-0.477955
-0.477955
-0.449483
-0.449483
-0.449483
-0.449483
-0.449483
-0.449483
-0.449483
-0.449483
-0.449483
-0.449483
-0.449483
-0.449483
-0.449483
-0.449483
-0.449483
-0.449483
-0.449483
-0.449483
-0.449483
-0.449483
-0.449483
-0.449483
-0.449483
-0.449483
-0.449483
-0.449483
-0.449483
-0.449483
-0.449483
-0.449483
-0.449483
-0.446219
-0.446219
-0.446219
-0.446219
-0.446219
-0.446219
-0.446219
-0.446219
-0.446219
-0.446219
-0.446219
-0.446219
-0.446219
-0.446219
-0.446219
-0.446219
-0.446219
-0.446219
-0.446219
-0.446219
-0.446219
-0.446219
-0.446219
-0.446219
-0.446219
-0.446219
-0.446219
-0.446219
-0.446219
-0.446219
-0.446219
-0.445932
-0.445932
-0.445932
-0.445932
-0.445932
-0.445932
-0.445932
-0.445932
-0.445932
-0.445932
-0.445932
-0.445932
-0.445932
-0.445932
-0.445932
-0.445932
-0.445932
-0.445932
-0.445932
-0.445932
-0.445932
-0.445932
-0.445932
-0.445932
-0.445932
-0.445932
-0.445932
-0.445932
-0.445932
-0.445932
-0.445932
-0.452708
-0.452708
-0.452708
-0.452708
-0.452708
-0.452708
-0.452708
-0.452708
-0.452708
-0.452708
-0.452708
-0.452708
-0.452708
-0.452708
-0.452708
-0.452708
-0.452708
-0.452708
-0.452708
-0.452708
-0.452708
-0.452708
-0.452708
-0.452708
-0.452708
-0.452708
-0.452708
-0.452708
-0.452708
-0.452708
-0.452708
-0.452708
-0.452684
-0.452684
-0.452684
-0.452684
-0.452684
-0.452684
-0.452684
-0.452684
-0.452684
-0.452684
-0.452684
-0.452684
-0.452684
-0.452684
-0.452684
-0.452684
-0.452684
-0.452684
-0.452684
-0.452684
-0.452684
-0.452684
-0.452684
-0.452684
-0.452684
-0.452684
-0.452684
-0.452684
-0.452684
-0.452684
-0.452684
-0.450267
-0.450267
-0.450267
-0.450267
-0.450267
-0.450267
-0.450267
-0.450267
-0.450267
-0.450267
-0.450267
-0.450267
-0.450267
-0.450267
-0.450267
-0.450267
-0.450267
-0.450267
-0.450267
-0.450267
-0.450267
-0.450267
-0.450267
-0.450267
-0.450267
-0.450267
-0.450267
-0.450267
-0.450267
-0.450267
-0.450267
-0.450267
-0.451962
-0.451962
-0.451962
-0.451962
-0.451962
-0.451962
-0.451962
-0.451962
-0.451962
-0.451962
-0.451962
-0.451962
-0.451962
-0.451962
-0.451962
-0.451962
-0.451962
-0.451962
-0.451962
-0.451962
-0.451962
-0.451962
-0.451962
-0.451962
-0.451962
-0.451962
-0.451962
-0.451962
-0.451962
-0.451962
-0.451962
-0.459448
-0.459448
-0.459448
-0.459448
-0.459448
-0.459448
-0.459448
-0.459448
-0.459448
-0.459448
-0.459448
-0.459448
-0.459448
-0.459448
-0.459448
-0.459448
-0.459448
-0.459448
-0.459448
-0.459448
-0.459448
-0.459448
-0.459448
-0.459448
-0.459448
-0.459448
-0.459448
-0.459448
-0.459448
-0.459448
-0.459448
-0.46092
-0.46092
-0.46092
-0.46092
-0.46092
-0.46092
-0.46092
-0.46092
-0.46092
-0.46092
-0.46092
-0.46092
-0.46092
-0.46092
-0.46092
-0.46092
-0.46092
-0.46092
-0.46092
-0.46092
-0.46092
-0.46092
-0.46092
-0.46092
-0.46092
-0.46092
-0.46092
-0.46092
-0.46092
-0.46092
-0.46092
-0.46092
-0.464796
-0.464796
-0.464796
-0.464796
-0.464796
-0.464796
-0.464796
-0.464796
-0.464796
-0.464796
-0.464796
-0.464796
-0.464796
-0.464796
-0.464796
-0.464796
-0.464796
-0.464796
-0.464796
-0.464796
-0.464796
-0.464796
-0.464796
-0.464796
-0.464796
-0.464796
-0.464796
-0.464796
-0.464796
-0.464796
-0.464796
-0.464796
-0.467124
-0.467124
-0.467124
-0.467124
-0.467124
-0.467124
-0.467124
-0.467124
-0.467124
-0.467124
-0.467124
-0.467124
-0.467124
-0.467124
-0.467124
-0.467124
-0.467124
-0.467124
-0.467124
-0.467124
-0.467124
-0.467124
-0.467124
-0.467124
-0.467124
-0.467124
-0.467124
-0.467124
-0.467124
-0.467124
-0.467124
-0.467124
-0.467735
-0.467735
-0.467735
-0.467735
-0.467735
-0.467735
-0.467735
-0.467735
-0.467735
-0.467735
-0.467735
-0.467735
-0.467735
-0.467735
-0.467735
-0.467735
-0.467735
-0.467735
-0.467735
-0.467735
-0.467735
-0.467735
-0.467735
-0.467735
-0.467735
-0.467735
-0.467735
-0.467735
-0.467735
-0.467735
-0.467735
-0.467735
-0.465104
-0.465104
-0.465104
-0.465104
-0.465104
-0.465104
-0.465104
-0.465104
-0.465104
-0.465104
-0.465104
-0.465104
-0.465104
-0.465104
-0.465104
-0.465104
-0.465104
-0.465104
-0.465104
-0.465104
-0.465104
-0.465104
-0.465104
-0.465104
-0.465104
-0.465104
-0.465104
-0.465104
-0.465104
-0.465104
-0.465104
-0.465104
-0.463987
-0.463987
-0.463987
-0.463987
-0.463987
-0.463987
-0.463987
-0.463987
-0.463987
-0.463987
-0.463987
-0.463987
-0.463987
-0.463987
-0.463987
-0.463987
-0.463987
-0.463987
-0.463987
-0.463987
-0.463987
-0.463987
-0.463987
-0.463987
-0.463987
-0.463987
-0.463987
-0.463987
-0.463987
-0.463987
-0.463987
-0.463987
-0.471561
-0.471561
-0.471561
-0.471561
-0.471561
-0.471561
-0.471561
-0.471561
-0.471561
-0.471561
-0.471561
-0.471561
-0.471561
-0.471561
-0.471561
-0.471561
-0.471561
-0.471561
-0.471561
-0.471561
-0.471561
-0.471561
-0.471561
-0.471561
-0.471561
-0.471561
-0.471561
-0.471561
-0.471561
-0.471561
-0.471561
-0.471561
-0.46738
-0.46738
-0.46738
-0.46738
-0.46738
-0.46738
-0.46738
-0.46738
-0.46738
-0.46738
-0.46738
-0.46738
-0.46738
-0.46738
-0.46738
-0.46738
-0.46738
-0.46738
-0.46738
-0.46738
-0.46738
-0.46738
-0.46738
-0.46738
-0.46738
-0.46738
-0.46738
-0.46738
-0.46738
-0.46738
-0.46738
-0.46738
-0.472405
-0.472405
-0.472405
-0.472405
-0.472405
-0.472405
-0.472405
-0.472405
-0.472405
-0.472405
-0.472405
-0.472405
-0.472405
-0.472405
-0.472405
-0.472405
-0.472405
-0.472405
-0.472405
-0.472405
-0.472405
-0.472405
-0.472405
-0.472405
-0.472405
-0.472405
-0.472405
-0.472405
-0.472405
-0.472405
-0.472405
-0.472405
-0.471081
-0.471081
-0.471081
-0.471081
-0.471081
-0.471081
-0.471081
-0.471081
-0.471081
-0.471081
-0.471081
-0.471081
-0.471081
-0.471081
-0.471081
-0.471081
-0.471081
-0.471081
-0.471081
-0.471081
-0.471081
-0.471081
-0.471081
-0.471081
-0.471081
-0.471081
-0.471081
-0.471081
-0.471081
-0.471081
-0.471081
-0.471081
-0.47207
-0.47207
-0.47207
-0.47207
-0.47207
-0.47207
-0.47207
-0.47207
-0.47207
-0.47207
-0.47207
-0.47207
-0.47207
-0.47207
-0.47207
-0.47207
-0.47207
-0.47207
-0.47207
-0.47207
-0.47207
-0.47207
-0.47207
-0.47207
-0.47207
-0.47207
-0.47207
-0.47207
-0.47207
-0.47207
-0.47207
-0.47207
-0.471124
-0.471124
-0.471124
-0.471124
-0.471124
-0.471124
-0.471124
-0.471124
-0.471124
-0.471124
-0.471124
-0.471124
-0.471124
-0.471124
-0.471124
-0.471124
-0.471124
-0.471124
-0.471124
-0.471124
-0.471124
-0.471124
-0.471124
-0.471124
-0.471124
-0.471124
-0.471124
-0.471124
-0.471124
-0.471124
-0.471124
-0.471124
-0.477373
-0.477373
-0.477373
-0.477373
-0.477373
-0.477373
-0.477373
-0.477373
-0.477373
-0.477373
-0.477373
-0.477373
-0.477373
-0.477373
-0.477373
-0.477373
-0.477373
-0.477373
-0.477373
-0.477373
-0.477373
-0.477373
-0.477373
-0.477373
-0.477373
-0.477373
-0.477373
-0.477373
-0.477373
-0.477373
-0.477373
-0.477373
-0.477476
-0.477476
-0.477476
-0.477476
-0.477476
-0.477476
-0.477476
-0.477476
-0.477476
-0.477476
-0.477476
-0.477476
-0.477476
-0.477476
-0.477476
-0.477476
-0.477476
-0.477476
-0.477476
-0.477476
-0.477476
-0.477476
-0.477476
-0.477476
-0.477476
-0.477476
-0.477476
-0.477476
-0.477476
-0.477476
-0.477476
-0.481897
-0.481897
-0.481897
-0.481897
-0.481897
-0.481897
-0.481897
-0.481897
-0.481897
-0.481897
-0.481897
-0.481897
-0.481897
-0.481897
-0.481897
-0.481897
-0.481897
-0.481897
-0.481897
-0.481897
-0.481897
-0.481897
-0.481897
-0.481897
-0.481897
-0.481897
-0.481897
-0.481897
-0.481897
-0.481897
-0.481897
-0.481897
-0.483313
-0.483313
-0.483313
-0.483313
-0.483313
-0.483313
-0.483313
-0.483313
-0.483313
-0.483313
-0.483313
-0.483313
-0.483313
-0.483313
-0.483313
-0.483313
-0.483313
-0.483313
-0.483313
-0.483313
-0.483313
-0.483313
-0.483313
-0.483313
-0.483313
-0.483313
-0.483313
-0.483313
-0.483313
-0.483313
-0.483313
-0.483313
-0.48303
-0.48303
-0.48303
-0.48303
-0.48303
-0.48303
-0.48303
-0.48303
-0.48303
-0.48303
-0.48303
-0.48303
-0.48303
-0.48303
-0.48303
-0.48303
-0.48303
-0.48303
-0.48303
-0.48303
-0.48303
-0.48303
-0.48303
-0.48303
-0.48303
-0.48303
-0.48303
-0.48303
-0.48303
-0.48303
-0.48303
-0.48303
-0.473812
-0.473812
-0.473812
-0.473812
-0.473812
-0.473812
-0.473812
-0.473812
-0.473812
-0.473812
-0.473812
-0.473812
-0.473812
-0.473812
-0.473812
-0.473812
-0.473812
-0.473812
-0.473812
-0.473812
-0.473812
-0.473812
-0.473812
-0.473812
-0.473812
-0.473812
-0.473812
-0.473812
-0.473812
-0.473812
-0.473812
-0.473812
-0.48039
-0.48039
-0.48039
-0.48039
-0.48039
-0.48039
-0.48039
-0.48039
-0.48039
-0.48039
-0.48039
-0.48039
-0.48039
-0.48039
-0.48039
-0.48039
-0.48039
-0.48039
-0.48039
-0.48039
-0.48039
-0.48039
-0.48039
-0.48039
-0.48039
-0.48039
-0.48039
-0.48039
-0.48039
-0.48039
-0.48039
-0.48039
-0.479987
-0.479987
-0.479987
-0.479987
-0.479987
-0.479987
-0.479987
-0.479987
-0.479987
-0.479987
-0.479987
-0.479987
-0.479987
-0.479987
-0.479987
-0.479987
-0.479987
-0.479987
-0.479987
-0.479987
-0.479987
-0.479987
-0.479987
-0.479987
-0.479987
-0.479987
-0.479987
-0.479987
-0.479987
-0.479987
-0.479987
-0.479987
-0.486331
-0.486331
-0.486331
-0.486331
-0.486331
-0.486331
-0.486331
-0.486331
-0.486331
-0.486331
-0.486331
-0.486331
-0.486331
-0.486331
-0.486331
-0.486331
-0.486331
-0.486331
-0.486331
-0.486331
-0.486331
-0.486331
-0.486331
-0.486331
-0.486331
-0.486331
-0.486331
-0.486331
-0.486331
-0.486331
-0.486331
-0.486331
-0.48489
-0.48489
-0.48489
-0.48489
-0.48489
-0.48489
-0.48489
-0.48489
-0.48489
-0.48489
-0.48489
-0.48489
-0.48489
-0.48489
-0.48489
-0.48489
-0.48489
-0.48489
-0.48489
-0.48489
-0.48489
-0.48489
-0.48489
-0.48489
-0.48489
-0.48489
-0.48489
-0.48489
-0.48489
-0.48489
-0.48489
-0.48489
-0.486712
-0.486712
-0.486712
-0.486712
-0.486712
-0.486712
-0.486712
-0.486712
-0.486712
-0.486712
-0.486712
-0.486712
-0.486712
-0.486712
-0.486712
-0.486712
-0.486712
-0.486712
-0.486712
-0.486712
-0.486712
-0.486712
-0.486712
-0.486712
-0.486712
-0.486712
-0.486712
-0.486712
-0.486712
-0.486712
-0.486712
-0.486712
-0.47753
-0.47753
-0.47753
-0.47753
-0.47753
-0.47753
-0.47753
-0.47753
-0.47753
-0.47753
-0.47753
-0.47753
-0.47753
-0.47753
-0.47753
-0.47753
-0.47753
-0.47753
-0.47753
-0.47753
-0.47753
-0.47753
-0.47753
-0.47753
-0.47753
-0.47753
-0.47753
-0.47753
-0.47753
-0.47753
-0.47753
-0.47753
-0.484616
-0.484616
-0.484616
-0.484616
-0.484616
-0.484616
-0.484616
-0.484616
-0.484616
-0.484616
-0.484616
-0.484616
-0.484616
-0.484616
-0.484616
-0.484616
-0.484616
-0.484616
-0.484616
-0.484616
-0.484616
-0.484616
-0.484616
-0.484616
-0.484616
-0.484616
-0.484616
-0.484616
-0.484616
-0.484616
-0.484616
-0.484616
-0.488746
-0.488746
-0.488746
-0.488746
-0.488746
-0.488746
-0.488746
-0.488746
-0.488746
-0.488746
-0.488746
-0.488746
-0.488746
-0.488746
-0.488746
-0.488746
-0.488746
-0.488746
-0.488746
-0.488746
-0.488746
-0.488746
-0.488746
-0.488746
-0.488746
-0.488746
-0.488746
-0.488746
-0.488746
-0.488746
-0.488746
-0.488746
-0.476997
-0.476997
-0.476997
-0.476997
-0.476997
-0.476997
-0.476997
-0.476997
-0.476997
-0.476997
-0.476997
-0.476997
-0.476997
-0.476997
-0.476997
-0.476997
-0.476997
-0.476997
-0.476997
-0.476997
-0.476997
-0.476997
-0.476997
-0.476997
-0.476997
-0.476997
-0.476997
-0.476997
-0.476997
-0.476997
-0.476997
-0.476997
-0.486042
-0.486042
-0.486042
-0.486042
-0.486042
-0.486042
-0.486042
-0.486042
-0.486042
-0.486042
-0.486042
-0.486042
-0.486042
-0.486042
-0.486042
-0.486042
-0.486042
-0.486042
-0.486042
-0.486042
-0.486042
-0.486042
-0.486042
-0.486042
-0.486042
-0.486042
-0.486042
-0.486042
-0.486042
-0.486042
-0.486042
-0.486042
-0.48742
-0.48742
-0.48742
-0.48742
-0.48742
-0.48742
-0.48742
-0.48742
-0.48742
-0.48742
-0.48742
-0.48742
-0.48742
-0.48742
-0.48742
-0.48742
-0.48742
-0.48742
-0.48742
-0.48742
-0.48742
-0.48742
-0.48742
-0.48742
-0.48742
-0.48742
-0.48742
-0.48742
-0.48742
-0.48742
-0.48742
-0.48742
-7.15808
-7.15808
-7.15808
-7.15808
-7.15808
-7.15808
-7.15808
-7.15808
-7.15808
-7.15808
-7.15808
-7.15808
-7.15808
-7.15808
-7.15808
-7.15808
-7.15808
-7.15808
-7.15808
-7.15808
-7.15808
-7.15808
-7.15808
-7.15808
-7.15808
-7.15808
-7.15808
-7.15808
-7.15808
-7.15808
-7.15808
-7.15808
-7.15808
-7.15808
-7.15808
-7.15808
-7.15808
-7.15808
-7.15808
-7.15808
-7.15808
-7.15808
-7.15808
-7.15808
-7.15808
-7.15808
-7.15808
-7.15808
-7.15808
-7.15808
-7.15808
-7.15808
-7.15808
-7.15808
-7.15808
-7.15808
-7.15808
-7.15808
-7.15808
-7.15808
-7.15808
-7.15808
-7.15808
-7.15808
-7.15808
-7.15808
-7.15808
-7.15808
-7.15808
-7.15808
-7.15808
-7.15808
-7.15808
-7.15808
-7.15808
-7.15808
-7.15808
-7.15808
-7.15808
-7.15808
-7.15808
-7.15808
-7.15808
-7.15808
-7.15808
-7.15808
-7.15808
-7.15808
-7.15808
-7.15808
-7.15808
-7.15808
-7.15808
-7.15808
-7.15808
-7.15808
-7.15808
-7.15808
-7.15808
-7.15808
-7.15808
-7.15808
-7.15808
-7.15808
-7.15808
-7.15808
-7.15808
-7.15808
-7.15808
-7.15808
-7.15808
-7.15808
-7.15808
-7.15808
-7.15808
-7.15808
-7.15808
-7.15808
-7.15808
-7.15808
-7.15808
-7.15808
-7.15808
-7.15808
-7.15808
-7.15808
-7.15808
-7.15808
-7.15808
-7.15808
-7.15808
-7.15808
-7.15808
-7.15808
-7.15808
-7.15808
-7.15808
-7.15808
-7.15808
-7.15808
-7.15808
-7.15808
-7.15808
-7.15808
-7.15808
-7.15808
-7.15808
-7.15808
-7.15808
-7.15808
-7.15808
-7.15808
-7.15808
-7.15808
-7.15808
-7.15808
-7.15808
-7.15808
-7.15808
-7.15808
-7.15808
-7.15808
-7.15808
-7.15808
-7.15808
-7.15808
-7.15808
-7.15808
-7.15808
-7.15808
-7.15808
-7.15808
-7.15808
-7.15808
-7.15808
-7.15808
-7.15808
-7.15808
-7.15808
-7.15808
-7.15808
-7.15808
-7.15808
-7.15808
-7.15808
-7.15808
-7.15808
-7.15808
-7.15808
-7.15808
-7.15808
-7.15808
-7.15808
-7.15808
-7.15808
-7.15808
-7.15808
-7.15808
-7.15808
-7.15808
-7.15808
-7.15808
-7.15808
-7.15808
-7.15808
-7.15808
-7.15808
-7.15808
-7.15808
-7.15808
-7.15808
-7.15808
-7.15808
-7.15808
-7.15808
-7.15808
-7.15808
-7.15808
-7.15808
-7.15808
-7.15808
-7.15808
-7.15808
-7.15808
-7.15808
-7.15808
-7.15808
-7.15808
-7.15808
-7.15808
-7.15808
-7.15808
-7.15808
-7.15808
-7.15808
-7.15808
-7.15808
-7.15808
-7.15808
-7.15808
-7.15808
-7.15808
-7.15808
-7.15808
-7.15808
-7.15808
-7.15808
-7.15808
-7.15808
-7.15808
-7.15808
-7.15808
-7.15808
-7.15808
-7.15808
-7.15808
-7.15808
-7.15808
-7.15808
-7.15808
-7.15808
-7.15808
-7.15808
-7.15808
-7.15808
-7.15808
-7.15808
-7.15808
-7.15808
-7.15808
-7.15808
-7.15808
-7.15808
-7.15808
-7.15808
-7.15808
-7.15808
-7.15808
-7.15808
-7.15808
-7.15808
-7.15808
-7.15808
-7.15808
-7.15808
-7.15808
-7.15808
-7.15808
-7.15808
-7.15808
-7.15808
-7.15808
-7.15808
-7.15808
-7.15808
-7.15808
-7.15808
-7.15808
-7.15808
-7.15808
-7.15808
-7.15808
-7.15808
-7.15808
-7.15808
-7.15808
-7.15808
-7.15808
-7.15808
-7.15808
-7.15808
-7.15808
-7.15808
-7.15808
-7.15808
-7.15808
-7.15808
-7.15808
-7.15808
-7.15808
-7.15808
-7.15808
-7.15808
-7.15808
-7.15808
-7.15808
-7.15808
-7.15808
-7.15808
-7.15808
-7.15808
-7.15808
-7.15808
-7.15808
-7.15808
-7.15808
-7.15808
-7.15808
-7.15808
-7.15808
-7.15808
-7.15808
-7.15808
-7.15808
-7.15808
-7.15808
-7.15808
-7.15808
-7.15808
-7.15808
-7.15808
-7.15808
-7.15808
-7.15808
-7.15808
-7.15808
-7.15808
-7.15808
-7.15808
-7.15808
-7.15808
-7.15808
-7.15808
-7.15808
-7.15808
-7.15808
-7.15808
-7.15808
-7.15808
-7.15808
-7.15808
-7.15808
-7.15808
-7.15808
-7.15808
-7.15808
-7.15808
-7.15808
-7.15808
-7.15808
-7.15808
-7.15808
-7.15808
-7.15808
-7.15808
-7.15808
-7.15808
-7.15808
-7.15808
-7.15808
-7.15808
-7.15808
-7.15808
-7.15808
-7.15808
-7.15808
-7.15808
-7.15808
-7.15808
-7.15808
-7.15808
-7.15808
-7.15808
-7.15808
-7.15808
-7.15808
-7.15808
-7.15808
-7.15808
-7.15808
-7.15808
-7.15808
-7.15808
-7.15808
-7.15808
