0
0
0
0
0
0
0
0
0
0
0
0
0
0
0
0
0
0
0
0
0
0
0
0
0
0
0
0
0
0
0
0
0
0
0
0
0
0
0
0
0
0
0
0
0
0
0
0
0
0
0
0
0
0
0
0
0
0
0
0
0
0
0
0
0
0
0
0
0
0
0
0
0
2.05343
1.98452
1.98452
1.98452
1.98452
1.98452
1.98452
1.98452
1.98452
1.98452
1.98452
1.98452
1.98452
1.98452
1.98452
1.98452
1.98452
1.98452
1.98452
1.98452
1.98452
1.98452
1.98452
1.98452
1.98452
1.98452
1.98452
1.98452
1.98452
1.98452
1.98452
1.98452
1.98452
1.98452
1.98452
1.98452
1.98452
1.98452
1.98452
1.98452
1.98452
1.98452
1.98452
1.98452
1.98452
1.98452
1.98452
1.98452
1.98452
1.98452
1.98452
1.98452
1.98452
1.98452
1.98452
1.98452
1.98452
1.98452
1.98452
1.98452
1.98452
1.98452
1.98452
1.98452
1.98452
1.98452
1.98452
1.98452
1.98452
1.98452
1.98452
1.98452
1.98452
1.98452
1.98452
1.98452
1.98452
1.98452
1.98452
1.98452
1.98452
1.98452
1.98452
1.98452
1.98452
1.98452
1.98452
1.98452
1.98452
1.98452
1.98452
1.98452
1.98452
1.98452
1.98452
1.98452
1.98452
1.98452
1.98452
1.98452
1.98452
1.98452
1.98452
1.98452
1.98452
1.98452
1.98452
1.98452
1.98452
1.98452
1.98452
1.98452
1.98452
1.98452
1.98452
1.98452
1.98452
1.98452
1.98452
1.98452
1.98452
1.98452
1.98452
1.98452
1.98452
1.98452
1.98452
1.98452
1.98452
1.98452
1.98452
1.98452
1.98452
1.98452
1.98452
1.98452
1.98452
1.98452
1.98452
1.98452
1.98452
1.98452
1.98452
1.98452
1.98452
1.98452
1.98452
1.98452
1.98452
1.98452
1.98452
1.98452
1.98452
1.98452
1.98452
1.98452
1.98452
1.98452
1.98452
1.98452
1.98452
1.98452
1.98452
1.98452
1.98452
1.98452
1.98452
1.98452
1.98452
1.98452
1.98452
1.98452
1.98452
1.98452
1.98452
1.98452
1.98452
1.98452
1.98452
1.98452
1.98452
1.98452
1.98452
1.98452
1.98452
1.98452
1.98452
1.98452
1.98452
1.98452
1.98452
1.98452
1.98452
1.98452
1.98452
1.98452
1.98452
1.98452
1.98452
1.98452
1.98452
1.98452
1.98452
1.98452
1.98452
1.98452
1.98452
1.98452
1.98452
1.98452
1.98452
1.98452
1.98452
1.98452
1.98452
1.98452
1.98452
1.98452
1.98452
1.98452
1.98452
1.98452
1.98452
1.98452
1.98452
1.98452
1.98452
1.98452
1.98452
1.98452
1.98452
1.98452
1.98452
1.98452
1.98452
1.98452
1.98452
1.98452
1.98452
1.98452
1.98452
1.98452
1.98452
1.98452
1.98452
1.98452
1.98452
1.98452
1.98452
1.98452
1.98452
2.73413
2.73413
2.73413
2.73413
2.73413
2.73413
2.73413
2.73413
2.73413
2.73413
2.73413
2.73413
2.73413
2.73413
2.73413
2.73413
2.73413
2.73413
2.73413
2.73413
2.73413
2.73413
2.73413
2.73413
2.73413
2.73413
2.73413
2.73413
2.73413
2.73413
2.73413
2.73413
2.73413
2.73413
2.73413
2.73413
2.73413
2.73413
3.42628
3.42628
3.42628
3.42628
3.42628
3.42628
3.42628
3.42628
3.42628
3.42628
3.42628
3.42628
3.42628
3.42628
3.42628
3.42628
3.42628
3.42628
3.42628
3.42628
3.42628
3.42628
3.42628
3.42628
3.42628
3.42628
3.42628
3.42628
3.42628
3.42628
3.42628
3.42628
3.91546
3.91546
3.91546
3.91546
3.91546
3.91546
3.91546
3.91546
3.91546
3.91546
3.91546
3.91546
3.91546
3.91546
3.91546
3.91546
3.91546
3.91546
3.91546
3.91546
3.91546
3.91546
3.91546
3.91546
3.91546
3.91546
3.91546
3.91546
3.91546
3.91546
3.91546
3.91546
4.46528
4.46528
4.46528
4.46528
4.46528
4.46528
4.46528
4.46528
4.46528
4.46528
4.46528
4.46528
4.46528
4.46528
4.46528
4.46528
4.46528
4.46528
4.46528
4.46528
4.46528
4.46528
4.46528
4.46528
4.46528
4.46528
4.46528
4.46528
4.46528
4.46528
4.46528
4.46528
5.01293
5.01293
5.01293
5.01293
5.01293
5.01293
5.01293
5.01293
5.01293
5.01293
5.01293
5.01293
5.01293
5.01293
5.01293
5.01293
5.01293
5.01293
5.01293
5.01293
5.01293
5.01293
5.01293
5.01293
5.01293
5.01293
5.01293
5.01293
5.01293
5.01293
5.01293
5.55634
5.55634
5.55634
5.55634
5.55634
5.55634
5.55634
5.55634
5.55634
5.55634
5.55634
5.55634
5.55634
5.55634
5.55634
5.55634
5.55634
5.55634
5.55634
5.55634
5.55634
5.55634
5.55634
5.55634
5.55634
5.55634
5.55634
5.55634
5.55634
5.55634
6.09238
6.09238
6.09238
6.09238
6.09238
6.09238
6.09238
6.09238
6.09238
6.09238
6.09238
6.09238
6.09238
6.09238
6.09238
6.09238
6.09238
6.09238
6.09238
6.09238
6.09238
6.09238
6.09238
6.09238
6.09238
6.09238
6.09238
6.09238
6.09238
6.09238
6.63621
6.63621
6.63621
6.63621
6.63621
6.63621
6.63621
6.63621
6.63621
6.63621
6.63621
6.63621
6.63621
6.63621
6.63621
6.63621
6.63621
6.63621
6.63621
6.63621
6.63621
6.63621
6.63621
6.63621
6.63621
6.63621
6.63621
6.63621
6.63621
6.63621
7.17007
7.17007
7.17007
7.17007
7.17007
7.17007
7.17007
7.17007
7.17007
7.17007
7.17007
7.17007
7.17007
7.17007
7.17007
7.17007
7.17007
7.17007
7.17007
7.17007
7.17007
7.17007
7.17007
7.17007
7.17007
7.17007
7.17007
7.17007
7.17007
7.17007
7.72449
7.72449
7.72449
7.72449
7.72449
7.72449
7.72449
7.72449
7.72449
7.72449
7.72449
7.72449
7.72449
7.72449
7.72449
7.72449
7.72449
7.72449
7.72449
7.72449
7.72449
7.72449
7.72449
7.72449
7.72449
7.72449
7.72449
7.72449
7.72449
8.26268
8.26268
8.26268
8.26268
8.26268
8.26268
8.26268
8.26268
8.26268
8.26268
8.26268
8.26268
8.26268
8.26268
8.26268
8.26268
8.26268
8.26268
8.26268
8.26268
8.26268
8.26268
8.26268
8.26268
8.26268
8.26268
8.26268
8.26268
8.81193
8.81193
8.81193
8.81193
8.81193
8.81193
8.81193
8.81193
8.81193
8.81193
8.81193
8.81193
8.81193
8.81193
8.81193
8.81193
8.81193
8.81193
8.81193
8.81193
8.81193
8.81193
8.81193
8.81193
8.81193
8.81193
8.81193
8.81193
8.81193
9.36147
9.36147
9.36147
9.36147
9.36147
9.36147
9.36147
9.36147
9.36147
9.36147
9.36147
9.36147
9.36147
9.36147
9.36147
9.36147
9.36147
9.36147
9.36147
9.36147
9.36147
9.36147
9.36147
9.36147
9.36147
9.36147
9.36147
9.36147
9.91228
9.91228
9.91228
9.91228
9.91228
9.91228
9.91228
9.91228
9.91228
9.91228
9.91228
9.91228
9.91228
9.91228
9.91228
9.91228
9.91228
9.91228
9.91228
9.91228
9.91228
9.91228
9.91228
9.91228
9.91228
9.91228
9.91228
9.91228
9.91228
10.4807
10.4807
10.4807
10.4807
10.4807
10.4807
10.4807
10.4807
10.4807
10.4807
10.4807
10.4807
10.4807
10.4807
10.4807
10.4807
10.4807
10.4807
10.4807
10.4807
10.4807
10.4807
10.4807
10.4807
10.4807
10.4807
10.4807
10.4807
11.0366
11.0366
11.0366
11.0366
11.0366
11.0366
11.0366
11.0366
11.0366
11.0366
11.0366
11.0366
11.0366
11.0366
11.0366
11.0366
11.0366
11.0366
11.0366
11.0366
11.0366
11.0366
11.0366
11.0366
11.0366
11.0366
11.0366
11.0366
11.0366
11.6083
11.6083
11.6083
11.6083
11.6083
11.6083
11.6083
11.6083
11.6083
11.6083
11.6083
11.6083
11.6083
11.6083
11.6083
11.6083
11.6083
11.6083
11.6083
11.6083
11.6083
11.6083
11.6083
11.6083
11.6083
11.6083
11.6083
11.6083
11.6083
12.1792
12.1792
12.1792
12.1792
12.1792
12.1792
12.1792
12.1792
12.1792
12.1792
12.1792
12.1792
12.1792
12.1792
12.1792
12.1792
12.1792
12.1792
12.1792
12.1792
12.1792
12.1792
12.1792
12.1792
12.1792
12.1792
12.1792
12.1792
12.7522
12.7522
12.7522
12.7522
12.7522
12.7522
12.7522
12.7522
12.7522
12.7522
12.7522
12.7522
12.7522
12.7522
12.7522
12.7522
12.7522
12.7522
12.7522
12.7522
12.7522
12.7522
12.7522
12.7522
12.7522
12.7522
12.7522
12.7522
12.7522
13.3339
13.3339
13.3339
13.3339
13.3339
13.3339
13.3339
13.3339
13.3339
13.3339
13.3339
13.3339
13.3339
13.3339
13.3339
13.3339
13.3339
13.3339
13.3339
13.3339
13.3339
13.3339
13.3339
13.3339
13.3339
13.3339
13.3339
13.3339
13.3339
13.9126
13.9126
13.9126
13.9126
13.9126
13.9126
13.9126
13.9126
13.9126
13.9126
13.9126
13.9126
13.9126
13.9126
13.9126
13.9126
13.9126
13.9126
13.9126
13.9126
13.9126
13.9126
13.9126
13.9126
13.9126
13.9126
13.9126
13.9126
14.4848
14.4848
14.4848
14.4848
14.4848
14.4848
14.4848
14.4848
14.4848
14.4848
14.4848
14.4848
14.4848
14.4848
14.4848
14.4848
14.4848
14.4848
14.4848
14.4848
14.4848
14.4848
14.4848
14.4848
14.4848
14.4848
14.4848
14.4848
14.4848
15.0755
15.0755
15.0755
15.0755
15.0755
15.0755
15.0755
15.0755
15.0755
15.0755
15.0755
15.0755
15.0755
15.0755
15.0755
15.0755
15.0755
15.0755
15.0755
15.0755
15.0755
15.0755
15.0755
15.0755
15.0755
15.0755
15.0755
15.0755
15.6533
15.6533
15.6533
15.6533
15.6533
15.6533
15.6533
15.6533
15.6533
15.6533
15.6533
15.6533
15.6533
15.6533
15.6533
15.6533
15.6533
15.6533
15.6533
15.6533
15.6533
15.6533
15.6533
15.6533
15.6533
15.6533
15.6533
15.6533
15.6533
16.246
16.246
16.246
16.246
16.246
16.246
16.246
16.246
16.246
16.246
16.246
16.246
16.246
16.246
16.246
16.246
16.246
16.246
16.246
16.246
16.246
16.246
16.246
16.246
16.246
16.246
16.246
16.246
16.246
16.8339
16.8339
16.8339
16.8339
16.8339
16.8339
16.8339
16.8339
16.8339
16.8339
16.8339
16.8339
16.8339
16.8339
16.8339
16.8339
16.8339
16.8339
16.8339
16.8339
16.8339
16.8339
16.8339
16.8339
16.8339
16.8339
16.8339
16.8339
16.8339
17.4319
17.4319
17.4319
17.4319
17.4319
17.4319
17.4319
17.4319
17.4319
17.4319
17.4319
17.4319
17.4319
17.4319
17.4319
17.4319
17.4319
17.4319
17.4319
17.4319
17.4319
17.4319
17.4319
17.4319
17.4319
17.4319
17.4319
17.4319
17.4319
18.0322
18.0322
18.0322
18.0322
18.0322
18.0322
18.0322
18.0322
18.0322
18.0322
18.0322
18.0322
18.0322
18.0322
18.0322
18.0322
18.0322
18.0322
18.0322
18.0322
18.0322
18.0322
18.0322
18.0322
18.0322
18.0322
18.0322
18.0322
18.0322
18.6427
18.6427
18.6427
18.6427
18.6427
18.6427
18.6427
18.6427
18.6427
18.6427
18.6427
18.6427
18.6427
18.6427
18.6427
18.6427
18.6427
18.6427
18.6427
18.6427
18.6427
18.6427
18.6427
18.6427
18.6427
18.6427
18.6427
18.6427
18.6427
18.6427
19.2539
19.2539
19.2539
19.2539
19.2539
19.2539
19.2539
19.2539
19.2539
19.2539
19.2539
19.2539
19.2539
19.2539
19.2539
19.2539
19.2539
19.2539
19.2539
19.2539
19.2539
19.2539
19.2539
19.2539
19.2539
19.2539
19.2539
19.2539
19.2539
19.8649
19.8649
19.8649
19.8649
19.8649
19.8649
19.8649
19.8649
19.8649
19.8649
19.8649
19.8649
19.8649
19.8649
19.8649
19.8649
19.8649
19.8649
19.8649
19.8649
19.8649
19.8649
19.8649
19.8649
19.8649
19.8649
19.8649
19.8649
19.8649
19.8649
20.487
20.487
20.487
20.487
20.487
20.487
20.487
20.487
20.487
20.487
20.487
20.487
20.487
20.487
20.487
20.487
20.487
20.487
20.487
20.487
20.487
20.487
20.487
20.487
20.487
20.487
20.487
20.487
20.487
21.0927
21.0927
21.0927
21.0927
21.0927
21.0927
21.0927
21.0927
21.0927
21.0927
21.0927
21.0927
21.0927
21.0927
21.0927
21.0927
21.0927
21.0927
21.0927
21.0927
21.0927
21.0927
21.0927
21.0927
21.0927
21.0927
21.0927
21.0927
21.0927
21.7015
21.7015
21.7015
21.7015
21.7015
21.7015
21.7015
21.7015
21.7015
21.7015
21.7015
21.7015
21.7015
21.7015
21.7015
21.7015
21.7015
21.7015
21.7015
21.7015
21.7015
21.7015
21.7015
21.7015
21.7015
21.7015
21.7015
21.7015
21.7015
22.3105
22.3105
22.3105
22.3105
22.3105
22.3105
22.3105
22.3105
22.3105
22.3105
22.3105
22.3105
22.3105
22.3105
22.3105
22.3105
22.3105
22.3105
22.3105
22.3105
22.3105
22.3105
22.3105
22.3105
22.3105
22.3105
22.3105
22.3105
22.3105
22.9218
22.9218
22.9218
22.9218
22.9218
22.9218
22.9218
22.9218
22.9218
22.9218
22.9218
22.9218
22.9218
22.9218
22.9218
22.9218
22.9218
22.9218
22.9218
22.9218
22.9218
22.9218
22.9218
22.9218
22.9218
22.9218
22.9218
22.9218
22.9218
22.9218
23.5708
23.5708
23.5708
23.5708
23.5708
23.5708
23.5708
23.5708
23.5708
23.5708
23.5708
23.5708
23.5708
23.5708
23.5708
23.5708
23.5708
23.5708
23.5708
23.5708
23.5708
23.5708
23.5708
23.5708
23.5708
23.5708
23.5708
24.178
24.178
24.178
24.178
24.178
24.178
24.178
24.178
24.178
24.178
24.178
24.178
24.178
24.178
24.178
24.178
24.178
24.178
24.178
24.178
24.178
24.178
24.178
24.178
24.178
24.178
24.178
24.178
24.178
24.7754
24.7754
24.7754
24.7754
24.7754
24.7754
24.7754
24.7754
24.7754
24.7754
24.7754
24.7754
24.7754
24.7754
24.7754
24.7754
24.7754
24.7754
24.7754
24.7754
24.7754
24.7754
24.7754
24.7754
24.7754
24.7754
24.7754
24.7754
24.7754
24.7754
25.3777
25.3777
25.3777
25.3777
25.3777
25.3777
25.3777
25.3777
25.3777
25.3777
25.3777
25.3777
25.3777
25.3777
25.3777
25.3777
25.3777
25.3777
25.3777
25.3777
25.3777
25.3777
25.3777
25.3777
25.3777
25.3777
25.3777
25.3777
25.3777
25.3777
25.9801
25.9801
25.9801
25.9801
25.9801
25.9801
25.9801
25.9801
25.9801
25.9801
25.9801
25.9801
25.9801
25.9801
25.9801
25.9801
25.9801
25.9801
25.9801
25.9801
25.9801
25.9801
25.9801
25.9801
25.9801
25.9801
25.9801
25.9801
25.9801
25.9801
26.5814
26.5814
26.5814
26.5814
26.5814
26.5814
26.5814
26.5814
26.5814
26.5814
26.5814
26.5814
26.5814
26.5814
26.5814
26.5814
26.5814
26.5814
26.5814
26.5814
26.5814
26.5814
26.5814
26.5814
26.5814
26.5814
26.5814
26.5814
26.5814
26.5814
27.189
27.189
27.189
27.189
27.189
27.189
27.189
27.189
27.189
27.189
27.189
27.189
27.189
27.189
27.189
27.189
27.189
27.189
27.189
27.189
27.189
27.189
27.189
27.189
27.189
27.189
27.189
27.189
27.189
27.189
27.7953
27.7953
27.7953
27.7953
27.7953
27.7953
27.7953
27.7953
27.7953
27.7953
27.7953
27.7953
27.7953
27.7953
27.7953
27.7953
27.7953
27.7953
27.7953
27.7953
27.7953
27.7953
27.7953
27.7953
27.7953
27.7953
27.7953
27.7953
27.7953
27.7953
28.4148
28.4148
28.4148
28.4148
28.4148
28.4148
28.4148
28.4148
28.4148
28.4148
28.4148
28.4148
28.4148
28.4148
28.4148
28.4148
28.4148
28.4148
28.4148
28.4148
28.4148
28.4148
28.4148
28.4148
28.4148
28.4148
28.4148
28.4148
28.4148
28.4148
28.4148
29.0671
29.0671
29.0671
29.0671
29.0671
29.0671
29.0671
29.0671
29.0671
29.0671
29.0671
29.0671
29.0671
29.0671
29.0671
29.0671
29.0671
29.0671
29.0671
29.0671
29.0671
29.0671
29.0671
29.0671
29.0671
29.0671
29.0671
29.0671
29.0671
29.0671
29.7057
29.7057
29.7057
29.7057
29.7057
29.7057
29.7057
29.7057
29.7057
29.7057
29.7057
29.7057
29.7057
29.7057
29.7057
29.7057
29.7057
29.7057
29.7057
29.7057
29.7057
29.7057
29.7057
29.7057
29.7057
29.7057
29.7057
29.7057
29.7057
29.7057
30.3509
30.3509
30.3509
30.3509
30.3509
30.3509
30.3509
30.3509
30.3509
30.3509
30.3509
30.3509
30.3509
30.3509
30.3509
30.3509
30.3509
30.3509
30.3509
30.3509
30.3509
30.3509
30.3509
30.3509
30.3509
30.3509
30.3509
30.3509
30.3509
30.3509
30.9877
30.9877
30.9877
30.9877
30.9877
30.9877
30.9877
30.9877
30.9877
30.9877
30.9877
30.9877
30.9877
30.9877
30.9877
30.9877
30.9877
30.9877
30.9877
30.9877
30.9877
30.9877
30.9877
30.9877
30.9877
30.9877
30.9877
30.9877
30.9877
30.9877
31.6324
31.6324
31.6324
31.6324
31.6324
31.6324
31.6324
31.6324
31.6324
31.6324
31.6324
31.6324
31.6324
31.6324
31.6324
31.6324
31.6324
31.6324
31.6324
31.6324
31.6324
31.6324
31.6324
31.6324
31.6324
31.6324
31.6324
31.6324
31.6324
31.6324
31.6324
32.2891
32.2891
32.2891
32.2891
32.2891
32.2891
32.2891
32.2891
32.2891
32.2891
32.2891
32.2891
32.2891
32.2891
32.2891
32.2891
32.2891
32.2891
32.2891
32.2891
32.2891
32.2891
32.2891
32.2891
32.2891
32.2891
32.2891
32.2891
32.2891
32.2891
32.924
32.924
32.924
32.924
32.924
32.924
32.924
32.924
32.924
32.924
32.924
32.924
32.924
32.924
32.924
32.924
32.924
32.924
32.924
32.924
32.924
32.924
32.924
32.924
32.924
32.924
32.924
32.924
32.924
32.924
33.5632
33.5632
33.5632
33.5632
33.5632
33.5632
33.5632
33.5632
33.5632
33.5632
33.5632
33.5632
33.5632
33.5632
33.5632
33.5632
33.5632
33.5632
33.5632
33.5632
33.5632
33.5632
33.5632
33.5632
33.5632
33.5632
33.5632
33.5632
33.5632
33.5632
34.204
34.204
34.204
34.204
34.204
34.204
34.204
34.204
34.204
34.204
34.204
34.204
34.204
34.204
34.204
34.204
34.204
34.204
34.204
34.204
34.204
34.204
34.204
34.204
34.204
34.204
34.204
34.204
34.204
34.204
34.204
34.8565
34.8565
34.8565
34.8565
34.8565
34.8565
34.8565
34.8565
34.8565
34.8565
34.8565
34.8565
34.8565
34.8565
34.8565
34.8565
34.8565
34.8565
34.8565
34.8565
34.8565
34.8565
34.8565
34.8565
34.8565
34.8565
34.8565
34.8565
34.8565
34.8565
35.497
35.497
35.497
35.497
35.497
35.497
35.497
35.497
35.497
35.497
35.497
35.497
35.497
35.497
35.497
35.497
35.497
35.497
35.497
35.497
35.497
35.497
35.497
35.497
35.497
35.497
35.497
35.497
35.497
35.497
36.1436
36.1436
36.1436
36.1436
36.1436
36.1436
36.1436
36.1436
36.1436
36.1436
36.1436
36.1436
36.1436
36.1436
36.1436
36.1436
36.1436
36.1436
36.1436
36.1436
36.1436
36.1436
36.1436
36.1436
36.1436
36.1436
36.1436
36.1436
36.1436
36.1436
36.1436
36.7936
36.7936
36.7936
36.7936
36.7936
36.7936
36.7936
36.7936
36.7936
36.7936
36.7936
36.7936
36.7936
36.7936
36.7936
36.7936
36.7936
36.7936
36.7936
36.7936
36.7936
36.7936
36.7936
36.7936
36.7936
36.7936
36.7936
36.7936
36.7936
36.7936
36.7936
37.4508
37.4508
37.4508
37.4508
37.4508
37.4508
37.4508
37.4508
37.4508
37.4508
37.4508
37.4508
37.4508
37.4508
37.4508
37.4508
37.4508
37.4508
37.4508
37.4508
37.4508
37.4508
37.4508
37.4508
37.4508
37.4508
37.4508
37.4508
37.4508
37.4508
37.4508
38.1158
38.1158
38.1158
38.1158
38.1158
38.1158
38.1158
38.1158
38.1158
38.1158
38.1158
38.1158
38.1158
38.1158
38.1158
38.1158
38.1158
38.1158
38.1158
38.1158
38.1158
38.1158
38.1158
38.1158
38.1158
38.1158
38.1158
38.1158
38.1158
38.1158
38.1158
38.7661
38.7661
38.7661
38.7661
38.7661
38.7661
38.7661
38.7661
38.7661
38.7661
38.7661
38.7661
38.7661
38.7661
38.7661
38.7661
38.7661
38.7661
38.7661
38.7661
38.7661
38.7661
38.7661
38.7661
38.7661
38.7661
38.7661
38.7661
38.7661
38.7661
39.415
39.415
39.415
39.415
39.415
39.415
39.415
39.415
39.415
39.415
39.415
39.415
39.415
39.415
39.415
39.415
39.415
39.415
39.415
39.415
39.415
39.415
40.1375
40.1375
40.1375
40.1375
40.1375
40.1375
40.1375
40.1375
40.1375
40.1375
40.1375
40.1375
40.1375
40.1375
40.1375
40.1375
40.1375
40.1375
40.1375
40.1375
40.1375
40.1375
40.1375
40.1375
40.1375
40.1375
40.1375
40.1375
40.1375
40.8034
40.8034
40.8034
40.8034
40.8034
40.8034
40.8034
40.8034
40.8034
40.8034
40.8034
40.8034
40.8034
40.8034
40.8034
40.8034
40.8034
40.8034
40.8034
41.5128
41.5128
41.5128
41.5128
41.5128
41.5128
41.5128
41.5128
41.5128
41.5128
41.5128
41.5128
41.5128
41.5128
41.5128
41.5128
41.5128
41.5128
41.5128
41.5128
41.5128
41.5128
41.5128
41.5128
41.5128
41.5128
41.5128
41.5128
41.5128
41.5128
41.5128
41.5128
41.5128
42.1536
42.1536
42.1536
42.1536
42.1536
42.1536
42.1536
42.1536
42.1536
42.1536
42.1536
42.1536
42.1536
42.1536
42.1536
42.1536
42.1536
42.1536
42.1536
42.1536
42.1536
42.1536
42.1536
42.1536
42.1536
42.1536
42.1536
42.1536
42.1536
42.1536
42.1536
42.8055
42.8055
42.8055
42.8055
42.8055
42.8055
42.8055
42.8055
42.8055
42.8055
42.8055
42.8055
42.8055
42.8055
42.8055
42.8055
42.8055
42.8055
42.8055
42.8055
42.8055
42.8055
42.8055
42.8055
42.8055
42.8055
42.8055
42.8055
42.8055
42.8055
42.8055
43.4532
43.4532
43.4532
43.4532
43.4532
43.4532
43.4532
43.4532
43.4532
43.4532
43.4532
43.4532
43.4532
43.4532
43.4532
43.4532
43.4532
43.4532
43.4532
43.4532
43.4532
43.4532
43.4532
43.4532
43.4532
43.4532
43.4532
43.4532
43.4532
43.4532
43.4532
44.1084
44.1084
44.1084
44.1084
44.1084
44.1084
44.1084
44.1084
44.1084
44.1084
44.1084
44.1084
44.1084
44.1084
44.1084
44.1084
44.1084
44.1084
44.1084
44.1084
44.1084
44.1084
44.1084
44.1084
44.1084
44.1084
44.1084
44.1084
44.1084
44.1084
44.1084
44.7548
44.7548
44.7548
44.7548
44.7548
44.7548
44.7548
44.7548
44.7548
44.7548
44.7548
44.7548
44.7548
44.7548
44.7548
44.7548
44.7548
44.7548
44.7548
44.7548
44.7548
44.7548
44.7548
44.7548
44.7548
44.7548
44.7548
44.7548
44.7548
44.7548
44.7548
44.7548
45.4147
45.4147
45.4147
45.4147
45.4147
45.4147
45.4147
45.4147
45.4147
45.4147
45.4147
45.4147
45.4147
45.4147
45.4147
45.4147
45.4147
45.4147
45.4147
45.4147
45.4147
45.4147
45.4147
45.4147
45.4147
45.4147
45.4147
45.4147
45.4147
45.4147
45.4147
46.0564
46.0564
46.0564
46.0564
46.0564
46.0564
46.0564
46.0564
46.0564
46.0564
46.0564
46.0564
46.0564
46.0564
46.0564
46.0564
46.0564
46.0564
46.0564
46.0564
46.0564
46.0564
46.0564
46.0564
46.0564
46.0564
46.0564
46.0564
46.0564
46.0564
46.0564
46.0564
46.7162
46.7162
46.7162
46.7162
46.7162
46.7162
46.7162
46.7162
46.7162
46.7162
46.7162
46.7162
46.7162
46.7162
46.7162
46.7162
46.7162
46.7162
46.7162
46.7162
46.7162
46.7162
46.7162
46.7162
46.7162
46.7162
46.7162
46.7162
46.7162
46.7162
46.7162
47.3581
47.3581
47.3581
47.3581
47.3581
47.3581
47.3581
47.3581
47.3581
47.3581
47.3581
47.3581
47.3581
47.3581
47.3581
47.3581
47.3581
47.3581
47.3581
47.3581
47.3581
47.3581
47.3581
47.3581
47.3581
47.3581
47.3581
47.3581
47.3581
47.3581
47.3581
48.0091
48.0091
48.0091
48.0091
48.0091
48.0091
48.0091
48.0091
48.0091
48.0091
48.0091
48.0091
48.0091
48.0091
48.0091
48.0091
48.0091
48.0091
48.0091
48.0091
48.0091
48.0091
48.0091
48.0091
48.0091
48.0091
48.0091
48.0091
48.0091
48.0091
48.0091
48.0091
48.6676
48.6676
48.6676
48.6676
48.6676
48.6676
48.6676
48.6676
48.6676
48.6676
48.6676
48.6676
48.6676
48.6676
48.6676
48.6676
48.6676
48.6676
48.6676
48.6676
48.6676
48.6676
48.6676
48.6676
48.6676
48.6676
48.6676
48.6676
48.6676
48.6676
48.6676
48.6676
49.324
49.324
49.324
49.324
49.324
49.324
49.324
49.324
49.324
49.324
49.324
49.324
49.324
49.324
49.324
49.324
49.324
49.324
49.324
49.324
49.324
49.324
49.324
49.324
49.324
49.324
49.324
49.324
49.324
49.324
49.324
49.324
49.9799
49.9799
49.9799
49.9799
49.9799
49.9799
49.9799
49.9799
49.9799
49.9799
49.9799
49.9799
49.9799
49.9799
49.9799
49.9799
49.9799
49.9799
49.9799
49.9799
49.9799
49.9799
49.9799
49.9799
49.9799
49.9799
49.9799
49.9799
49.9799
49.9799
49.9799
49.9799
50.6428
50.6428
50.6428
50.6428
50.6428
50.6428
50.6428
50.6428
50.6428
50.6428
50.6428
50.6428
50.6428
50.6428
50.6428
50.6428
50.6428
50.6428
50.6428
50.6428
50.6428
50.6428
50.6428
50.6428
50.6428
50.6428
50.6428
50.6428
50.6428
50.6428
50.6428
50.6428
51.3079
51.3079
51.3079
51.3079
51.3079
51.3079
51.3079
51.3079
51.3079
51.3079
51.3079
51.3079
51.3079
51.3079
51.3079
51.3079
51.3079
51.3079
51.3079
51.3079
51.3079
51.3079
51.3079
51.3079
51.3079
51.3079
51.3079
51.3079
51.3079
51.3079
51.3079
51.3079
51.9651
51.9651
51.9651
51.9651
51.9651
51.9651
51.9651
51.9651
51.9651
51.9651
51.9651
51.9651
51.9651
51.9651
51.9651
51.9651
51.9651
51.9651
51.9651
51.9651
51.9651
51.9651
51.9651
51.9651
51.9651
51.9651
51.9651
51.9651
51.9651
51.9651
51.9651
51.9651
52.6295
52.6295
52.6295
52.6295
52.6295
52.6295
52.6295
52.6295
52.6295
52.6295
52.6295
52.6295
52.6295
52.6295
52.6295
52.6295
52.6295
52.6295
52.6295
52.6295
52.6295
52.6295
52.6295
52.6295
52.6295
52.6295
52.6295
52.6295
52.6295
52.6295
52.6295
52.6295
53.2834
53.2834
53.2834
53.2834
53.2834
53.2834
53.2834
53.2834
53.2834
53.2834
53.2834
53.2834
53.2834
53.2834
53.2834
53.2834
53.2834
53.2834
53.2834
53.2834
53.2834
53.2834
53.2834
53.2834
53.2834
53.2834
53.2834
53.2834
53.2834
53.2834
53.2834
53.2834
53.9478
53.9478
53.9478
53.9478
53.9478
53.9478
53.9478
53.9478
53.9478
53.9478
53.9478
53.9478
53.9478
53.9478
53.9478
53.9478
53.9478
53.9478
53.9478
53.9478
53.9478
53.9478
53.9478
53.9478
53.9478
53.9478
53.9478
53.9478
53.9478
53.9478
53.9478
53.9478
54.6077
54.6077
54.6077
54.6077
54.6077
54.6077
54.6077
54.6077
54.6077
54.6077
54.6077
54.6077
54.6077
54.6077
54.6077
54.6077
54.6077
54.6077
54.6077
54.6077
54.6077
54.6077
54.6077
54.6077
54.6077
54.6077
54.6077
54.6077
54.6077
54.6077
54.6077
54.6077
55.2691
55.2691
55.2691
55.2691
55.2691
55.2691
55.2691
55.2691
55.2691
55.2691
55.2691
55.2691
55.2691
55.2691
55.2691
55.2691
55.2691
55.2691
55.2691
55.2691
55.2691
55.2691
55.2691
55.2691
55.2691
55.2691
55.2691
55.2691
55.2691
55.2691
55.2691
55.2691
55.9252
55.9252
55.9252
55.9252
55.9252
55.9252
55.9252
55.9252
55.9252
55.9252
55.9252
55.9252
55.9252
55.9252
55.9252
55.9252
55.9252
55.9252
55.9252
55.9252
55.9252
55.9252
55.9252
55.9252
55.9252
55.9252
55.9252
55.9252
55.9252
55.9252
55.9252
55.9252
56.5825
56.5825
56.5825
56.5825
56.5825
56.5825
56.5825
56.5825
56.5825
56.5825
56.5825
56.5825
56.5825
56.5825
56.5825
56.5825
56.5825
56.5825
56.5825
56.5825
56.5825
56.5825
56.5825
56.5825
56.5825
56.5825
56.5825
56.5825
56.5825
56.5825
56.5825
57.2308
57.2308
57.2308
57.2308
57.2308
57.2308
57.2308
57.2308
57.2308
57.2308
57.2308
57.2308
57.2308
57.2308
57.2308
57.2308
57.2308
57.2308
57.2308
57.2308
57.2308
57.2308
57.2308
57.2308
57.2308
57.2308
57.2308
57.2308
57.2308
57.2308
57.2308
57.2308
57.8865
57.8865
57.8865
57.8865
57.8865
57.8865
57.8865
57.8865
57.8865
57.8865
57.8865
57.8865
57.8865
57.8865
57.8865
57.8865
57.8865
57.8865
57.8865
57.8865
57.8865
57.8865
57.8865
57.8865
57.8865
57.8865
57.8865
57.8865
57.8865
57.8865
57.8865
57.8865
58.5417
58.5417
58.5417
58.5417
58.5417
58.5417
58.5417
58.5417
58.5417
58.5417
58.5417
58.5417
58.5417
58.5417
58.5417
58.5417
58.5417
58.5417
58.5417
58.5417
58.5417
58.5417
58.5417
58.5417
58.5417
58.5417
58.5417
58.5417
58.5417
58.5417
58.5417
58.5417
59.2068
59.2068
59.2068
59.2068
59.2068
59.2068
59.2068
59.2068
59.2068
59.2068
59.2068
59.2068
59.2068
59.2068
59.2068
59.2068
59.2068
59.2068
59.2068
59.2068
59.2068
59.2068
59.2068
59.2068
59.2068
59.2068
59.2068
59.2068
59.2068
59.2068
59.2068
59.2068
59.8629
59.8629
59.8629
59.8629
59.8629
59.8629
59.8629
59.8629
59.8629
59.8629
59.8629
59.8629
59.8629
59.8629
59.8629
59.8629
59.8629
59.8629
59.8629
59.8629
59.8629
59.8629
59.8629
59.8629
59.8629
59.8629
59.8629
59.8629
59.8629
59.8629
59.8629
59.8629
60.5264
60.5264
60.5264
60.5264
60.5264
60.5264
60.5264
60.5264
60.5264
60.5264
60.5264
60.5264
60.5264
60.5264
60.5264
60.5264
60.5264
60.5264
60.5264
60.5264
60.5264
60.5264
60.5264
60.5264
60.5264
60.5264
60.5264
60.5264
60.5264
60.5264
60.5264
60.5264
61.1829
61.1829
61.1829
61.1829
61.1829
61.1829
61.1829
61.1829
61.1829
61.1829
61.1829
61.1829
61.1829
61.1829
61.1829
61.1829
61.1829
61.1829
61.1829
61.1829
61.1829
61.1829
61.1829
61.1829
61.1829
61.1829
61.1829
61.1829
61.1829
61.1829
61.1829
61.1829
61.8466
61.8466
61.8466
61.8466
61.8466
61.8466
61.8466
61.8466
61.8466
61.8466
61.8466
61.8466
61.8466
61.8466
61.8466
61.8466
61.8466
61.8466
61.8466
61.8466
61.8466
61.8466
61.8466
61.8466
61.8466
61.8466
61.8466
61.8466
61.8466
61.8466
61.8466
61.8466
62.5023
62.5023
62.5023
62.5023
62.5023
62.5023
62.5023
62.5023
62.5023
62.5023
62.5023
62.5023
62.5023
62.5023
62.5023
62.5023
62.5023
62.5023
62.5023
62.5023
62.5023
62.5023
62.5023
62.5023
62.5023
62.5023
62.5023
62.5023
62.5023
62.5023
62.5023
62.5023
63.168
63.168
63.168
63.168
63.168
63.168
63.168
63.168
63.168
63.168
63.168
63.168
63.168
63.168
63.168
63.168
63.168
63.168
63.168
63.168
63.168
63.168
63.168
63.168
63.168
63.168
63.168
63.168
63.168
63.168
63.168
63.168
63.824
63.824
63.824
63.824
63.824
63.824
63.824
63.824
63.824
63.824
63.824
63.824
63.824
63.824
63.824
63.824
63.824
63.824
63.824
63.824
63.824
63.824
63.824
63.824
63.824
63.824
63.824
63.824
63.824
63.824
63.824
63.824
64.4796
64.4796
64.4796
64.4796
64.4796
64.4796
64.4796
64.4796
64.4796
64.4796
64.4796
64.4796
64.4796
64.4796
64.4796
64.4796
64.4796
64.4796
64.4796
64.4796
64.4796
64.4796
64.4796
64.4796
64.4796
64.4796
64.4796
64.4796
64.4796
64.4796
64.4796
64.4796
65.1537
65.1537
65.1537
65.1537
65.1537
65.1537
65.1537
65.1537
65.1537
65.1537
65.1537
65.1537
65.1537
65.1537
65.1537
65.1537
65.1537
65.1537
65.1537
65.1537
65.1537
65.1537
65.1537
65.1537
65.1537
65.1537
65.1537
65.1537
65.1537
65.1537
65.1537
65.1537
65.8124
65.8124
65.8124
65.8124
65.8124
65.8124
65.8124
65.8124
65.8124
65.8124
65.8124
65.8124
65.8124
65.8124
65.8124
65.8124
65.8124
65.8124
65.8124
65.8124
65.8124
65.8124
65.8124
65.8124
65.8124
65.8124
65.8124
65.8124
65.8124
65.8124
65.8124
65.8124
66.4747
66.4747
66.4747
66.4747
66.4747
66.4747
66.4747
66.4747
66.4747
66.4747
66.4747
66.4747
66.4747
66.4747
66.4747
66.4747
66.4747
66.4747
66.4747
66.4747
66.4747
66.4747
66.4747
66.4747
66.4747
66.4747
66.4747
66.4747
66.4747
66.4747
66.4747
66.4747
60.8708
60.8708
60.8708
60.8708
60.8708
60.8708
60.8708
60.8708
60.8708
60.8708
60.8708
60.8708
60.8708
60.8708
60.8708
60.8708
60.8708
60.8708
60.8708
60.8708
60.8708
60.8708
60.8708
60.8708
60.8708
60.8708
60.8708
60.8708
60.8708
60.8708
60.8708
60.8708
60.8708
60.8708
60.8708
60.8708
60.8708
60.8708
60.8708
60.8708
60.8708
60.8708
60.8708
60.8708
60.8708
60.8708
60.8708
60.8708
60.8708
60.8708
60.8708
60.8708
60.8708
60.8708
60.8708
60.8708
60.8708
60.8708
60.8708
60.8708
60.8708
60.8708
60.8708
60.8708
60.8708
60.8708
60.8708
60.8708
60.8708
60.8708
60.8708
60.8708
60.8708
60.8708
60.8708
60.8708
60.8708
60.8708
60.8708
60.8708
60.8708
60.8708
60.8708
60.8708
60.8708
60.8708
60.8708
60.8708
60.8708
60.8708
60.8708
60.8708
60.8708
60.8708
60.8708
60.8708
60.8708
60.8708
60.8708
60.8708
60.8708
60.8708
60.8708
60.8708
60.8708
60.8708
60.8708
60.8708
60.8708
60.8708
60.8708
60.8708
60.8708
60.8708
60.8708
60.8708
60.8708
60.8708
60.8708
60.8708
60.8708
60.8708
60.8708
60.8708
60.8708
60.8708
60.8708
60.8708
60.8708
60.8708
60.8708
60.8708
60.8708
60.8708
60.8708
60.8708
60.8708
60.8708
60.8708
60.8708
60.8708
60.8708
60.8708
60.8708
60.8708
60.8708
60.8708
60.8708
60.8708
60.8708
60.8708
60.8708
60.8708
60.8708
60.8708
60.8708
60.8708
60.8708
60.8708
60.8708
60.8708
60.8708
60.8708
60.8708
60.8708
60.8708
60.8708
60.8708
60.8708
60.8708
60.8708
60.8708
60.8708
60.8708
60.8708
60.8708
60.8708
60.8708
60.8708
60.8708
60.8708
60.8708
60.8708
60.8708
60.8708
60.8708
60.8708
60.8708
60.8708
60.8708
60.8708
60.8708
60.8708
60.8708
60.8708
60.8708
60.8708
60.8708
60.8708
60.8708
60.8708
60.8708
60.8708
60.8708
60.8708
60.8708
60.8708
60.8708
60.8708
60.8708
60.8708
60.8708
60.8708
60.8708
60.8708
60.8708
60.8708
60.8708
60.8708
60.8708
60.8708
60.8708
60.8708
60.8708
60.8708
60.8708
60.8708
60.8708
60.8708
60.8708
60.8708
60.8708
60.8708
60.8708
60.8708
60.8708
60.8708
60.8708
60.8708
60.8708
60.8708
60.8708
60.8708
60.8708
60.8708
60.8708
60.8708
60.8708
60.8708
60.8708
60.8708
60.8708
60.8708
60.8708
60.8708
60.8708
60.8708
60.8708
60.8708
60.8708
60.8708
60.8708
60.8708
60.8708
60.8708
60.8708
60.8708
60.8708
60.8708
60.8708
60.8708
60.8708
60.8708
60.8708
60.8708
60.8708
60.8708
60.8708
60.8708
60.8708
60.8708
60.8708
60.8708
60.8708
60.8708
60.8708
60.8708
60.8708
60.8708
60.8708
60.8708
60.8708
60.8708
60.8708
60.8708
60.8708
60.8708
60.8708
60.8708
60.8708
60.8708
60.8708
60.8708
60.8708
60.8708
60.8708
60.8708
60.8708
60.8708
60.8708
60.8708
60.8708
60.8708
60.8708
60.8708
60.8708
60.8708
60.8708
60.8708
60.8708
60.8708
60.8708
60.8708
60.8708
60.8708
60.8708
60.8708
60.8708
60.8708
60.8708
60.8708
60.8708
60.8708
60.8708
60.8708
60.8708
60.8708
60.8708
60.8708
60.8708
60.8708
60.8708
60.8708
60.8708
60.8708
60.8708
60.8708
60.8708
60.8708
60.8708
60.8708
60.8708
60.8708
60.8708
60.8708
60.8708
60.8708
60.8708
60.8708
60.8708
60.8708
60.8708
60.8708
60.8708
60.8708
60.8708
60.8708
60.8708
60.8708
60.8708
60.8708
60.8708
60.8708
60.8708
60.8708
60.8708
60.8708
60.8708
60.8708
60.8708
60.8708
60.8708
60.8708
60.8708
60.8708
60.8708
60.8708
60.8708
60.8708
60.8708
60.8708
60.8708
60.8708
60.8708
60.8708
60.8708
60.8708
60.8708
60.8708
60.8708
60.8708
60.8708
60.8708
60.8708
60.8708
60.8708
60.8708
60.8708
60.8708
60.8708
60.8708
60.8708
60.8708
60.8708
60.8708
