-1.37178e+20
-1.37178e+20
-1.37178e+20
-1.37178e+20
-1.37178e+20
-1.37178e+20
-1.37178e+20
-1.37178e+20
-1.37178e+20
-1.37178e+20
-1.37178e+20
-1.37178e+20
-1.37178e+20
-1.37178e+20
-1.37178e+20
-1.37178e+20
-1.37178e+20
-1.37178e+20
-1.37178e+20
-1.37178e+20
-1.37178e+20
-1.37178e+20
-1.37178e+20
-1.37178e+20
-1.37178e+20
-1.37178e+20
-1.37178e+20
-1.37178e+20
-1.37178e+20
-1.37178e+20
-1.37178e+20
-1.37178e+20
-1.37178e+20
-1.37178e+20
-1.37178e+20
-1.37178e+20
-1.37178e+20
-1.37178e+20
-1.37178e+20
-1.37178e+20
-1.37178e+20
-1.37178e+20
-1.37178e+20
-1.37178e+20
-1.37178e+20
-1.37178e+20
-1.37178e+20
-1.37178e+20
-1.37178e+20
-1.37178e+20
-1.37178e+20
-1.37178e+20
-1.37178e+20
-1.37178e+20
-1.37178e+20
-1.37178e+20
-1.37178e+20
-1.37178e+20
-1.37178e+20
-1.37178e+20
-1.37178e+20
-1.37178e+20
-1.37178e+20
-1.37178e+20
-1.37178e+20
-1.37178e+20
-1.37178e+20
-1.37178e+20
-1.37178e+20
-1.37178e+20
-1.37178e+20
-1.37178e+20
-1.37178e+20
-1.37178e+20
-1.37178e+20
-1.37178e+20
-1.37178e+20
-1.37178e+20
-1.37178e+20
-1.37178e+20
-1.37178e+20
-1.37178e+20
-1.37178e+20
-1.37178e+20
-1.37178e+20
-1.37178e+20
-1.37178e+20
-1.37178e+20
-1.37178e+20
-1.37178e+20
-1.37178e+20
-1.37178e+20
-1.37178e+20
-1.37178e+20
-1.37178e+20
-1.37178e+20
-1.37178e+20
-1.37178e+20
-1.37178e+20
-1.37178e+20
-1.37178e+20
-1.37178e+20
-1.37178e+20
-1.37178e+20
-1.37178e+20
-1.37178e+20
-1.37178e+20
-1.37178e+20
-1.37178e+20
-1.37178e+20
-1.37178e+20
-1.37178e+20
-1.37178e+20
-1.37178e+20
-1.37178e+20
-1.37178e+20
-1.37178e+20
-1.37178e+20
-1.37178e+20
-1.37178e+20
-1.37178e+20
-1.37178e+20
-1.37178e+20
-1.37178e+20
-1.37178e+20
-1.37178e+20
-1.37178e+20
-1.37178e+20
-1.37178e+20
-1.37178e+20
-1.37178e+20
-1.37178e+20
-1.37178e+20
-1.37178e+20
-1.37178e+20
-1.37178e+20
-1.37178e+20
-1.37178e+20
-1.37178e+20
-1.37178e+20
-1.37178e+20
-1.37178e+20
-1.37178e+20
-1.37178e+20
-1.37178e+20
-1.37178e+20
-1.37178e+20
-1.37178e+20
-1.37178e+20
-1.37178e+20
-1.37178e+20
-1.37178e+20
-1.37178e+20
-1.37178e+20
-1.37178e+20
-1.37178e+20
-1.37178e+20
-1.37178e+20
-1.37178e+20
-1.37178e+20
-1.37178e+20
-1.37178e+20
-1.37178e+20
-1.37178e+20
-1.37178e+20
-1.37178e+20
-1.37178e+20
-1.37178e+20
-1.37178e+20
-1.37178e+20
-1.37178e+20
-1.37178e+20
-1.37178e+20
-1.37178e+20
-1.37178e+20
-1.37178e+20
-1.37178e+20
-1.37178e+20
-1.37178e+20
-1.37178e+20
-1.37178e+20
-1.37178e+20
-1.37178e+20
-1.37178e+20
-1.37178e+20
-1.37178e+20
-1.37178e+20
-1.37178e+20
-1.37178e+20
-1.37178e+20
-1.37178e+20
-1.37178e+20
-1.37178e+20
0.145362
0.145362
0.145362
0.145362
0.145362
0.145362
0.145362
0.145362
0.145362
0.145362
0.145362
0.145362
0.145362
0.145362
0.145362
0.145362
0.145362
0.145362
0.145362
0.145362
0.145362
0.145362
0.145362
0.145362
0.145362
0.145362
0.145362
0.145362
0.145362
0.145362
0.145362
0.145362
0.145362
0.145362
0.145362
0.145362
0.145362
0.145362
0.145362
0.145362
0.145362
0.145362
0.145362
0.145362
0.145362
0.145362
0.145362
0.145362
0.145362
0.145362
0.145362
0.145362
0.145362
0.145362
0.145362
0.145362
0.145362
0.145362
0.145362
0.145362
0.145362
0.145362
0.145362
0.145362
0.145362
0.145362
0.145362
0.145362
0.145362
0.145362
0.145362
0.145362
0.145362
0.145362
0.145362
0.145362
0.145362
0.145362
0.145362
0.145362
0.145362
0.145362
0.145362
0.145362
0.145362
0.145362
0.145362
0.145362
0.145362
0.145362
0.145362
0.145362
0.145362
0.145362
0.145362
0.145362
0.145362
0.145362
0.145362
0.145362
0.145362
0.145362
0.145362
0.145362
0.145362
0.145362
0.145362
0.145362
0.145362
0.145362
0.145362
0.145362
0.145362
0.145362
0.145362
0.145362
0.145362
0.145362
0.145362
0.145362
0.145362
0.145362
0.145362
0.145362
0.145362
0.145362
0.145362
0.145362
0.145362
0.145362
0.145362
0.145362
0.145362
0.145362
0.145362
0.145362
0.145362
0.145362
0.145362
0.145362
0.145362
0.145362
0.145362
0.145362
0.145362
0.145362
0.145362
0.145362
0.145362
0.145362
0.145362
0.145362
0.145362
0.145362
0.145362
0.145362
0.145362
0.145362
0.145362
0.145362
0.145362
0.145362
0.145362
0.145362
0.145362
0.145362
0.145362
0.145362
0.145362
0.145362
0.145362
0.145362
0.145362
0.145362
0.145362
0.145362
0.145362
0.145362
0.145362
0.145362
0.145362
0.145362
0.145362
0.145362
0.145362
0.145362
0.145362
0.145362
0.145362
0.145362
0.145362
0.145362
0.145362
0.145362
0.145362
0.145362
0.145362
0.145362
0.145362
0.145362
0.145362
0.145362
0.145362
0.145362
0.145362
0.145362
0.145362
0.145362
0.145362
0.145362
0.145362
0.145362
0.145362
0.145362
0.145362
0.145362
0.145362
0.145362
0.145362
0.145362
0.145362
0.145362
0.145362
0.145362
0.145362
0.145362
0.145362
0.145362
0.145362
0.145362
0.145362
0.145362
0.145362
0.145362
0.145362
0.145362
0.145362
0.145362
0.145362
0.145362
0.145362
0.145362
0.145362
0.145362
0.145362
0.145362
0.145362
0.145362
0.145362
0.145362
0.145362
-0.246133
-0.28538
-0.302361
-0.311593
-0.317658
-0.325804
-0.328898
-0.331397
-0.333437
-0.335128
-0.336567
-0.337817
-0.338923
-0.339919
-0.340823
-0.341656
-0.342417
-0.343124
-0.34378
-0.344388
-0.344954
-0.345482
-0.345977
-0.34644
-0.346878
-0.34729
-0.347683
-0.348055
-0.34841
-0.348748
-0.349071
-0.349381
-0.349675
-0.349954
-0.350221
-0.350476
-0.350718
-0.350947
-0.351166
-0.351374
-0.351573
-0.351761
-0.35194
-0.35211
-0.352272
-0.352427
-0.352575
-0.352716
-0.352852
-0.352982
-0.353107
-0.353228
-0.353346
-0.353458
-0.353567
-0.353674
-0.353778
-0.353878
-0.353977
-0.354073
-0.354167
-0.354258
-0.354349
-0.354437
-0.354524
-0.354608
-0.354691
-0.354771
-0.354851
-0.354928
-0.355003
-0.355077
-0.355149
-0.355219
-0.355287
-0.355353
-0.355419
-0.355482
-0.355545
-0.355607
-0.355667
-0.355727
-0.355785
-0.355843
-0.355899
-0.355954
-0.356009
-0.356063
-0.356116
-0.356169
-0.356222
-0.356274
-0.356326
-0.356376
-0.356429
-0.35648
-0.356529
-0.356578
-0.356626
-0.356673
-0.356719
-0.356767
-0.356814
-0.356861
-0.356907
-0.356952
-0.356997
-0.357041
-0.357075
-0.357108
-0.35714
-0.357173
-0.357205
-0.357238
-0.35727
-0.357302
-0.357334
-0.357365
-0.357396
-0.357426
-0.357457
-0.357487
-0.357517
-0.357547
-0.357577
-0.357607
-0.357636
-0.357665
-0.357694
-0.357723
-0.357752
-0.35778
-0.357808
-0.357836
-0.357864
-0.357892
-0.357919
-0.357947
-0.357974
-0.358001
-0.358027
-0.358054
-0.35808
-0.358106
-0.358132
-0.358158
-0.358183
-0.358209
-0.358235
-0.358261
-0.358287
-0.358312
-0.358337
-0.358363
-0.358388
-0.358413
-0.358437
-0.358462
-0.358487
-0.358511
-0.358535
-0.358559
-0.358583
-0.358607
-0.358632
-0.358657
-0.358681
-0.358706
-0.35873
-0.358754
-0.358778
-0.358802
-0.358826
-0.358849
-0.358872
-0.358896
-0.358919
-0.358942
-0.358965
-0.358988
-0.35901
-0.359033
-0.359055
-0.359077
-0.359099
-0.359121
-0.359143
-0.359165
-0.359187
-0.359209
-0.35923
-0.359252
-0.359274
-0.359295
-0.359316
-0.359338
-0.359359
-0.35938
-0.359401
-0.359422
-0.359443
-0.359464
-0.359484
-0.359505
-0.359526
-0.359547
-0.359568
-0.359588
-0.359609
-0.359629
-0.359649
-0.359669
-0.35969
-0.35971
-0.35973
-0.35975
-0.359771
-0.359791
-0.359811
-0.359831
-0.359851
-0.359871
-0.359891
-0.35991
-0.35993
-0.35995
-0.359969
-0.359989
-0.360008
-0.360028
-0.360047
-0.360067
-0.360086
-0.360106
-0.360125
-0.360144
-0.360164
-0.360183
-0.360202
-0.360222
-0.360241
-0.36026
-0.360279
-0.360298
-0.360317
-0.360335
-0.360354
-0.360372
-0.360391
-0.36041
-0.360428
-0.360447
-0.360465
-0.360484
-0.360502
-0.36052
-0.360539
-0.360557
-0.360575
-0.360593
-0.360611
-0.36063
-0.360648
-0.360666
-0.360684
-0.360702
-0.36072
-0.360738
-0.360756
-0.360775
-0.360793
-0.360811
-0.360829
-0.360846
-0.360864
-0.360882
-0.3609
-0.360918
-0.360936
-0.360954
-0.360972
-0.36099
-0.361008
-0.361025
-0.361043
-0.361061
-0.361079
-0.361097
-0.361114
-0.361132
-0.36115
-0.361167
-0.361185
-0.361202
-0.36122
-0.361237
-0.361255
-0.361272
-0.361289
-0.361307
-0.361324
-0.361341
-0.361359
-0.361376
-0.361393
-0.36141
-0.361427
-0.361444
-0.361461
-0.361478
-0.361495
-0.361512
-0.361529
-0.361546
-0.361563
-0.36158
-0.361597
-0.361614
-0.361631
-0.361648
-0.361666
-0.361682
-0.361699
-0.361716
-0.361733
-0.361749
-0.361766
-0.361783
-0.361799
-0.361816
-0.361833
-0.361849
-0.361866
-0.361883
-0.361899
-0.361915
-0.361932
-0.361948
-0.361965
-0.361981
-0.361998
-0.362014
-0.36203
-0.362047
-0.362063
-0.36208
-0.362096
-0.362112
-0.362128
-0.362145
-0.362161
-0.362177
-0.362193
-0.362209
-0.362225
-0.362241
-0.362257
-0.362273
-0.362289
-0.362304
-0.36232
-0.362336
-0.362351
-0.362367
-0.362382
-0.362397
-0.362413
-0.362428
-0.362443
-0.362458
-0.362474
-0.362489
-0.362504
-0.362519
-0.362534
-0.362549
-0.362565
-0.36258
-0.362595
-0.362609
-0.362624
-0.362639
-0.362654
-0.362669
-0.362684
-0.362699
-0.362714
-0.362728
-0.362743
-0.362758
-0.362773
-0.362787
-0.362802
-0.362817
-0.362831
-0.362846
-0.362861
-0.362876
-0.362891
-0.362905
-0.36292
-0.362935
-0.362949
-0.362964
-0.362978
-0.362993
-0.363008
-0.363022
-0.363037
-0.363051
-0.363066
-0.36308
-0.363094
-0.363109
-0.363123
-0.363137
-0.363152
-0.363166
-0.36318
-0.363195
-0.363209
-0.363223
-0.363237
-0.363251
-0.363265
-0.363279
-0.363294
-0.363308
-0.363322
-0.363336
-0.36335
-0.363364
-0.363378
-0.363392
-0.363406
-0.363421
-0.363435
-0.363449
-0.363464
-0.363478
-0.363492
-0.363506
-0.36352
-0.363535
-0.363549
-0.363563
-0.363576
-0.36359
-0.363604
-0.363618
-0.363632
-0.363645
-0.363659
-0.363673
-0.363686
-0.3637
-0.363713
-0.363727
-0.36374
-0.363754
-0.363767
-0.363781
-0.363794
-0.363808
-0.363821
-0.363834
-0.363848
-0.363861
-0.363874
-0.363888
-0.363901
-0.363914
-0.363927
-0.363941
-0.363954
-0.363967
-0.363981
-0.363994
-0.364007
-0.36402
-0.364033
-0.364046
-0.364059
-0.364073
-0.364086
-0.364099
-0.364112
-0.364126
-0.364139
-0.364152
-0.364165
-0.364178
-0.364192
-0.364204
-0.364217
-0.364231
-0.364244
-0.364257
-0.36427
-0.364284
-0.364297
-0.36431
-0.364324
-0.364337
-0.36435
-0.364363
-0.364376
-0.36439
-0.364403
-0.364417
-0.36443
-0.364443
-0.364456
-0.364469
-0.364482
-0.364495
-0.364508
-0.364521
-0.364534
-0.364546
-0.364559
-0.364571
-0.364584
-0.364596
-0.364609
-0.364621
-0.364633
-0.364646
-0.364658
-0.36467
-0.364682
-0.364694
-0.364706
-0.364719
-0.364731
-0.364743
-0.364755
-0.364767
-0.364778
-0.36479
-0.364802
-0.364814
-0.364826
-0.364838
-0.364849
-0.364861
-0.364873
-0.364885
-0.364896
-0.364908
-0.36492
-0.364931
-0.364943
-0.364955
-0.364967
-0.364978
-0.36499
-0.365001
-0.365013
-0.365024
-0.365036
-0.365047
-0.365058
-0.36507
-0.365081
-0.365092
-0.365103
-0.365114
-0.365126
-0.365137
-0.365148
-0.365159
-0.36517
-0.365181
-0.365192
-0.365203
-0.365214
-0.365225
-0.365236
-0.365247
-0.365258
-0.365269
-0.36528
-0.365291
-0.365302
-0.365314
-0.365326
-0.365338
-0.36535
-0.365362
-0.365374
-0.365386
-0.365397
-0.365409
-0.365421
-0.365433
-0.365445
-0.365459
-0.365473
-0.365491
-0.365508
-0.365526
-0.365547
-0.365569
-0.365592
-0.365614
-0.365637
-0.36566
-0.365683
-0.365706
-0.365729
-0.365751
-0.365773
-0.365794
-0.365816
-0.365836
-0.365856
-0.365876
-0.365896
-0.365915
-0.365934
-0.365953
-0.365972
-0.36599
-0.366009
-0.366027
-0.366045
-0.366063
-0.366081
-0.366099
-0.366117
-0.366134
-0.366152
-0.366169
-0.366186
-0.366203
-0.366219
-0.366236
-0.366252
-0.366268
-0.366283
-0.366298
-0.366313
-0.366328
-0.366342
-0.366356
-0.366369
-0.366383
-0.366396
-0.366409
-0.366422
-0.366435
-0.366447
-0.366459
-0.366471
-0.366483
-0.366495
-0.366507
-0.366519
-0.36653
-0.366542
-0.366553
-0.366565
-0.366576
-0.366588
-0.366599
-0.36661
-0.366622
-0.366633
-0.366644
-0.366655
-0.366667
-0.366678
-0.366689
-0.3667
-0.366711
-0.366722
-0.366733
-0.366745
-0.366756
-0.366767
-0.366778
-0.366789
-0.3668
-0.366811
-0.366822
-0.366833
-0.366843
-0.366854
-0.366836
-0.366817
-0.366799
-0.366781
-0.366763
-0.366746
-0.366729
-0.366711
-0.366695
-0.366678
-0.366661
-0.366645
-0.366629
-0.366613
-0.366598
-0.366582
-0.366567
-0.366552
-0.366537
-0.366522
-0.366507
-0.366493
-0.366478
-0.366464
-0.36645
-0.366436
-0.366422
-0.366409
-0.366395
-0.366382
-0.366368
-0.366355
-0.366342
-0.366329
-0.366316
-0.366303
-0.366291
-0.366278
-0.366266
-0.366253
-0.366241
-0.366229
-0.366217
-0.366205
-0.366193
-0.366181
-0.36617
-0.366158
-0.366147
-0.366135
-0.366124
-0.366113
-0.366102
-0.366091
-0.36608
-0.366069
-0.366058
-0.366048
-0.366037
-0.366027
-0.366016
-0.366006
-0.365996
-0.365986
-0.365976
-0.365966
-0.365956
-0.365946
-0.365936
-0.365927
-0.365917
-0.365908
-0.365898
-0.365889
-0.36588
-0.365871
-0.365861
-0.365852
-0.365843
-0.365834
-0.365826
-0.365817
-0.365808
-0.365799
-0.365791
-0.365782
-0.365774
-0.365765
-0.365757
-0.365749
-0.365741
-0.365733
-0.365725
-0.365717
-0.365709
-0.365701
-0.365693
-0.365685
-0.365678
-0.36567
-0.365662
-0.365655
-0.365647
-0.36564
-0.365633
-0.365625
-0.365618
-0.365611
-0.365604
-0.365597
-0.36559
-0.365583
-0.365576
-0.365569
-0.365563
-0.365556
-0.365549
-0.365543
-0.365536
-0.365529
-0.365523
-0.365517
-0.36551
-0.365504
-0.365498
-0.365491
-0.365485
-0.365479
-0.365473
-0.365467
-0.365461
-0.365455
-0.365449
-0.365443
-0.365437
-0.365431
-0.365426
-0.36542
-0.365414
-0.365409
-0.365403
-0.365397
-0.365392
-0.365386
-0.365381
-0.365375
-0.36537
-0.365364
-0.365359
-0.365354
-0.365349
-0.365343
-0.365338
-0.365333
-0.365328
-0.365323
-0.365318
-0.365314
-0.36531
-0.365305
-0.365301
-0.365297
-0.365293
-0.365289
-0.365285
-0.365281
-0.365277
-0.365273
-0.365269
-0.365265
-0.365261
-0.365258
-0.365254
-0.36525
-0.365246
-0.365243
-0.365239
-0.365236
-0.365232
-0.365229
-0.365225
-0.365222
-0.365218
-0.365215
-0.365211
-0.365208
-0.365205
-0.365202
-0.365198
-0.365195
-0.365192
-0.365189
-0.365186
-0.365183
-0.36518
-0.365177
-0.365174
-0.365171
-0.365168
-0.365165
-0.365163
-0.36516
-0.365157
-0.365154
-0.365152
-0.365149
-0.365146
-0.365144
-0.365141
-0.365139
-0.365136
-0.365134
-0.365131
-0.365129
-0.365127
-0.365124
-0.365122
-0.36512
-0.365118
-0.365115
-0.365113
-0.365111
-0.365109
-0.365107
-0.365105
-0.365103
-0.365101
-0.365099
-0.365097
-0.365095
-0.365093
-0.365091
-0.365089
-0.365087
-0.365086
-0.365084
-0.365082
-0.36508
-0.365079
-0.365077
-0.365075
-0.365074
-0.365072
-0.365071
-0.365069
-0.365068
-0.365066
-0.365065
-0.365063
-0.365062
-0.36506
-0.365059
-0.365058
-0.365056
-0.365055
-0.365054
-0.365053
-0.365051
-0.36505
-0.365049
-0.365048
-0.365047
-0.365046
-0.365045
-0.365044
-0.365043
-0.365042
-0.365041
-0.36504
-0.365039
-0.365038
-0.365037
-0.365036
-0.365035
-0.365035
-0.365034
-0.365033
-0.365032
-0.365032
-0.365031
-0.36503
-0.36503
-0.365029
-0.365029
-0.365029
-0.365029
-0.36503
-0.365031
-0.365033
-0.365035
-0.365038
-0.36504
-0.365043
-0.365045
-0.365047
-0.365049
-0.365051
-0.365053
-0.365055
-0.365056
-0.365058
-0.365061
-0.365063
-0.365066
-0.365068
-0.365071
-0.365074
-0.365077
-0.365079
-0.365082
-0.365084
-0.365086
-0.365087
-0.365089
-0.36509
-0.365091
-0.365092
-0.365155
-0.365217
-0.365279
-0.36534
-0.365401
-0.365462
-0.365524
-0.365586
-0.365647
-0.365708
-0.365768
-0.365828
-0.365887
-0.365946
-0.366005
-0.366063
-0.366121
-0.366178
-0.366236
-0.366293
-0.36635
-0.366407
-0.366465
-0.366522
-0.36658
-0.366638
-0.366695
-0.366752
-0.36681
-0.366867
-0.366924
-0.366982
-0.36704
-0.367097
-0.367154
-0.367211
-0.367268
-0.367324
-0.36738
-0.367436
-0.367491
-0.367545
-0.3676
-0.367654
-0.367708
-0.367762
-0.367815
-0.367867
-0.36792
-0.367972
-0.368024
-0.368076
-0.368127
-0.368179
-0.36823
-0.368281
-0.368331
-0.368382
-0.368433
-0.368483
-0.368533
-0.368583
-0.368633
-0.368682
-0.368732
-0.368781
-0.368831
-0.36888
-0.368929
-0.368978
-0.369027
-0.369076
-0.369125
-0.369173
-0.369222
-0.36927
-0.369318
-0.369366
-0.369414
-0.369462
-0.369509
-0.369557
-0.369604
-0.369652
-0.369699
-0.369746
-0.369792
-0.369839
-0.369886
-0.369932
-0.369979
-0.370025
-0.370071
-0.370118
-0.370164
-0.370209
-0.370255
-0.370301
-0.370347
-0.370392
-0.370438
-0.370483
-0.370529
-0.370574
-0.370619
-0.370664
-0.370709
-0.370754
-0.370799
-0.370844
-0.370889
-0.370933
-0.370978
-0.371022
-0.371066
-0.371111
-0.371155
-0.371199
-0.371243
-0.371287
-0.371331
-0.371374
-0.371418
-0.371462
-0.371506
-0.371549
-0.371592
-0.371636
-0.371679
-0.371722
-0.371765
-0.371808
-0.371851
-0.371894
-0.371937
-0.37198
-0.372023
-0.372065
-0.372108
-0.37215
-0.372193
-0.372235
-0.372277
-0.37232
-0.372362
-0.372404
-0.372446
-0.372487
-0.372529
-0.372571
-0.372613
-0.372654
-0.372696
-0.372737
-0.372778
-0.372819
-0.372861
-0.372902
-0.372943
-0.372984
-0.373025
-0.373065
-0.373106
-0.373147
-0.373187
-0.373228
-0.373269
-0.373309
-0.373349
-0.37339
-0.37343
-0.373471
-0.373511
-0.373552
-0.373592
-0.373632
-0.373672
-0.373712
-0.373752
-0.373792
-0.373832
-0.373872
-0.373911
-0.373951
-0.373991
-0.37403
-0.37407
-0.374109
-0.374148
-0.374188
-0.374227
-0.374266
-0.374305
-0.374344
-0.374383
-0.374422
-0.37446
-0.374499
-0.374538
-0.374576
-0.374615
-0.374653
-0.374692
-0.37473
-0.374768
-0.374807
-0.374845
-0.374883
-0.374921
-0.374959
-0.374997
-0.375035
-0.375073
-0.375111
-0.375149
-0.375186
-0.375224
-0.375262
-0.375299
-0.375337
-0.375374
-0.375411
-0.375449
-0.375486
-0.375524
-0.375561
-0.375598
-0.375635
-0.375672
-0.375709
-0.375746
-0.375783
-0.37582
-0.375856
-0.375893
-0.37593
-0.375966
-0.376003
-0.37604
-0.376076
-0.376112
-0.376149
-0.376185
-0.376222
-0.376258
-0.376294
-0.37633
-0.376366
-0.376402
-0.376438
-0.376474
-0.37651
-0.376545
-0.376581
-0.376617
-0.376652
-0.376688
-0.376723
-0.376759
-0.376794
-0.37683
-0.376865
-0.376901
-0.376936
-0.376971
-0.377006
-0.377041
-0.377076
-0.377111
-0.377146
-0.377181
-0.377215
-0.37725
-0.377284
-0.377319
-0.377353
-0.377387
-0.377422
-0.377456
-0.37749
-0.377524
-0.377558
-0.377592
-0.377626
-0.37766
-0.377694
-0.377728
-0.377762
-0.377795
-0.377829
-0.377862
-0.377896
-0.377929
-0.377963
-0.377996
-0.378029
-0.378063
-0.378096
-0.378129
-0.378162
-0.378195
-0.378228
-0.378261
-0.378294
-0.378327
-0.37836
-0.378393
-0.378426
-0.378459
-0.378491
-0.378524
-0.378557
-0.378589
-0.378622
-0.378655
-0.378687
-0.378719
-0.378752
-0.378784
-0.378817
-0.378849
-0.378881
-0.378913
-0.378946
-0.378978
-0.37901
-0.379042
-0.379074
-0.379106
-0.379138
-0.37917
-0.379202
-0.379234
-0.379266
-0.379298
-0.379329
-0.379361
-0.379393
-0.379424
-0.379455
-0.379487
-0.379518
-0.379549
-0.379581
-0.379612
-0.379643
-0.379674
-0.379705
-0.379736
-0.379768
-0.379799
-0.37983
-0.379861
-0.379892
-0.379923
-0.379954
-0.379985
-0.380016
-0.380047
-0.380078
-0.380109
-0.380139
-0.38017
-0.380201
-0.380231
-0.380262
-0.380292
-0.380323
-0.380353
-0.380384
-0.380382
-0.38038
-0.380378
-0.380376
-0.380375
-0.380373
-0.380372
-0.38037
-0.380369
-0.380367
-0.380366
-0.380365
-0.380364
-0.380363
-0.380362
-0.380361
-0.380359
-0.380358
-0.380357
-0.380356
-0.380355
-0.380354
-0.380354
-0.380353
-0.380352
-0.380351
-0.38035
-0.38035
-0.380349
-0.380348
-0.380348
-0.380347
-0.380347
-0.380348
-0.380348
-0.380348
-0.380348
-0.380349
-0.380349
-0.38035
-0.38035
-0.38035
-0.380351
-0.380351
-0.380352
-0.380352
-0.380353
-0.380353
-0.380354
-0.380354
-0.380355
-0.380355
-0.380356
-0.380357
-0.380357
-0.380358
-0.380358
-0.380359
-0.38036
-0.38036
-0.380361
-0.380362
-0.380363
-0.380363
-0.380364
-0.380365
-0.380366
-0.380366
-0.380367
-0.380368
-0.380369
-0.380369
-0.38037
-0.380371
-0.380372
-0.380373
-0.380374
-0.380374
-0.380375
-0.380376
-0.380377
-0.380378
-0.380379
-0.38038
-0.380381
-0.380382
-0.380382
-0.380383
-0.380384
-0.380385
-0.380386
-0.380387
-0.380388
-0.380389
-0.38039
-0.380391
-0.380392
-0.380393
-0.380394
-0.380395
-0.380396
-0.380397
-0.380398
-0.380399
-0.3804
-0.380401
-0.380402
-0.380403
-0.380404
-0.380405
-0.380406
-0.380407
-0.380408
-0.380409
-0.38041
-0.380411
-0.380412
-0.380413
-0.380414
-0.380416
-0.380417
-0.380418
-0.380419
-0.38042
-0.380421
-0.380422
-0.380423
-0.380424
-0.380425
-0.380427
-0.380428
-0.380429
-0.38043
-0.380431
-0.380432
-0.380433
-0.380435
-0.380436
-0.380437
-0.380438
-0.380439
-0.38044
-0.380442
-0.380443
-0.380444
-0.380445
-0.380446
-0.380447
-0.380448
-0.38045
-0.380451
-0.380452
-0.380453
-0.380454
-0.380456
-0.380457
-0.380458
-0.380459
-0.38046
-0.380464
-0.380467
-0.38047
-0.380474
-0.380477
-0.38048
-0.380484
-0.380487
-0.38049
-0.380494
-0.380497
-0.3805
-0.380504
-0.380507
-0.38051
-0.380513
-0.380517
-0.38052
-0.380523
-0.380527
-0.38053
-0.380533
-0.380536
-0.38054
-0.380543
-0.380546
-0.38055
-0.380553
-0.380556
-0.380559
-0.380563
-0.380566
-0.380569
-0.380572
-0.380576
-0.38058
-0.380584
-0.380588
-0.380592
-0.380596
-0.3806
-0.380604
-0.380608
-0.380612
-0.380616
-0.38062
-0.380624
-0.380628
-0.380633
-0.380637
-0.380641
-0.380645
-0.380649
-0.38063
-0.380612
-0.380594
-0.380576
-0.380558
-0.380541
-0.380523
-0.380505
-0.380487
-0.38047
-0.380452
-0.380435
-0.380417
-0.3804
-0.380383
-0.380365
-0.380348
-0.380331
-0.380314
-0.380297
-0.38028
-0.380263
-0.380246
-0.380229
-0.380213
-0.380196
-0.380179
-0.380163
-0.380146
-0.380129
-0.380113
-0.380096
-0.38008
-0.380063
-0.380047
-0.38003
-0.380014
-0.379998
-0.379982
-0.379965
-0.379949
-0.379933
-0.379917
-0.379901
-0.379885
-0.379868
-0.379852
-0.379836
-0.37982
-0.379804
-0.379788
-0.379772
-0.379756
-0.37974
-0.379724
-0.379709
-0.379693
-0.379677
-0.379661
-0.379645
-0.37963
-0.379614
-0.379598
-0.379583
-0.379567
-0.379551
-0.379536
-0.37952
-0.379505
-0.379489
-0.379474
-0.379458
-0.379443
-0.379428
-0.379412
-0.379397
-0.379382
-0.379366
-0.379351
-0.379336
-0.379321
-0.379306
-0.379291
-0.379276
-0.379261
-0.379246
-0.379231
-0.379216
-0.379201
-0.379186
-0.379171
-0.379156
-0.379141
-0.379126
-0.379112
-0.379097
-0.379082
-0.379068
-0.379053
-0.379038
-0.379024
-0.379009
-0.378994
-0.37898
-0.378965
-0.378951
-0.378936
-0.378922
-0.378907
-0.378892
-0.378878
-0.378864
-0.378849
-0.378835
-0.37882
-0.378806
-0.378791
-0.378777
-0.378763
-0.378748
-0.378734
-0.37872
-0.378706
-0.378692
-0.378678
-0.378663
-0.378649
-0.378635
-0.378621
-0.378607
-0.378593
-0.378579
-0.378565
-0.378551
-0.378537
-0.378523
-0.378509
-0.378496
-0.378482
-0.378468
-0.378454
-0.37844
-0.378426
-0.378413
-0.378399
-0.378385
-0.378372
-0.378358
-0.378344
-0.37833
-0.378317
-0.378303
-0.37829
-0.378276
-0.378263
-0.378249
-0.378235
-0.378222
-0.378208
-0.378195
-0.378181
-0.378168
-0.378154
-0.378141
-0.378127
-0.378114
-0.3781
-0.378087
-0.378074
-0.37806
-0.378047
-0.378054
-0.378061
-0.378068
-0.378075
-0.378082
-0.378089
-0.378096
-0.378103
-0.37811
-0.378117
-0.378124
-0.378131
-0.378137
-0.378144
-0.378151
-0.378157
-0.378164
-0.378171
-0.378177
-0.378184
-0.378191
-0.378197
-0.378204
-0.37821
-0.378217
-0.378223
-0.37823
-0.378237
-0.378243
-0.37825
-0.378257
-0.378263
-0.37827
-0.378277
-0.378284
-0.378291
-0.378298
-0.378305
-0.378311
-0.378318
-0.378325
-0.378332
-0.378339
-0.378346
-0.378353
-0.37836
-0.378366
-0.378373
-0.37838
-0.378387
-0.378393
-0.3784
-0.378406
-0.378413
-0.378419
-0.378426
-0.378432
-0.378438
-0.378445
-0.378451
-0.378457
-0.378464
-0.37847
-0.378476
-0.378482
-0.378488
-0.378494
-0.378501
-0.378507
-0.378513
-0.378519
-0.378525
-0.378531
-0.378537
-0.378543
-0.378549
-0.378555
-0.378561
-0.378567
-0.378574
-0.37858
-0.378586
-0.378592
-0.378598
-0.378604
-0.378609
-0.378615
-0.378621
-0.378627
-0.378633
-0.378639
-0.378645
-0.378651
-0.378657
-0.378663
-0.378669
-0.378675
-0.37868
-0.378686
-0.378692
-0.378698
-0.378704
-0.37871
-0.378715
-0.378721
-0.378727
-0.378733
-0.378739
-0.378739
-0.378739
-0.378739
-0.378739
-0.378739
-0.378739
-0.378739
-0.378739
-0.378739
-0.378739
-0.378739
-0.378739
-0.378739
-0.378739
-0.378739
-0.378739
-0.378739
-0.378739
-0.378739
-0.378739
