0
0
0
0
0
0
0
0
0
0
0
0
0
0
0
0
0
0
0
0
0
0
0
0
0
0
0
0
0
0
0
0
0
0
0
0
0
0
0
0
0
0
0
0
0
0
0
0
0
0
0
0
0
0
0
0
0
0
0
0
0
0
0
0
0
0
0
0
0
0
0
0
0
0
0
0
0
0
0
0
0
0
0
0
0
0
0
0
0
0
0
0
0
0
0
0
0
0
0
0
0
0
0
0
0
0
0
0
0
0
0
0
0
0
0
0
0
0
0
0
0
0
0
0
0
0
0
0
0
0
0
0
0
0
0
0
0
0
0
0
0
0
0
0
0
0
0
0
0
0
0
0
0
0
0
0
0
0
0
0
0
0
0
0
0
0
0
0
0
0
0
0
0
0
0
0
0
0
0
0
0
0
0
0
0
0
0
0
0
0
0
0
0
1.62669e+10
1.62669e+10
1.62669e+10
1.62669e+10
1.62669e+10
1.62669e+10
1.62669e+10
1.62669e+10
1.62669e+10
1.62669e+10
1.62669e+10
1.62669e+10
1.62669e+10
1.62669e+10
1.62669e+10
1.62669e+10
1.62669e+10
1.62669e+10
1.62669e+10
1.62669e+10
1.62669e+10
1.62669e+10
1.62669e+10
1.62669e+10
1.62669e+10
1.62669e+10
1.62669e+10
1.62669e+10
1.62669e+10
1.62669e+10
1.62669e+10
1.62669e+10
1.62669e+10
1.62669e+10
1.62669e+10
1.62669e+10
1.62669e+10
1.62669e+10
1.62669e+10
1.62669e+10
1.62669e+10
1.62669e+10
1.62669e+10
1.62669e+10
1.62669e+10
1.62669e+10
1.62669e+10
1.62669e+10
1.62669e+10
1.62669e+10
1.62669e+10
1.62669e+10
1.62669e+10
1.62669e+10
1.62669e+10
1.62669e+10
1.62669e+10
1.62669e+10
1.62669e+10
1.62669e+10
1.62669e+10
1.62669e+10
1.62669e+10
1.62669e+10
1.62669e+10
1.62669e+10
1.62669e+10
1.62669e+10
1.62669e+10
1.62669e+10
1.62669e+10
1.62669e+10
1.62669e+10
1.62669e+10
1.62669e+10
1.62669e+10
1.62669e+10
1.62669e+10
1.62669e+10
1.62669e+10
1.62669e+10
1.62669e+10
1.62669e+10
1.62669e+10
1.62669e+10
1.62669e+10
1.62669e+10
1.62669e+10
1.62669e+10
1.62669e+10
1.62669e+10
1.62669e+10
1.62669e+10
1.62669e+10
1.62669e+10
1.62669e+10
1.62669e+10
1.62669e+10
1.62669e+10
1.62669e+10
1.62669e+10
1.62669e+10
1.62669e+10
1.62669e+10
1.62669e+10
1.62669e+10
1.62669e+10
1.62669e+10
1.62669e+10
1.62669e+10
1.62669e+10
1.62669e+10
1.62669e+10
1.62669e+10
1.62669e+10
1.62669e+10
1.62669e+10
1.62669e+10
1.62669e+10
1.62669e+10
1.62669e+10
1.62669e+10
1.62669e+10
1.62669e+10
1.62669e+10
1.62669e+10
1.62669e+10
1.62669e+10
1.62669e+10
1.62669e+10
1.62669e+10
1.62669e+10
1.62669e+10
1.62669e+10
1.62669e+10
1.62669e+10
1.62669e+10
1.62669e+10
1.62669e+10
1.62669e+10
1.62669e+10
1.62669e+10
1.62669e+10
1.62669e+10
1.62669e+10
1.62669e+10
1.62669e+10
1.62669e+10
1.62669e+10
1.62669e+10
1.62669e+10
1.62669e+10
1.62669e+10
1.62669e+10
1.62669e+10
1.62669e+10
1.62669e+10
1.62669e+10
1.62669e+10
1.62669e+10
1.62669e+10
1.62669e+10
1.62669e+10
1.62669e+10
1.62669e+10
1.62669e+10
1.62669e+10
1.62669e+10
1.62669e+10
1.62669e+10
1.62669e+10
1.62669e+10
1.62669e+10
1.62669e+10
1.62669e+10
1.62669e+10
1.62669e+10
1.62669e+10
1.62669e+10
1.62669e+10
1.62669e+10
1.62669e+10
1.62669e+10
1.62669e+10
1.62669e+10
1.62669e+10
1.62669e+10
1.62669e+10
1.62669e+10
1.62669e+10
1.62669e+10
1.62669e+10
1.62669e+10
1.62669e+10
1.62669e+10
1.62669e+10
1.62669e+10
1.62669e+10
1.62669e+10
1.62669e+10
1.62669e+10
1.62669e+10
1.62669e+10
1.62669e+10
1.62669e+10
1.62669e+10
1.62669e+10
1.62669e+10
1.62669e+10
1.62669e+10
1.62669e+10
1.62669e+10
1.62669e+10
1.62669e+10
1.62669e+10
1.62669e+10
1.62669e+10
1.62669e+10
1.62669e+10
1.62669e+10
1.62669e+10
1.62669e+10
1.62669e+10
1.62669e+10
1.62669e+10
1.62669e+10
1.62669e+10
1.62669e+10
1.62669e+10
1.62669e+10
1.62669e+10
1.62669e+10
1.62669e+10
1.62669e+10
1.62669e+10
1.62669e+10
1.62669e+10
1.62669e+10
1.62669e+10
1.62669e+10
1.62669e+10
1.62669e+10
1.62669e+10
1.62669e+10
1.62669e+10
1.62669e+10
1.62669e+10
1.62669e+10
1.62669e+10
1.62669e+10
0.533447
0.10475
0.0677635
0.0493809
0.0406953
0.0358127
0.0294055
0.0272486
0.0251654
0.0233341
0.0220058
0.0209919
0.0202776
0.0197615
0.0193695
0.0191309
0.0186407
0.0183862
0.0180263
0.0176221
0.0171989
0.0167605
0.016322
0.0158941
0.0154849
0.015098
0.0147396
0.0144004
0.0140906
0.0137914
0.0135137
0.0132455
0.0129797
0.0127282
0.0124834
0.0122412
0.012005
0.0117793
0.0115546
0.0113405
0.011122
0.0109411
0.010748
0.0105719
0.0103951
0.0102343
0.0100709
0.00991788
0.00977047
0.00963268
0.00949003
0.00935451
0.00921138
0.0090969
0.00896612
0.00884288
0.0087225
0.00860969
0.00848928
0.00837578
0.00826431
0.00816018
0.00804293
0.00794168
0.00782694
0.00773961
0.00762889
0.00752949
0.00743185
0.00733565
0.0072462
0.00714851
0.00705755
0.00696787
0.00688233
0.00680254
0.00671489
0.00663335
0.00655303
0.00647354
0.00639522
0.00631767
0.00623649
0.00616561
0.00609093
0.00601704
0.00594459
0.00587342
0.00580329
0.00573343
0.00566369
0.00559032
0.00552362
0.00546142
0.00535505
0.00530397
0.00525879
0.00519072
0.00513108
0.0050724
0.00501026
0.00490729
0.00486461
0.0047744
0.00472817
0.00468296
0.00460708
0.00456685
0.00448662
0.00445339
0.00442398
0.00435722
0.00432807
0.00425806
0.00422909
0.00417303
0.0041446
0.00410312
0.00406163
0.00401681
0.00397374
0.00392856
0.00388949
0.0038388
0.00380002
0.00376462
0.00372352
0.0036795
0.00363909
0.00360216
0.00356235
0.00352277
0.00348349
0.00344173
0.00340573
0.00336449
0.00332738
0.00329105
0.00325732
0.00321917
0.00318335
0.00314764
0.00311462
0.00307707
0.00304444
0.00300986
0.0029752
0.00293595
0.00290329
0.00286863
0.00283394
0.00279925
0.00276477
0.00273151
0.00270013
0.00266928
0.00263864
0.00260786
0.00257749
0.00254724
0.00251717
0.00248725
0.0024556
0.00242749
0.00239531
0.00236482
0.0023343
0.00230375
0.00227347
0.0022434
0.00221336
0.00218356
0.00215385
0.00212598
0.00209478
0.00206557
0.00203634
0.00200963
0.00198138
0.00195599
0.00192812
0.00190294
0.0018754
0.00184918
0.00182301
0.00179699
0.00176963
0.00174374
0.0017201
0.00169566
0.00167084
0.00164619
0.00161961
0.00159708
0.00157252
0.00154835
0.00152394
0.00149992
0.00147572
0.00145164
0.00142789
0.001403
0.00138021
0.00135633
0.00133237
0.00130764
0.001284
0.00126013
0.00123763
0.00121313
0.00119242
0.0011707
0.00115016
0.00112826
0.00110725
0.00108543
0.00106549
0.00104177
0.00102174
0.0010013
0.000980974
0.000959575
0.000938624
0.000917971
0.000897914
0.000876844
0.000855357
0.000835568
0.00081563
0.000794351
0.000773281
0.000752896
0.000733674
0.000711858
0.000691563
0.000671893
0.000647813
0.000630379
0.000609487
0.000589728
0.000568897
0.000549197
0.000528902
0.000508249
0.000488967
0.000468582
0.000449359
0.000429124
0.000409305
0.000390202
0.000370026
0.000350922
0.000330746
0.000312388
0.000293463
0.000275463
0.000257075
0.000238329
0.000220031
0.000201762
0.000184
0.000165373
0.000147343
0.000128955
0.000110984
9.26554e-05
7.45058e-05
5.63264e-05
3.75509e-05
1.94907e-05
3.42727e-06
-1.29938e-05
-2.96235e-05
-4.55976e-05
-6.26147e-05
-7.84695e-05
-9.45032e-05
-0.000110328
-0.000126064
-0.000142068
-0.000157982
-0.000173867
-0.000189662
-0.000205457
-0.000221193
-0.000236988
-0.000252813
-0.000268519
-0.000284195
-0.000299871
-0.000315487
-0.000331074
-0.000346661
-0.000362158
-0.000378996
-0.000395119
-0.000411183
-0.000428736
-0.0004448
-0.000460386
-0.000475675
-0.000490725
-0.000506163
-0.000521332
-0.000536531
-0.000551671
-0.000566781
-0.00058192
-0.000597
-0.00061211
-0.00062713
-0.00064227
-0.000658304
-0.000675559
-0.000692785
-0.00071013
-0.000725389
-0.000740379
-0.0007554
-0.00077039
-0.000785589
-0.000800729
-0.000815571
-0.000830412
-0.000845164
-0.000860036
-0.000874877
-0.000889629
-0.000904411
-0.000919163
-0.000933916
-0.000948578
-0.000963301
-0.000977934
-0.000992626
-0.0010072
-0.00102177
-0.00103635
-0.00105086
-0.00106534
-0.00107983
-0.00109431
-0.00110877
-0.00112337
-0.00114164
-0.00115657
-0.00117314
-0.00118762
-0.0012019
-0.0012162
-0.00123045
-0.00124496
-0.00125921
-0.00127345
-0.00128764
-0.00130183
-0.00131595
-0.00133002
-0.00134406
-0.00135806
-0.00137204
-0.00138599
-0.0013997
-0.00141335
-0.00142694
-0.00144047
-0.00145403
-0.00146759
-0.00148109
-0.00149459
-0.00150803
-0.0015215
-0.00153494
-0.00154832
-0.00156173
-0.00157517
-0.00158855
-0.00160197
-0.00161505
-0.00162825
-0.00164142
-0.0016546
-0.00166798
-0.00168115
-0.00169426
-0.00170741
-0.00172058
-0.00173369
-0.00174654
-0.00175959
-0.00177258
-0.00178555
-0.00179872
-0.00181169
-0.00182468
-0.00183779
-0.00185093
-0.00186402
-0.00187704
-0.0018901
-0.00190306
-0.00191605
-0.00192902
-0.00194192
-0.0019548
-0.0019677
-0.00198058
-0.00199345
-0.00200627
-0.00201908
-0.00203193
-0.00204468
-0.00205738
-0.00207013
-0.00208277
-0.00209543
-0.00210813
-0.00212086
-0.00213343
-0.00214607
-0.0021587
-0.00217125
-0.0021838
-0.00219632
-0.00220874
-0.0022212
-0.00223369
-0.00224612
-0.00225854
-0.002271
-0.00228349
-0.00229592
-0.002309
-0.00232184
-0.00233424
-0.00234953
-0.00236339
-0.00237734
-0.00239209
-0.00240544
-0.00241799
-0.00243056
-0.00244308
-0.00245563
-0.00246805
-0.00248051
-0.00249303
-0.00250531
-0.0025175
-0.00252969
-0.00254182
-0.00255398
-0.00256613
-0.00257826
-0.00259027
-0.00260258
-0.00261459
-0.00262657
-0.00263823
-0.00265015
-0.00266204
-0.0026739
-0.00268576
-0.00269759
-0.00270945
-0.00272123
-0.00273303
-0.00274474
-0.00275651
-0.0027684
-0.00278015
-0.00279177
-0.0028036
-0.00281531
-0.00282691
-0.00283853
-0.00285045
-0.00286222
-0.00287385
-0.00288538
-0.00289691
-0.00290842
-0.00291983
-0.00293178
-0.00294355
-0.00295533
-0.00296695
-0.00297866
-0.00299034
-0.00300215
-0.00301377
-0.00302536
-0.00303693
-0.00304846
-0.00305987
-0.00307132
-0.00308306
-0.00309471
-0.00310634
-0.00311796
-0.00312976
-0.00314144
-0.00315295
-0.00316478
-0.00317655
-0.0031882
-0.00319974
-0.00321145
-0.00322325
-0.00323523
-0.00324709
-0.0032589
-0.00327052
-0.00328205
-0.00328107
-0.00327985
-0.00329141
-0.00331922
-0.00333164
-0.00334306
-0.00335835
-0.00336952
-0.00338508
-0.00339897
-0.00341026
-0.00342257
-0.00343491
-0.00344624
-0.00345777
-0.00346909
-0.00347982
-0.00349168
-0.00350262
-0.0035152
-0.00352658
-0.00353719
-0.0035478
-0.00355835
-0.00356893
-0.00357945
-0.00358994
-0.00360037
-0.00361078
-0.00362121
-0.00363185
-0.00364225
-0.00365262
-0.00366299
-0.00367345
-0.00368379
-0.0036941
-0.00370445
-0.00371473
-0.00372531
-0.00373568
-0.0037459
-0.00375618
-0.00376641
-0.00377657
-0.00378673
-0.00379695
-0.00380697
-0.00381695
-0.00382691
-0.00383683
-0.00384678
-0.00385671
-0.00386657
-0.00387641
-0.00388624
-0.00389608
-0.00390591
-0.00391569
-0.00392549
-0.00393539
-0.00394513
-0.00395485
-0.00396456
-0.00397425
-0.00398394
-0.00399365
-0.00400331
-0.00401299
-0.00402283
-0.00403257
-0.00404211
-0.0040526
-0.00408947
-0.00410023
-0.00411084
-0.00412443
-0.00414124
-0.00415462
-0.00421839
-0.00422906
-0.00453884
-0.00460831
-0.00470388
-0.00466347
-0.00413733
-0.00415295
-0.00416839
-0.00370346
-0.00372266
-0.00350009
-0.00351374
-0.00355981
-0.00358014
-0.0041503
-0.00417077
-0.00419101
-0.00420859
-0.00422254
-0.00427869
-0.00429684
-0.00440028
-0.00442532
-0.00446755
-0.00450754
-0.00453746
-0.00455472
-0.00456315
-0.00456068
-0.0045726
-0.00457838
-0.00459174
-0.00461519
-0.00463462
-0.00466127
-0.00468952
-0.00471622
-0.00474257
-0.00477282
-0.00480107
-0.0048239
-0.00484652
-0.00486619
-0.00488419
-0.00490318
-0.0049187
-0.00493334
-0.00494702
-0.0049604
-0.00497396
-0.00498728
-0.00499977
-0.00501258
-0.00502516
-0.00503726
-0.00504945
-0.0050614
-0.00507267
-0.00508405
-0.00509478
-0.00510557
-0.00511621
-0.00512649
-0.00513671
-0.00514685
-0.00515692
-0.0051667
-0.00517665
-0.00518657
-0.00519671
-0.00520654
-0.00521635
-0.00522633
-0.00523608
-0.005246
-0.00525593
-0.00526579
-0.00527569
-0.00528558
-0.0052955
-0.00530537
-0.0053152
-0.00532498
-0.00533479
-0.00534462
-0.0053544
-0.00536408
-0.00537383
-0.00538354
-0.00539347
-0.00540315
-0.00541281
-0.00542247
-0.00543218
-0.00544178
-0.00545117
-0.00543478
-0.00541856
-0.00540253
-0.0053867
-0.00537106
-0.00535532
-0.00534003
-0.00532471
-0.00530984
-0.00529464
-0.00528016
-0.00526585
-0.00525169
-0.00523775
-0.00522395
-0.0052103
-0.00519683
-0.00518348
-0.0051703
-0.00515725
-0.00514431
-0.00513177
-0.0051191
-0.00510652
-0.0050941
-0.00508179
-0.00506984
-0.00505774
-0.00504575
-0.00503389
-0.00502215
-0.00501047
-0.0049989
-0.00498746
-0.00497608
-0.00496481
-0.00495363
-0.00494258
-0.00493161
-0.00492073
-0.00490997
-0.00489927
-0.00488866
-0.00487817
-0.00486774
-0.0048574
-0.00484715
-0.00483698
-0.00482688
-0.00481687
-0.00480697
-0.00479711
-0.00478733
-0.00477789
-0.00476826
-0.00475872
-0.00474927
-0.00473989
-0.00473059
-0.00472135
-0.0047122
-0.00470314
-0.00469411
-0.0046852
-0.00467632
-0.00466755
-0.00465885
-0.00465024
-0.00464166
-0.00463316
-0.00462473
-0.00461638
-0.00460807
-0.00459984
-0.00459168
-0.00458354
-0.00457549
-0.00456748
-0.00455955
-0.00455168
-0.00454387
-0.00453612
-0.00452843
-0.0045208
-0.00451323
-0.00450572
-0.00449824
-0.00449085
-0.00448352
-0.00447622
-0.00446901
-0.00446182
-0.0044547
-0.00444764
-0.00444066
-0.00443372
-0.00442684
-0.00442001
-0.00441325
-0.00440654
-0.00439989
-0.00439328
-0.00438675
-0.00438022
-0.00437376
-0.00436735
-0.00436097
-0.00435468
-0.00434842
-0.0043422
-0.00433606
-0.00432995
-0.00432387
-0.00431785
-0.00431186
-0.00430593
-0.00430005
-0.00429421
-0.0042884
-0.00428265
-0.00427693
-0.00427127
-0.00426563
-0.00426006
-0.00425452
-0.00424897
-0.00424352
-0.00423809
-0.0042327
-0.00422737
-0.00422206
-0.00421682
-0.00421157
-0.00420638
-0.00420123
-0.00419613
-0.0041911
-0.00418606
-0.00418111
-0.00417616
-0.0041711
-0.00416612
-0.00416114
-0.00415623
-0.00415137
-0.00414654
-0.00414177
-0.00413703
-0.00413235
-0.0041277
-0.00412309
-0.00411853
-0.004114
-0.0041095
-0.00410502
-0.00410061
-0.00409623
-0.00409245
-0.00408869
-0.00408494
-0.00408127
-0.00407761
-0.00407397
-0.00407039
-0.00406682
-0.0040633
-0.00405981
-0.00405633
-0.0040529
-0.0040495
-0.00404613
-0.0040428
-0.00403949
-0.00403621
-0.00403293
-0.00402974
-0.00402655
-0.0040234
-0.00402027
-0.00401717
-0.0040141
-0.00401103
-0.00400802
-0.00400501
-0.00400206
-0.00399914
-0.00399624
-0.00399338
-0.00399055
-0.00398775
-0.00398501
-0.00398227
-0.00397955
-0.00397687
-0.00397422
-0.00397163
-0.00396903
-0.0039665
-0.00396397
-0.00396146
-0.00395899
-0.00395655
-0.00395413
-0.00395175
-0.00394936
-0.00394704
-0.00394472
-0.00394242
-0.00394016
-0.00393792
-0.00393572
-0.00393357
-0.00393142
-0.00392934
-0.00392725
-0.00392519
-0.00392317
-0.00392117
-0.0039192
-0.00391727
-0.00391533
-0.00391345
-0.00391157
-0.00390973
-0.00390794
-0.00390612
-0.00390436
-0.00390263
-0.00390094
-0.00389921
-0.00389757
-0.0038959
-0.00389429
-0.00389268
-0.0038911
-0.00388955
-0.00388803
-0.00388648
-0.00388499
-0.00388353
-0.00388207
-0.00388067
-0.00387927
-0.0038779
-0.00387653
-0.00387519
-0.00387387
-0.00387259
-0.00387131
-0.00387009
-0.00386884
-0.00386765
-0.00386645
-0.00386529
-0.00386416
-0.00386306
-0.00386198
-0.00386091
-0.00385984
-0.00385882
-0.00385784
-0.00385686
-0.00385587
-0.00385492
-0.00385403
-0.00385313
-0.00385224
-0.00385134
-0.00385051
-0.0038497
-0.0038489
-0.00384812
-0.00384735
-0.00384666
-0.00384884
-0.00385009
-0.00389232
-0.00389411
-0.0039007
-0.00369005
-0.00372006
-0.00425049
-0.00425011
-0.00422015
-0.00420972
-0.00408208
-0.00408491
-0.00425228
-0.00426593
-0.00476459
-0.00480393
-0.00507168
-0.00505526
-0.00442651
-0.00443152
-0.00457639
-0.004578
-0.0045498
-0.00455135
-0.00436595
-0.00434965
-0.00436035
-0.0043664
-0.00444591
-0.00444841
-0.00447068
-0.00447312
-0.00444433
-0.00444639
-0.00444844
-0.00440422
-0.0044024
-0.00438243
-0.00438359
-0.00438306
-0.00438419
-0.00435337
-0.00440678
-0.00443211
-0.00448519
-0.00451049
-0.00456196
-0.00464884
-0.00470362
-0.00475801
-0.00481198
-0.00486032
-0.00491349
-0.00495959
-0.00405904
-0.00361903
-0.00518407
-0.00642487
-0.00724805
-0.00751036
-0.0074385
-0.00708806
-0.00683336
-0.00661064
-0.00639391
-0.00638324
-0.00651214
-0.0067148
-0.00710371
-0.00749504
-0.00790094
-0.00822622
-0.00875299
-0.00894806
-0.00927964
-0.00935463
-0.00950845
-0.00959053
-0.00963736
-0.00966454
-0.00966114
-0.00962904
-0.00964043
-0.00963861
-0.00961351
-0.00955864
-0.00959518
-0.00949048
-0.00952723
-0.00946589
-0.00950201
-0.00930679
-0.00935269
-0.00939829
-0.00930029
-0.00934565
-0.00937114
-0.00937683
-0.00934542
-0.00933323
-0.00935886
-0.00934849
-0.00935686
-0.0093484
-0.00935749
-0.00935996
-0.00936258
-0.00937316
-0.00936738
-0.00937296
-0.00937889
-0.0093844
-0.00938983
-0.00939632
-0.00940392
-0.00941209
-0.00942038
-0.0094216
-0.00943179
-0.00944812
-0.00945164
-0.00946771
-0.00947841
-0.00949086
-0.0095035
-0.00951027
-0.00952234
-0.00953459
-0.00955316
-0.00956183
-0.00955635
-0.00959217
-0.00960701
-0.00962225
-0.00963333
-0.00965482
-0.00966665
-0.00967867
-0.00970948
-0.00972197
-0.00973944
-0.00975705
-0.00977258
-0.00979616
-0.00981553
-0.0098265
-0.00985011
-0.00987332
-0.00988405
-0.00990408
-0.009929
-0.00995451
-0.0099766
-0.00999505
-0.010017
-0.0100422
-0.0100604
-0.0100855
-0.0101038
-0.0101302
-0.0101508
-0.0101743
-0.0101948
-0.0102183
-0.0102417
-0.0102603
-0.0102903
-0.0103145
-0.0103385
-0.0103654
-0.0103889
-0.0104126
-0.0104436
-0.010467
-0.0104904
-0.0105236
-0.0105445
-0.0105656
-0.0105796
-0.0106172
-0.0106472
-0.0106726
-0.0106981
-0.01072
-0.010751
-0.0107758
-0.0108076
-0.0108359
-0.0108625
-0.0108923
-0.0109187
-0.0109485
-0.0109764
-0.0110041
-0.0110302
-0.0110596
-0.0110854
-0.0111147
-0.0111405
-0.0111661
-0.0111952
-0.011221
-0.01125
-0.0112786
-0.011308
-0.011337
-0.0113663
-0.0113942
-0.0114246
-0.0114522
-0.0114826
-0.0115118
-0.0115395
-0.0115719
-0.0116009
-0.0116309
-0.0116607
-0.0116907
-0.0117204
-0.0117503
-0.0117809
-0.0118095
-0.0118392
-0.0118686
-0.0118949
-0.0119277
-0.0119571
-0.0119872
-0.0120154
-0.0120447
-0.0120727
-0.0121016
-0.0121329
-0.0121634
-0.0121943
-0.0122261
-0.0122569
-0.0122876
-0.0123178
-0.0123487
-0.01238
-0.0124105
-0.0124404
-0.0124716
-0.0125014
-0.0125325
-0.012563
-0.0125925
-0.0126229
-0.012653
-0.0126831
-0.0127134
-0.0127433
-0.012774
-0.0128033
-0.0128339
-0.0128631
-0.0128928
-0.0129228
-0.0129524
-0.012982
-0.0130118
-0.0130413
-0.0130703
-0.0130997
-0.0131293
-0.0131594
-0.0131875
-0.0132182
-0.0132473
-0.0132767
-0.0133058
-0.013336
-0.0133662
-0.0133963
-0.0134254
-0.013456
-0.013486
-0.0135164
-0.0135458
-0.0135756
-0.0136045
-0.0136343
-0.0136651
-0.013695
-0.0137267
-0.013757
-0.0137877
-0.0138179
-0.0138473
-0.0138786
-0.0139101
-0.0139415
-0.0139729
-0.0140043
-0.0140355
-0.0140668
-0.014098
-0.0141292
-0.0141602
-0.0141898
-0.0142205
-0.0142516
-0.0142823
-0.0143132
-0.0143441
-0.0143749
-0.0144056
-0.0144364
-0.0144658
-0.0144964
-0.0145251
-0.0145548
-0.0145833
-0.0146136
-0.0146437
-0.0146739
-0.014704
-0.0147341
-0.0147641
-0.0147941
-0.014824
-0.0148539
-0.0148838
-0.0149136
-0.0149433
-0.014973
-0.0150026
-0.015031
-0.0150595
-0.0150873
-0.0151145
-0.0151437
-0.015173
-0.0152023
-0.0152315
-0.0152607
-0.0152899
-0.015319
-0.0153481
-0.0153771
-0.0154061
-0.0154351
-0.015464
-0.0154929
-0.0155217
-0.0155506
-0.0155794
-0.0156081
-0.0156368
-0.0156654
-0.0156941
-0.0157227
-0.0157513
-0.0157799
-0.0158083
-0.0158368
-0.0158652
-0.0158936
-0.0159208
-0.0159486
-0.0159769
-0.0160051
-0.0160329
-0.0160612
-0.0160894
-0.0161176
-0.0161459
-0.0161741
-0.0162021
-0.0162301
-0.0162569
-0.0162847
-0.0163123
-0.0163402
-0.016368
-0.0163958
-0.0164237
-0.0164515
-0.016479
-0.0165065
-0.0165337
-0.0165612
-0.0165885
-0.0166159
-0.0166432
-0.0166705
-0.0166977
-0.0167245
-0.0167517
-0.0167783
-0.0168056
-0.0168328
-0.0168597
-0.0168866
-0.0169138
-0.016941
-0.0169681
-0.0169945
-0.0170189
-0.0170418
-0.0170679
-0.0170942
-0.0171203
-0.0171472
-0.017174
-0.017201
-0.0172277
-0.0172544
-0.017281
-0.0173077
-0.0173345
-0.0173327
-0.0173311
-0.0173295
-0.0173278
-0.0173261
-0.0173244
-0.0173229
-0.0173214
-0.0173199
-0.0173185
-0.0173171
-0.0173161
-0.0173148
-0.0173139
-0.0173129
-0.0173121
-0.017311
-0.0173101
-0.0173092
-0.0173084
-0.0173075
-0.0173069
-0.0173061
-0.0173054
-0.0173047
-0.0173042
-0.0173038
-0.0173033
-0.0173027
-0.0173021
-0.0173018
-0.0173013
-0.0173015
-0.0173017
-0.0173019
-0.0173021
-0.0173026
-0.0173029
-0.0173032
-0.0173036
-0.0173039
-0.0173043
-0.0173046
-0.017305
-0.0173054
-0.0173058
-0.0173063
-0.0173067
-0.0173072
-0.0173077
-0.0173082
-0.0173087
-0.0173092
-0.0173097
-0.0173103
-0.0173108
-0.0173116
-0.0173122
-0.0173128
-0.0173134
-0.017314
-0.0173146
-0.0173152
-0.0173158
-0.0173165
-0.0173171
-0.0173178
-0.0173184
-0.0173191
-0.0173198
-0.0173205
-0.0173212
-0.0173219
-0.0173227
-0.0173234
-0.0173241
-0.0173248
-0.0173256
-0.0173264
-0.0173273
-0.0173281
-0.0173289
-0.0173297
-0.0173304
-0.0173312
-0.017332
-0.0173328
-0.0173336
-0.0173344
-0.0173352
-0.017336
-0.0173369
-0.0173377
-0.0173385
-0.0173394
-0.0173402
-0.017341
-0.0173419
-0.0173427
-0.0173436
-0.0173444
-0.0173453
-0.0173462
-0.0173471
-0.017348
-0.0173489
-0.0173498
-0.0173507
-0.0173516
-0.0173525
-0.0173534
-0.0173543
-0.0173552
-0.0173561
-0.0173571
-0.017358
-0.0173589
-0.0173599
-0.0173608
-0.0173617
-0.0173627
-0.0173637
-0.0173646
-0.0173656
-0.0173665
-0.0173675
-0.0173685
-0.0173694
-0.0173704
-0.0173714
-0.0173724
-0.0173734
-0.0173744
-0.0173753
-0.0173764
-0.0173773
-0.0173784
-0.0173794
-0.0173804
-0.0173814
-0.0173824
-0.0173834
-0.0173844
-0.0173854
-0.0173865
-0.0173875
-0.0173885
-0.0173895
-0.0173905
-0.0173916
-0.0173926
-0.0173936
-0.0173947
-0.0173957
-0.0173967
-0.0173978
-0.0173988
-0.0173999
-0.0174009
-0.0174038
-0.0174068
-0.0174097
-0.0174126
-0.0174155
-0.0174184
-0.0174213
-0.0174242
-0.0174271
-0.01743
-0.0174329
-0.017436
-0.0174389
-0.0174418
-0.0174447
-0.0174476
-0.0174504
-0.0174533
-0.0174562
-0.017459
-0.0174619
-0.0174647
-0.0174676
-0.0174705
-0.0174734
-0.017476
-0.0174788
-0.0174817
-0.0174845
-0.0174874
-0.0174902
-0.0174931
-0.0174959
-0.0174988
-0.0175016
-0.0175052
-0.0175087
-0.0175123
-0.0175159
-0.0175194
-0.017523
-0.0175265
-0.0175301
-0.0175336
-0.0175372
-0.0175407
-0.0175443
-0.0175478
-0.0175513
-0.0175549
-0.0175584
-0.0175619
-0.0175654
-0.0175496
-0.0175338
-0.017518
-0.0175023
-0.0174867
-0.0174708
-0.017455
-0.0174393
-0.0174236
-0.0174082
-0.0173927
-0.0173771
-0.0173619
-0.0173467
-0.0173316
-0.0173165
-0.0173015
-0.0172865
-0.0172716
-0.0172567
-0.0172419
-0.0172274
-0.0172126
-0.0171979
-0.0171832
-0.0171688
-0.0171542
-0.0171397
-0.0171251
-0.0171109
-0.0170964
-0.017082
-0.0170675
-0.0170532
-0.017039
-0.0170247
-0.0170105
-0.0169962
-0.016982
-0.0169677
-0.0169536
-0.0169394
-0.0169253
-0.0169112
-0.0168971
-0.0168831
-0.016869
-0.016855
-0.0168409
-0.0168269
-0.0168129
-0.0167989
-0.016785
-0.0167711
-0.0167572
-0.0167433
-0.0167295
-0.0167159
-0.0167021
-0.0166883
-0.0166745
-0.0166608
-0.0166471
-0.0166334
-0.0166197
-0.0166061
-0.0165925
-0.0165789
-0.0165653
-0.0165518
-0.0165383
-0.0165248
-0.0165113
-0.0164979
-0.0164844
-0.016471
-0.0164576
-0.0164443
-0.0164309
-0.0164176
-0.0164044
-0.0163913
-0.0163781
-0.016365
-0.0163518
-0.0163387
-0.0163256
-0.0163126
-0.0162998
-0.0162868
-0.0162738
-0.0162608
-0.0162478
-0.0162348
-0.016222
-0.016209
-0.0161961
-0.0161833
-0.0161705
-0.0161577
-0.0161448
-0.0161321
-0.0161193
-0.0161065
-0.0160938
-0.0160809
-0.0160681
-0.0160554
-0.0160419
-0.0160292
-0.0160166
-0.0160039
-0.0159912
-0.0159786
-0.015966
-0.0159534
-0.0159408
-0.0159283
-0.0159158
-0.0159032
-0.0158905
-0.0158781
-0.0158657
-0.0158533
-0.015841
-0.0158286
-0.0158162
-0.015804
-0.0157916
-0.0157793
-0.0157671
-0.0157549
-0.0157426
-0.0157304
-0.0157182
-0.015706
-0.0156939
-0.0156817
-0.0156696
-0.0156575
-0.0156454
-0.0156334
-0.0156213
-0.0156093
-0.0155972
-0.0155852
-0.0155732
-0.0155613
-0.0155493
-0.0155373
-0.0155254
-0.0155135
-0.0155016
-0.0154897
-0.0154779
-0.015466
-0.0154544
-0.0154425
-0.0154306
-0.0154188
-0.015407
-0.0153951
-0.0153831
-0.0153713
-0.0153595
-0.015348
-0.0153363
-0.0153243
-0.0153126
-0.0153009
-0.0152892
-0.0152957
-0.0153019
-0.0153082
-0.0153141
-0.0153191
-0.0153211
-0.0153272
-0.0153335
-0.0153374
-0.0153434
-0.0153493
-0.0153552
-0.0152937
-0.0153002
-0.015324
-0.0153219
-0.0153902
-0.0154035
-0.0154093
-0.0154151
-0.0154209
-0.0154266
-0.0152521
-0.0152819
-0.0155099
-0.0155235
-0.0155484
-0.0154864
-0.0154801
-0.0154578
-0.0154458
-0.0154498
-0.0154739
-0.015512
-0.0155597
-0.015632
-0.015676
-0.0157171
-0.015762
-0.0157984
-0.015828
-0.0158503
-0.0158663
-0.0158776
-0.0158853
-0.0158891
-0.0158922
-0.0158943
-0.0158954
-0.0158983
-0.015901
-0.0159035
-0.0159065
-0.0159099
-0.0159136
-0.0159168
-0.0159188
-0.015922
-0.0159251
-0.0159268
-0.0159297
-0.0159308
-0.0159334
-0.0159343
-0.0159366
-0.015936
-0.0159393
-0.0159411
-0.0159426
-0.0159446
-0.0159471
-0.0159482
-0.0159509
-0.0159514
-0.0159541
-0.0159563
-0.0159583
-0.0159602
-0.0159617
-0.0159643
-0.0159665
-0.0159687
-0.0159708
-0.0159727
-0.0159742
-0.0159763
-0.0159789
-0.0159798
-0.0159797
-0.0159842
-0.0159863
-0.0159888
-0.0159902
-0.015992
-0.0159946
-0.0159959
-0.0159979
-0.0159997
-0.0160022
-0.016004
-0.0160053
-0.0160071
-0.0160091
-0.0160115
-0.0160125
-0.0160145
-0.0160163
-0.016018
-0.016018
-0.016018
-0.016018
-0.016018
-0.016018
-0.016018
-0.016018
-0.016018
-0.016018
-0.016018
-0.016018
-0.016018
-0.016018
-0.016018
-0.016018
-0.016018
-0.016018
-0.016018
-0.016018
-0.016018
