1.77965e-43
1.77965e-43
1.77965e-43
1.77965e-43
1.77965e-43
1.77965e-43
1.77965e-43
1.77965e-43
1.77965e-43
1.77965e-43
1.77965e-43
1.77965e-43
1.77965e-43
1.77965e-43
1.77965e-43
1.77965e-43
1.77965e-43
1.77965e-43
1.77965e-43
1.77965e-43
1.77965e-43
1.77965e-43
1.77965e-43
1.77965e-43
1.77965e-43
1.77965e-43
1.77965e-43
1.77965e-43
1.77965e-43
1.77965e-43
1.77965e-43
1.77965e-43
1.77965e-43
1.77965e-43
1.77965e-43
1.77965e-43
1.77965e-43
1.77965e-43
1.77965e-43
1.77965e-43
1.77965e-43
1.77965e-43
1.77965e-43
1.77965e-43
1.77965e-43
1.77965e-43
1.77965e-43
1.77965e-43
1.77965e-43
1.77965e-43
1.77965e-43
1.77965e-43
1.77965e-43
1.77965e-43
1.77965e-43
1.77965e-43
1.77965e-43
1.77965e-43
1.77965e-43
1.77965e-43
1.77965e-43
1.77965e-43
1.77965e-43
1.77965e-43
1.77965e-43
1.77965e-43
1.77965e-43
1.77965e-43
1.77965e-43
1.77965e-43
1.77965e-43
1.77965e-43
1.77965e-43
1.77965e-43
1.77965e-43
1.77965e-43
1.77965e-43
1.77965e-43
1.77965e-43
1.77965e-43
1.77965e-43
1.77965e-43
1.77965e-43
1.77965e-43
1.77965e-43
1.77965e-43
1.77965e-43
1.77965e-43
1.77965e-43
1.77965e-43
1.77965e-43
1.77965e-43
1.77965e-43
1.77965e-43
1.77965e-43
1.77965e-43
1.77965e-43
1.77965e-43
1.77965e-43
1.77965e-43
1.77965e-43
1.77965e-43
1.77965e-43
1.77965e-43
1.77965e-43
1.77965e-43
1.77965e-43
1.77965e-43
1.77965e-43
1.77965e-43
1.77965e-43
1.77965e-43
1.77965e-43
1.77965e-43
1.77965e-43
1.77965e-43
1.77965e-43
1.77965e-43
1.77965e-43
1.77965e-43
1.77965e-43
1.77965e-43
1.77965e-43
1.77965e-43
1.77965e-43
1.77965e-43
1.77965e-43
1.77965e-43
1.77965e-43
1.77965e-43
1.77965e-43
1.77965e-43
1.77965e-43
1.77965e-43
1.77965e-43
1.77965e-43
1.77965e-43
1.77965e-43
1.77965e-43
1.77965e-43
1.77965e-43
1.77965e-43
1.77965e-43
1.77965e-43
1.77965e-43
1.77965e-43
1.77965e-43
1.77965e-43
1.77965e-43
1.77965e-43
1.77965e-43
1.77965e-43
1.77965e-43
1.77965e-43
1.77965e-43
1.77965e-43
1.77965e-43
1.77965e-43
1.77965e-43
1.77965e-43
1.77965e-43
1.77965e-43
1.77965e-43
1.77965e-43
1.77965e-43
1.77965e-43
1.77965e-43
1.77965e-43
1.77965e-43
1.77965e-43
1.77965e-43
1.77965e-43
1.77965e-43
1.77965e-43
1.77965e-43
1.77965e-43
1.77965e-43
1.77965e-43
1.77965e-43
1.77965e-43
1.77965e-43
1.77965e-43
1.77965e-43
1.77965e-43
1.77965e-43
1.77965e-43
1.77965e-43
1.77965e-43
1.77965e-43
1.77965e-43
1.77965e-43
1.77965e-43
1.77965e-43
0
0
0
0
0
0
0
0
0
0
0
0
0
0
0
0
0
0
0
0
0
0
0
0
0
0
0
0
0
0
0
0
0
0
0
0
0
0
0
0
0
0
0
0
0
0
0
0
0
0
0
0
0
0
0
0
0
0
0
0
0
0
0
0
0
0
0
0
0
0
0
0
0
0
0
0
0
0
0
0
0
0
0
0
0
0
0
0
0
0
0
0
0
0
0
0
0
0
0
0
0
0
0
0
0
0
0
0
0
0
0
0
0
0
0
0
0
0
0
0
0
0
0
0
0
0
0
0
0
0
0
0
0
0
0
0
0
0
0
0
0
0
0
0
0
0
0
0
0
0
0
0
0
0
0
0
0
0
0
0
0
0
0
0
0
0
0
0
0
0
0
0
0
0
0
0
0
0
0
0
0
0
0
0
0
0
0
0
0
0
0
0
0
0
0
0
0
0
0
0
0
0
0
0
0
0
0
0
0
0
0
0
0
0
0
0
0
0
0
0
0
0
0
0
0
0
0
0
0
0
0
0
0
0
0
0
0
0
0
0
0
0
0
0
0
0
0
0
0
0
0
-0.00431872
-0.00997829
-0.0127734
-0.0142564
-0.0153018
-0.0176601
-0.0182979
-0.0190306
-0.0198024
-0.0206452
-0.0215553
-0.0224631
-0.0233706
-0.024239
-0.0250712
-0.0258464
-0.0265606
-0.0272025
-0.027762
-0.028257
-0.0286687
-0.029023
-0.0293098
-0.0295504
-0.0297308
-0.0298775
-0.0299801
-0.0300609
-0.0301128
-0.0301529
-0.0301769
-0.03019
-0.0302041
-0.0302195
-0.0302358
-0.0302559
-0.0302821
-0.0303143
-0.0303536
-0.0303974
-0.0304505
-0.0305067
-0.0305699
-0.030638
-0.0307114
-0.0307883
-0.0308685
-0.0309511
-0.0310346
-0.0311186
-0.0312024
-0.0312853
-0.0313659
-0.0314462
-0.0315241
-0.0315992
-0.0316712
-0.0317412
-0.0318082
-0.0318722
-0.0319343
-0.0319946
-0.0320514
-0.0321066
-0.0321596
-0.032212
-0.0322627
-0.0323123
-0.0323609
-0.0324087
-0.0324557
-0.0325019
-0.0325475
-0.032594
-0.0326399
-0.0326854
-0.0327303
-0.0327747
-0.0328184
-0.0328614
-0.0329039
-0.0329456
-0.032987
-0.0330277
-0.0330681
-0.033108
-0.0331476
-0.0331866
-0.0332254
-0.0332629
-0.0333002
-0.0333371
-0.0333737
-0.0334098
-0.0334475
-0.0334841
-0.0335197
-0.0335554
-0.0335907
-0.0336256
-0.0336607
-0.0336975
-0.0337332
-0.0337704
-0.0338068
-0.0338419
-0.0338782
-0.0339133
-0.0340379
-0.0341613
-0.0342838
-0.0344039
-0.034523
-0.0346397
-0.0347555
-0.0348695
-0.0349826
-0.0350944
-0.0352049
-0.0353141
-0.0354221
-0.0355288
-0.0356344
-0.0357388
-0.0358421
-0.0359444
-0.0360456
-0.036146
-0.0362454
-0.036344
-0.0364417
-0.0365386
-0.0366343
-0.0367292
-0.0368234
-0.0369168
-0.0370095
-0.0371014
-0.0371928
-0.0372833
-0.0373733
-0.0374625
-0.037551
-0.0376388
-0.037726
-0.0378126
-0.0378986
-0.037985
-0.0380707
-0.0381559
-0.0382408
-0.0383251
-0.038409
-0.0384924
-0.0385755
-0.038658
-0.0387403
-0.038822
-0.0389034
-0.0389843
-0.0390648
-0.0391449
-0.0392249
-0.0393059
-0.0393869
-0.0394679
-0.0395484
-0.0396288
-0.0397086
-0.0397884
-0.0398677
-0.0399469
-0.0400255
-0.0401036
-0.0401816
-0.0402596
-0.0403372
-0.0404147
-0.0404921
-0.0405686
-0.0406451
-0.0407217
-0.0407979
-0.0408741
-0.0409499
-0.0410257
-0.0411015
-0.041177
-0.0412522
-0.0413278
-0.041403
-0.0414784
-0.041554
-0.0416293
-0.0417043
-0.0417794
-0.0418541
-0.041929
-0.0420035
-0.042078
-0.0421523
-0.042227
-0.0423014
-0.0423763
-0.0424508
-0.0425257
-0.0426007
-0.0426753
-0.0427497
-0.0428242
-0.0428984
-0.0429728
-0.0430471
-0.0431218
-0.043197
-0.0432725
-0.0433472
-0.0434234
-0.0434987
-0.0435738
-0.0436486
-0.0437238
-0.043799
-0.0438739
-0.0439485
-0.0440238
-0.0440993
-0.0441746
-0.0442497
-0.0443252
-0.0444011
-0.0444775
-0.0445528
-0.0446291
-0.0447049
-0.0447804
-0.0448586
-0.0449352
-0.0450123
-0.0450892
-0.0451665
-0.0452436
-0.0453203
-0.0453967
-0.0454728
-0.0455494
-0.0456255
-0.045702
-0.0457789
-0.0458556
-0.0459327
-0.0460098
-0.0460874
-0.0461647
-0.0462423
-0.0463198
-0.0463968
-0.0464743
-0.0465521
-0.0466298
-0.0467073
-0.0467856
-0.0468635
-0.0469421
-0.0470204
-0.0470992
-0.0471783
-0.0472572
-0.0473377
-0.047418
-0.047499
-0.047579
-0.0476582
-0.0477382
-0.0478184
-0.0478987
-0.0479794
-0.0480599
-0.048142
-0.0482238
-0.0483059
-0.0483877
-0.0484698
-0.0485519
-0.0486346
-0.0487176
-0.0488004
-0.0488831
-0.0489663
-0.0490492
-0.0491325
-0.0492159
-0.0492992
-0.0493822
-0.0494656
-0.0495502
-0.049634
-0.0497177
-0.0498019
-0.0498859
-0.0499703
-0.0500557
-0.05014
-0.0502246
-0.0503093
-0.050394
-0.050479
-0.0505641
-0.0506495
-0.0507347
-0.0508208
-0.0509069
-0.0509934
-0.0510801
-0.0511664
-0.0512534
-0.0513403
-0.0514277
-0.0515151
-0.0516043
-0.0516933
-0.0517807
-0.0518685
-0.051956
-0.0520446
-0.0521332
-0.0522215
-0.0523102
-0.052399
-0.0524881
-0.052577
-0.0526664
-0.0527557
-0.0528455
-0.0529348
-0.0530244
-0.0531144
-0.0532042
-0.0532942
-0.0533845
-0.0534748
-0.0535654
-0.0536573
-0.0537483
-0.0538416
-0.0539332
-0.0540254
-0.0541164
-0.054208
-0.0542995
-0.0543915
-0.0544833
-0.0545756
-0.0546677
-0.0547603
-0.0548525
-0.0549447
-0.0550371
-0.0551292
-0.0552217
-0.0553142
-0.0554055
-0.0554967
-0.0555877
-0.0556786
-0.0557698
-0.0558614
-0.0559529
-0.0560446
-0.0561361
-0.0562282
-0.0563201
-0.0564119
-0.0565043
-0.0565971
-0.0566897
-0.0567828
-0.0568756
-0.0569681
-0.0570602
-0.0571528
-0.0572453
-0.0573384
-0.0574313
-0.0575247
-0.0576186
-0.0577122
-0.0578058
-0.0578996
-0.0579931
-0.058087
-0.0581805
-0.0582747
-0.0583694
-0.0584651
-0.0585613
-0.0586574
-0.0587533
-0.0588495
-0.0589454
-0.0590416
-0.0591381
-0.0592344
-0.0593307
-0.0594274
-0.0595239
-0.0596208
-0.0597177
-0.0598149
-0.0599124
-0.0600096
-0.0601064
-0.0602042
-0.0603012
-0.0603987
-0.0604967
-0.0605953
-0.0606929
-0.060791
-0.0608895
-0.0609877
-0.0610862
-0.0611844
-0.0612823
-0.0613806
-0.0614795
-0.0615781
-0.0616773
-0.0617766
-0.0618764
-0.061976
-0.0620753
-0.0621749
-0.0622747
-0.0623757
-0.0624811
-0.0625855
-0.062689
-0.062793
-0.0628965
-0.0630005
-0.063104
-0.0632084
-0.0633118
-0.0634156
-0.0635183
-0.0636212
-0.0637236
-0.0638264
-0.0639288
-0.0640317
-0.0641348
-0.0642377
-0.0643402
-0.0644432
-0.0645463
-0.0646491
-0.0647514
-0.0648542
-0.0649568
-0.0650597
-0.0651629
-0.0652658
-0.0653695
-0.0654724
-0.065576
-0.0656788
-0.0657825
-0.0658879
-0.0659918
-0.066095
-0.0662002
-0.0663046
-0.0664082
-0.066512
-0.0666195
-0.0667259
-0.0668309
-0.066935
-0.0670396
-0.067144
-0.0672477
-0.0673575
-0.0674657
-0.0675741
-0.0676811
-0.0677896
-0.0678976
-0.0680072
-0.0681153
-0.068223
-0.068331
-0.0684388
-0.0685457
-0.0686531
-0.068764
-0.0688745
-0.0689848
-0.0690955
-0.0692083
-0.0693202
-0.069433
-0.0695471
-0.069661
-0.0697734
-0.0698853
-0.0699992
-0.0701119
-0.0702296
-0.0703462
-0.0704622
-0.0705767
-0.0706906
-0.070803
-0.0709161
-0.0710286
-0.0711413
-0.0712563
-0.0713703
-0.0714829
-0.0715946
-0.071705
-0.0718159
-0.0719272
-0.0720371
-0.0721471
-0.0722572
-0.0723668
-0.072477
-0.0725862
-0.0726951
-0.0728046
-0.0729139
-0.0730238
-0.0731329
-0.0732427
-0.0733517
-0.0734611
-0.0735703
-0.073679
-0.0737876
-0.073896
-0.0740047
-0.0741137
-0.0742227
-0.0743316
-0.0744409
-0.074551
-0.0746605
-0.0747697
-0.0748794
-0.0749886
-0.0750987
-0.0752095
-0.0753189
-0.0754291
-0.075539
-0.0756482
-0.0757577
-0.0758678
-0.0759764
-0.0760846
-0.0761925
-0.0763008
-0.0764092
-0.0765175
-0.0766256
-0.0767333
-0.0768414
-0.0769495
-0.0770579
-0.0771659
-0.0772741
-0.0773838
-0.0774922
-0.0776004
-0.0777085
-0.0778168
-0.077925
-0.0780336
-0.0781421
-0.0782508
-0.0783622
-0.0784722
-0.0785831
-0.0787039
-0.0788239
-0.0789491
-0.0790727
-0.0791948
-0.0793154
-0.0794351
-0.0795533
-0.0796754
-0.0797963
-0.0799208
-0.0800438
-0.0801916
-0.0803417
-0.0805277
-0.0807114
-0.0808928
-0.0811229
-0.0813501
-0.0815915
-0.0818299
-0.0820751
-0.0823174
-0.0825675
-0.0828144
-0.0830584
-0.083299
-0.0835365
-0.083768
-0.0839964
-0.0842198
-0.0844406
-0.0846578
-0.0848714
-0.085082
-0.08529
-0.0854959
-0.0857007
-0.0859034
-0.0861054
-0.0863062
-0.0865075
-0.0867068
-0.0869057
-0.0871035
-0.0872999
-0.0874949
-0.0876887
-0.0878808
-0.0880709
-0.0882596
-0.0884458
-0.0886293
-0.0888093
-0.0889867
-0.0891612
-0.0893324
-0.0895002
-0.0896651
-0.0898258
-0.0899846
-0.0901405
-0.090294
-0.0904451
-0.0905938
-0.0907402
-0.0908849
-0.0910279
-0.0911683
-0.0913072
-0.091445
-0.091582
-0.0917179
-0.0918533
-0.0919879
-0.0921221
-0.0922561
-0.0923902
-0.0925232
-0.0926562
-0.0927887
-0.0929213
-0.0930535
-0.0931858
-0.0933177
-0.0934498
-0.0935822
-0.0937148
-0.0938475
-0.0939798
-0.0941118
-0.0942439
-0.0943767
-0.0945091
-0.0946406
-0.0947729
-0.094905
-0.0950368
-0.0951684
-0.0953003
-0.095432
-0.0955651
-0.0956969
-0.0958291
-0.0956012
-0.0953755
-0.0951521
-0.0949309
-0.0947119
-0.0944952
-0.0942807
-0.0940685
-0.0938586
-0.0936509
-0.0934456
-0.0932424
-0.0930413
-0.0928423
-0.0926455
-0.0924506
-0.0922576
-0.0920664
-0.091877
-0.0916891
-0.0915029
-0.0913183
-0.0911353
-0.0909537
-0.0907736
-0.0905949
-0.0904176
-0.0902416
-0.090067
-0.0898938
-0.0897219
-0.089551
-0.0893814
-0.0892131
-0.089046
-0.0888798
-0.0887151
-0.0885517
-0.0883895
-0.0882285
-0.0880685
-0.0879098
-0.0877521
-0.0875955
-0.08744
-0.0872856
-0.0871323
-0.0869797
-0.0868284
-0.0866782
-0.086529
-0.0863807
-0.0862333
-0.086087
-0.0859415
-0.085797
-0.0856536
-0.0855109
-0.0853693
-0.0852287
-0.085089
-0.0849504
-0.0848125
-0.0846757
-0.0845397
-0.0844047
-0.0842709
-0.084138
-0.0840059
-0.0838745
-0.0837439
-0.0836143
-0.0834855
-0.0833575
-0.0832303
-0.083104
-0.0829781
-0.0828533
-0.0827293
-0.0826061
-0.0824836
-0.0823619
-0.082241
-0.0821209
-0.0820015
-0.0818826
-0.0817647
-0.0816474
-0.081531
-0.0814153
-0.0813003
-0.0811862
-0.0810728
-0.08096
-0.0808482
-0.0807371
-0.0806267
-0.0805171
-0.0804083
-0.0803002
-0.0801929
-0.0800862
-0.0799802
-0.0798749
-0.0797702
-0.0796661
-0.0795629
-0.0794602
-0.0793583
-0.0792569
-0.0791562
-0.0790561
-0.0789566
-0.0788578
-0.0787596
-0.078662
-0.0785649
-0.0784685
-0.0783728
-0.0782776
-0.078183
-0.078089
-0.0779957
-0.0779028
-0.0778104
-0.0777185
-0.0776273
-0.0775366
-0.0774465
-0.0773569
-0.0772678
-0.0771794
-0.0770915
-0.0770041
-0.0769173
-0.0768312
-0.0767456
-0.0766606
-0.0765762
-0.0764924
-0.0764054
-0.0763189
-0.0762332
-0.0761481
-0.0760637
-0.07598
-0.0758969
-0.0758144
-0.0757326
-0.0756513
-0.0755706
-0.0754905
-0.0754109
-0.0753318
-0.0752534
-0.0751755
-0.0750981
-0.075031
-0.0749644
-0.0748983
-0.0748327
-0.0747676
-0.074703
-0.0746389
-0.0745753
-0.0745122
-0.0744495
-0.0743873
-0.0743256
-0.0742644
-0.0742037
-0.0741434
-0.0740836
-0.0740243
-0.0739654
-0.073907
-0.073849
-0.0737915
-0.0737345
-0.0736779
-0.0736218
-0.0735661
-0.0735108
-0.073456
-0.0734017
-0.073348
-0.0732947
-0.073242
-0.0731897
-0.073138
-0.0730867
-0.0730359
-0.0729856
-0.0729358
-0.0728865
-0.0728376
-0.0727892
-0.0727412
-0.0726936
-0.0726465
-0.0725998
-0.0725536
-0.072508
-0.0724627
-0.072418
-0.0723736
-0.0723297
-0.0722863
-0.0722434
-0.0722008
-0.0721588
-0.0721176
-0.0720766
-0.0720361
-0.071996
-0.0719564
-0.0719173
-0.0718787
-0.0718406
-0.0718029
-0.0717657
-0.0717289
-0.0716926
-0.0716567
-0.0716212
-0.0715861
-0.0715514
-0.071517
-0.0714831
-0.0714495
-0.0714164
-0.0713837
-0.0713514
-0.0713195
-0.0712879
-0.0712568
-0.0712261
-0.0711957
-0.0711656
-0.071136
-0.0711068
-0.0710779
-0.0710495
-0.0710216
-0.070994
-0.0709668
-0.0709401
-0.0709136
-0.0708875
-0.0708619
-0.0708366
-0.0708118
-0.0707874
-0.0707634
-0.0707398
-0.0707166
-0.0706939
-0.0706714
-0.0706494
-0.070628
-0.0706068
-0.0705861
-0.0705657
-0.0705458
-0.0705261
-0.0705069
-0.0704879
-0.0704695
-0.0704511
-0.0704333
-0.0704157
-0.0703988
-0.0703821
-0.0703665
-0.0703511
-0.0703365
-0.0703219
-0.0703084
-0.0702949
-0.0702817
-0.0702694
-0.0702572
-0.0702477
-0.0702382
-0.0702379
-0.070239
-0.0702566
-0.070274
-0.0703072
-0.0703412
-0.0703835
-0.0704255
-0.0704677
-0.0705094
-0.0705465
-0.0705828
-0.0706142
-0.0706454
-0.0706756
-0.0707057
-0.0707414
-0.0707787
-0.0708236
-0.070869
-0.0709197
-0.07097
-0.0710193
-0.0710683
-0.0711102
-0.0711517
-0.071193
-0.0712235
-0.0712529
-0.0712766
-0.0712991
-0.0713215
-0.0713438
-0.0725133
-0.0736742
-0.0748361
-0.0759906
-0.0771482
-0.0782989
-0.0794863
-0.0806649
-0.0818345
-0.0829955
-0.0841479
-0.0852919
-0.0864274
-0.0875571
-0.0886798
-0.089791
-0.0908931
-0.091988
-0.0930804
-0.0941715
-0.0952653
-0.0963602
-0.0974568
-0.098561
-0.0996678
-0.100783
-0.101873
-0.10297
-0.104074
-0.105177
-0.106281
-0.107392
-0.1085
-0.109609
-0.110711
-0.11181
-0.112906
-0.113996
-0.115079
-0.116157
-0.117228
-0.118291
-0.119348
-0.120407
-0.121458
-0.122503
-0.123541
-0.124572
-0.1256
-0.126621
-0.127648
-0.128668
-0.129681
-0.130698
-0.131708
-0.132713
-0.133716
-0.134718
-0.135719
-0.136715
-0.137711
-0.138703
-0.139694
-0.140684
-0.141671
-0.142656
-0.143639
-0.14462
-0.145605
-0.146588
-0.147569
-0.148548
-0.149526
-0.150502
-0.151476
-0.152447
-0.153418
-0.154387
-0.155354
-0.15632
-0.157284
-0.158245
-0.159206
-0.160164
-0.16112
-0.162074
-0.163027
-0.163977
-0.164927
-0.16588
-0.166827
-0.167773
-0.168718
-0.169662
-0.170604
-0.171545
-0.172487
-0.173424
-0.174361
-0.175298
-0.176236
-0.177175
-0.17811
-0.179046
-0.179982
-0.180916
-0.181847
-0.182781
-0.183712
-0.184642
-0.185569
-0.186496
-0.187424
-0.188349
-0.189273
-0.190197
-0.19112
-0.192042
-0.192962
-0.193883
-0.194803
-0.195724
-0.196642
-0.197561
-0.19848
-0.199397
-0.200312
-0.201227
-0.20214
-0.203054
-0.203968
-0.204877
-0.205787
-0.206698
-0.207605
-0.208515
-0.209425
-0.210338
-0.211246
-0.212152
-0.213056
-0.213961
-0.214865
-0.215768
-0.21667
-0.217571
-0.21847
-0.21937
-0.220267
-0.221165
-0.222061
-0.222958
-0.223851
-0.224744
-0.225635
-0.226527
-0.227417
-0.228308
-0.229198
-0.230087
-0.230976
-0.231863
-0.232751
-0.233637
-0.234524
-0.235408
-0.236293
-0.237176
-0.23806
-0.238948
-0.239836
-0.240724
-0.241611
-0.242497
-0.243382
-0.244267
-0.24515
-0.246034
-0.246917
-0.247797
-0.248678
-0.249559
-0.250439
-0.25132
-0.252198
-0.253074
-0.253949
-0.254825
-0.255699
-0.256573
-0.257447
-0.258319
-0.259192
-0.260063
-0.260933
-0.261802
-0.26267
-0.263539
-0.264407
-0.265274
-0.26614
-0.267006
-0.267872
-0.268737
-0.269601
-0.270465
-0.27133
-0.272193
-0.273056
-0.273918
-0.27478
-0.275641
-0.2765
-0.27736
-0.278218
-0.279077
-0.279935
-0.280792
-0.28165
-0.282507
-0.283365
-0.284221
-0.285078
-0.285934
-0.28679
-0.287643
-0.288499
-0.289352
-0.290205
-0.291056
-0.291908
-0.292758
-0.293609
-0.294458
-0.29531
-0.29616
-0.297009
-0.297856
-0.298704
-0.299551
-0.3004
-0.301249
-0.302094
-0.30294
-0.303784
-0.304627
-0.30547
-0.306313
-0.307155
-0.307997
-0.308838
-0.309679
-0.31052
-0.311359
-0.312198
-0.313037
-0.313876
-0.314712
-0.315549
-0.316391
-0.317228
-0.318066
-0.318901
-0.319736
-0.320571
-0.321405
-0.322238
-0.323071
-0.323903
-0.324734
-0.32556
-0.326384
-0.327209
-0.328032
-0.328856
-0.329678
-0.3305
-0.331323
-0.332145
-0.332966
-0.333786
-0.334607
-0.335426
-0.336245
-0.337063
-0.337879
-0.338694
-0.339507
-0.340321
-0.341135
-0.341948
-0.342761
-0.343572
-0.344384
-0.345194
-0.346005
-0.346815
-0.347624
-0.348434
-0.349243
-0.35005
-0.350858
-0.351665
-0.352472
-0.353279
-0.354086
-0.354892
-0.355698
-0.356503
-0.357308
-0.358114
-0.358918
-0.359722
-0.360526
-0.36133
-0.362132
-0.362934
-0.363737
-0.364539
-0.365339
-0.36614
-0.366944
-0.367747
-0.368548
-0.36935
-0.370152
-0.370953
-0.371753
-0.372553
-0.373354
-0.374153
-0.374952
-0.37575
-0.376547
-0.377345
-0.378141
-0.378937
-0.379729
-0.38052
-0.381311
-0.382101
-0.382891
-0.383682
-0.384471
-0.385259
-0.386048
-0.386836
-0.387624
-0.38841
-0.389206
-0.389997
-0.390787
-0.391578
-0.392372
-0.393164
-0.393956
-0.394748
-0.395538
-0.396329
-0.397122
-0.397913
-0.398701
-0.399491
-0.400278
-0.401066
-0.401853
-0.402639
-0.403424
-0.404209
-0.404993
-0.40494
-0.40489
-0.40484
-0.404793
-0.404747
-0.404703
-0.404662
-0.404621
-0.404582
-0.404545
-0.40451
-0.404476
-0.404444
-0.404413
-0.404384
-0.404356
-0.404323
-0.404293
-0.404264
-0.404235
-0.404207
-0.404181
-0.404156
-0.404131
-0.404107
-0.404085
-0.404063
-0.404044
-0.404025
-0.404005
-0.403987
-0.403969
-0.403973
-0.403978
-0.403984
-0.40399
-0.403997
-0.404004
-0.404012
-0.404021
-0.40403
-0.40404
-0.40405
-0.40406
-0.404072
-0.404083
-0.404095
-0.404107
-0.40412
-0.404133
-0.404148
-0.404162
-0.404177
-0.404192
-0.404207
-0.404222
-0.404238
-0.404255
-0.404272
-0.404289
-0.404306
-0.404324
-0.404342
-0.40436
-0.404378
-0.404397
-0.404417
-0.404436
-0.404456
-0.404476
-0.404496
-0.404517
-0.404538
-0.404559
-0.404581
-0.404602
-0.404624
-0.404646
-0.404668
-0.404691
-0.404713
-0.404736
-0.404759
-0.404783
-0.404806
-0.40483
-0.404854
-0.404877
-0.404901
-0.404926
-0.40495
-0.404975
-0.405
-0.405025
-0.40505
-0.405075
-0.405101
-0.405127
-0.405153
-0.405179
-0.405205
-0.405232
-0.405259
-0.405286
-0.405313
-0.40534
-0.405368
-0.405395
-0.405423
-0.405451
-0.40548
-0.405508
-0.405536
-0.405565
-0.405594
-0.405622
-0.405652
-0.405681
-0.40571
-0.405739
-0.405769
-0.405798
-0.405828
-0.405858
-0.405888
-0.405918
-0.405948
-0.405979
-0.406009
-0.40604
-0.406071
-0.406102
-0.406133
-0.406164
-0.406195
-0.406227
-0.406259
-0.40629
-0.406322
-0.406354
-0.406386
-0.406418
-0.40645
-0.406483
-0.406515
-0.406547
-0.40658
-0.406613
-0.406645
-0.406678
-0.406711
-0.406744
-0.406777
-0.40681
-0.406844
-0.406877
-0.406911
-0.406944
-0.406978
-0.407075
-0.407172
-0.407268
-0.407365
-0.407462
-0.407558
-0.407655
-0.407751
-0.407848
-0.407945
-0.408041
-0.408137
-0.408234
-0.408331
-0.408427
-0.408524
-0.40862
-0.408717
-0.408813
-0.408909
-0.409006
-0.409102
-0.409198
-0.409295
-0.409391
-0.409487
-0.409584
-0.40968
-0.409777
-0.409873
-0.409969
-0.410066
-0.410162
-0.410259
-0.410356
-0.410476
-0.410597
-0.410718
-0.410838
-0.410959
-0.411079
-0.4112
-0.411321
-0.411441
-0.411561
-0.411682
-0.411803
-0.411923
-0.412043
-0.412164
-0.412284
-0.412404
-0.412525
-0.411986
-0.411449
-0.410913
-0.410379
-0.409846
-0.409314
-0.408784
-0.408256
-0.407728
-0.407203
-0.406678
-0.406156
-0.405634
-0.405114
-0.404594
-0.404077
-0.403562
-0.403048
-0.402535
-0.402024
-0.401514
-0.401005
-0.400496
-0.399989
-0.399483
-0.398978
-0.398473
-0.397969
-0.397467
-0.396965
-0.396463
-0.395963
-0.395463
-0.394964
-0.394466
-0.393969
-0.393472
-0.392975
-0.392479
-0.391985
-0.391491
-0.390997
-0.390504
-0.390012
-0.389521
-0.38903
-0.388537
-0.388045
-0.387553
-0.387062
-0.386571
-0.386081
-0.385592
-0.385103
-0.384614
-0.384126
-0.383637
-0.383151
-0.382662
-0.382176
-0.38169
-0.381205
-0.38072
-0.380235
-0.379752
-0.379269
-0.378787
-0.378305
-0.377823
-0.377342
-0.376861
-0.376382
-0.375902
-0.375424
-0.374946
-0.374467
-0.37399
-0.373513
-0.373036
-0.37256
-0.372089
-0.371618
-0.371147
-0.370677
-0.370207
-0.369737
-0.369268
-0.368799
-0.36833
-0.367862
-0.367393
-0.366926
-0.366458
-0.365991
-0.365526
-0.365059
-0.364593
-0.364128
-0.363664
-0.363201
-0.362737
-0.362275
-0.361811
-0.361348
-0.360886
-0.360425
-0.35996
-0.359497
-0.359033
-0.35857
-0.358107
-0.357645
-0.357183
-0.35672
-0.356259
-0.355798
-0.355339
-0.354879
-0.35442
-0.353961
-0.353503
-0.353047
-0.352591
-0.352136
-0.35168
-0.351226
-0.350772
-0.350318
-0.349863
-0.349409
-0.348957
-0.348504
-0.348053
-0.347599
-0.347148
-0.346697
-0.346247
-0.345797
-0.345347
-0.344897
-0.344448
-0.344
-0.343551
-0.343102
-0.342655
-0.342207
-0.34176
-0.341314
-0.340867
-0.340421
-0.339975
-0.33953
-0.339085
-0.33864
-0.338196
-0.337752
-0.337305
-0.336859
-0.336413
-0.335968
-0.335523
-0.335078
-0.334634
-0.334189
-0.333745
-0.333302
-0.332859
-0.332416
-0.331973
-0.331531
-0.331089
-0.331328
-0.331567
-0.331805
-0.332042
-0.332277
-0.332512
-0.332745
-0.332978
-0.333209
-0.333439
-0.333668
-0.333897
-0.334124
-0.334352
-0.334578
-0.334806
-0.335032
-0.33526
-0.335487
-0.335713
-0.335938
-0.336162
-0.336386
-0.336611
-0.336835
-0.337061
-0.337286
-0.337512
-0.337741
-0.33797
-0.3382
-0.338431
-0.338664
-0.338898
-0.339134
-0.33937
-0.339608
-0.339847
-0.340086
-0.340325
-0.340564
-0.340802
-0.341041
-0.341279
-0.341516
-0.341753
-0.341988
-0.342222
-0.342455
-0.342686
-0.342916
-0.343145
-0.343372
-0.343597
-0.343822
-0.344045
-0.344267
-0.344488
-0.344708
-0.344927
-0.345146
-0.345363
-0.34558
-0.345797
-0.346013
-0.346229
-0.346444
-0.34666
-0.346875
-0.347089
-0.347304
-0.347518
-0.347732
-0.347945
-0.348159
-0.348373
-0.348586
-0.348799
-0.349012
-0.349224
-0.349437
-0.349649
-0.349861
-0.350072
-0.350284
-0.350495
-0.350706
-0.350917
-0.351128
-0.351339
-0.351549
-0.35176
-0.351969
-0.352179
-0.352389
-0.352598
-0.352807
-0.353016
-0.353225
-0.353434
-0.353643
-0.353851
-0.354059
-0.354268
-0.354475
-0.354683
-0.354891
-0.355099
-0.355099
-0.355099
-0.355099
-0.355099
-0.355099
-0.355099
-0.355099
-0.355099
-0.355099
-0.355099
-0.355099
-0.355099
-0.355099
-0.355099
-0.355099
-0.355099
-0.355099
-0.355099
-0.355099
-0.355099
