0
0
0
0
0
0
0
0
0
0
0
0
0
0
0
0
0
0
0
0
0
0
0
0
0
0
0
0
0
0
0
0
0
0
0
0
0
0
0
0
0
0
0
0
0
0
0
0
0
0
0
0
0
0
0
0
0
0
0
0
0
0
0
0
0
0
0
0
0
0
0
0
0
0
0
0
0
0
0
0
0
0
0
0
0
0
0
0
0
0
0
0
0
0
0
0
0
0
0
0
0
0
0
0
0
0
0
0
0
0
0
0
0
0
0
0
0
0
0
0
0
0
0
0
0
0
0
0
0
0
0
0
0
0
0
0
0
0
0
0
0
0
0
0
0
0
0
0
0
0
0
0
0
0
0
0
0
0
0
0
0
0
0
0
0
0
0
0
0
0
0
0
0
0
0
0
0
0
0
0
0
0
0
0
0
0
0
0
0
0
0
0
0
1.78607e+25
1.78607e+25
1.78607e+25
1.78607e+25
1.78607e+25
1.78607e+25
1.78607e+25
1.78607e+25
1.78607e+25
1.78607e+25
1.78607e+25
1.78607e+25
1.78607e+25
1.78607e+25
1.78607e+25
1.78607e+25
1.78607e+25
1.78607e+25
1.78607e+25
1.78607e+25
1.78607e+25
1.78607e+25
1.78607e+25
1.78607e+25
1.78607e+25
1.78607e+25
1.78607e+25
1.78607e+25
1.78607e+25
1.78607e+25
1.78607e+25
1.78607e+25
1.78607e+25
1.78607e+25
1.78607e+25
1.78607e+25
1.78607e+25
1.78607e+25
1.78607e+25
1.78607e+25
1.78607e+25
1.78607e+25
1.78607e+25
1.78607e+25
1.78607e+25
1.78607e+25
1.78607e+25
1.78607e+25
1.78607e+25
1.78607e+25
1.78607e+25
1.78607e+25
1.78607e+25
1.78607e+25
1.78607e+25
1.78607e+25
1.78607e+25
1.78607e+25
1.78607e+25
1.78607e+25
1.78607e+25
1.78607e+25
1.78607e+25
1.78607e+25
1.78607e+25
1.78607e+25
1.78607e+25
1.78607e+25
1.78607e+25
1.78607e+25
1.78607e+25
1.78607e+25
1.78607e+25
1.78607e+25
1.78607e+25
1.78607e+25
1.78607e+25
1.78607e+25
1.78607e+25
1.78607e+25
1.78607e+25
1.78607e+25
1.78607e+25
1.78607e+25
1.78607e+25
1.78607e+25
1.78607e+25
1.78607e+25
1.78607e+25
1.78607e+25
1.78607e+25
1.78607e+25
1.78607e+25
1.78607e+25
1.78607e+25
1.78607e+25
1.78607e+25
1.78607e+25
1.78607e+25
1.78607e+25
1.78607e+25
1.78607e+25
1.78607e+25
1.78607e+25
1.78607e+25
1.78607e+25
1.78607e+25
1.78607e+25
1.78607e+25
1.78607e+25
1.78607e+25
1.78607e+25
1.78607e+25
1.78607e+25
1.78607e+25
1.78607e+25
1.78607e+25
1.78607e+25
1.78607e+25
1.78607e+25
1.78607e+25
1.78607e+25
1.78607e+25
1.78607e+25
1.78607e+25
1.78607e+25
1.78607e+25
1.78607e+25
1.78607e+25
1.78607e+25
1.78607e+25
1.78607e+25
1.78607e+25
1.78607e+25
1.78607e+25
1.78607e+25
1.78607e+25
1.78607e+25
1.78607e+25
1.78607e+25
1.78607e+25
1.78607e+25
1.78607e+25
1.78607e+25
1.78607e+25
1.78607e+25
1.78607e+25
1.78607e+25
1.78607e+25
1.78607e+25
1.78607e+25
1.78607e+25
1.78607e+25
1.78607e+25
1.78607e+25
1.78607e+25
1.78607e+25
1.78607e+25
1.78607e+25
1.78607e+25
1.78607e+25
1.78607e+25
1.78607e+25
1.78607e+25
1.78607e+25
1.78607e+25
1.78607e+25
1.78607e+25
1.78607e+25
1.78607e+25
1.78607e+25
1.78607e+25
1.78607e+25
1.78607e+25
1.78607e+25
1.78607e+25
1.78607e+25
1.78607e+25
1.78607e+25
1.78607e+25
1.78607e+25
1.78607e+25
1.78607e+25
1.78607e+25
1.78607e+25
1.78607e+25
1.78607e+25
1.78607e+25
1.78607e+25
1.78607e+25
1.78607e+25
1.78607e+25
1.78607e+25
1.78607e+25
1.78607e+25
1.78607e+25
1.78607e+25
1.78607e+25
1.78607e+25
1.78607e+25
1.78607e+25
1.78607e+25
1.78607e+25
1.78607e+25
1.78607e+25
1.78607e+25
1.78607e+25
1.78607e+25
1.78607e+25
1.78607e+25
1.78607e+25
1.78607e+25
1.78607e+25
1.78607e+25
1.78607e+25
1.78607e+25
1.78607e+25
1.78607e+25
1.78607e+25
1.78607e+25
1.78607e+25
1.78607e+25
1.78607e+25
1.78607e+25
1.78607e+25
1.78607e+25
1.78607e+25
1.78607e+25
1.78607e+25
1.78607e+25
1.78607e+25
1.78607e+25
1.78607e+25
1.78607e+25
1.78607e+25
1.78607e+25
1.78607e+25
1.78607e+25
1.78607e+25
1.78607e+25
1.78607e+25
1.78607e+25
1.78607e+25
1.78607e+25
1.78607e+25
1.78607e+25
1.78607e+25
1.78607e+25
1.78607e+25
1.78607e+25
0.0551442
-0.0958304
-0.103809
-0.106848
-0.108859
-0.110184
-0.111527
-0.113837
-0.115743
-0.118006
-0.120182
-0.121417
-0.122551
-0.122969
-0.12329
-0.123052
-0.122713
-0.121892
-0.120704
-0.119758
-0.118195
-0.117121
-0.115441
-0.114398
-0.112787
-0.111877
-0.110492
-0.109791
-0.10873
-0.108269
-0.107566
-0.107014
-0.107004
-0.107006
-0.106962
-0.107064
-0.107336
-0.10763
-0.107969
-0.108394
-0.10889
-0.109168
-0.109609
-0.109972
-0.110366
-0.110669
-0.110976
-0.111207
-0.111386
-0.111525
-0.111596
-0.111609
-0.111513
-0.11162
-0.111494
-0.111324
-0.111235
-0.11114
-0.1109
-0.110651
-0.110539
-0.110423
-0.110017
-0.109905
-0.10967
-0.109732
-0.109464
-0.109424
-0.109261
-0.109259
-0.109235
-0.109122
-0.109
-0.109016
-0.108908
-0.10893
-0.108857
-0.108865
-0.108694
-0.108677
-0.108518
-0.108509
-0.108359
-0.108351
-0.108215
-0.108214
-0.108103
-0.108081
-0.1079
-0.107858
-0.107654
-0.107516
-0.107434
-0.107406
-0.106725
-0.106893
-0.107054
-0.10692
-0.106884
-0.106877
-0.106731
-0.106286
-0.106449
-0.106035
-0.106117
-0.106277
-0.10589
-0.106051
-0.105553
-0.105505
-0.105535
-0.105062
-0.105096
-0.104546
-0.104586
-0.104251
-0.104292
-0.104128
-0.103992
-0.103773
-0.103647
-0.103444
-0.103351
-0.103089
-0.102972
-0.10287
-0.102724
-0.10251
-0.10235
-0.102129
-0.102008
-0.101824
-0.10169
-0.101499
-0.101394
-0.101237
-0.101066
-0.100959
-0.100822
-0.100724
-0.100582
-0.100512
-0.100447
-0.100336
-0.100262
-0.100149
-0.100056
-0.0999135
-0.0998222
-0.0997327
-0.0995701
-0.0994907
-0.0993406
-0.0992714
-0.0991339
-0.0990738
-0.09895
-0.098881
-0.0987878
-0.0987293
-0.098646
-0.0985662
-0.098416
-0.0983335
-0.098182
-0.0980194
-0.0979759
-0.0978463
-0.0977935
-0.0976761
-0.0976333
-0.0975289
-0.0974934
-0.0974619
-0.0973746
-0.0972313
-0.0971572
-0.0970645
-0.0969397
-0.0968589
-0.0967435
-0.0966176
-0.0965698
-0.0964576
-0.0964174
-0.0963198
-0.0962262
-0.0961663
-0.096088
-0.0959062
-0.0958613
-0.0957177
-0.0955809
-0.09553
-0.0954799
-0.0953608
-0.0953227
-0.0952188
-0.0951859
-0.0950995
-0.095032
-0.0948712
-0.0948028
-0.0946319
-0.0945956
-0.0944437
-0.0943374
-0.0942957
-0.0942543
-0.094148
-0.0941185
-0.0940243
-0.0939748
-0.0938127
-0.0936564
-0.0935144
-0.0935376
-0.0932498
-0.0932811
-0.0932358
-0.0931971
-0.0930753
-0.0929918
-0.0929705
-0.0929383
-0.0927491
-0.0926186
-0.0925539
-0.0924956
-0.092362
-0.0922343
-0.0921013
-0.0921559
-0.0919649
-0.0919558
-0.0919302
-0.0914834
-0.0915977
-0.0914536
-0.0913965
-0.0912611
-0.0912166
-0.091192
-0.0910753
-0.0910413
-0.0909172
-0.0909124
-0.0908064
-0.0906679
-0.0906243
-0.0904695
-0.0903947
-0.0902578
-0.0902122
-0.0901123
-0.0900532
-0.0900419
-0.089923
-0.0898339
-0.0897611
-0.0897124
-0.0895358
-0.089498
-0.0893347
-0.0893077
-0.0891583
-0.0890645
-0.0890115
-0.0887544
-0.0887018
-0.0885156
-0.0885689
-0.0885971
-0.0884213
-0.088301
-0.088226
-0.0881009
-0.0880604
-0.0879469
-0.0879208
-0.0878226
-0.0878081
-0.087709
-0.0876246
-0.0874716
-0.0873563
-0.08731
-0.0872463
-0.0871292
-0.0870951
-0.0869955
-0.086917
-0.0868864
-0.0868545
-0.0867164
-0.0864746
-0.086514
-0.0864463
-0.0863157
-0.0862771
-0.086165
-0.0859811
-0.0860578
-0.0859568
-0.0858626
-0.0857998
-0.0856631
-0.0855881
-0.0854679
-0.0854235
-0.0852984
-0.0852437
-0.0851369
-0.0850562
-0.0850427
-0.0848723
-0.0847893
-0.0846584
-0.0845853
-0.0842696
-0.0842377
-0.0843772
-0.0842584
-0.084235
-0.084053
-0.0839871
-0.0840046
-0.0838656
-0.0837871
-0.0836611
-0.0836176
-0.0834849
-0.0834293
-0.0833145
-0.0833096
-0.0832127
-0.0831101
-0.0830469
-0.082959
-0.0828321
-0.0827573
-0.0826438
-0.0824251
-0.0824829
-0.0821251
-0.0822709
-0.0821593
-0.0822449
-0.0820893
-0.0820302
-0.0818751
-0.081828
-0.0816859
-0.081651
-0.0815264
-0.0814995
-0.0814556
-0.0813745
-0.0813432
-0.0812392
-0.0811567
-0.0809281
-0.0808807
-0.0808332
-0.0807709
-0.0806674
-0.0805527
-0.0805084
-0.0804291
-0.0803888
-0.0802167
-0.0801594
-0.0801025
-0.079956
-0.0798157
-0.0797786
-0.0796343
-0.0796281
-0.0795233
-0.0795014
-0.0793777
-0.0793105
-0.0791515
-0.0790964
-0.0789521
-0.0788141
-0.0787801
-0.0787269
-0.0786346
-0.078615
-0.0785137
-0.0784981
-0.078327
-0.0781715
-0.0781192
-0.0779812
-0.077944
-0.0778876
-0.0777936
-0.0777686
-0.0776696
-0.0775747
-0.0775532
-0.0774659
-0.077336
-0.0772882
-0.0771479
-0.077088
-0.0769854
-0.0768717
-0.0768498
-0.076836
-0.0766582
-0.0767053
-0.07654
-0.0763895
-0.0762198
-0.0763032
-0.0761733
-0.07603
-0.0760292
-0.0759231
-0.0759111
-0.0759
-0.0757652
-0.0756026
-0.0755561
-0.0754859
-0.0753735
-0.0752472
-0.0752213
-0.0752004
-0.0750947
-0.0750025
-0.074762
-0.0739751
-0.0740693
-0.074138
-0.0739938
-0.0739926
-0.073865
-0.0738727
-0.0736877
-0.073768
-0.0736619
-0.0736612
-0.0735909
-0.0736188
-0.0735087
-0.073495
-0.07334
-0.0732429
-0.0731991
-0.0732069
-0.0730847
-0.0729988
-0.072998
-0.0730246
-0.0728768
-0.0728389
-0.0727023
-0.072581
-0.0725543
-0.0723832
-0.0724349
-0.0722827
-0.0723424
-0.0721261
-0.0717709
-0.071936
-0.0719742
-0.07158
-0.071651
-0.0716973
-0.0716141
-0.07099
-0.0711004
-0.0712677
-0.0713256
-0.0711734
-0.0711297
-0.0711688
-0.0701236
-0.0702963
-0.0702019
-0.0703727
-0.0702913
-0.0702964
-0.0700071
-0.0701798
-0.0701638
-0.0700282
-0.0699988
-0.0700684
-0.0699234
-0.0692976
-0.0693063
-0.0692926
-0.0691704
-0.0687543
-0.068832
-0.0686113
-0.0683144
-0.0682818
-0.0684598
-0.068482
-0.0681044
-0.0682197
-0.0674291
-0.0675382
-0.0675755
-0.067758
-0.0677954
-0.0679752
-0.0678486
-0.0678859
-0.0678158
-0.0674024
-0.0674971
-0.0676778
-0.0676901
-0.0678672
-0.0677272
-0.0676131
-0.0677894
-0.0677309
-0.0676535
-0.0676918
-0.0675509
-0.0676402
-0.0676579
-0.0675008
-0.0674692
-0.0673157
-0.0673809
-0.0672005
-0.0672728
-0.0670889
-0.0670761
-0.0670759
-0.0670326
-0.0669732
-0.0668242
-0.0666887
-0.0665281
-0.0664795
-0.0662929
-0.0660516
-0.066089
-0.0660699
-0.065886
-0.0658822
-0.0656607
-0.0654794
-0.0656548
-0.0654377
-0.0654017
-0.065474
-0.0653385
-0.065168
-0.0651758
-0.0651801
-0.0651843
-0.0650417
-0.0649357
-0.064879
-0.0648501
-0.0648445
-0.0647162
-0.0646407
-0.0645429
-0.0645354
-0.0644286
-0.0640647
-0.0642391
-0.0641977
-0.0641294
-0.0640082
-0.0639623
-0.0638734
-0.063832
-0.063718
-0.063166
-0.0633422
-0.0631172
-0.0611946
-0.0612723
-0.0602795
-0.0604782
-0.0606741
-0.0608674
-0.0609719
-0.0611616
-0.0603624
-0.0605144
-0.0593624
-0.059561
-0.051354
-0.0503326
-0.03878
-0.0390753
-0.039368
-0.0237858
-0.0241529
-0.019538
-0.019923
-0.0176174
-0.0180078
-0.0181761
-0.0185763
-0.0189711
-0.0196141
-0.0202543
-0.0226313
-0.0232115
-0.0261284
-0.0264874
-0.0274187
-0.0283876
-0.0291505
-0.0299017
-0.0304478
-0.0308166
-0.0311183
-0.0312551
-0.0314018
-0.0312915
-0.0315385
-0.0315795
-0.0317521
-0.0319651
-0.0322345
-0.0325934
-0.0330786
-0.0336229
-0.0343257
-0.0350447
-0.0359337
-0.0372365
-0.0378023
-0.0387361
-0.0398258
-0.0409942
-0.0418734
-0.0435567
-0.0438171
-0.0448494
-0.0455835
-0.0462674
-0.0471018
-0.0480123
-0.0483452
-0.0489163
-0.0493818
-0.0496843
-0.0500243
-0.0502847
-0.0504932
-0.0506443
-0.050791
-0.0508633
-0.0508712
-0.050811
-0.0509442
-0.0508957
-0.0509134
-0.0508318
-0.0508164
-0.0507204
-0.0507103
-0.0505866
-0.0505775
-0.0504295
-0.0503389
-0.0503316
-0.0503233
-0.0502041
-0.0499487
-0.0499718
-0.0500719
-0.0497637
-0.0497089
-0.049655
-0.0496003
-0.049413
-0.0493591
-0.0488772
-0.0490937
-0.0488652
-0.0487845
-0.047978
-0.047322
-0.0465183
-0.0458685
-0.0450298
-0.0443558
-0.0435198
-0.0426882
-0.0418334
-0.0401135
-0.0397851
-0.0391657
-0.0377306
-0.0372849
-0.0365813
-0.0360639
-0.0355429
-0.0348948
-0.0343165
-0.0337705
-0.0332969
-0.0328646
-0.0323391
-0.0319184
-0.031435
-0.0310286
-0.0305918
-0.0302077
-0.0297601
-0.0293421
-0.0289061
-0.0285355
-0.0281299
-0.0277504
-0.0272347
-0.026933
-0.0265687
-0.0261577
-0.0257978
-0.0254182
-0.0250798
-0.0247253
-0.0243887
-0.0240368
-0.0237145
-0.0233824
-0.0229472
-0.0226751
-0.0223563
-0.0220448
-0.0217404
-0.0214279
-0.0211432
-0.0208325
-0.0205263
-0.0202326
-0.0198583
-0.0195557
-0.0192199
-0.0189218
-0.0186155
-0.0182547
-0.0179869
-0.017627
-0.017344
-0.0170808
-0.0168139
-0.0165355
-0.0162534
-0.0159651
-0.0157314
-0.0154574
-0.0152013
-0.0149219
-0.0146685
-0.0143389
-0.0141383
-0.0138607
-0.0136037
-0.0133351
-0.0130807
-0.012813
-0.0125667
-0.0122945
-0.0119891
-0.0117787
-0.0115064
-0.0112915
-0.0110031
-0.0107022
-0.0104317
-0.0101443
-0.00979766
-0.009589
-0.00929435
-0.0089988
-0.0087346
-0.008491
-0.00819813
-0.00794646
-0.00769211
-0.0074709
-0.0072246
-0.00700428
-0.006732
-0.00653945
-0.00629494
-0.00607909
-0.00583637
-0.00562052
-0.00535361
-0.00516821
-0.00492011
-0.00471501
-0.00447407
-0.00423582
-0.00402802
-0.00381754
-0.00358018
-0.00337417
-0.00313771
-0.00293081
-0.00268986
-0.00249191
-0.00225903
-0.00205391
-0.00182281
-0.00162128
-0.00139018
-0.00115998
-0.000953066
-0.00073182
-0.000502511
-0.000334112
-8.59916e-05
0.000171088
0.000388755
0.000604632
0.000860818
0.00122539
0.00140275
0.0016464
0.00194827
0.00224746
0.00254575
0.00278672
0.00302858
0.00329821
0.00350872
0.00371834
0.00397006
0.0042594
0.00442512
0.00467326
0.00488019
0.00513818
0.00538632
0.00561744
0.00580646
0.00603668
0.00625526
0.0063986
0.00659478
0.00681157
0.00705076
0.00730965
0.00746015
0.00767604
0.00786865
0.00803886
0.00826372
0.00844378
0.00867849
0.00884691
0.00907983
0.00924467
0.00947759
0.00969796
0.00987445
0.0100939
0.0102677
0.0104326
0.0106189
0.0108787
0.0111528
0.0113383
0.0116115
0.0117961
0.0120684
0.0122512
0.0125217
0.0127036
0.0129705
0.0131506
0.0134194
0.0135976
0.0138637
0.0140402
0.0143072
0.0144819
0.0147471
0.014997
0.0151869
0.0154208
0.0156241
0.0157961
0.0160577
0.0162898
0.0164895
0.0167359
0.0171982
0.0172609
0.0174114
0.0176676
0.0178862
0.0181407
0.0184112
0.0186298
0.0188305
0.0190993
0.0192981
0.0195508
0.0197192
0.0199289
0.0201098
0.0203356
0.0205004
0.0207083
0.0208875
0.0211096
0.0212709
0.021477
0.0216526
0.021873
0.0220772
0.0223675
0.0224535
0.0226291
0.0228441
0.0230502
0.0232347
0.023491
0.023749
0.0239174
0.0241181
0.0243743
0.0246126
0.0247936
0.025048
0.025229
0.0254834
0.0256644
0.025935
0.0261625
0.0263417
0.0265908
0.0267682
0.0269617
0.0273397
0.0274401
0.0277608
0.0278629
0.0281819
0.0282822
0.028542
0.0286406
0.0289577
0.0289846
0.0293448
0.0293681
0.0299163
0.0299396
0.0306617
0.0307405
0.0312422
0.031262
0.0318729
0.0319428
0.0320091
0.0325771
0.0325914
0.034256
0.0342668
0.0396832
0.040459
0.0500053
0.049973
0.0590947
0.0595999
0.0643893
0.0643176
0.0643535
0.0641456
0.061189
0.0607823
0.0579316
0.057876
0.0572525
0.0571969
0.0603413
0.0612174
0.065521
0.0658847
0.0686905
0.0686044
0.0678716
0.0677873
0.0634656
0.0633939
0.063324
0.0569616
0.0564026
0.0530592
0.0524841
0.0524446
0.0524052
0.0489992
0.0471008
0.043393
0.0413874
0.0388605
0.0369554
0.0373846
0.0354545
0.0335352
0.0316321
0.0297775
0.0279032
0.0260648
0.0242443
0.0224454
0.0209925
0.020326
0.0198797
0.0211457
0.0224904
0.0254791
0.0277442
0.0304176
0.0359025
0.0391971
0.0451474
0.0484292
0.0539835
0.0589108
0.0611465
0.0629613
0.0673154
0.0676491
0.0685595
0.066748
0.0659572
0.0642067
0.0620426
0.059542
0.0561964
0.0516621
0.0491349
0.0457879
0.0415655
0.0357822
0.034063
0.0271414
0.0254438
0.0213529
0.0196752
0.0177559
0.0160783
0.0144115
0.0146404
0.012979
0.0116972
0.0109417
0.0109558
0.0107266
0.00956837
0.00942861
0.00881994
0.00873568
0.00826664
0.00805532
0.00746103
0.0069974
0.00678791
0.00669295
0.0061882
0.0059322
0.00543284
0.00533434
0.00474196
0.00452358
0.00405827
0.00387212
0.00382554
0.00327975
0.00327612
0.00276077
0.00226154
0.00245474
0.00198416
0.00194298
0.00207176
0.00164593
0.00138292
0.00140974
0.00280333
0.00124869
0.00150627
0.00118246
0.00146687
0.00114128
0.00144894
0.00177448
0.000856818
0.00118236
0.0015061
0.00121452
0.00157402
0.00130034
0.00165983
0.00201573
0.00174205
0.00147017
0.00265951
0.00225527
0.00201201
0.00176875
0.00218543
0.00263785
0.00243573
0.00223719
0.00285234
0.00314378
0.00311155
0.00277353
0.00326346
0.00375516
0.00441136
0.00406798
0.00472058
0.005037
0.00502083
0.00467746
0.00532465
0.00498308
0.00562667
0.00610218
0.00510266
0.00558174
0.00621993
0.00522402
0.00651295
0.00698305
0.00858478
0.00709548
0.00707393
0.00672882
0.00735798
0.00765999
0.00763486
0.00796903
0.00797786
0.00765958
0.00832443
0.00803474
0.00876749
0.00848496
0.00921769
0.00893337
0.00949627
0.00938354
0.0101126
0.00983012
0.0105538
0.0109433
0.0109986
0.0113827
0.0112682
0.0118184
0.0118683
0.0122506
0.0121325
0.0128436
0.0125593
0.0131042
0.0131505
0.013681
0.0140472
0.0140809
0.0144453
0.0143111
0.014838
0.0147056
0.015229
0.0152591
0.0151267
0.0154857
0.016168
0.0160338
0.0170359
0.0162496
0.0167639
0.0166315
0.0171458
0.017176
0.0175259
0.0180366
0.0179006
0.0184096
0.0182736
0.0182984
0.0186447
0.0185105
0.019014
0.0195157
0.0193797
0.0192402
0.0197847
0.019688
0.0202487
0.0201537
0.0207126
0.0212678
0.0211693
0.0217228
0.0216243
0.0221759
0.0220774
0.0221396
0.0225269
0.0225874
0.0229729
0.0235173
0.0234135
0.024115
0.0238522
0.0243895
0.0242838
0.02498
0.0253512
0.0252419
0.0251327
0.026461
0.0255517
0.0260818
0.0259726
0.0266579
0.0263862
0.0269127
0.0268016
0.0279584
0.0278402
0.0277274
0.0276128
0.0281302
0.0286459
0.0293116
0.0298236
0.0289181
0.0295855
0.029312
0.0291956
0.0297059
0.0302143
0.0300926
0.0305975
0.0306346
0.0309788
0.0314854
0.0307407
0.031399
0.0317414
0.0322356
0.0314926
0.0319903
0.0344908
0.0331266
0.0336153
0.0333329
0.0332076
0.033848
0.0337209
0.0342078
0.0339254
0.0344105
0.0342817
0.0349167
0.0346432
0.0352871
0.0350137
0.0356522
0.0353788
0.0360155
0.0364952
0.0363717
0.0366997
0.036726
0.037054
0.0370804
0.0374083
0.037283
0.037909
0.0377872
0.0375156
0.0381451
0.0386176
0.0384958
0.0389683
0.0386949
0.0393154
0.0391883
0.0395109
0.0395336
0.0400239
0.0404
0.0403157
0.0403866
0.0407591
0.0408283
0.0412025
0.0411182
0.0416406
0.0417062
0.0420732
0.042137
0.0426558
0.0431709
0.0430813
0.0434412
0.0434978
0.0440076
0.0437663
0.0442761
0.0447841
0.044689
0.0445923
0.0451002
0.0456064
0.0455042
0.0454056
0.0459011
0.0463965
0.0462943
0.0461922
0.0466894
0.0473293
0.0470773
0.0471196
0.0474616
0.0475057
0.0478441
0.0477384
0.0482266
0.0487095
0.0486109
0.0490973
0.048997
0.0494834
0.049968
0.0498676
0.0497673
0.0502501
0.0507293
0.0506272
0.0505232
0.0546387
0.0533595
0.0531022
0.0537152
0.0541747
0.0540422
0.0537635
0.05433
0.0540388
0.0545822
0.0560831
0.0552141
0.0544914
0.0554038
0.0546811
0.055187
0.0554183
0.0552394
0.055057
0.0555593
0.0552521
0.0557758
0.0573609
0.0586768
0.0602762
0.0615974
0.0633269
0.064921
0.0660942
0.067403
0.0689739
0.0701114
0.0717643
0.0729821
0.07392
0.0755711
0.0769155
0.0778677
0.0813856
0.0814266
0.0814677
0.0822754
0.0836822
0.0844917
0.0851123
0.0861019
0.0868151
0.0876496
0.0898195
0.0898445
0.0898695
0.0903955
0.0909072
0.0914029
0.0920823
0.0927384
0.0931627
0.0936317
0.0943948
0.0948298
0.0953558
0.0957231
0.096135
0.0966217
0.0971477
0.0974829
0.0978538
0.0983066
0.0986186
0.0990858
0.0994263
0.1003
0.10046
0.100542
0.100817
0.101227
0.10148
0.101878
0.102152
0.102493
0.10286
0.103087
0.103343
0.103664
0.103996
0.104206
0.104565
0.104739
0.104932
0.105269
0.105545
0.105738
0.10592
0.106437
0.106474
0.106757
0.106934
0.107098
0.107358
0.107517
0.107777
0.107961
0.108191
0.108349
0.108597
0.108763
0.108972
0.109209
0.109353
0.109494
0.109728
0.109965
0.110198
0.110246
0.110469
0.110679
0.110892
0.110931
0.111145
0.111352
0.111476
0.111599
0.111811
0.1121
0.112138
0.112259
0.112469
0.112676
0.112902
0.113145
0.113195
0.113359
0.113544
0.113571
0.113678
0.113861
0.114043
0.11432
0.114271
0.114435
0.114637
0.114722
0.114906
0.115008
0.115209
0.115289
0.115489
0.115574
0.115772
0.115856
0.116038
0.116232
0.116335
0.116508
0.116667
0.116769
0.116888
0.117066
0.117225
0.117398
0.117442
0.117674
0.11777
0.11787
0.118031
0.118134
0.118273
0.11836
0.118508
0.118613
0.118697
0.11885
0.118986
0.119086
0.119168
0.119305
0.119401
0.119553
0.119635
0.119786
0.119922
0.119904
0.119909
0.119984
0.120039
0.120035
0.120051
0.120126
0.120179
0.120179
0.12025
0.12025
0.120319
0.12041
0.120551
0.12048
0.12049
0.120584
0.120595
0.120629
0.1207
0.120737
0.120828
0.120944
0.120965
0.121102
0.121102
0.121216
0.121245
0.12138
0.121415
0.121551
0.121592
0.121843
0.121761
0.121896
0.121892
0.121987
0.121981
0.122076
0.122072
0.122191
0.122261
0.122273
0.122285
0.122399
0.122511
0.12252
0.122531
0.122641
0.122652
0.122766
0.122801
0.122904
0.123989
0.125211
0.126267
0.127457
0.128565
0.129726
0.130913
0.131974
0.133132
0.134172
0.1352
0.136356
0.13733
0.138342
0.139209
0.140164
0.141024
0.14184
0.142636
0.143411
0.144112
0.144755
0.145528
0.146129
0.146685
0.147185
0.147918
0.1484
0.148819
0.149406
0.149949
0.150165
0.150719
0.151035
0.151575
0.151859
0.152213
0.15264
0.153145
0.15343
0.153701
0.154141
0.154579
0.155009
0.155247
0.15543
0.155892
0.156061
0.156506
0.156658
0.157092
0.15722
0.157645
0.15759
0.1579
0.157872
0.158657
0.1579
0.158686
0.15919
0.159142
0.159641
0.159285
0.159895
0.160157
0.160478
0.16057
0.160484
0.160969
0.161273
0.161404
0.161708
0.162011
0.162002
0.162053
0.162341
0.162436
0.162649
0.162986
0.162951
0.163274
0.163273
0.163526
0.163466
0.163465
0.163533
0.163705
0.163945
0.163926
0.163973
0.164145
0.164189
0.164365
0.164412
0.163624
0.164121
0.164614
0.16485
0.165018
0.165066
0.165298
0.164525
0.165271
0.165504
0.165676
0.163953
0.1647
0.164622
0.164423
0.164916
0.164906
0.165143
0.164383
0.165123
0.165612
0.165802
0.165874
0.166064
0.166133
0.166144
0.166337
0.166402
0.166592
0.166661
0.166908
0.166916
0.167166
0.166357
0.167085
0.167564
0.167611
0.167783
0.167081
0.16781
0.168032
0.168186
0.168215
0.168184
0.168399
0.16861
0.168575
0.168298
0.16827
0.168984
0.168889
0.168918
0.169129
0.169083
0.169223
0.169235
0.169439
0.16939
0.16959
0.169537
0.169742
0.169689
0.169643
0.169851
0.170059
0.170198
0.170149
0.170171
0.170122
0.17033
0.170473
0.170492
0.1707
0.170654
0.170544
0.170816
0.170774
0.169896
0.168703
0.167896
0.166772
0.165904
0.163245
0.162699
0.162099
0.159733
0.159368
0.156453
0.15596
0.154418
0.153964
0.152993
0.152625
0.152714
0.152354
0.151996
0.151643
0.151293
0.150936
0.151781
0.151431
0.152972
0.152622
0.153422
0.156886
0.157182
0.158209
0.160064
0.16223
0.163222
0.165295
0.166158
0.168263
0.16903
0.169494
0.169718
0.170085
0.169921
0.169603
0.169096
0.168161
0.167358
0.165987
0.164987
0.163374
0.161761
0.160562
0.159466
0.157496
0.156286
0.155233
0.154298
0.153002
0.151924
0.151167
0.150525
0.14974
0.149215
0.148654
0.148265
0.147936
0.147633
0.147472
0.147258
0.147086
0.147
0.146843
0.146678
0.14666
0.146503
0.14657
0.146438
0.146324
0.146284
0.146145
0.146062
0.145941
0.145855
0.145698
0.145637
0.145483
0.145447
0.145357
0.145211
0.145157
0.145228
0.144967
0.144864
0.14471
0.144713
0.14467
0.144556
0.144555
0.144487
0.144473
0.14438
0.144326
0.144351
0.144368
0.144289
0.14425
0.14431
0.144339
0.144274
0.144345
0.144345
0.144345
0.144345
0.144345
0.144345
0.144345
0.144345
0.144345
0.144345
0.144345
0.144345
0.144345
0.144345
0.144345
0.144345
0.144345
0.144345
0.144345
0.144345
0.144345
