0
0
0
0
0
0
0
0
0
0
0
0
0
0
0
0
0
0
0
0
0
0
0
0
0
0
0
0
0
0
0
0
0
0
0
0
0
0
0
0
0
0
0
0
0
0
0
0
0
0
0
0
0
0
0
0
0
0
0
0
0
0
0
0
0
0
0
0
0
0
0
0
0
0
0
0
0
0
0
0
0
0
0
0
0
0
0
0
0
0
0
0
0
0
0
0
0
0
0
0
0
0
0
0
0
0
0
0
0
0
0
0
0
0
0
0
0
0
0
0
0
0
0
0
0
0
0
0
0
0
0
0
0
0
0
0
0
0
0
0
0
0
0
0
0
0
0
0
0
0
0
0
0
0
0
0
0
0
0
0
0
0
0
0
0
0
0
0
0
0
0
0
0
0
0
0
0
0
0
0
0
0
0
0
0
0
0
0
0
0
0
0
0
0
0
0
0
0
0
0
0
0
0
0
0
0
0
0
0
0
0
0
0
0
0
0
0
0
0
0
0
0
0
0
0
0
0
0
0
0
0
0
0
0
0
0
0
0
0
0
0
0
0
0
0
0
0
0
0
0
0
0
0
0
0
0
0
0
0
0
0
0
0
0
0
0
0
0
0
0
0
0
0
0
0
0
0
0
0
0
0
0
0
0
0
0
0
0
0
0
0
0
0
0
0
0
0
0
0
0
0
0
0
0
0
0
0
0
0
0
0
0
0
0
0
0
0
0
0
0
0
0
0
0
0
0
0
0
0
0
0
0
0
0
0
0
0
0
0
0
0
0
0
0
0
0
0
0
0
0
0
0
0
0
0
0
0
0
0
0
0
0
0
0
0
0
0
0
0
0
0
0
0
0
0
0
0
0
0
0
0
0
0
0
0
0
0
0
0
0
0
0
0
0
0
0
0
0
0
0
0
0
0
0
0
0
0
0
0
0
0
0
0
0
0
0
0
0
0
0
0
0
0
0
0
0
0
0
0
0
0
0
0
0
0
0
0
0
0
0
0
0
0
-0.359478
0.0322819
0.0627689
0.0769958
0.0842829
0.0885677
0.0937958
0.0974102
0.100576
0.103945
0.106922
0.108768
0.110336
0.111069
0.111624
0.11153
0.111488
0.110821
0.109848
0.109146
0.107841
0.107033
0.105618
0.104836
0.10347
0.102798
0.101624
0.101131
0.100258
0.0999718
0.0994377
0.0990486
0.0992012
0.0993538
0.0994568
0.0997047
0.100117
0.100548
0.101025
0.101578
0.102203
0.102592
0.103146
0.103615
0.104118
0.104523
0.104923
0.105244
0.105515
0.105732
0.105892
0.105988
0.10598
0.106155
0.106102
0.10601
0.106003
0.105965
0.105797
0.105614
0.105576
0.105515
0.105186
0.105141
0.104965
0.10508
0.104881
0.104904
0.10479
0.104843
0.104881
0.104828
0.104759
0.104828
0.104767
0.104843
0.104828
0.104874
0.104767
0.10479
0.104675
0.104706
0.104614
0.104652
0.104561
0.104607
0.10453
0.104553
0.104424
0.104416
0.104248
0.104156
0.104118
0.104126
0.103508
0.103706
0.103889
0.103806
0.103806
0.103836
0.103729
0.103333
0.103531
0.103165
0.103279
0.10347
0.103119
0.103317
0.102859
0.102829
0.102875
0.102432
0.102493
0.101974
0.102051
0.101746
0.101807
0.101669
0.101547
0.101364
0.101257
0.101089
0.101028
0.100769
0.100677
0.100601
0.100494
0.100296
0.100159
0.0999756
0.0998535
0.0997162
0.0995941
0.0994263
0.09935
0.0992126
0.0990753
0.0989685
0.0988464
0.0988007
0.0986938
0.0986176
0.0985718
0.0984802
0.0984344
0.0983429
0.0982819
0.0981598
0.0980835
0.0980225
0.0978699
0.0977936
0.0976715
0.0976257
0.0975342
0.0974731
0.0973663
0.0973358
0.0972443
0.0972137
0.0971527
0.0970764
0.0969391
0.0968475
0.0967407
0.0966187
0.0965881
0.0964661
0.096405
0.096344
0.096283
0.0962219
0.0961914
0.0961914
0.0960999
0.0960083
0.0959473
0.0958557
0.0957336
0.0957031
0.0955811
0.095459
0.0954285
0.0953674
0.0953064
0.0952454
0.0951538
0.0950928
0.0950623
0.0948792
0.0948792
0.094696
0.0946045
0.094574
0.0945435
0.0944519
0.0944519
0.0942993
0.0943298
0.0942383
0.0941772
0.0940247
0.0939331
0.0938416
0.0937805
0.093689
0.0935669
0.0935364
0.0935059
0.0934143
0.0933838
0.0932617
0.0933228
0.0931396
0.0929565
0.0928345
0.0929565
0.0926514
0.0926514
0.0926514
0.0926514
0.0924683
0.0924072
0.0923462
0.0924683
0.0922241
0.0921021
0.092041
0.0919189
0.0917969
0.0917969
0.0916138
0.0916748
0.0915527
0.0915527
0.0914917
0.0910645
0.0912476
0.0910034
0.0910034
0.0909424
0.0908203
0.0908203
0.0908203
0.0908203
0.0906982
0.0906982
0.0905762
0.0904541
0.090332
0.0900879
0.090332
0.0900879
0.0900879
0.0899658
0.0900879
0.0900879
0.0898438
0.0898438
0.0898438
0.0895996
0.0895996
0.0895996
0.0893555
0.0888672
0.0893555
0.0883789
0.0898438
0.0878906
0.0898438
0.09375
0.0859375
0.0878906
0.0898438
0.0878906
0.0883789
0.0883789
0.0878906
0.0878906
0.0878906
0.0878906
0.0878906
0.0876465
0.0876465
0.0874023
0.0874023
0.0876465
0.0874023
0.0871582
0.0872803
0.0872803
0.0869141
0.0870361
0.0870361
0.0869141
0.086792
0.0869141
0.086792
0.0865479
0.0865479
0.0865479
0.0863037
0.0864258
0.0861816
0.0861816
0.0861816
0.0860596
0.0859375
0.0858154
0.0858154
0.0856934
0.0856323
0.0855103
0.0855103
0.0854492
0.0853271
0.0852051
0.085083
0.085022
0.0847168
0.0846558
0.0848389
0.0847778
0.0847168
0.0845337
0.0845337
0.0845337
0.0844116
0.0842896
0.0842896
0.0842285
0.0841064
0.0840454
0.0838623
0.0839233
0.0838013
0.0837402
0.0836792
0.0836182
0.0834351
0.0834351
0.083313
0.0830078
0.0831299
0.0828247
0.0830078
0.0828857
0.0829468
0.0828552
0.0827637
0.0826111
0.0825195
0.082489
0.082428
0.0822754
0.0822754
0.0822449
0.0821533
0.0821228
0.0820312
0.0819397
0.0817871
0.0817261
0.081665
0.0816345
0.081543
0.0814514
0.0813904
0.0813293
0.0812683
0.0811462
0.0811157
0.0810547
0.0808716
0.0807495
0.080719
0.0805969
0.0805969
0.0804749
0.0805054
0.0803833
0.0803223
0.0801697
0.0801086
0.0799561
0.0798645
0.079834
0.0797729
0.0797119
0.0796814
0.0795898
0.0795593
0.0794067
0.0792847
0.0792236
0.079071
0.0790405
0.0790405
0.0789185
0.0789185
0.0788269
0.0787048
0.0787048
0.0786438
0.0784912
0.0784607
0.0783386
0.0782776
0.078186
0.078064
0.078064
0.078064
0.0778809
0.0779419
0.0777588
0.0776672
0.0775146
0.0775757
0.0774536
0.077301
0.0773315
0.0772095
0.07724
0.07724
0.0770874
0.0769348
0.0769043
0.0768738
0.0767517
0.0766296
0.0765991
0.0765686
0.0765076
0.076416
0.0761414
0.0753937
0.0754852
0.0755615
0.0754089
0.0754242
0.0753326
0.0753326
0.0751648
0.0752411
0.0751495
0.0751495
0.0750885
0.0751343
0.0750275
0.0749969
0.0748596
0.0747681
0.0747375
0.0747528
0.074646
0.0745544
0.074585
0.0746155
0.0744629
0.0744324
0.0743103
0.0742035
0.074173
0.0740051
0.0740662
0.0738983
0.0740051
0.073761
0.0734253
0.0735931
0.0736389
0.0732422
0.0733337
0.0733795
0.0733185
0.0726776
0.0727997
0.072998
0.0730438
0.0729065
0.0728607
0.0729065
0.0718842
0.0720673
0.0719604
0.0721588
0.0720673
0.0720825
0.0718079
0.0719604
0.0719757
0.0718384
0.0718231
0.0718842
0.0717621
0.0711517
0.071167
0.0711365
0.0710449
0.0706177
0.0707245
0.0704956
0.0702057
0.0701752
0.0703735
0.0703735
0.0700226
0.0701447
0.0693665
0.0694885
0.069519
0.0697174
0.0697479
0.0699615
0.0698242
0.0698547
0.0697937
0.069397
0.0695038
0.0696869
0.0697021
0.0698853
0.0697632
0.0696411
0.0698395
0.0697937
0.0697327
0.0697632
0.0696259
0.0697327
0.0697479
0.0695953
0.0695953
0.0694275
0.0695038
0.0693207
0.069397
0.0692291
0.0692291
0.0692139
0.0691833
0.0691376
0.0689697
0.0688782
0.0687103
0.0686646
0.0684967
0.0682526
0.0682831
0.0682831
0.0681152
0.0681
0.0679016
0.0677032
0.0678864
0.0677032
0.0676422
0.0677338
0.0675964
0.0674438
0.0674438
0.0674744
0.0674744
0.067337
0.0672607
0.0671844
0.0671539
0.0671692
0.0670319
0.0669556
0.0668945
0.0668793
0.0667725
0.0664215
0.0666046
0.0665741
0.0664978
0.066391
0.0663452
0.0662689
0.0662384
0.0661163
0.0655823
0.0657654
0.0655365
0.0636139
0.0636902
0.0627289
0.0629272
0.0631256
0.0633392
0.0634613
0.0636444
0.0628967
0.0630493
0.0620728
0.0623169
0.0541763
0.0531464
0.0412598
0.0415649
0.0418701
0.026001
0.0263977
0.021637
0.0220184
0.0197754
0.0201416
0.0206604
0.0210876
0.0214844
0.0221405
0.0227966
0.0251923
0.0257874
0.0287781
0.0291443
0.0301056
0.0310822
0.0318604
0.0326385
0.0331726
0.0335693
0.0338593
0.0339966
0.0341644
0.0340576
0.0343323
0.0343628
0.0345612
0.0347977
0.0350876
0.0354538
0.0359726
0.0365143
0.0372314
0.0379715
0.0388641
0.0401764
0.0407486
0.0416946
0.0427933
0.0439682
0.0448532
0.0465546
0.0468216
0.0478668
0.0485992
0.0493011
0.0501251
0.0510559
0.051384
0.0519562
0.0524445
0.052742
0.053093
0.0533676
0.0535736
0.0537338
0.0538864
0.053978
0.053978
0.0539322
0.0540695
0.0540161
0.0540543
0.053978
0.0539627
0.0538635
0.0538635
0.0537567
0.0537491
0.0535965
0.0535202
0.0535202
0.0535126
0.0533981
0.053154
0.0531693
0.0532837
0.0529785
0.0529251
0.052887
0.0528336
0.0526505
0.0526123
0.0521393
0.0523605
0.0521317
0.0520477
0.051239
0.05056
0.0497589
0.0491028
0.0482559
0.0475693
0.0467224
0.0458908
0.0450134
0.0432968
0.0429459
0.0423279
0.0408936
0.0404282
0.039711
0.0391846
0.0386658
0.0380173
0.0374222
0.0368729
0.0363922
0.0359344
0.0354156
0.0349808
0.0344849
0.0340805
0.0336304
0.0332489
0.0327911
0.0323563
0.0319138
0.0315475
0.0311279
0.0307388
0.0302277
0.0299072
0.0295563
0.0291214
0.0287552
0.0283585
0.0280304
0.0276642
0.0273209
0.0269623
0.0266342
0.0262909
0.0258484
0.0255737
0.0252533
0.0249329
0.0246353
0.0242996
0.0240173
0.0236893
0.0233765
0.0230865
0.0227051
0.0223999
0.0220642
0.0217514
0.0214462
0.02108
0.020813
0.0204468
0.0201569
0.0198822
0.0196075
0.0193329
0.0190277
0.0187378
0.0185089
0.0182343
0.0179596
0.0176849
0.0174103
0.0170746
0.0168915
0.0165863
0.0163422
0.0160675
0.0158081
0.0155334
0.015274
0.0149994
0.0147095
0.0144806
0.0142059
0.0139771
0.0137024
0.013382
0.0131226
0.0128021
0.0124664
0.0122528
0.0119629
0.011673
0.0113831
0.0111542
0.0108337
0.0106049
0.0103302
0.0101166
0.00984192
0.0096283
0.0093689
0.00917053
0.00891113
0.00869751
0.00843811
0.00822449
0.00794983
0.00776672
0.00750732
0.00730896
0.00708008
0.00683594
0.00660706
0.00639343
0.00614929
0.00593567
0.00570679
0.00549316
0.00524902
0.00505066
0.00482178
0.00460815
0.00434875
0.00416565
0.00393677
0.00369263
0.00349426
0.00326538
0.00302124
0.00286865
0.00260925
0.00234985
0.00213623
0.00189209
0.00163269
0.001297
0.00109863
0.000854492
0.000549316
0.000259399
-6.10352e-05
-0.000305176
-0.000549316
-0.000808716
-0.0010376
-0.00123596
-0.00149536
-0.00178528
-0.00195312
-0.00219727
-0.00242615
-0.00268555
-0.00292969
-0.00315857
-0.00334167
-0.00358582
-0.0038147
-0.00395203
-0.00413513
-0.00437927
-0.00460815
-0.00486755
-0.0050354
-0.00523376
-0.00544739
-0.00561523
-0.00584412
-0.00601196
-0.0062561
-0.00642395
-0.00665283
-0.00682068
-0.00704956
-0.00727844
-0.00747681
-0.00769043
-0.00785828
-0.00802612
-0.00820923
-0.00848389
-0.00875854
-0.00892639
-0.00921631
-0.00939941
-0.00967407
-0.00987244
-0.0101318
-0.0103149
-0.0105743
-0.0107727
-0.0110474
-0.0112152
-0.0114899
-0.0116577
-0.0119324
-0.0121002
-0.0123596
-0.0126343
-0.0128174
-0.0130615
-0.0132599
-0.0134277
-0.0137024
-0.013916
-0.0141144
-0.014389
-0.0148468
-0.0148926
-0.0150452
-0.0153046
-0.0155334
-0.0157928
-0.016037
-0.0162659
-0.0164795
-0.0167389
-0.0169525
-0.0172119
-0.0173645
-0.0175781
-0.0177612
-0.0180054
-0.018158
-0.0183716
-0.0185394
-0.0187683
-0.0189209
-0.0191193
-0.0193176
-0.0195465
-0.0197449
-0.0200348
-0.0201263
-0.0203094
-0.0205078
-0.0207214
-0.0209045
-0.0211792
-0.0214081
-0.0216064
-0.0217896
-0.0220642
-0.0222931
-0.0224762
-0.0227356
-0.0229034
-0.0231628
-0.0233459
-0.0236053
-0.023819
-0.0240173
-0.0242615
-0.0244446
-0.0246429
-0.0250397
-0.025116
-0.0254517
-0.0255585
-0.0258789
-0.0259705
-0.0262299
-0.0263367
-0.0266571
-0.0266724
-0.0270386
-0.0270538
-0.0276184
-0.0276337
-0.0283508
-0.0284119
-0.0289154
-0.0289612
-0.0295258
-0.0295868
-0.0296783
-0.030365
-0.0303497
-0.0316925
-0.031723
-0.0371552
-0.0379181
-0.0475464
-0.0475159
-0.0565186
-0.0570374
-0.0615387
-0.0614319
-0.0613174
-0.0611115
-0.0585327
-0.0581207
-0.0551758
-0.05513
-0.0545197
-0.0544586
-0.0577087
-0.058609
-0.062912
-0.0632782
-0.0660248
-0.0659332
-0.0651855
-0.065094
-0.060791
-0.0607147
-0.0606537
-0.054306
-0.0537415
-0.050415
-0.0498657
-0.0498047
-0.0497742
-0.0463867
-0.0444641
-0.0407257
-0.0386963
-0.0361481
-0.0342255
-0.0345917
-0.0326385
-0.0306778
-0.0287552
-0.0268707
-0.0249481
-0.0230865
-0.0218048
-0.0202637
-0.0178757
-0.0164719
-0.0155334
-0.0166397
-0.0180206
-0.0212173
-0.0236435
-0.0264435
-0.0320663
-0.0353546
-0.0412369
-0.0443878
-0.0497055
-0.0544052
-0.0564041
-0.0580139
-0.0620651
-0.0622635
-0.0629883
-0.061142
-0.0602531
-0.0584564
-0.0562515
-0.0537453
-0.0504074
-0.0458794
-0.0433426
-0.0400162
-0.0357971
-0.0300446
-0.0283012
-0.0214462
-0.0197067
-0.0156784
-0.013958
-0.0121765
-0.0104523
-0.0087738
-0.00906372
-0.00737
-0.00605774
-0.00532913
-0.00533295
-0.00512695
-0.00393677
-0.00382233
-0.00319672
-0.00312805
-0.00267029
-0.00243378
-0.00183868
-0.00137329
-0.0011673
-0.00107574
-0.000541687
-0.000305176
0.000202179
0.000305176
0.000911713
0.00113297
0.00160217
0.00178909
0.00184631
0.00237274
0.00239563
0.00290298
0.00343323
0.00323486
0.0037117
0.00376129
0.00362778
0.0040741
0.00434875
0.00431824
0.00294495
0.00450516
0.00424957
0.00458527
0.00430298
0.00465012
0.00434875
0.00403976
0.00497055
0.0046463
0.00435638
0.00465393
0.00429153
0.00455856
0.00423813
0.00387573
0.00415802
0.00445175
0.00325012
0.00367737
0.00395203
0.00421524
0.00380707
0.0033493
0.00357819
0.00379944
0.0031662
0.00291824
0.00294113
0.00331879
0.00281906
0.00234604
0.00170517
0.00206375
0.0014267
0.00112152
0.00115204
0.00151825
0.000888824
0.00125122
0.00062561
0.000171661
0.00116348
0.000717163
6.86646e-05
0.001091
-0.00019455
-0.000640869
-0.00222778
-0.000705719
-0.000671387
-0.000328064
-0.000923157
-0.00123215
-0.00119781
-0.00149918
-0.00149918
-0.00115967
-0.00180054
-0.00149536
-0.00221634
-0.00192261
-0.00262451
-0.00235367
-0.00286865
-0.00275421
-0.00346375
-0.0031662
-0.00387573
-0.0042572
-0.00428391
-0.00463104
-0.00452423
-0.00505066
-0.00508118
-0.00544739
-0.0052948
-0.00600815
-0.00569916
-0.0062294
-0.00627899
-0.00675964
-0.00714493
-0.00714111
-0.00749207
-0.00730133
-0.00783539
-0.0076828
-0.0082016
-0.00819778
-0.00806808
-0.00839615
-0.00904465
-0.00891113
-0.0098877
-0.00907135
-0.00958633
-0.00943375
-0.00993729
-0.00994492
-0.0102654
-0.0107994
-0.0106277
-0.0111046
-0.0109444
-0.0109634
-0.0112686
-0.0111465
-0.0116158
-0.0120926
-0.0119553
-0.0117989
-0.0123444
-0.0121918
-0.0127449
-0.0126457
-0.0131454
-0.0137024
-0.013588
-0.0141373
-0.014019
-0.0145531
-0.0144272
-0.0144806
-0.0148659
-0.0149002
-0.0152435
-0.0157661
-0.0156403
-0.016346
-0.0160408
-0.0165901
-0.016468
-0.0171509
-0.0174942
-0.0173721
-0.0172501
-0.0185585
-0.0176125
-0.0181198
-0.0180054
-0.0186806
-0.0184059
-0.018898
-0.0187492
-0.0199089
-0.019783
-0.0196228
-0.0194893
-0.0199966
-0.0204926
-0.0211525
-0.0216064
-0.0207024
-0.0213509
-0.0210915
-0.0209274
-0.0214233
-0.0219116
-0.0217781
-0.0223007
-0.0222969
-0.0226212
-0.0231285
-0.0223541
-0.0229721
-0.0232964
-0.0237579
-0.0230255
-0.0234871
-0.0259361
-0.024559
-0.0250854
-0.0247498
-0.0246201
-0.0252533
-0.0250816
-0.0255089
-0.025219
-0.0257149
-0.0256042
-0.0261917
-0.0259018
-0.026577
-0.0262222
-0.0268822
-0.0265541
-0.0271301
-0.0276604
-0.0275536
-0.027813
-0.0277748
-0.028141
-0.0280952
-0.0284576
-0.0282898
-0.0289078
-0.0287743
-0.0284805
-0.0290909
-0.029583
-0.0293961
-0.0298615
-0.0295944
-0.0302162
-0.030014
-0.0303688
-0.0303497
-0.0308266
-0.0311966
-0.0311012
-0.0311508
-0.0315437
-0.0315514
-0.0318565
-0.0317841
-0.0322762
-0.0323448
-0.0327225
-0.0327492
-0.0332222
-0.0337372
-0.0336456
-0.0340004
-0.03405
-0.0345078
-0.0342484
-0.0347404
-0.0352669
-0.0351448
-0.0349922
-0.035511
-0.0360222
-0.0358582
-0.0357742
-0.0362358
-0.0367393
-0.0365753
-0.0364304
-0.0369644
-0.0375595
-0.0373344
-0.0373497
-0.0376587
-0.0377312
-0.0380058
-0.0378838
-0.0383568
-0.0388527
-0.0386734
-0.0392036
-0.0390396
-0.0395622
-0.0400352
-0.0398827
-0.0397606
-0.0402679
-0.0407295
-0.0405693
-0.0404816
-0.0445747
-0.0432358
-0.0430412
-0.0435677
-0.0440636
-0.0439034
-0.043602
-0.044136
-0.0438461
-0.0443649
-0.0458145
-0.0449715
-0.0441971
-0.0451355
-0.0443687
-0.0449448
-0.0450974
-0.0448532
-0.0447006
-0.0451736
-0.0448418
-0.0453606
-0.046936
-0.048214
-0.0498581
-0.051178
-0.0529518
-0.0545044
-0.0557327
-0.0569649
-0.058548
-0.0596657
-0.0613403
-0.0625687
-0.0635376
-0.0652008
-0.0664711
-0.0674934
-0.0710144
-0.0709801
-0.0710373
-0.0718689
-0.0732956
-0.0741081
-0.0747032
-0.0756798
-0.0764313
-0.0772705
-0.0794067
-0.0793877
-0.0794563
-0.0799789
-0.0805092
-0.0809631
-0.0816574
-0.0823326
-0.0827789
-0.0832672
-0.0840187
-0.0843849
-0.084938
-0.085289
-0.0856781
-0.0862007
-0.08675
-0.0870781
-0.0874825
-0.0879173
-0.0881729
-0.0886803
-0.0890579
-0.0899239
-0.0900307
-0.0901146
-0.0903816
-0.0907898
-0.0910416
-0.0914383
-0.0917358
-0.0920753
-0.092495
-0.0927162
-0.0929794
-0.0933037
-0.0935936
-0.093811
-0.0941772
-0.0943604
-0.0945549
-0.0948563
-0.0951424
-0.0952988
-0.0954857
-0.0959702
-0.0960236
-0.0963211
-0.096508
-0.0966949
-0.09692
-0.0970459
-0.0973206
-0.0975418
-0.0977402
-0.0979652
-0.0981789
-0.0983696
-0.0985527
-0.0987511
-0.0989189
-0.0990791
-0.0993385
-0.0995407
-0.0997467
-0.099823
-0.100067
-0.1003
-0.100491
-0.100506
-0.100685
-0.100929
-0.101074
-0.101181
-0.10141
-0.101631
-0.1017
-0.101807
-0.102039
-0.102177
-0.102428
-0.102707
-0.10273
-0.102928
-0.103096
-0.103111
-0.103245
-0.103405
-0.103573
-0.103882
-0.103867
-0.104012
-0.104153
-0.104271
-0.104435
-0.10453
-0.104759
-0.104828
-0.105061
-0.105129
-0.10532
-0.105434
-0.105602
-0.105789
-0.105877
-0.106041
-0.106186
-0.106327
-0.106438
-0.106606
-0.106796
-0.106968
-0.106995
-0.10717
-0.107361
-0.107399
-0.107552
-0.107643
-0.107819
-0.107849
-0.10804
-0.108181
-0.108212
-0.108356
-0.108578
-0.108574
-0.108749
-0.108826
-0.108917
-0.109112
-0.109135
-0.109329
-0.109455
-0.109402
-0.109421
-0.109554
-0.109516
-0.109577
-0.109547
-0.109684
-0.109692
-0.109703
-0.109734
-0.109787
-0.109837
-0.10994
-0.110039
-0.110016
-0.109989
-0.110092
-0.110107
-0.110046
-0.110172
-0.11021
-0.11031
-0.110432
-0.110413
-0.110653
-0.110584
-0.110657
-0.110733
-0.110821
-0.11087
-0.111004
-0.111046
-0.111256
-0.111229
-0.111362
-0.111332
-0.111446
-0.111458
-0.111515
-0.111538
-0.111614
-0.111706
-0.111675
-0.111763
-0.111832
-0.111965
-0.111889
-0.111969
-0.112095
-0.112118
-0.112198
-0.112247
-0.112358
-0.113438
-0.114697
-0.115696
-0.11694
-0.11805
-0.119194
-0.120426
-0.121487
-0.122692
-0.123711
-0.124699
-0.12587
-0.126884
-0.127941
-0.128811
-0.129715
-0.130638
-0.131416
-0.132236
-0.133038
-0.133713
-0.134411
-0.135117
-0.135807
-0.136303
-0.136814
-0.137596
-0.138023
-0.138451
-0.139065
-0.139622
-0.1399
-0.140415
-0.140755
-0.141273
-0.14159
-0.141968
-0.142372
-0.14291
-0.143227
-0.143539
-0.143967
-0.144337
-0.144814
-0.14505
-0.145283
-0.145737
-0.145901
-0.146339
-0.146492
-0.146976
-0.147064
-0.147549
-0.147503
-0.147823
-0.147762
-0.14856
-0.147846
-0.148647
-0.14917
-0.149094
-0.149624
-0.14925
-0.149933
-0.150181
-0.150482
-0.15062
-0.150471
-0.15099
-0.151234
-0.151413
-0.151711
-0.152119
-0.152058
-0.152111
-0.152405
-0.152454
-0.152729
-0.153076
-0.153053
-0.1534
-0.153378
-0.15366
-0.153629
-0.153553
-0.153706
-0.153866
-0.15414
-0.154129
-0.154163
-0.154381
-0.154366
-0.154533
-0.154625
-0.153893
-0.154331
-0.154827
-0.155121
-0.1553
-0.15535
-0.155602
-0.154781
-0.155582
-0.155834
-0.155972
-0.154243
-0.155006
-0.154949
-0.1548
-0.155258
-0.155266
-0.155479
-0.154739
-0.155502
-0.155968
-0.156189
-0.156235
-0.156406
-0.156513
-0.156563
-0.156769
-0.156834
-0.157017
-0.157131
-0.157375
-0.15744
-0.157635
-0.156826
-0.157608
-0.158092
-0.1581
-0.158333
-0.157597
-0.158325
-0.158508
-0.158684
-0.158783
-0.158772
-0.159004
-0.159134
-0.15913
-0.158924
-0.158871
-0.159557
-0.1595
-0.159557
-0.159756
-0.159737
-0.159809
-0.159859
-0.160049
-0.160038
-0.160278
-0.160172
-0.160416
-0.160358
-0.160271
-0.160519
-0.160774
-0.160912
-0.160912
-0.16087
-0.160858
-0.16106
-0.161259
-0.161243
-0.161461
-0.161449
-0.161297
-0.161572
-0.161488
-0.160694
-0.159515
-0.158764
-0.157513
-0.156681
-0.154015
-0.153458
-0.152866
-0.150497
-0.150116
-0.147179
-0.14666
-0.145237
-0.144775
-0.143764
-0.143421
-0.143436
-0.143112
-0.142723
-0.142384
-0.141991
-0.141655
-0.142605
-0.142155
-0.143604
-0.143265
-0.144085
-0.147579
-0.147861
-0.148846
-0.15073
-0.152847
-0.153946
-0.15591
-0.156773
-0.158867
-0.159603
-0.160084
-0.160198
-0.160557
-0.160385
-0.160046
-0.159466
-0.158646
-0.157768
-0.156384
-0.155476
-0.15379
-0.152229
-0.150993
-0.149887
-0.147938
-0.146698
-0.145638
-0.144684
-0.143497
-0.142326
-0.141552
-0.140884
-0.14016
-0.13958
-0.139027
-0.138611
-0.13826
-0.138023
-0.137859
-0.137638
-0.137531
-0.137428
-0.137253
-0.137054
-0.137028
-0.136917
-0.136986
-0.136784
-0.136665
-0.136711
-0.136539
-0.13644
-0.13636
-0.136265
-0.136105
-0.135975
-0.135902
-0.135834
-0.135735
-0.135559
-0.135548
-0.135612
-0.135357
-0.135174
-0.135105
-0.135078
-0.134995
-0.134911
-0.134995
-0.134899
-0.134781
-0.134716
-0.13467
-0.134659
-0.134743
-0.134697
-0.134567
-0.134613
-0.134678
-0.134617
-0.134747
-1.51764
-1.51904
-1.5202
-1.5231
-1.52289
-1.52032
-1.51492
-1.50314
-1.48987
-1.46817
-1.44873
-1.4133
-1.38234
-1.34012
-1.3028
-1.25425
-1.21763
-1.16165
-1.12424
-1.06898
