0
0
0
0
0
0
0
0
0
0
0
0
0
0
0
0
0
0
0
0
0
0
0
0
0
0
0
0
0
0
0
0
0
0
0
0
0
0
0
0
0
0
0
0
0
0
0
0
0
0
0
0
0
0
0
0
0
0
0
0
0
0
0
0
0
0
0
0
0
0
0
0
0
0
0
0
0
0
0
0
0
0
0
0
0
0
0
0
0
0
0
0
0
0
0
0
0
0
0
0
0
0
0
0
0
0
0
0
0
0
0
0
0
0
0
0
0
0
0
0
0
0
0
0
0
0
0
0
0
0
0
0
0
0
0
0
0
0
0
0
0
0
0
0
0
0
0
0
0
0
0
0
0
0
0
0
0
0
0
0
0
0
0
0
0
0
0
0
0
0
0
0
0
0
0
0
0
0
0
0
0
0
0
0
0
0
0
0
0
0
0
0
0
0
0
0
0
0
0
0
0
0
0
0
0
0
0
0
0
0
0
0
0
0
0
0
0
0
0
0
0
0
0
0
0
0
0
0
0
0
0
0
0
0
0
0
0
0
0
0
0
0
0
0
0
0
0
0
0
0
0
0
0
0
0
0
0
0
0
0
0
0
0
0
0
0
0
0
0
0
0
0
0
0
0
0
0
0
0
0
0
0
0
0
0
0
0
0
0
0
0
0
0
0
0
0
0
0
0
0
0
0
0
0
0
0
0
0
0
0
0
0
0
0
0
0
0
0
0
0
0
0
0
0
0
0
0
0
0
0
0
0
0
0
0
0
0
0
0
0
0
0
0
0
0
0
0
0
0
0
0
0
0
0
0
0
0
0
0
0
0
0
0
0
0
0
0
0
0
0
0
0
0
0
0
0
0
0
0
0
0
0
0
0
0
0
0
0
0
0
0
0
0
0
0
0
0
0
0
0
0
0
0
0
0
0
0
0
0
0
0
0
0
0
0
0
0
0
0
0
0
0
0
0
0
0
0
0
0
0
0
0
0
0
0
0
0
0
0
0
0
0
0
0.570504
0.586806
0.591625
0.594006
0.595081
0.595675
0.596464
0.596678
0.596899
0.597085
0.597211
0.59732
0.597393
0.597454
0.5975
0.597537
0.597609
0.597658
0.597727
0.597797
0.597879
0.597953
0.598036
0.598106
0.598182
0.598243
0.598307
0.598357
0.598409
0.59845
0.598492
0.59853
0.598561
0.59859
0.598618
0.598645
0.598668
0.598691
0.598713
0.598732
0.598752
0.59877
0.598787
0.598804
0.59882
0.598836
0.598852
0.598868
0.598883
0.598898
0.598914
0.59893
0.598947
0.59896
0.598976
0.598992
0.599007
0.599021
0.599037
0.599052
0.599066
0.599079
0.599096
0.599108
0.599123
0.599133
0.599147
0.599159
0.599172
0.599182
0.599193
0.599205
0.599216
0.599226
0.599236
0.599245
0.599256
0.599265
0.599275
0.599284
0.599294
0.599303
0.599313
0.599321
0.59933
0.599338
0.599347
0.599355
0.599364
0.599372
0.599381
0.59939
0.599397
0.599404
0.59942
0.599425
0.599429
0.599437
0.599444
0.59945
0.599458
0.599471
0.599475
0.599487
0.599492
0.599496
0.599506
0.599509
0.59952
0.599524
0.599527
0.599537
0.59954
0.599549
0.599552
0.59956
0.599563
0.599568
0.599573
0.599578
0.599583
0.599589
0.599593
0.5996
0.599604
0.599608
0.599613
0.599619
0.599624
0.599628
0.599633
0.599638
0.599642
0.599647
0.599651
0.599656
0.59966
0.599665
0.599668
0.599673
0.599677
0.599681
0.599684
0.599688
0.599692
0.599696
0.5997
0.599704
0.599708
0.599711
0.599715
0.599719
0.599723
0.599727
0.59973
0.599733
0.599737
0.59974
0.599743
0.599747
0.59975
0.599753
0.599756
0.59976
0.599763
0.599766
0.59977
0.599773
0.599776
0.599779
0.599782
0.599786
0.599789
0.599791
0.599795
0.599798
0.599801
0.599804
0.599807
0.599809
0.599812
0.599815
0.599818
0.59982
0.599823
0.599826
0.599829
0.599831
0.599834
0.599837
0.599839
0.599842
0.599844
0.599847
0.599849
0.599852
0.599854
0.599856
0.599859
0.599861
0.599864
0.599866
0.599869
0.599871
0.599873
0.599876
0.599878
0.599881
0.599883
0.599885
0.599887
0.59989
0.599891
0.599894
0.599896
0.599898
0.5999
0.599903
0.599904
0.599906
0.599908
0.59991
0.599912
0.599914
0.599916
0.599918
0.599921
0.599922
0.599924
0.599926
0.599928
0.599931
0.599932
0.599934
0.599936
0.599938
0.599941
0.599942
0.599944
0.599946
0.599948
0.59995
0.599952
0.599954
0.599955
0.599957
0.599959
0.599961
0.599963
0.599965
0.599967
0.599968
0.59997
0.599972
0.599973
0.599975
0.599977
0.599979
0.59998
0.599982
0.599983
0.599985
0.599987
0.599989
0.59999
0.599992
0.599993
0.599995
0.599997
0.599998
0.6
0.600001
0.600003
0.600004
0.600006
0.600007
0.600008
0.60001
0.600011
0.600012
0.600014
0.600015
0.600017
0.600018
0.600019
0.600021
0.600022
0.600023
0.600025
0.600026
0.600027
0.600029
0.60003
0.600031
0.600033
0.600034
0.600036
0.600037
0.600038
0.60004
0.600041
0.600042
0.600043
0.600045
0.600046
0.600047
0.600048
0.60005
0.600051
0.600052
0.600053
0.600055
0.600056
0.600057
0.600059
0.60006
0.600061
0.600062
0.600064
0.600065
0.600066
0.600067
0.600069
0.60007
0.600071
0.600072
0.600073
0.600074
0.600075
0.600077
0.600078
0.600079
0.60008
0.600081
0.600082
0.600084
0.600085
0.600086
0.600087
0.600088
0.600089
0.60009
0.600091
0.600092
0.600093
0.600095
0.600096
0.600097
0.600098
0.600099
0.6001
0.600101
0.600102
0.600103
0.600104
0.600106
0.600107
0.600108
0.600109
0.60011
0.600111
0.600112
0.600113
0.600114
0.600115
0.600116
0.600117
0.600118
0.600118
0.600119
0.60012
0.600121
0.600122
0.600123
0.600124
0.600125
0.600126
0.600127
0.600128
0.600129
0.600129
0.60013
0.600131
0.600132
0.600133
0.600134
0.600135
0.600136
0.600136
0.600137
0.600138
0.600139
0.60014
0.600141
0.600142
0.600142
0.600143
0.600144
0.600145
0.600146
0.600147
0.600147
0.600148
0.600149
0.60015
0.600151
0.600152
0.600152
0.600153
0.600154
0.600155
0.600156
0.600156
0.600157
0.600158
0.600159
0.600159
0.60016
0.600161
0.600162
0.600163
0.600163
0.600164
0.600165
0.600166
0.600166
0.600167
0.600168
0.600169
0.600169
0.60017
0.600171
0.600172
0.600173
0.600173
0.600172
0.600173
0.600175
0.600175
0.600176
0.600177
0.600178
0.600178
0.600179
0.60018
0.600181
0.600182
0.600183
0.600183
0.600184
0.600184
0.600185
0.600186
0.600187
0.600187
0.600188
0.600189
0.60019
0.60019
0.600191
0.600191
0.600192
0.600193
0.600193
0.600194
0.600194
0.600196
0.600196
0.600196
0.600197
0.600198
0.600197
0.600199
0.600199
0.6002
0.600199
0.6002
0.600202
0.600203
0.600203
0.600204
0.600204
0.600202
0.600204
0.600204
0.600205
0.600206
0.600207
0.600207
0.600208
0.600209
0.600209
0.60021
0.600211
0.600211
0.60021
0.600211
0.600212
0.600212
0.600211
0.600213
0.600213
0.600212
0.600213
0.600214
0.600215
0.600215
0.600216
0.600214
0.600215
0.600216
0.600218
0.600218
0.60022
0.600219
0.600219
0.60022
0.60022
0.600222
0.600223
0.600224
0.600225
0.600226
0.600226
0.600228
0.600228
0.600229
0.60023
0.60023
0.600231
0.600232
0.600232
0.600233
0.600233
0.600234
0.600234
0.600235
0.600235
0.600236
0.600236
0.600237
0.600237
0.600237
0.600238
0.600238
0.600238
0.600238
0.600238
0.600239
0.600239
0.600239
0.60024
0.60024
0.60024
0.600241
0.600241
0.600241
0.600242
0.600242
0.600242
0.600243
0.600244
0.600244
0.600244
0.600245
0.600245
0.600246
0.600246
0.600246
0.600247
0.600247
0.600248
0.600248
0.600247
0.600248
0.600249
0.600249
0.600249
0.600249
0.60025
0.60025
0.60025
0.600249
0.60025
0.60025
0.600242
0.600243
0.600241
0.600243
0.600244
0.600246
0.600247
0.600249
0.600249
0.600251
0.600263
0.600268
0.600235
0.600228
0.600155
0.600157
0.600159
0.600084
0.600086
0.600065
0.600066
0.600059
0.600061
0.60007
0.600072
0.600074
0.600077
0.60008
0.600091
0.600094
0.600109
0.600111
0.600116
0.600122
0.600126
0.60013
0.600133
0.600134
0.600136
0.600137
0.600138
0.600138
0.60014
0.600141
0.600142
0.600144
0.600146
0.600149
0.600152
0.600155
0.600159
0.600163
0.600168
0.600175
0.600179
0.600184
0.60019
0.600196
0.600201
0.60021
0.600212
0.600217
0.600221
0.600226
0.60023
0.600235
0.600237
0.600241
0.600244
0.600246
0.600248
0.60025
0.600251
0.600253
0.600254
0.600255
0.600255
0.600255
0.600257
0.600257
0.600257
0.600258
0.600258
0.600258
0.600258
0.600258
0.600259
0.600258
0.600258
0.600259
0.600259
0.600259
0.600258
0.600258
0.600259
0.600258
0.600258
0.600259
0.600259
0.600258
0.600258
0.600256
0.600258
0.600257
0.600257
0.600252
0.600248
0.600243
0.600238
0.600233
0.600229
0.600224
0.600219
0.600214
0.600204
0.600202
0.600198
0.60019
0.600187
0.600183
0.60018
0.600177
0.600173
0.600169
0.600166
0.600163
0.600161
0.600158
0.600155
0.600152
0.60015
0.600147
0.600145
0.600143
0.60014
0.600138
0.600136
0.600133
0.600131
0.600128
0.600126
0.600124
0.600122
0.60012
0.600118
0.600116
0.600114
0.600112
0.60011
0.600108
0.600106
0.600104
0.600103
0.600101
0.600099
0.600098
0.600096
0.600094
0.600093
0.600091
0.600089
0.600088
0.600086
0.600084
0.600083
0.600081
0.600079
0.600078
0.600076
0.600075
0.600073
0.600072
0.60007
0.600069
0.600068
0.600066
0.600065
0.600064
0.600062
0.600061
0.600059
0.600058
0.600057
0.600056
0.600055
0.600053
0.600052
0.600051
0.600049
0.600048
0.600047
0.600046
0.600045
0.600043
0.600042
0.600041
0.600039
0.600038
0.600037
0.600035
0.600034
0.600033
0.600032
0.60003
0.600029
0.600028
0.600027
0.600026
0.600025
0.600024
0.600023
0.600022
0.600021
0.60002
0.600019
0.600018
0.600017
0.600016
0.600015
0.600014
0.600013
0.600012
0.600011
0.60001
0.600009
0.600008
0.600007
0.600006
0.600005
0.600004
0.600003
0.600002
0.600002
0.600001
0.599999
0.599999
0.599998
0.599997
0.599996
0.599995
0.599994
0.599993
0.599992
0.599991
0.59999
0.599989
0.599988
0.599987
0.599985
0.599984
0.599983
0.599982
0.599981
0.59998
0.59998
0.599979
0.599977
0.599977
0.599976
0.599975
0.599974
0.599973
0.599972
0.599971
0.59997
0.599969
0.599969
0.599968
0.599967
0.599966
0.599965
0.599965
0.599964
0.599963
0.599963
0.599962
0.599961
0.59996
0.599959
0.599959
0.599958
0.599957
0.599956
0.599955
0.599955
0.599954
0.599953
0.599953
0.599952
0.599951
0.59995
0.599949
0.599948
0.599947
0.599946
0.599945
0.599945
0.599944
0.599943
0.599942
0.599941
0.59994
0.59994
0.599939
0.599938
0.599937
0.599936
0.599935
0.599934
0.599934
0.599933
0.599932
0.599931
0.59993
0.599929
0.599928
0.599927
0.599927
0.599926
0.599925
0.599924
0.599923
0.599922
0.599922
0.599921
0.59992
0.599919
0.599918
0.599918
0.599917
0.599916
0.599915
0.599915
0.599914
0.599913
0.599913
0.599912
0.599911
0.59991
0.59991
0.599908
0.599908
0.599907
0.599907
0.599906
0.599905
0.599904
0.599903
0.599903
0.599902
0.599901
0.5999
0.599899
0.599899
0.599898
0.599897
0.599896
0.599895
0.599894
0.599894
0.599893
0.599892
0.599891
0.59989
0.59989
0.599888
0.599888
0.599887
0.599886
0.599886
0.599885
0.599884
0.599884
0.599883
0.599883
0.59988
0.59988
0.599878
0.599877
0.599875
0.599875
0.599871
0.599871
0.599871
0.599876
0.599875
0.599849
0.599849
0.599827
0.599824
0.599791
0.599791
0.599743
0.59974
0.599686
0.599684
0.599666
0.599668
0.599723
0.599725
0.599729
0.599729
0.599733
0.599733
0.599731
0.599728
0.599709
0.599707
0.599689
0.599689
0.599691
0.599691
0.599712
0.599712
0.599712
0.599743
0.599746
0.599762
0.599764
0.599764
0.599764
0.599781
0.599787
0.599802
0.599808
0.599819
0.599825
0.59982
0.599827
0.599834
0.599841
0.599848
0.599856
0.599863
0.599897
0.599915
0.599883
0.599857
0.59984
0.599824
0.599816
0.599804
0.599796
0.599786
0.599758
0.599738
0.599693
0.599661
0.599602
0.599542
0.599498
0.599462
0.599388
0.599371
0.599338
0.599349
0.599346
0.599357
0.599374
0.599397
0.599429
0.599475
0.599499
0.599531
0.599573
0.599631
0.599646
0.599715
0.599731
0.599771
0.599786
0.599809
0.599823
0.599838
0.599838
0.599853
0.599864
0.599871
0.599872
0.599874
0.599884
0.599886
0.599891
0.599892
0.599896
0.599898
0.599904
0.599908
0.59991
0.599911
0.599916
0.599918
0.599923
0.599923
0.599929
0.599931
0.599935
0.599937
0.599937
0.599942
0.599942
0.599947
0.599952
0.59995
0.599954
0.599954
0.599953
0.599957
0.599959
0.599959
0.599946
0.59996
0.599958
0.599961
0.599958
0.599961
0.599958
0.599955
0.599963
0.59996
0.599957
0.59996
0.599956
0.599958
0.599955
0.599951
0.599954
0.599956
0.599944
0.599948
0.59995
0.599953
0.599948
0.599944
0.599946
0.599947
0.599941
0.599938
0.599938
0.599941
0.599936
0.599931
0.599924
0.599927
0.59992
0.599917
0.599917
0.59992
0.599913
0.599916
0.599909
0.599904
0.599914
0.599909
0.599902
0.599912
0.599898
0.599893
0.599876
0.599891
0.599891
0.599894
0.599887
0.599883
0.599883
0.599879
0.599879
0.599882
0.599874
0.599877
0.599869
0.599871
0.599863
0.599865
0.599859
0.599859
0.599851
0.599854
0.599845
0.59984
0.599839
0.599835
0.599835
0.599829
0.599827
0.599823
0.599824
0.599815
0.599817
0.599811
0.599809
0.599803
0.599798
0.599797
0.599792
0.599793
0.599786
0.599787
0.59978
0.599779
0.59978
0.599775
0.599767
0.599767
0.599755
0.599764
0.599757
0.599758
0.599751
0.59975
0.599745
0.599738
0.599739
0.599732
0.599733
0.599731
0.599727
0.599727
0.59972
0.599713
0.599714
0.599715
0.599707
0.599708
0.5997
0.5997
0.599693
0.599685
0.599685
0.599677
0.599677
0.59967
0.59967
0.599668
0.599662
0.599661
0.599655
0.599647
0.599648
0.599637
0.59964
0.599632
0.599632
0.599622
0.599616
0.599617
0.599617
0.599599
0.59961
0.599602
0.599602
0.599592
0.599594
0.599587
0.599587
0.599571
0.599571
0.599572
0.599572
0.599564
0.599556
0.599546
0.599538
0.599549
0.599539
0.599541
0.599542
0.599534
0.599525
0.599526
0.599517
0.599516
0.59951
0.599501
0.59951
0.5995
0.599494
0.599486
0.599495
0.599487
0.599451
0.599469
0.59946
0.599463
0.599463
0.599453
0.599454
0.599446
0.599448
0.59944
0.59944
0.59943
0.599432
0.599421
0.599425
0.599413
0.599417
0.599406
0.599397
0.599397
0.599392
0.599391
0.599383
0.599382
0.599375
0.599376
0.599365
0.599366
0.599369
0.599358
0.599349
0.59935
0.599341
0.599344
0.599333
0.599334
0.599327
0.599326
0.599317
0.599309
0.599309
0.599307
0.599299
0.599297
0.59929
0.59929
0.59928
0.599278
0.59927
0.599268
0.599259
0.599249
0.599249
0.599241
0.599239
0.59923
0.599232
0.599222
0.599212
0.599212
0.599213
0.599203
0.599193
0.599194
0.599193
0.599184
0.599174
0.599175
0.599175
0.599165
0.599153
0.599155
0.599153
0.599146
0.599143
0.599137
0.599137
0.599127
0.599117
0.599118
0.599108
0.599109
0.599098
0.599088
0.599089
0.599089
0.599079
0.599069
0.59907
0.599069
0.598999
0.599019
0.599021
0.59901
0.598999
0.599
0.599003
0.598992
0.598995
0.598984
0.598958
0.59897
0.598981
0.598963
0.598975
0.598963
0.598958
0.59896
0.598961
0.598951
0.598954
0.598943
0.598916
0.598894
0.598866
0.598843
0.598813
0.598786
0.598765
0.598743
0.598716
0.598697
0.598668
0.598647
0.59863
0.598601
0.598579
0.598562
0.598501
0.598502
0.598501
0.598487
0.598462
0.598448
0.598438
0.598421
0.598408
0.598393
0.598356
0.598357
0.598356
0.598347
0.598338
0.59833
0.598318
0.598306
0.598298
0.59829
0.598277
0.59827
0.598261
0.598255
0.598248
0.598239
0.598229
0.598224
0.598217
0.598209
0.598204
0.598196
0.598189
0.598174
0.598172
0.598171
0.598166
0.598159
0.598154
0.598147
0.598142
0.598136
0.598129
0.598125
0.598121
0.598115
0.59811
0.598106
0.598099
0.598096
0.598093
0.598087
0.598082
0.59808
0.598076
0.598068
0.598067
0.598061
0.598058
0.598055
0.598051
0.598048
0.598044
0.59804
0.598036
0.598032
0.598028
0.598025
0.598022
0.598018
0.598015
0.598012
0.598008
0.598004
0.598
0.597999
0.597995
0.597991
0.597987
0.597987
0.597983
0.597979
0.597977
0.597975
0.59797
0.597966
0.597965
0.597963
0.597959
0.597956
0.597952
0.597947
0.597947
0.597943
0.59794
0.59794
0.597937
0.597934
0.597931
0.597926
0.597926
0.597923
0.597921
0.597918
0.597915
0.597914
0.59791
0.597908
0.597904
0.597903
0.597899
0.597897
0.597894
0.597891
0.597889
0.597886
0.597883
0.597881
0.597879
0.597876
0.597872
0.597869
0.597869
0.597865
0.597862
0.597861
0.597858
0.597857
0.597853
0.597853
0.597849
0.597847
0.597846
0.597843
0.597839
0.597839
0.597836
0.597835
0.597833
0.597829
0.597829
0.597825
0.597823
0.597823
0.597823
0.59782
0.59782
0.597819
0.597819
0.597816
0.597816
0.597815
0.597814
0.597813
0.597811
0.597809
0.597807
0.597807
0.597807
0.597805
0.597804
0.597805
0.597802
0.597801
0.597799
0.597796
0.597796
0.597792
0.597793
0.597791
0.597789
0.597787
0.597786
0.597783
0.597782
0.597778
0.597778
0.597775
0.597775
0.597773
0.597772
0.597771
0.59777
0.597768
0.597766
0.597766
0.597764
0.597762
0.597759
0.59776
0.597758
0.597755
0.597755
0.597753
0.597751
0.597749
0.597732
0.597712
0.597697
0.597678
0.597661
0.597643
0.597624
0.597608
0.597589
0.597574
0.597559
0.597541
0.597526
0.59751
0.597497
0.597484
0.59747
0.597459
0.597448
0.597436
0.597427
0.597417
0.597408
0.597398
0.597392
0.597386
0.597375
0.59737
0.597365
0.597357
0.59735
0.597348
0.597341
0.597338
0.597332
0.597329
0.597325
0.59732
0.597314
0.597311
0.597308
0.597303
0.597299
0.597294
0.597292
0.597291
0.597286
0.597285
0.59728
0.59728
0.597275
0.597275
0.59727
0.597273
0.59727
0.597274
0.597263
0.597277
0.597266
0.59726
0.597264
0.597257
0.597266
0.597257
0.597256
0.597253
0.597253
0.597258
0.597252
0.59725
0.59725
0.597247
0.597243
0.597246
0.597248
0.597246
0.597247
0.597245
0.597242
0.597245
0.597241
0.597244
0.597242
0.597245
0.597248
0.597248
0.597248
0.597246
0.597249
0.59725
0.597249
0.597252
0.597252
0.597253
0.597267
0.597262
0.597256
0.597254
0.597254
0.597255
0.597253
0.597269
0.597258
0.597257
0.597257
0.597287
0.597277
0.59728
0.597285
0.59728
0.597282
0.597281
0.597295
0.597286
0.59728
0.597279
0.597281
0.59728
0.597281
0.597283
0.597282
0.597283
0.597282
0.597283
0.597281
0.597283
0.597282
0.597297
0.597287
0.597281
0.597283
0.597282
0.597296
0.597287
0.597286
0.597286
0.597287
0.597289
0.597288
0.597288
0.59729
0.597296
0.597299
0.59729
0.597293
0.597295
0.597294
0.597296
0.597297
0.597299
0.597298
0.597301
0.597299
0.597303
0.597302
0.597305
0.597308
0.597307
0.597305
0.597305
0.597307
0.59731
0.597313
0.597312
0.597311
0.597313
0.597312
0.597315
0.597319
0.597317
0.597321
0.597332
0.597348
0.597359
0.597377
0.597389
0.597429
0.597436
0.597444
0.59748
0.597485
0.597529
0.597536
0.597568
0.597574
0.597586
0.597591
0.597579
0.597582
0.597587
0.597591
0.597596
0.597601
0.597616
0.597617
0.597556
0.597559
0.597542
0.597499
0.597495
0.597484
0.597457
0.597424
0.597403
0.597365
0.597343
0.597297
0.597277
0.597262
0.597251
0.597239
0.597236
0.597237
0.597243
0.597254
0.597267
0.597288
0.597302
0.597328
0.597353
0.597372
0.597389
0.59742
0.597439
0.597455
0.59747
0.597488
0.597506
0.597518
0.597528
0.597539
0.597548
0.597557
0.597563
0.597568
0.597572
0.597575
0.597578
0.597579
0.59758
0.597583
0.597585
0.597586
0.597587
0.597586
0.597589
0.59759
0.597589
0.597592
0.597593
0.597594
0.597595
0.597597
0.597599
0.5976
0.597601
0.597602
0.597604
0.597604
0.597603
0.597607
0.597609
0.59761
0.59761
0.597611
0.597612
0.597611
0.597612
0.597613
0.597614
0.597614
0.597614
0.597613
0.597613
0.597615
0.597614
0.597612
0.597613
0.597611
0.600956
0.600962
0.601391
0.605091
0.603466
0.60107
0.597463
0.596464
0.596863
0.59828
0.600378
0.603048
0.60471
0.606206
0.607323
0.607728
0.607658
0.607001
0.606389
0.605499
