0
0
0
0
0
0
0
0
0
0
0
0
0
0
0
0
0
0
0
0
0
0
0
0
-1.5
-1.5
-1.5
-1.5
-1.5
-1.5
-1.5
-1.5
-1.5
-1.5
-1.5
-1.5
-1.5
-1.5
-1.5
-1.5
-1.5
-1.5
-1.5
-1.5
-1.5
-1.5
-1.5
-1.5
-1.5
-1.5
-1.5
-1.5
-1.5
-1.5
-1.5
-1.5
-1.5
-1.5
-1.5
-1.5
-1.5
-1.5
-1.5
-1.5
-1.5
-1.5
-1.5
-1.5
-1.5
-1.5
-1.5
-1.5
-1.5
-1.5
-1.5
-1.5
-1.5
-1.5
-1.5
-1.5
-1.5
-1.5
-1.5
-1.5
-1.5
-1.5
-1.5
-1.5
-1.5
-1.5
-1.5
-1.5
-1.5
-1.5
-1.5
-1.5
-1.5
-1.5
-1.5
-1.5
-1.5
-1.5
-1.5
-1.5
-1.5
-1.5
-1.5
-1.5
-1.5
-1.5
-1.5
-1.5
-1.5
-1.5
-1.5
-1.5
-1.5
-1.5
-1.5
-1.5
-1.5
-1.5
-1.5
-1.5
-1.5
-1.5
-1.5
-1.5
-1.5
-1.5
-1.5
-1.5
-1.5
-1.5
-1.5
-1.5
-1.5
-1.5
-1.5
-1.5
-1.5
-1.5
-1.5
-1.5
-1.5
-1.4479
-1.41989
-1.33262
-1.24568
-1.18915
-1.10582
-1.05344
-0.978763
-0.902852
-0.868422
-0.804617
-0.777613
-0.746958
-0.719156
-0.68239
-0.645864
0
0
0
0
0
0
0
0
0
0
0
0
0
0
0
0
0
0
0
0
0
0
0
0
0
0
0
0
0
0
0
0
0
0
0
0
0
0
0
0
0
0
0
0
0
0
0
0
0
0
0
0
0
0
0
0
0
0
0
0
0
0
0
0
0
0
0
0
0
0
0
0
0
0
0
0
0
0
0
0
0
0
0
0
0
0
0
0
0
0
0
0
0
0
0
0
0
0
0
0
0
0
0
0
0
0
0
0
0
0
0
0
0
0
0
0
0
0
0
0
0
0
0
0
0
0
0
0
0
0
0
0
0
0
0
0
0
0
0
0
0
0
0
0
0
0
0
0
0
0
0
0
0
0
0
0
0
0
0
0
0
0
0
0
0
0
0
0
0
0
0
0
0
0
0
0
0
0
0
0
0
0
0
0
0
0
0
0
0
0
0
0
0
0
0
0
0
0
0
0
0
0
0
0
0
0
0
0
0
0
0
0
0
0
0
0
0
0
0
0
0
0
0
0
0
0
0
0
0
0
0
0
0
0
0
0
0
0
0
0
0
0
0
0
0
0
0
0
0
0
0
0
0
0
0
0
0
0
0
0
0
0
0
0
0
0
0
0
0
0
0
0
0
0
0
0
0
0
0
0
0
0
-1
-1
-1
-1
-1
-1
-1
-1
-1
-0.947797
-0.886041
-0.84768
-0.795281
-0.764991
-0.72737
-0.699545
-0.692863
-0.677938
-0.673123
-0.671825
-0.67673
-0.682815
-0.694481
-0.703632
-0.717981
-0.727761
-0.741596
-0.750237
-0.761497
-0.768018
-0.775802
-0.781478
-0.784188
-0.786099
-0.787307
-0.787077
-0.786434
-0.785432
-0.783254
-0.780763
-0.777274
-0.777692
-0.775411
-0.774212
-0.772606
-0.771928
-0.771101
-0.770734
-0.770879
-0.771197
-0.771721
-0.772516
-0.773525
-0.774188
-0.775337
-0.776522
-0.777463
-0.778394
-0.779493
-0.780502
-0.781273
-0.782003
-0.78285
-0.783436
-0.784016
-0.78449
-0.78493
-0.78535
-0.785725
-0.786104
-0.786483
-0.78682
-0.787167
-0.78755
-0.787919
-0.788317
-0.78871
-0.789144
-0.789599
-0.790066
-0.790558
-0.791039
-0.791547
-0.792034
-0.792548
-0.793034
-0.793539
-0.79403
-0.794545
-0.79504
-0.795559
-0.796048
-0.796539
-0.797013
-0.797493
-0.797962
-0.798435
-0.798909
-0.799388
-0.799852
-0.800326
-0.800738
-0.801205
-0.801663
-0.802127
-0.802599
-0.803117
-0.803584
-0.804098
-0.804607
-0.805124
-0.805645
-0.806157
-0.806624
-0.80713
-0.807588
-0.8081
-0.80859
-0.809068
-0.809508
-0.809964
-0.810372
-0.8108
-0.811162
-0.811597
-0.812029
-0.812479
-0.812903
-0.813367
-0.813789
-0.814252
-0.814671
-0.81514
-0.815576
-0.816034
-0.816465
-0.816898
-0.817372
-0.817852
-0.81826
-0.81869
-0.819157
-0.819613
-0.820034
-0.820485
-0.8209
-0.821302
-0.821727
-0.822185
-0.822639
-0.823073
-0.823531
-0.823955
-0.824401
-0.824808
-0.825258
-0.825668
-0.826106
-0.82651
-0.826947
-0.827341
-0.827793
-0.828211
-0.828668
-0.829074
-0.829542
-0.829926
-0.830341
-0.830787
-0.831177
-0.831622
-0.832014
-0.83245
-0.832877
-0.833277
-0.833677
-0.834122
-0.834576
-0.834982
-0.835413
-0.835817
-0.836278
-0.836649
-0.837028
-0.837465
-0.837844
-0.838234
-0.838671
-0.839098
-0.839519
-0.839941
-0.840363
-0.840756
-0.841183
-0.84161
-0.842002
-0.842419
-0.842825
-0.843229
-0.843612
-0.844043
-0.844445
-0.844886
-0.845268
-0.845702
-0.846087
-0.846478
-0.846904
-0.847328
-0.847709
-0.848132
-0.848523
-0.848914
-0.84932
-0.849724
-0.85011
-0.850542
-0.850867
-0.851339
-0.85175
-0.852166
-0.852579
-0.852949
-0.853378
-0.853749
-0.85417
-0.85455
-0.854976
-0.85542
-0.855797
-0.856134
-0.85653
-0.856981
-0.857293
-0.857698
-0.858121
-0.858401
-0.858877
-0.859301
-0.859713
-0.860086
-0.860536
-0.860946
-0.861292
-0.861696
-0.862072
-0.862476
-0.862852
-0.86323
-0.863674
-0.864093
-0.864417
-0.864833
-0.865234
-0.865607
-0.865969
-0.866368
-0.866777
-0.867108
-0.867507
-0.867986
-0.868318
-0.868718
-0.869131
-0.869688
-0.869861
-0.870508
-0.870435
-0.87126
-0.87103
-0.870102
-0.873094
-0.872938
-0.872659
-0.87365
-0.873894
-0.874221
-0.874776
-0.875094
-0.875482
-0.875798
-0.876186
-0.876577
-0.876962
-0.877355
-0.877673
-0.877987
-0.87846
-0.878862
-0.879218
-0.879546
-0.879989
-0.880344
-0.880739
-0.881106
-0.881404
-0.881831
-0.882269
-0.882685
-0.883089
-0.883423
-0.883765
-0.884194
-0.884603
-0.885006
-0.885405
-0.885773
-0.886206
-0.886564
-0.886955
-0.88731
-0.88772
-0.888071
-0.888384
-0.888793
-0.889148
-0.889576
-0.889933
-0.890344
-0.89062
-0.891036
-0.891513
-0.891863
-0.892286
-0.892603
-0.892924
-0.893389
-0.893749
-0.894179
-0.894497
-0.894906
-0.895262
-0.895668
-0.896041
-0.896413
-0.896768
-0.8971
-0.897508
-0.897915
-0.898289
-0.898681
-0.899037
-0.899376
-0.8998
-0.899998
-0.900477
-0.900845
-0.901294
-0.901662
-0.902094
-0.902472
-0.902897
-0.903228
-0.903639
-0.904002
-0.904391
-0.904787
-0.905125
-0.90552
-0.905856
-0.906268
-0.906541
-0.906944
-0.907347
-0.907742
-0.908081
-0.90842
-0.908829
-0.909162
-0.909571
-0.909926
-0.910327
-0.91074
-0.911115
-0.911474
-0.911871
-0.912225
-0.912612
-0.912963
-0.913339
-0.913687
-0.914092
-0.914452
-0.914858
-0.915221
-0.915562
-0.91596
-0.916368
-0.9167
-0.917098
-0.917439
-0.917836
-0.918197
-0.918547
-0.918953
-0.919312
-0.91971
-0.920098
-0.920452
-0.92084
-0.921182
-0.921531
-0.921918
-0.922322
-0.922681
-0.923079
-0.923432
-0.92384
-0.924181
-0.924606
-0.924915
-0.925299
-0.92559
-0.926031
-0.9264
-0.92674
-0.927102
-0.927547
-0.927899
-0.92826
-0.928637
-0.928987
-0.929365
-0.929754
-0.930113
-0.930473
-0.930867
-0.931261
-0.931608
-0.931955
-0.932349
-0.932742
-0.933065
-0.9334
-0.933717
-0.933832
-0.934276
-0.934728
-0.935145
-0.935575
-0.935988
-0.936421
-0.936794
-0.937252
-0.937643
-0.93806
-0.938422
-0.938808
-0.939166
-0.939565
-0.939918
-0.940251
-0.94064
-0.941016
-0.941348
-0.941677
-0.942045
-0.942412
-0.942758
-0.943149
-0.943489
-0.943828
-0.944223
-0.944507
-0.94495
-0.945239
-0.945669
-0.945991
-0.94627
-0.946758
-0.947209
-0.947452
-0.94789
-0.948344
-0.948693
-0.948785
-0.949213
-0.949691
-0.950216
-0.950527
-0.950946
-0.951401
-0.951295
-0.951777
-0.952146
-0.952625
-0.953006
-0.953422
-0.953742
-0.954235
-0.954644
-0.955035
-0.955447
-0.955897
-0.956262
-0.956278
-0.956654
-0.957051
-0.95733
-0.957617
-0.95806
-0.958451
-0.958821
-0.959271
-0.95975
-0.960194
-0.960544
-0.96099
-0.961049
-0.961492
-0.961913
-0.962389
-0.962819
-0.963291
-0.965041
-0.970109
-0.976303
-0.983253
-0.983467
-0.98395
-0.983357
-0.98384
-0.98048
-0.975619
-0.976098
-0.972308
-0.968768
-0.96689
-0.963488
-0.963219
-0.962465
-0.961426
-0.961632
-0.962289
-0.962954
-0.964509
-0.965332
-0.966929
-0.968166
-0.96939
-0.970592
-0.971748
-0.973099
-0.974243
-0.97522
-0.975921
-0.976582
-0.97704
-0.97749
-0.977839
-0.978068
-0.978331
-0.978306
-0.978251
-0.978735
-0.978693
-0.978955
-0.979324
-0.979502
-0.979609
-0.979936
-0.980265
-0.98062
-0.980954
-0.981295
-0.981722
-0.982141
-0.982553
-0.982953
-0.983337
-0.983711
-0.984133
-0.984511
-0.984823
-0.985307
-0.985719
-0.986148
-0.986506
-0.986911
-0.987243
-0.987635
-0.987969
-0.988002
-0.988486
-0.988787
-0.988796
-0.98929
-1
-1
-1
-1
-1
-1
-1
-1
-1
-1
-1
-1
-1
-1
-1
-1
-1
-1
-1
-1
-1
-1
-1
-1
-1
-1
-1
-1
-1
-1
-1
-1
-1
-1
-1
-1
-1
-1
-1
-1
-1
-1
-1
-1
-1
-1
-1
-1
-1
-1
-1
-1
-1
-1
-1
-1
-1
-1
-1
-1
-1
-1
-1
-1
-1
-1
-1
-1
-1
-1
-1
-1
-1
-1
-1
-1
-1
-1
-1
-1
-1
-1
-1
-1
-1
-1
-1
-1
-1
-1
-1
-1
-1
-1
-1
-1
-1
-1
-1
-1
-1
-1
-1
-1
-1
-1
-1
-1
-1
-1
-1
-1
-1
-1
-1
-1
-1
-1
-1
-1
-1
-1
-1
-1
-1
-1
-1
-1
-1
-1
-1
-1
-1
-1
-1
-1
-1
-1
-1
-1
-1
-1
-1
-1
-1
-1
-1
-1
-1
-1
-1
-1
-1
-1
-1
-1
-1
-1
-1
-1
-1
-1
-1
-1
-1
-1
-1
-1
-1
-1
-1
-1
-1
-1
-1
-1
-1
-1
-1
-1
-1
-1
-1
-1
-1
-1
-1
-1
-1
-1
-1
-1
-1
-1
-1
-1
-1
-1
-1
-1
-1
-1
-1
-1
-1
-1
-1
-1
-1
-1
-1
-1
-1
-1
-1
-1
-1
-1
-1
-1
-1
-1
-1
-1
-1
-1
-1
-1
-1
-1
-1
-1
-1
-1
-1
-1
-1
-1
-1
-1
-1
-1
-1
-1
-1
-1
-1
-1
-1
-1
-1
-1
-1
-1
-1
-1
-1
-1
-1
-1
-1
-1
-1
-1
-1
-1
-1
-1
-1
-1
-1
-1
-1
-1
-1
-1
-1
-1
-1
-1
-1
-1
-1
-1
-1
-1
-1
-1
-1
-1
-1
-1
-1
-1
-1
-1
-1
-1
-1
-1
-1
-1
-1
-1
-1
-1
-1
-1
-1
-1
-1
-1
-1
-1
-1
-1
-1
-1
-1
-1
-1
-1
-1
-1
-1
-1
-1
-1
-1
-1
-1
-1
-1
-1
-1
-1
-1
-1
-1
-1
-1
-1
-1
-1
-1
-1
-1
-1
-1
-1
-1
-1
-1
-1
-1
-1
-1
-1
-1
-1
-1
-1
-1
-1
-1
-1
-1
-1
-1
-1
-1
-1
-1
-1
-1
-1
-1
-1
-1
-1
-1
-1
-1
-1
-1
-1
-1
-1
-1
-1
-1
-1
-1
-1
-1
-1
-1
-1
-1
-1
-1
-1
-1
-1
-1
-1
-1
-1
-1
-1
-1
-1
-1
-1
-1
-1
-1
-1
-1
-1
-1
-1
-1
-1
-1
-1
-1
-1
-1
-1
-1
-1
-1
-1
-1
-1
-1
-1
-1
-1
-1
-1
-1
-1
-1
-1
-1
-1
-1
-1
-1
-1
-1
-1
-1
-1
-1
-1
-1
-1
-1
-1
-1
-1
-1
-1
-1
-1
-1
-1
-1
-1
-1
-1
-1
-1
-1
-1
-1
-1
-1
-1
-1
-1
-1
-1
-1
-1
-1
-1
-1
-1
-1
-1
-1
-1
-1
-1
-1
-1
-1
-1
-1
-1
-1
-1
-1
-1
-1
-1
-1
-1
-1
-1
-1
-1
-1
-1
-1
-1
-1
-1
-1
-1
-1
-1
-1
-1
-1
-1
-1
-1
-1
-1
-1
-1
-1
-1
-1
-1
-1
-1
-1
-1
-1
-1
-1
-1
-1
-1
-1
-1
-1
-1
-1
-1
-1
-1
-1
-1
-1
-1
-1
-1
-1
-1
-1
-1
-1
-1
-1
-1
-1
-1
-1
-1
-1
-1
-1
-1
-1
-1
-1
-1
-1
-1
-1
-1
-1
-1
-1
-1
-1
-1
-1
-1
-1
-1
-1
-1
-1
-1
-1
-1
-1
-1
-1
-1
-1
-1
-1
-1
-1
-1
-1
-1
-1
-1
-1
-1
-1
-1
-1
-1
-1
-1
-1
-1
-1
-1
-1
-1
-1
-1
-1
-1
-1
-1
-1
-1
-1
-1
-1
-1
-1
-1
-1
-1
-1
-1
-1
-1
-1
-1
-1
-1
-1
-1
-1
-1
-1
-1
-1
-1
-1
-1
-1
-1
-1
-1
-1
-1
-1
-1
-1
-1
-1
-1
-1
-1
-1
-1
-1
-1
-1
-1
-1
-1
-1
-1
-1
-1
-1
-1
-1
-1
-1
-1
-1
-1
-1
-1
-1
-1
-1
-1
-1
-1
-1
-1
-1
-1
-1
-1
-1
-1
-1
-1
-1
-1
-1
-1
-1
-1
-1
-1
-1
-1
-1
-1
-1
-1
-1
-1
-1
-1
-1
-1
-1
-1
-1
-1
-1
-1
-1
-1
-1
-1
-1
-1
-1
-1
-1
-1
-1
-1
-1
-1
-1
-1
-1
-1
-1
-1
-1
-1
-1
-1
-1
-1
-1
-1
-1
-1
-1
-1
-1
-1
-1
-1
-1
-1
-1
-1
-1
-1
-1
-1
-1
-1
-1
-1
-1
-1
-1
-1
-1
-1
-1
-1
-1
-1
-1
-1
-1
-1
-1
-1
-1
-1
-1
-1
-1
-1
-1
-1
-1
-1
-1
-1
-1
-1
-1
-1
-1
-1
-1
-1
-1
-1
-1
-1
-1
-1
-1
-1
-1
-1
-1
-1
-1
-1
-1
-1
-1
-1
-1
-1
-1
-1
-1
-1
-1
-1
-1
-1
-1
-1
-1
-1
-1
-1
-1
-1
-1
-1
-1
-1
-1
-1
-1
-1
-1
-1
-1
-1
-1
-1
-1
-1
-1
-1
-1
-1
-1
-1
-1
-1
-1
-1
-1
-1
-1
-1
-1
-1
-1
-1
-1
-1
-1
-1
-1
-1
-1
-1
-1
-1
-1
-1
-1
-1
-1
-1
-1
-1
-1
-1
-1
-1
-1
-1
-1
-1
-1
-1
-1
-1
-1
-1
-1
-1
-1
-1
-1
-1
-1
-1
-1
-1
-1
-1
-1
-1
-1
-1
-1
-1
-1
-1
-1
-1
-1
-1
-1
-1
-1
-1
-1
-1
-1
-1
-1
-1
-1
-1
-1
-1
-1
-1
-1
-1
-1
-1
-1
-1
-1
-1
-1
-1
-1
-1
-1
-1
-1
-1
-1
-1
-1
-1
-1
-1
-1
-1
-1
-1
-1
-1
-1
-1
-1
-1
-1
-1
-1
-1
-1
-1
-1
-1
-1
-1
-1
-1
-1
-1
-1
-1
-1
-1
-1
-1
-1
-1
-1
-1
-1
-1
-1
-1
-1
-1
-1
-1
-1
-1
-1
-1
-1
-1
-1
-1
-1
-1
-1
-1
-1
-1
-1
-1
-1
-1
-1
-1
-1
-1
-1
-1
-1
-1
-1
-1
-1
-1
-1
-1
-1
-1
-1
-1
-1
-1
-1
-1
-1
-1
-1
-1
-1
-1
-1
-1
-1
-1
-1
-1
-1
-1
-1
-1
-1
-1
-1
-1
-1
-1
-1
-1
-1
-1
-1
-1
-1
-1
-1
-1
-1
-1
-1
-1
-1
-1
-1
-1
-1
-1
-1
-1
-1
-1
-1
-1
-1
-1
-1
-1
-1
-1
-1
-1
-1
-1
-1
-1
-1
-1
-1
-1
-1
-1
-1
-1
-1
-1
-1
-1
-1
-1
-1
-1
-1
-1
-1
-1
-1
-1
-1
-1
-1
-1
-1
-1
-1
-1
-1
-1
-1
-1
-1
-1
-1
-1
-1
-1
-1
-1
-1
-1
-1
-1
-1
-1
-1
-1
-1
-1
-1
-1
-1
-1
-1
-1
-1
-1
-1
-1
-1
-1
-1
-1
-1
-1
-1
-1
-1
-1
-1
-1
-1
-1
-1
-1
-1
-1
-1
-1
-1
-1
-1
-1
-1
-1
-1
-1
-1
-1
-1
-1
-1
-1
-1
-1
-1
-1
-1
-1
-1
-1
-1
-1
-1
-1
-1
-1
-1
-1
-1
-1
-1
-1
-1
-1
-1
-1
-1
-1
-1
-1
-1
-1
-1
-1
-1
-1
-1
-1
-1
-1
-1
-1
-1
-1
-1
-1
-1
-1
-1
-1
-1
-1
-1
-1
-1
-1
-1
-1
-1
-1
-1
-1
-1
-1
-1
-1
-1
-1
-1
-1
-1
-1
-1
