0
0
0
0
0
0
0
0
0
0
0
0
0
0
0
0
0
0
0
0
0
0
0
0
1.5
1.5
1.5
1.5
1.5
1.5
1.5
1.5
1.5
1.5
1.5
1.5
1.5
1.5
1.5
1.5
1.5
1.5
1.5
1.5
1.5
1.5
1.5
1.5
1.45183
1.39895
1.30075
1.24997
1.15555
1.07266
1.02082
0.947065
0.902235
0.840169
0.803134
0.775842
0.722993
0.689319
0.660169
0.628873
0.610755
0.58602
0.571502
0.555491
0.53897
0.52528
0.508316
0.494153
0.483658
0.470396
0.453813
0.440189
0.429319
0.415033
0.40154
0.369813
0.370337
0.359426
0.34642
0.330167
0.31986
0.30463
0.291848
0.280824
0.269104
0.256329
0.248331
0.23912
0.22956
0.22121
0.212708
0.205223
0.196417
0.192177
0.184328
0.178326
0.171343
0.167982
0.161597
0.156663
0.14985
0.147239
0.142703
0.137551
0.134289
0.131107
0.126455
0.122847
0.119159
0.116378
0.11231
0.108397
0.105368
0.102218
0.0998677
0.0964619
0.0942742
0.091099
0.089056
0.086095
0.084187
0.0814375
0.0796779
0.0771527
0.0755235
0.0731808
0.0716675
0.069211
0.0680982
0.0660877
0.0647917
0.0629367
0.0611749
0.0600214
0.0588975
0.0570906
0.0562486
0.0547684
0.0537962
0.0522433
0.0515182
0.0498416
0.0493958
0.0482055
0.0470641
0.0463088
0.0452512
0.0445526
0.0435663
0.0424914
0.0419453
0.0409324
0.0404211
0.0398172
0.0392078
0.0383862
0.0374945
0
0
0
0
0
0
0
0
0
0
0
0
0
0
0
0
0
0
0
0
0
0
0
0
0
0
0
0
0
0
0
0
0
0
0
0
0
0
0
0
0
0
0
0
0
0
0
0
0
0
0
0
0
0
0
0
0
0
0
0
0
0
0
0
0
0
0
0
0
0
0
0
0
0
0
0
0
0
0
0
0
0
0
0
0
0
0
0
0
0
0
0
0
0
0
0
0
0
0
0
0
0
0
0
0
0
0
0
0
0
0
0
0
0
0
0
0
0
0
0
0
0
0
0
0
0
0
0
0
0
0
0
0
0
0
0
0
0
0
0
0
0
0
0
0
0
0
0
0
0
0
0
0
0
0
0
0
0
0
0
0
0
0
0
0
0
0
0
0
0
0
0
0
0
0
0
0
0
0
0
0
0
0
0
0
0
0
0
0
0
0
0
0
0
0
0
0
0
0
0
0
0
0
0
0
0
0
0
0
0
0
0
0
0
0
0
0
0
0
0
0
0
0
0
0
0
0
0
0
0
0
0
0
0
0
0
0
0
0
0
0
0
0
0
0
0
0
0
0
0
0
0
0
0
0
0
0
0
0
0
0
0
0
0
0
0
0
0
0
0
0
0
0
0
0
0
0
0
0
0
0
0
-0.00486652
0.33206
0.359575
0.370984
0.373419
0.37577
0.375564
0.367123
0.359859
0.344961
0.328074
0.316721
0.299223
0.288507
0.273907
0.261781
0.258719
0.250369
0.246203
0.242782
0.24127
0.241574
0.243009
0.244894
0.248083
0.250802
0.254724
0.257662
0.261561
0.264283
0.267674
0.270587
0.272621
0.274377
0.276211
0.277582
0.278518
0.279273
0.279795
0.280083
0.279938
0.280572
0.280468
0.280557
0.280366
0.280408
0.280191
0.279983
0.280044
0.280107
0.279994
0.279936
0.279886
0.280245
0.280277
0.280357
0.280593
0.280829
0.280971
0.281138
0.281432
0.281715
0.281815
0.282118
0.282326
0.282744
0.282939
0.283284
0.283516
0.283871
0.284207
0.284453
0.284674
0.285006
0.285207
0.285532
0.28575
0.286036
0.286164
0.286425
0.28654
0.286804
0.286934
0.287207
0.287344
0.287625
0.287781
0.288047
0.288165
0.28841
0.288501
0.288657
0.288881
0.289147
0.288772
0.289241
0.289699
0.289883
0.290159
0.290461
0.290637
0.290483
0.290954
0.290832
0.291215
0.291677
0.291611
0.292081
0.291909
0.292171
0.292511
0.292357
0.292711
0.292463
0.292829
0.292801
0.293153
0.293306
0.293473
0.293576
0.293753
0.293862
0.294076
0.294087
0.294275
0.294478
0.294653
0.294737
0.294887
0.294986
0.295148
0.295285
0.295449
0.295562
0.295767
0.295907
0.29605
0.296231
0.2964
0.29662
0.29679
0.296995
0.297226
0.297402
0.297629
0.297799
0.29799
0.298124
0.298315
0.298517
0.29862
0.298807
0.298934
0.299145
0.299297
0.299497
0.299639
0.299865
0.30002
0.300247
0.300429
0.300617
0.300732
0.300906
0.301045
0.301191
0.301395
0.301522
0.301721
0.301901
0.302102
0.302284
0.302511
0.302765
0.30292
0.303074
0.303273
0.303445
0.303566
0.303787
0.303906
0.304048
0.304243
0.304412
0.304605
0.304777
0.304924
0.30512
0.305342
0.305413
0.305662
0.305733
0.305881
0.306103
0.306324
0.306473
0.306722
0.30682
0.307093
0.307241
0.307435
0.307528
0.307695
0.307837
0.308029
0.308171
0.308289
0.308508
0.308728
0.308873
0.309095
0.309218
0.309517
0.309585
0.309652
0.309769
0.31014
0.310054
0.310321
0.310568
0.310815
0.310885
0.311059
0.311254
0.311602
0.311615
0.311731
0.311921
0.312058
0.312168
0.312383
0.312443
0.31276
0.312851
0.313094
0.313286
0.313075
0.31352
0.313534
0.313779
0.313954
0.314097
0.314345
0.314571
0.314817
0.314936
0.31518
0.315294
0.315406
0.31554
0.315543
0.315985
0.315986
0.316223
0.316332
0.316673
0.316911
0.316917
0.31713
0.317366
0.317393
0.3176
0.317834
0.317833
0.317653
0.318274
0.317654
0.319132
0.31765
0.319552
0.323101
0.316751
0.31867
0.320559
0.319109
0.319775
0.320005
0.31983
0.320052
0.320292
0.320507
0.320748
0.320759
0.320999
0.321007
0.321219
0.321663
0.321694
0.3217
0.322041
0.322251
0.322148
0.322486
0.322718
0.322819
0.322898
0.323261
0.32339
0.32339
0.323624
0.32383
0.323802
0.324164
0.324166
0.324401
0.324638
0.324745
0.324877
0.324983
0.325216
0.325321
0.325504
0.325608
0.325816
0.325998
0.326103
0.326235
0.326343
0.326526
0.326431
0.326616
0.327055
0.327219
0.327408
0.327449
0.327664
0.327923
0.32803
0.328161
0.328368
0.328547
0.328648
0.328825
0.328872
0.329153
0.329252
0.329402
0.329581
0.329759
0.329809
0.33004
0.330142
0.330064
0.330424
0.3303
0.330738
0.330852
0.331166
0.331314
0.331479
0.331569
0.331726
0.331908
0.332086
0.33216
0.332388
0.33259
0.332711
0.332912
0.333033
0.333181
0.333219
0.333392
0.333566
0.333765
0.333887
0.334012
0.33419
0.334342
0.33452
0.334623
0.334828
0.335008
0.335058
0.335161
0.335364
0.335465
0.335695
0.335798
0.336055
0.336159
0.336338
0.336416
0.336594
0.33667
0.336796
0.336999
0.337176
0.33733
0.337535
0.337665
0.337869
0.337945
0.338045
0.338221
0.338293
0.338494
0.338722
0.338823
0.339052
0.33918
0.33928
0.339507
0.339682
0.339754
0.339955
0.340052
0.340226
0.340347
0.340468
0.340667
0.340892
0.340911
0.341215
0.341261
0.341384
0.341457
0.341761
0.341857
0.34193
0.342183
0.34228
0.342533
0.34276
0.342832
0.342904
0.343103
0.343299
0.343391
0.343484
0.343681
0.343876
0.34402
0.344139
0.344079
0.343495
0.343825
0.344143
0.34423
0.344489
0.344654
0.34491
0.345009
0.345339
0.345507
0.345759
0.345941
0.346221
0.346347
0.346551
0.346635
0.346747
0.346936
0.347161
0.34725
0.347352
0.347587
0.347823
0.347872
0.348058
0.348135
0.348225
0.348413
0.348426
0.348722
0.348743
0.349081
0.349048
0.348917
0.349333
0.349621
0.349418
0.349746
0.350035
0.350191
0.349722
0.350076
0.350516
0.350827
0.350897
0.351089
0.351379
0.350468
0.350894
0.351006
0.351445
0.351577
0.351831
0.3518
0.352201
0.352457
0.352569
0.352796
0.353101
0.353211
0.352727
0.35295
0.353135
0.353218
0.353
0.353343
0.353359
0.353332
0.353558
0.353996
0.35425
0.354176
0.354539
0.353985
0.354344
0.354612
0.35505
0.35532
0.35577
0.356299
0.357978
0.359916
0.361728
0.361994
0.362418
0.362345
0.362769
0.361719
0.360235
0.360673
0.35959
0.358567
0.358126
0.357041
0.357153
0.357014
0.356578
0.356693
0.356716
0.357061
0.357333
0.357727
0.358069
0.358497
0.358913
0.359315
0.359695
0.360018
0.360365
0.360603
0.36088
0.361042
0.361091
0.361372
0.361605
0.361662
0.36186
0.361827
0.361777
0.3622
0.362159
0.362299
0.362608
0.362652
0.362651
0.362851
0.363076
0.363278
0.363337
0.363451
0.363594
0.363778
0.364002
0.36407
0.364192
0.364329
0.36453
0.36463
0.364473
0.364895
0.365086
0.36524
0.365346
0.365527
0.365656
0.365847
0.365936
0.365541
0.365962
0.365937
0.364292
0.364615
0.374867
0.375299
0.375731
0.376173
0.379044
0.379462
0.429244
0.434222
0.451961
0.452402
0.384804
0.380249
0.355415
0.355917
0.356419
0.361727
0.362292
0.35755
0.3581
0.352914
0.353446
0.349339
0.349925
0.350485
0.353458
0.3567
0.378041
0.380038
0.381386
0.381924
0.380326
0.376609
0.373969
0.369364
0.364654
0.35872
0.357747
0.354217
0.352456
0.349476
0.349385
0.348445
0.348391
0.348635
0.349142
0.350048
0.351365
0.352587
0.354295
0.355741
0.357558
0.359839
0.360756
0.362128
0.363661
0.365067
0.366071
0.367465
0.367939
0.368716
0.369294
0.369803
0.370188
0.370412
0.370732
0.370843
0.370902
0.371212
0.371199
0.371169
0.371285
0.371252
0.371386
0.371393
0.371377
0.371376
0.371686
0.371739
0.371945
0.372043
0.372237
0.372356
0.372583
0.372715
0.372947
0.373049
0.373216
0.373453
0.373683
0.37381
0.373809
0.374046
0.374382
0.374311
0.374502
0.374669
0.374838
0.374875
0.375055
0.374797
0.375238
0.375231
0.37537
0.374879
0.374516
0.374032
0.373689
0.373179
0.37283
0.372361
0.371935
0.371505
0.370689
0.370634
0.370466
0.369986
0.3699
0.369732
0.369657
0.369591
0.369476
0.3694
0.369353
0.369295
0.369251
0.369195
0.369153
0.369091
0.369059
0.369011
0.368982
0.368906
0.368818
0.36874
0.368699
0.368625
0.368558
0.368427
0.368401
0.368362
0.368263
0.368209
0.368143
0.368122
0.368082
0.368047
0.368015
0.367993
0.367958
0.367877
0.367886
0.367866
0.367846
0.367856
0.367832
0.367842
0.367819
0.3678
0.367799
0.367733
0.367714
0.367674
0.367647
0.367625
0.367564
0.367568
0.367507
0.36749
0.3675
0.367505
0.367516
0.367501
0.367498
0.367533
0.36754
0.36754
0.367546
0.367543
0.3675
0.367565
0.367536
0.367553
0.367549
0.367551
0.367545
0.367547
0.367537
0.367516
0.367541
0.367529
0.367554
0.367542
0.367493
0.367493
0.367442
0.367382
0.367417
0.367394
0.367369
0.367346
0.367374
0.36733
0.367358
0.367353
0.367396
0.36739
0.367433
0.367442
0.367491
0.367493
0.36753
0.367529
0.367562
0.367544
0.367599
0.367589
0.36763
0.367643
0.367641
0.367653
0.367679
0.367675
0.3677
0.367709
0.367732
0.367727
0.367764
0.367774
0.367797
0.36778
0.367828
0.367836
0.367833
0.367868
0.367877
0.367871
0.367947
0.367929
0.367909
0.367932
0.367926
0.367907
0.367821
0.367857
0.367852
0.367795
0.367754
0.367689
0.367688
0.367689
0.367679
0.367695
0.367737
0.367734
0.367711
0.367775
0.367785
0.3678
0.367792
0.367795
0.367809
0.367857
0.367855
0.367863
0.367947
0.367993
0.367984
0.367987
0.36796
0.368014
0.368037
0.368048
0.368101
0.368097
0.368147
0.368128
0.368177
0.36817
0.368218
0.368211
0.368204
0.368225
0.368231
0.368278
0.368326
0.368362
0.368316
0.368271
0.368318
0.368259
0.368294
0.368248
0.36827
0.368241
0.368278
0.36825
0.368277
0.368238
0.368291
0.368253
0.368306
0.368271
0.368323
0.3683
0.368262
0.368301
0.368287
0.368312
0.368362
0.368324
0.368335
0.368358
0.368317
0.368118
0.368269
0.36833
0.368297
0.368292
0.368262
0.368246
0.368242
0.36825
0.368222
0.368233
0.368204
0.368267
0.368281
0.368316
0.368304
0.368365
0.368376
0.368422
0.368416
0.368473
0.368489
0.368504
0.36849
0.368499
0.368425
0.36853
0.368553
0.368561
0.368558
0.368582
0.368524
0.368505
0.368515
0.368539
0.368482
0.368466
0.368493
0.368453
0.368492
0.368456
0.368483
0.368448
0.368453
0.368469
0.368447
0.368477
0.368493
0.368345
0.368462
0.368363
0.368455
0.36837
0.368475
0.368445
0.368536
0.368456
0.368621
0.368499
0.368663
0.368362
0.368527
0.368094
0.368218
0.368789
0.369595
0.390332
0.393929
0.397696
0.436396
0.436568
0.416791
0.416939
0.378442
0.374883
0.344273
0.344455
0.331796
0.33185
0.338124
0.338339
0.36618
0.370615
0.407447
0.408439
0.400419
0.40061
0.373896
0.374099
0.348962
0.34546
0.335306
0.335047
0.33661
0.336829
0.345274
0.345493
0.355578
0.355789
0.355987
0.362858
0.36337
0.365019
0.36537
0.36558
0.365762
0.365602
0.367392
0.367681
0.369318
0.369674
0.371319
0.532124
0.533951
0.535789
0.537594
0.543375
0.545186
0.550485
0.556323
0.554978
0.542249
0.521577
0.505081
0.476543
0.456895
0.427625
0.40935
0.392271
0.368732
0.355897
0.339299
0.331205
0.32168
0.316103
0.31496
0.315248
0.317444
0.321076
0.328758
0.330457
0.337702
0.345431
0.351127
0.356755
0.36401
0.37213
0.375202
0.379366
0.384098
0.388772
0.390435
0.392249
0.393915
0.392933
0.394589
0.387568
0.389226
0.390846
0.387265
0.3889
0.389839
0.39001
0.389276
0.389213
0.390315
0.390382
0.391027
0.391248
0.391847
0.392298
0.39306
0.393713
0.394171
0.394511
0.3952
0.395615
0.396245
0.396494
0.397171
0.397465
0.397991
0.398217
0.398306
0.398841
0.39895
0.399391
0.399924
0.399771
0.400261
0.400328
0.400239
0.400714
0.401046
0.401071
0.399881
0.401416
0.401281
0.401703
0.401585
0.402033
0.401913
0.401789
0.402768
0.402637
0.40254
0.402969
0.40281
0.403207
0.403086
0.402935
0.403351
0.403776
0.402908
0.403458
0.403878
0.404286
0.404125
0.403929
0.404318
0.404695
0.404333
0.404299
0.40451
0.405013
0.404762
0.404539
0.404172
0.404664
0.404302
0.404236
0.404464
0.404983
0.404664
0.405192
0.404889
0.404729
0.405784
0.405622
0.405287
0.406364
0.405478
0.405293
0.404102
0.405597
0.405807
0.406287
0.405972
0.405906
0.406131
0.40606
0.40625
0.406734
0.406379
0.406833
0.406408
0.406846
0.406429
0.406843
0.406585
0.40687
0.406451
0.406897
0.406483
0.406351
0.406527
0.406431
0.406727
0.406488
0.406681
0.406591
0.406936
0.406553
0.40703
0.406801
0.406967
0.406774
0.406655
0.406862
0.406769
0.407136
0.406893
0.407229
0.406997
0.407205
0.407517
0.407441
0.407091
0.407401
0.406759
0.407645
0.407396
0.407721
0.407493
0.407682
0.407603
0.407335
0.407668
0.407446
0.40777
0.407944
0.407875
0.408172
0.407965
0.407743
0.408046
0.408361
0.408076
0.40839
0.408099
0.408364
0.408114
0.407815
0.408093
0.407803
0.408088
0.407825
0.408125
0.408276
0.408152
0.408323
0.408238
0.407996
0.408301
0.407897
0.408351
0.408083
0.408381
0.408001
0.407905
0.408206
0.408504
0.407596
0.408594
0.408367
0.408659
0.408289
0.408715
0.408488
0.408799
0.407992
0.408276
0.408592
0.408885
0.408638
0.408404
0.408027
0.407818
0.408769
0.408401
0.408812
0.409147
0.408921
0.408701
0.409
0.408732
0.408911
0.408806
0.408542
0.409378
0.409023
0.408921
0.408707
0.409509
0.409287
0.407377
0.408728
0.408446
0.408901
0.409196
0.408854
0.409194
0.409027
0.409459
0.409226
0.409503
0.409184
0.409605
0.409197
0.409666
0.409265
0.409709
0.409378
0.409083
0.409338
0.409274
0.409475
0.409335
0.409549
0.409419
0.409741
0.409397
0.40969
0.410118
0.409776
0.409532
0.409865
0.409632
0.410026
0.409661
0.410002
0.409866
0.410048
0.409808
0.409656
0.409904
0.410027
0.409858
0.410023
0.409932
0.410164
0.409914
0.410026
0.409873
0.41002
0.409786
0.409516
0.409766
0.409637
0.40977
0.409564
0.409967
0.409737
0.409479
0.40977
0.410082
0.409829
0.409587
0.409907
0.410154
0.409938
0.409687
0.409998
0.410288
0.41
0.409661
0.41002
0.41017
0.410069
0.410172
0.410103
0.410369
0.410126
0.409863
0.410175
0.409879
0.410179
0.409896
0.409656
0.409953
0.410222
0.409959
0.409741
0.410051
0.410296
0.407003
0.408306
0.408639
0.408372
0.408186
0.408541
0.409021
0.408819
0.409294
0.409103
0.40814
0.409035
0.409868
0.409261
0.410082
0.409764
0.409785
0.410141
0.410409
0.410122
0.410535
0.410197
0.40895
0.407975
0.40666
0.40565
0.404259
0.403112
0.402269
0.401455
0.400453
0.399826
0.398879
0.398237
0.397842
0.397034
0.396595
0.396213
0.394752
0.394918
0.395004
0.394763
0.394309
0.394052
0.393965
0.393667
0.39341
0.393173
0.392247
0.392391
0.392461
0.392297
0.392111
0.39198
0.391694
0.39141
0.391256
0.391062
0.390725
0.390624
0.390397
0.390299
0.390165
0.389952
0.389712
0.389622
0.389466
0.389313
0.38928
0.389061
0.388921
0.388484
0.38854
0.388615
0.38856
0.388413
0.388371
0.38823
0.388143
0.388042
0.387868
0.387838
0.387769
0.387666
0.387591
0.387557
0.387412
0.387405
0.387388
0.387293
0.387209
0.387218
0.3872
0.386968
0.387046
0.386939
0.386916
0.38689
0.386843
0.386867
0.386774
0.386715
0.386684
0.386618
0.386568
0.386531
0.386506
0.386467
0.386448
0.386434
0.386344
0.386299
0.386252
0.386301
0.386221
0.386148
0.386111
0.386213
0.386185
0.386102
0.386098
0.386124
0.386049
0.385983
0.386036
0.386061
0.385977
0.385977
0.385875
0.385756
0.385842
0.385788
0.385757
0.385852
0.385852
0.38583
0.385806
0.385658
0.385776
0.385767
0.385757
0.385766
0.38574
0.385766
0.385681
0.385728
0.385637
0.385682
0.385624
0.385634
0.385596
0.385541
0.385571
0.385536
0.385521
0.385507
0.385519
0.385483
0.385432
0.385393
0.385475
0.385435
0.385377
0.385452
0.385431
0.385457
0.385414
0.385494
0.385438
0.385421
0.385496
0.385473
0.385385
0.385488
0.385436
0.385468
0.385491
0.38542
0.3855
0.385428
0.385417
0.385559
0.385641
0.385623
0.385748
0.385792
0.385911
0.385883
0.385962
0.386039
0.386089
0.386128
0.386159
0.386137
0.386111
0.386216
0.386318
0.386295
0.386364
0.386495
0.386454
0.386502
0.386487
0.386452
0.386544
0.386409
0.386549
0.38656
0.386577
0.386579
0.386623
0.38659
0.38664
0.386544
0.386656
0.386628
0.386741
0.386733
0.386815
0.386856
0.386926
0.386948
0.386955
0.387067
0.387078
0.387099
0.387063
0.387212
0.387225
0.387193
0.387255
0.38726
0.387298
0.387278
0.386439
0.385439
0.384667
0.383683
0.382824
0.381973
0.381093
0.380363
0.379598
0.378967
0.378386
0.377891
0.377346
0.376782
0.376384
0.376241
0.37595
0.375648
0.375299
0.37496
0.374838
0.374674
0.37426
0.374068
0.374014
0.373918
0.37341
0.373354
0.373272
0.372948
0.372664
0.372713
0.372442
0.372358
0.372072
0.371989
0.371845
0.371638
0.371312
0.371205
0.371094
0.370855
0.370667
0.370384
0.370337
0.370293
0.37003
0.370049
0.369802
0.369828
0.36954
0.369613
0.369322
0.369502
0.369371
0.369585
0.368968
0.369777
0.36916
0.368793
0.368967
0.368592
0.369026
0.368519
0.368394
0.36822
0.368198
0.368444
0.368079
0.367964
0.367927
0.367766
0.367514
0.367679
0.367747
0.367595
0.367668
0.367528
0.367326
0.36745
0.367243
0.36736
0.367203
0.367323
0.367479
0.367437
0.367378
0.367219
0.367304
0.367344
0.367224
0.367301
0.367223
0.367206
0.367886
0.367573
0.367208
0.367013
0.366917
0.36692
0.366759
0.367517
0.366893
0.366742
0.366687
0.36826
0.367668
0.367793
0.367983
0.367646
0.367673
0.367528
0.368118
0.367525
0.36717
0.367008
0.366996
0.366861
0.3668
0.366805
0.366687
0.366701
0.366617
0.366604
0.366472
0.366509
0.366424
0.367249
0.366637
0.366292
0.366377
0.366251
0.366977
0.366409
0.366323
0.366243
0.366221
0.366294
0.366158
0.36611
0.366182
0.366432
0.366551
0.36602
0.36614
0.366157
0.366047
0.366127
0.366126
0.366144
0.366041
0.366111
0.365964
0.36611
0.365959
0.366066
0.366194
0.366037
0.365874
0.365812
0.365863
0.36595
0.366015
0.365898
0.365787
0.365856
0.365724
0.365789
0.365978
0.365801
0.365932
0.366661
0.367721
0.368416
0.369532
0.370277
0.372302
0.372776
0.37328
0.37461
0.374994
0.375818
0.376213
0.382546
0.383256
0.381352
0.381318
0.405696
0.406035
0.406437
0.406794
0.407196
0.407551
0.434024
0.434464
0.415529
0.415882
0.409458
0.383946
0.381311
0.37593
0.368317
0.362049
0.359007
0.355334
0.354007
0.352509
0.352674
0.353366
0.354596
0.356574
0.35836
0.361114
0.363212
0.366117
0.368195
0.371051
0.372754
0.375231
0.377215
0.378515
0.379559
0.381087
0.381753
0.382306
0.382693
0.382931
0.38308
0.383178
0.383184
0.382948
0.382927
0.382652
0.382346
0.382284
0.382172
0.381751
0.381767
0.381724
0.381648
0.38176
0.381922
0.381951
0.3821
0.382129
0.382399
0.382603
0.382688
0.382947
0.383156
0.383328
0.383519
0.383746
0.383939
0.384077
0.384195
0.384326
0.384522
0.384554
0.384496
0.384765
0.384953
0.385041
0.385069
0.385146
0.385246
0.385179
0.385288
0.3854
0.385486
0.38556
0.385592
0.385541
0.385624
0.38578
0.385773
0.385756
0.385863
0.385794
-0.785257
-0.787695
-0.789515
-0.789231
-0.764337
-0.738615
-0.705331
-0.639465
-0.58769
-0.507119
-0.450297
-0.365297
-0.307726
-0.233864
-0.182926
-0.12314
-0.0865943
-0.0395314
-0.0134613
0.0189798
