0
4.94785
0
0
0
0
0
0
0
0
0
0
0
0
0
0
0
0
0
0
0
0
0
0
8.70236e-06
8.70236e-06
-1.72853e-05
-1.72853e-05
-0.00064981
-0.00159776
-0.00806904
-0.0175527
-0.0359669
-0.0546416
-0.0914639
-0.121912
-0.176116
-0.217596
-0.28708
-0.370996
-0.41939
-0.477067
-0.567633
-0.630263
-0.735069
-0.792742
-0.893117
-0.960826
-1.07174
-1.13175
-1.24343
-1.30357
-1.41509
-1.51767
-1.58579
-1.68751
-1.75499
-1.85572
-1.92255
-1.98081
-2.08852
-2.17919
-2.25308
-2.35125
-2.41649
-2.51407
-2.57896
-2.66799
-2.74069
-2.8294
-2.92601
-2.99837
-3.06264
-3.15092
-3.24714
-3.31926
-3.38332
-3.47137
-3.54337
-3.72727
-3.72727
-3.7912
-3.8631
-3.95895
-4.02283
-4.11863
-4.20642
-4.27824
-4.36599
-4.4617
-4.52549
-4.59724
-4.68491
-4.75662
-4.84424
-4.91591
-5.01143
-5.06714
-5.1626
-5.23418
-5.32957
-5.3852
-5.48053
-5.552
-5.67106
-5.71073
-5.79797
-5.89311
-5.95651
-6.01989
-6.11491
-6.18616
-6.27319
-6.33647
-6.43135
-6.52618
-6.59727
-6.68413
-6.74728
-6.84196
-6.90506
-6.99968
-7.06273
-7.15727
-7.22027
-7.31474
-7.3777
-7.47211
-7.53502
-7.62935
-7.69222
-7.79435
-7.84932
-7.94352
-8.0063
-8.10044
-8.19454
-8.25725
-8.31994
-8.42179
-8.47661
-8.57055
-8.63317
-8.73487
-8.78962
-8.91471
-8.94597
-9.03974
-9.13346
-9.19589
-9.2893
-9.35128
-9.44343
-9.54165
-9.59362
-9.68793
-9.73734
-9.79249
-9.84609
-9.92338
-10.0026
-10.0432
-10.3278
-10.3278
-10.3286
-10.3295
-10.33
-10.3308
-10.3313
-10.3321
-10.3325
-10.3333
-10.3339
-10.3342
-10.335
-10.3355
-10.3359
-10.3365
-10.337
-10.3376
-10.338
-10.339
-10.339
-10.3396
-10.3405
-10.3407
-10.3411
-10.3418
-10.3422
-10.3428
-10.3433
-10.344
-10.3758
-10.3973
-10.3974
-10.3977
-10.398
-10.3983
-10.3986
-10.3989
-10.3991
-10.3994
-10.3996
-10.3999
-10.4002
-10.4007
-10.4007
-10.4009
-10.4012
-10.4015
-10.4017
-10.4019
-10.4022
-10.4024
-10.4027
-10.403
-10.4032
-10.4035
-10.4037
-10.4039
-10.4042
-10.4045
-10.4048
-10.4048
-10.4051
-10.4054
-10.4056
-10.4058
-10.4061
-10.4063
-10.4066
-10.4067
-10.407
-10.4072
-10.4073
-10.4076
-10.4077
-10.408
-10.4082
-10.4084
-10.4087
-10.4088
-10.4091
-10.4093
-10.4095
-10.4096
-10.4098
-10.41
-10.4102
-10.4104
-10.4105
-10.4107
-10.411
-10.4112
-10.4114
-10.4115
-10.4118
-10.4119
-10.4121
-10.4123
-10.4125
-10.4126
-10.4128
-10.4129
-10.4132
-10.4134
-10.4135
-10.4136
-10.4139
-10.414
-10.4142
-10.4143
-10.4145
-10.4146
-10.4148
-10.415
-10.4151
-10.4153
-10.4154
-10.4156
-10.4158
-10.4159
-10.4161
-10.4162
-10.4164
-10.4165
-10.4167
-10.4168
-10.417
-10.4171
-10.4173
-10.4174
-10.4176
-10.4177
-10.4178
-10.4179
-10.4181
-10.4182
-10.4183
-10.4185
-10.4186
-10.4187
-10.4189
-10.419
-10.4192
-10.4193
-10.4194
-10.4196
-10.4197
-10.4198
-10.4199
-10.4201
-10.4202
-10.4203
-10.4204
-10.4205
-10.4206
-10.4207
-10.4209
-10.4209
-10.4211
-10.4212
-10.4213
-10.4214
-10.4215
-10.4216
-10.4218
-10.4219
-10.422
-10.4221
-10.4222
-10.4223
-10.4225
-10.4225
-10.4226
-10.4227
-10.4228
-10.4229
-10.423
-10.4231
-10.4232
-10.4233
-10.4234
-10.4235
-10.4236
-10.4237
-10.4238
-10.4239
-10.424
-10.4241
-10.4242
-10.4243
-10.4244
-10.4245
-10.4245
-10.4247
-10.4247
-10.4249
-10.4249
-10.425
-10.4251
-10.4252
-10.4253
-10.4254
-10.4254
-10.4255
-10.4256
-10.4257
-10.4257
-10.4258
-10.4259
-10.426
-10.4261
-10.4261
-10.4262
-10.4263
-10.4264
-10.4265
-10.4265
-10.4266
-10.4267
-10.4267
-10.4268
-10.427
-10.427
-10.4272
-10.4272
-10.4274
-10.4274
-10.4276
-10.4276
-10.4276
-10.4277
-10.4277
-10.4279
-10.4279
-10.4279
-10.4279
-10.428
-10.4281
-10.4281
-10.4282
-10.4283
-10.4283
-10.4284
-10.4284
-10.4285
-10.4286
-10.4286
-10.4287
-10.4287
-10.4288
-10.4288
-10.4289
-10.429
-10.429
-10.4291
-10.4291
-10.4292
-10.4292
-10.4293
-10.4293
-10.4294
-10.4295
-10.4295
-10.4296
-10.4296
-10.4297
-10.4297
-10.4298
-10.4298
-10.4299
-10.43
-10.43
-10.4301
-10.4301
-10.4302
-10.4303
-10.4303
-10.4303
-10.4304
-10.4304
-10.4305
-10.4305
-10.4305
-10.4306
-10.4306
-10.4327
-10.4343
-10.4391
-10.4514
-10.4649
-10.4869
-10.5175
-10.5447
-10.5827
-10.6133
-10.6631
-10.7167
-10.7353
-10.7924
-10.851
-10.8905
-10.9496
-10.9887
-11.0466
-11.0845
-11.1403
-11.1766
-11.23
-11.2648
-11.3159
-11.3494
-11.3989
-11.4517
-11.4799
-11.512
-11.5599
-11.6078
-11.6399
-11.6719
-11.7203
-11.7689
-11.8342
-11.8342
-11.8836
-11.9166
-11.9664
-11.9997
-12.0499
-12.1001
-12.1336
-12.1672
-12.2175
-12.2679
-12.3224
-12.3349
-12.3893
-12.4353
-12.4687
-12.5021
-12.5521
-12.6021
-12.6354
-12.6686
-12.7352
-12.7684
-12.8183
-12.8349
-12.9014
-12.9347
-12.9888
-13.0179
-13.0512
-13.1012
-13.1553
-13.1845
-13.2387
-13.2679
-13.318
-13.3514
-13.4056
-13.4349
-13.4892
-13.5184
-13.5727
-13.6019
-13.6563
-13.6855
-13.7357
-13.7691
-13.8234
-13.8527
-13.9071
-13.9531
-13.9907
-14.02
-14.1581
-14.1581
-14.1581
-14.2083
-14.2418
-14.2712
-14.3256
-14.4387
-14.4387
-14.5435
-14.5561
-14.5561
-14.64
-14.64
-14.7449
-14.7575
-14.7575
-14.8415
-14.8415
-14.9423
-14.9423
-15.0095
-15.0095
-15.0473
-15.0809
-15.1314
-15.165
-15.2155
-15.245
-15.3124
-15.3503
-15.384
-15.4177
-15.4641
-15.5021
-15.5527
-15.5864
-15.6329
-15.6709
-15.7216
-15.7554
-15.8019
-15.8526
-15.8907
-15.9372
-15.9753
-16.0261
-16.0599
-16.0938
-16.1404
-16.1785
-16.2294
-16.276
-16.3269
-16.3608
-16.3947
-16.4457
-16.4796
-16.5306
-16.5645
-16.6155
-16.6495
-16.7005
-16.7388
-16.7856
-16.8239
-16.8707
-16.909
-16.9558
-16.9899
-17.041
-17.0964
-17.1263
-17.1774
-17.2116
-17.2628
-17.2969
-17.3481
-17.3823
-17.4165
-17.4677
-17.519
-17.5532
-17.5917
-17.6388
-17.6773
-17.7244
-17.7758
-17.81
-17.8615
-17.8957
-17.9472
-17.9987
-18.033
-18.0673
-18.1231
-18.1532
-18.2047
-18.2563
-18.2907
-18.3251
-18.3767
-18.4111
-18.4627
-18.4972
-18.5488
-18.5833
-18.635
-18.6695
-18.7255
-18.7557
-18.8118
-18.8593
-18.8938
-18.9284
-18.9802
-19.0148
-19.0667
-19.1013
-19.1532
-19.2051
-19.257
-19.2744
-19.361
-19.3783
-19.413
-19.4477
-19.5041
-19.5518
-19.5865
-19.6213
-19.6777
-19.7255
-19.7603
-19.795
-19.8472
-19.8994
-19.956
-19.9691
-20.0431
-20.0736
-20.1084
-20.2174
-20.2174
-20.2698
-20.3047
-20.3571
-20.392
-20.4226
-20.4751
-20.51
-20.5669
-20.5975
-20.6544
-20.7069
-20.7376
-20.7901
-20.8296
-20.8822
-20.9172
-20.9655
-21.005
-21.0357
-21.0928
-21.1455
-21.1807
-21.2114
-21.2686
-21.2994
-21.3566
-21.3874
-21.4446
-21.4931
-21.5328
-21.6209
-21.6518
-21.7092
-21.7224
-21.7401
-21.7975
-21.8461
-21.8858
-21.9389
-21.9742
-22.0273
-22.0627
-22.1158
-22.1513
-22.2
-22.2399
-22.2931
-22.3419
-22.3774
-22.4173
-22.4706
-22.5061
-22.5594
-22.6083
-22.6483
-22.6839
-22.7329
-22.8041
-22.8219
-22.862
-22.9155
-22.9511
-23.0046
-23.076
-23.0894
-23.1429
-23.1831
-23.2189
-23.268
-23.3082
-23.3574
-23.3932
-23.4469
-23.4872
-23.5409
-23.5902
-23.6261
-23.6798
-23.7202
-23.7696
-23.81
-23.8998
-23.9357
-23.9357
-23.9896
-24.0256
-24.0976
-24.1471
-24.1696
-24.2191
-24.2597
-24.3092
-24.3453
-24.3994
-24.44
-24.4942
-24.5258
-24.58
-24.6342
-24.6703
-24.711
-24.7608
-24.8015
-24.8513
-24.9237
-24.9418
-25.0506
-25.0506
-25.1096
-25.1232
-25.1777
-25.214
-25.2685
-25.3048
-25.3593
-25.3957
-25.4503
-25.4867
-25.5276
-25.5777
-25.6187
-25.6688
-25.7098
-25.7782
-25.8147
-25.8512
-25.8923
-25.9425
-25.9973
-26.0385
-26.0888
-26.1254
-26.1803
-26.2169
-26.2535
-26.3085
-26.3634
-26.4001
-26.4597
-26.4918
-26.5469
-26.5836
-26.6387
-26.6755
-26.7306
-26.7674
-26.8226
-26.8778
-26.9146
-26.9561
-27.0067
-27.0436
-27.0989
-27.1358
-27.1911
-27.2465
-27.2834
-27.3389
-27.3758
-27.4174
-27.4683
-27.5053
-27.5608
-27.6163
-27.6534
-27.695
-27.746
-27.7831
-27.8387
-27.8805
-27.9315
-27.9872
-28.0244
-28.0615
-28.1359
-28.1545
-28.2103
-28.2661
-28.3267
-28.3406
-28.3965
-28.4571
-28.4897
-28.5457
-28.583
-28.6203
-28.6763
-28.7324
-28.7698
-28.8118
-28.8632
-28.9194
-28.9568
-28.9942
-29.0504
-29.1066
-29.1816
-29.3552
-29.3693
-29.388
-29.4491
-29.482
-29.5431
-29.576
-29.6512
-29.67
-29.7311
-29.7688
-29.8252
-29.8582
-29.9194
-29.9524
-30.0137
-30.0655
-30.108
-30.141
-30.2024
-30.259
-30.2968
-30.3299
-30.3914
-30.4292
-30.486
-30.5428
-30.5807
-30.6517
-30.6754
-30.7465
-30.7702
-30.8414
-30.9363
-30.9363
-30.9601
-31.0694
-31.0884
-31.1121
-31.1645
-31.3405
-31.3548
-31.3548
-31.3739
-31.4311
-31.4692
-31.493
-31.7364
-31.7364
-31.7937
-31.7937
-31.8511
-31.8893
-31.9898
-31.9898
-32.0232
-32.0807
-32.119
-32.1381
-32.2004
-32.3682
-32.4066
-32.4497
-32.5218
-32.6371
-32.6563
-32.7332
-32.8294
-32.8727
-32.8727
-32.9064
-33.0268
-33.0412
-33.2726
-33.2918
-33.3304
-33.3304
-33.369
-33.369
-33.4511
-33.4847
-33.5466
-33.6918
-33.7105
-33.7105
-33.7479
-33.7479
-33.8276
-33.8986
-33.8986
-33.9559
-34.0185
-34.0524
-34.1304
-34.15
-34.1892
-34.268
-34.3124
-34.3864
-34.4111
-34.4851
-34.5048
-34.5687
-34.608
-34.6424
-34.6816
-34.7207
-34.7794
-34.8379
-34.8964
-34.9354
-34.9988
-35.0719
-35.0963
-35.1304
-35.1938
-35.228
-35.3061
-35.3844
-35.3844
-35.4627
-35.5019
-35.5215
-35.5852
-35.6589
-35.6982
-35.7375
-35.7768
-35.8407
-35.8949
-35.9391
-35.9785
-36.013
-36.077
-36.1312
-36.1904
-36.2298
-36.2889
-36.3877
-36.3877
-36.4272
-36.4716
-36.5259
-36.5704
-36.6248
-36.6692
-36.7286
-36.8821
-36.8821
-36.9663
-37.3981
-37.4229
-37.673
-37.673
-37.673
-37.673
-37.6916
-37.6916
-37.9007
-37.9099
-38.0409
-38.0409
-38.1935
-38.2111
-38.3601
-38.3601
-38.3601
-38.5498
-38.5498
-38.6381
-38.6381
-38.7173
-38.7173
-39.1812
-39.1812
-39.1812
-39.2002
-39.219
-39.3451
-39.3572
-39.5001
-39.5001
-39.5365
-39.5819
-39.6198
-39.6717
-39.7206
-39.7984
-39.8124
-39.8691
-39.9075
-39.9905
-40.0054
-40.0651
-40.1052
-40.1455
-40.1861
-40.2523
-40.3086
-40.3547
-40.4112
-40.4575
-40.514
-40.5963
-40.6169
-40.6632
-40.7196
-40.7812
-40.8222
-40.9245
-40.9245
-40.9858
-41.0267
-41.0674
-41.1286
-41.215
-41.2303
-41.2913
-41.3522
-41.3775
-41.4333
-41.4992
-41.5347
-41.5955
-41.636
-41.6968
-41.7575
-41.8232
-41.8435
-41.8991
-41.9396
-42.0003
-42.0458
-42.1015
-42.1419
-42.2026
-42.2431
-42.3088
-42.3645
-42.405
-42.4454
-42.5061
-42.5921
-42.6275
-42.6477
-42.7286
-42.769
-42.8094
-42.8498
-42.9104
-42.9508
-43.0519
-43.0519
-43.1125
-43.1529
-43.2135
-43.2539
-43.3145
-43.3549
-43.4155
-43.4559
-43.5165
-43.5771
-43.6428
-43.8193
-43.8193
-43.8596
-44.021
-44.0412
-44.1068
-44.1421
-44.1824
-44.248
-44.3085
-44.3639
-44.4093
-44.4446
-44.5102
-44.5505
-44.6111
-44.6514
-44.7119
-44.7523
-44.8077
-44.853
-44.9134
-44.9537
-45.0091
-45.0544
-45.1551
-45.1702
-45.2105
-45.2709
-45.3112
-45.3716
-45.4169
-45.4723
-45.5177
-45.573
-45.6133
-45.6586
-45.7594
-45.7745
-45.8147
-45.8601
-45.9154
-45.9759
-46.0162
-46.0766
-46.1218
-46.157
-46.2375
-46.2777
-46.338
-46.3783
-46.4235
-46.4989
-46.5241
-46.5995
-46.6397
-46.6799
-46.7252
-46.7805
-46.8408
-46.9062
-46.9263
-46.9816
-47.0218
-47.0822
-47.1224
-47.2229
-47.2229
-47.2833
-47.3285
-47.3838
-47.4291
-47.4844
-47.5246
-47.5849
-47.6704
-47.6855
-47.7458
-47.7659
-47.8262
-47.8864
-47.9316
-47.9868
-48.0722
-48.0872
-48.1475
-48.2077
-48.2529
-48.2881
-48.3483
-48.3885
-48.4487
-48.4889
-48.5491
-48.5893
-48.6696
-48.6897
-48.7499
-48.7901
-48.8503
-48.8905
-48.9708
-48.9909
-49.0561
-49.0913
-49.1515
-49.2118
-49.2519
-49.2921
-49.3523
-49.3925
-49.4527
-49.4929
-49.5581
-49.5933
-49.6535
-49.6937
-49.7539
-49.7941
-49.8543
-49.9146
-49.9598
-50.015
-50.0752
-50.0953
-50.1555
-50.2156
-50.2557
-50.2958
-50.356
-50.4412
-50.4562
-50.4963
-50.5565
-50.6166
-50.6768
-50.7169
-50.757
-50.8171
-50.8572
-50.8973
-50.9575
-51.0377
-51.0577
-51.1179
-51.158
-51.2232
-51.2833
-51.3435
-51.3836
-51.4437
-51.4988
-51.5189
-51.564
-51.6191
-51.6843
-51.7595
-51.7846
-51.8397
-51.8848
-51.9199
-51.98
-52.0201
-52.0853
-52.1204
-52.1856
-52.2206
-52.2858
-52.346
-52.3861
-52.4462
-52.4863
-52.5214
-52.5615
-52.6216
-52.6868
-52.7219
-52.7871
-52.8221
-52.8873
-52.9224
-52.9876
-53.0226
-53.0878
-53.1229
-53.1881
-53.2231
-53.2883
-53.3234
-53.3886
-53.4236
-53.4888
-53.549
-53.5891
-53.6442
-53.6893
-53.7244
-53.7896
-53.8447
-53.8898
-53.95
-54.0651
-54.0651
-54.0901
-54.1452
-54.1902
-54.2453
-54.3053
-54.3504
-54.3904
-54.4505
-54.4905
-54.5506
-54.5906
-54.6457
-54.6907
-54.7508
-54.7908
-54.8459
-54.8909
-54.951
-54.991
-55.0461
-55.0911
-55.1512
-55.2062
-55.2913
-55.3063
-55.3513
-55.4064
-55.4514
-55.4915
-55.5515
-55.6116
-55.6466
-55.6917
-55.7517
-55.8068
-55.8468
-55.9069
-55.9469
-56.007
-56.047
-56.1121
-56.1671
-56.2072
-56.2672
-56.3073
-56.3523
-56.4474
-56.4674
-56.5475
-56.5675
-56.6476
-56.6676
-56.7477
-56.7727
-56.8728
-56.8728
-56.9879
-56.9879
-57.1681
-57.1681
-57.4084
-57.4284
-57.5884
-57.5884
-57.7785
-57.7959
-57.8129
-57.9795
-57.9795
-58.0997
-58.0997
-58.243
-58.2589
-58.4362
-58.4362
-58.6278
-58.6427
-58.8442
-58.8442
-59.0236
-59.037
-59.1918
-59.2056
-59.3302
-59.3302
-59.485
-59.485
-59.6611
-59.6985
-59.8729
-59.8928
-60.0948
-60.0948
-60.2997
-60.2997
-60.5254
-60.5254
-60.5254
-60.7703
-60.7906
-60.9327
-60.958
-60.958
-60.958
-61.1601
-61.1601
-61.3567
-61.3769
-61.5783
-61.6035
-62.2673
-62.2673
-62.2673
-62.2673
-62.268
-62.268
-62.2678
-62.2662
-62.2644
-62.2631
-62.2654
-62.2697
-62.2812
-62.294
-62.3146
-62.333
-62.3541
-62.3907
-62.418
-62.4631
-62.4956
-62.5475
-62.6026
-62.6409
-62.6802
-62.7664
-62.8079
-62.887
-62.887
-62.9511
-63.021
-63.0587
-63.1019
-63.1666
-63.2526
-63.274
-63.3168
-63.3808
-63.4867
-63.4867
-63.6542
-63.6542
-63.7838
-63.7838
-64.03
-64.03
-64.03
-64.1677
-64.1677
-64.188
-64.2338
-64.31
-64.371
-64.3913
-64.4522
-64.4928
-64.5537
-64.5994
-64.6552
-64.6958
-64.7414
-64.7972
-64.8581
-64.9038
-64.9596
-65.0052
-65.0661
-65.1067
-65.1625
-65.2082
-65.264
-65.3249
-65.3655
-65.4264
-65.467
-65.5075
-65.5735
-65.6141
-65.6699
-65.7308
-65.7714
-65.817
-65.8728
-65.9743
-65.9743
-66.0351
-66.0756
-66.1364
-66.1769
-66.2377
-66.2985
-66.3188
-66.3796
-66.4403
-66.4809
-66.5417
-66.5822
-66.643
-66.7038
-66.7443
-66.7848
-66.8709
-66.9064
-66.9469
-66.9875
-67.0482
-67.1088
-67.1492
-67.1896
-67.2553
-67.3108
-67.3563
-67.3916
-67.4522
-67.5129
-67.5785
-67.6139
-67.6795
-67.7351
-67.7805
-67.8159
-67.8816
-67.9169
-67.9826
-68.0432
-68.0583
-68.1189
-68.1846
-68.1997
-68.2856
-68.3462
-68.4422
-68.4422
-68.4876
-68.523
-68.5886
-68.6442
-68.6897
-68.7452
-68.7907
-68.826
-68.8917
-68.927
-68.9924
-69.0277
-69.0931
-69.1284
-69.1888
-69.2291
-69.2945
-69.3298
-69.3952
-69.4506
-69.496
-69.5513
-69.5916
-69.652
-69.6974
-69.7528
-69.793
-69.8585
-69.8938
-69.9542
-69.9995
-70.0599
-70.1153
-70.1606
-70.216
-70.2563
-70.3167
-70.357
-70.4174
-70.4628
-70.503
-70.5584
-70.6239
-70.6642
-70.7397
-70.7598
-70.8203
-70.8606
-70.921
-70.9663
-71.0217
-71.0821
-71.1224
-71.1828
-71.2231
-71.2684
-71.3238
-71.3641
-71.4245
-71.4849
-71.5252
-71.5655
-71.6258
-71.666
-71.7262
-71.7664
-71.8266
-71.8869
-71.927
-71.9873
-72.0274
-72.0877
-72.1278
-72.173
-72.2282
-72.2734
-72.3286
-72.3889
-72.429
-72.4943
-72.5294
-72.5897
-72.6298
-72.6951
-72.7503
-72.7905
-72.8306
-72.916
-72.931
-72.9913
-73.0314
-73.0967
-73.1318
-73.1921
-73.2323
-73.3126
-73.3527
-73.3929
-73.4331
-73.4933
-73.5535
-73.6188
-73.679
-73.6941
-73.7594
-73.7945
-73.8347
-73.8949
-73.9552
-73.9953
-74.0556
-74.1007
-74.156
-74.2162
-74.2363
-74.3015
-74.3568
-74.417
-74.4371
-74.4973
-74.6228
-74.6228
-74.6831
-74.7182
-74.7584
-74.8236
-74.8638
-74.924
-74.9592
-75.0194
-75.0596
-75.1248
-75.16
-75.2252
-75.2604
-75.3256
-75.3608
-75.426
-75.4863
-75.5265
-75.5817
-75.6269
-75.6821
-75.7273
-75.7825
-75.8226
-75.8879
-75.9281
-75.9632
-76.0285
-76.0887
-76.1289
-76.1891
-76.2243
-76.2895
-76.3297
-76.3849
-76.4301
-76.4903
-76.5453
-76.5854
-76.6304
-76.6855
-76.7305
-76.7856
-76.8256
-76.8856
-76.9307
-76.9857
-77.0308
-77.0908
-77.1509
-77.1909
-77.246
-77.291
-77.3511
-77.3861
-77.4462
-77.5063
-77.5463
-77.5863
-77.6464
-77.7065
-77.7465
-77.7865
-77.8466
-77.9066
-77.9467
-77.9867
-78.0468
-78.1118
-78.1469
-78.1919
-78.247
-78.292
-78.3471
-78.3871
-78.4472
-78.5072
-78.5473
-78.6073
-78.6474
-78.7074
-78.7675
-78.8075
-78.8476
-78.9076
-78.9677
-79.0077
-79.0478
-79.2329
-79.2329
-79.268
-79.333
-79.3931
-79.4331
-79.4682
-79.5332
-79.5683
-79.6333
-79.7334
-79.7484
-79.7685
-79.8485
-79.8686
-79.9336
-79.9887
-80.0287
-80.0688
-80.1338
-80.1689
-80.2339
-80.289
-80.334
-80.3891
-80.4341
-80.4942
-80.5492
-80.5893
-80.6343
-80.6894
-80.7294
-80.7895
-80.8345
-80.8695
-80.9346
-80.9897
-81.0297
-81.1949
-81.1949
-81.1949
-81.2349
-81.31
-81.355
-81.39
-81.4501
-81.4951
-81.5502
-81.7104
-81.7104
-81.7104
-81.7504
-81.7904
-81.8305
-81.8905
-81.9506
-81.9906
-82.0357
-82.1107
-82.1558
-82.2108
-82.2509
-82.2959
-82.351
-82.411
-82.4511
-82.4961
-82.5512
-82.5912
-82.6513
-82.6963
-82.8114
-82.8365
-82.8515
-82.8915
-82.9516
-82.9916
-83.0517
-83.0967
-83.1518
-83.2118
-83.2519
-83.2969
-83.352
-83.412
-83.4521
-83.5171
-83.5522
-83.5922
-83.6573
-83.7123
-83.7523
-83.7924
-83.8975
-83.9125
-83.9726
-84.0126
-84.0526
-84.1127
-84.1527
-84.2128
-84.2578
-84.3129
-84.3529
-84.413
-84.458
-84.5131
-84.5731
-84.6132
-84.6532
-84.7133
-84.7733
-84.8334
-84.8534
-84.9135
-84.9735
-85.0336
-85.0536
-85.1137
-85.1737
-85.2138
-85.2538
-85.3139
-85.3939
-85.414
-85.454
-85.5141
-85.5741
-85.6392
-85.7143
-85.7393
-85.7943
-85.8544
-85.8744
-85.9145
-85.9745
-86.0346
-86.1197
-86.1197
-86.1747
-86.2398
-86.2748
-86.3349
-86.3749
-86.44
-86.475
-86.5401
-86.5751
-86.6402
-86.6752
-86.7353
-86.8003
-86.8404
-86.9004
-86.9555
-86.9955
-87.0406
-87.1006
-87.1557
-87.2157
-87.2408
-87.3158
-87.3559
-87.3959
-87.456
-87.501
-87.5561
-87.5961
-87.6562
-87.7012
-87.7412
-87.8013
-87.8563
-87.9014
-87.9414
-87.9965
-88.0415
-88.1016
-88.1416
-88.2017
-88.2567
-88.2968
-88.3418
-88.4019
-88.4569
-88.497
-88.542
-88.6021
-88.6571
-88.6972
-88.7572
-88.7973
-88.8573
-88.9224
-88.9975
-89.0175
-89.0575
-89.1176
-89.1576
-89.2027
-89.2577
-89.3028
-89.3578
-89.4179
-89.4579
-89.523
-89.558
-89.6181
-89.6581
-89.7182
-89.7582
-89.8183
-89.8583
-89.9434
-89.9584
-90.0185
-90.0585
-90.1186
-90.1586
-90.2187
-90.2587
-90.3238
-90.3788
-90.4189
-90.4589
-90.5189
-90.579
-90.619
-90.6591
-90.7191
-90.7592
-90.8192
-90.8643
-90.9193
-90.9594
-91.0244
-91.0595
-91.1195
-91.1646
-91.2196
-91.2797
-91.3197
-91.3798
-91.4198
-91.4599
-91.5399
-91.58
-91.645
-91.6601
-91.7401
-91.8002
-91.8452
-91.8803
-91.9203
-91.9804
-92.0454
-92.0605
-92.1205
-92.1806
-92.2456
-92.2606
-92.3207
-92.3858
-92.4208
-92.4608
-92.5459
-92.581
-92.646
-92.6811
-92.7461
-92.8012
-92.8462
-92.8813
-92.9413
-93.0014
-93.0414
-93.0814
-93.1215
-93.1815
-93.2466
-93.2816
-93.3467
-93.3817
-93.4468
-93.4818
-93.5469
-93.5819
-93.662
-93.7071
-93.7821
-93.7821
-93.9223
-93.9223
-93.9473
-94.0224
-94.0474
-94.1475
-94.1625
-94.2075
-94.2476
-94.3076
-94.3827
-94.4077
-94.4478
-94.5028
-94.5429
-94.5829
-94.648
-94.708
-94.7481
-94.8031
-94.8482
-94.8832
-94.9483
-94.9833
-95.0434
-95.0834
-95.1485
-95.2085
-95.2636
-95.3086
-95.3487
-95.4087
-95.4638
-95.5088
-95.5639
-95.6089
-95.664
-95.7841
-95.8041
-95.8241
-95.8642
-95.9092
-95.9643
-96.0043
-96.1244
-96.1244
-96.1645
-96.2095
-96.4047
-96.4047
-96.4698
-96.5448
-96.5648
-96.6249
-96.6649
-96.7851
-96.7851
-96.8051
-96.8501
-96.9052
-96.9502
-97.0053
-97.0653
-97.1104
-97.1654
-97.2105
-97.2655
-97.3056
-97.3656
-97.4057
-97.5308
-97.5308
-97.5508
-97.6059
-97.6509
-97.766
-97.766
-97.806
-97.8511
-97.9061
-97.9662
-98.0062
-98.0463
-98.1064
-98.1864
-98.2465
-98.2465
-98.3116
-98.3666
-98.4066
-98.4667
-98.5117
-98.5668
-98.6068
-98.6669
-98.7069
-98.767
-98.807
-98.8671
-98.9272
-98.9672
-99.0072
-99.0523
-99.1123
-99.1674
-99.2274
-99.2675
-99.3125
-99.3676
-99.4076
-99.4677
-99.5327
-99.5678
-99.6278
-99.6679
-99.7329
-99.768
-99.828
-99.8681
-100.053
-100.068
-100.088
-100.268
-100.268
-100.569
-100.589
-100.826
-100.85
-101.1
-101.114
-101.394
-101.394
-101.394
-101.394
-101.394
-101.394
-101.593
-101.593
-101.697
-101.697
-101.741
-101.853
-101.869
-101.904
-101.957
-102.016
-102.049
-102.111
-102.145
-102.224
-102.269
-102.309
-102.344
-102.41
-102.446
-102.512
-102.548
-102.615
-102.65
-102.717
-102.753
-102.819
-102.881
-102.921
-102.957
-103.039
-103.084
-103.125
-103.16
-103.226
-103.287
-103.327
-103.362
-103.428
-103.463
-103.528
-103.583
-103.629
-103.664
-103.744
-103.784
-103.829
-103.89
-103.93
-103.965
-104.03
-104.065
-104.146
-104.186
-104.231
-104.291
-104.331
-104.387
-104.432
-104.487
-104.527
-104.587
-104.628
-104.693
-104.748
-104.788
-104.849
-104.934
-104.949
-104.994
-105.029
-105.095
-105.15
-105.19
-105.25
-105.295
-105.351
-105.391
-105.436
-105.496
-105.551
-105.592
-105.637
-105.697
-105.752
-105.792
-105.853
-105.898
-105.953
-105.998
-106.053
-106.114
-106.154
-106.194
-106.253
-106.298
-106.353
-106.393
-106.453
-106.498
-106.554
-106.599
-106.654
-106.694
-106.755
-106.795
-106.856
