0
0
0
0
0
0
0
0
0
0
0
0
0
0
0
0
0
0
0
0
0
0
0
0
0
0
0
0
0
0
0
0
0
0
0
0
0
0
0
0
0
0
0
0
0
0
0
0
0
0
0
0
0
0
0
0
0
0
0
0
0
0
0
0
0
0
0
0
0
0
0
0
0
0
0
0
0
0
0
0
0
0
0
0
0
0
0
0
0
0
0
0
0
0
0
0
0
0
0
0
0
0
0
0
0
0
0
0
0
0
0
0
0
0
0
0
0
0
0
0
0
0
0
0
0
0
0
0
0
0
0
0
0
0
0
0
0
0
0
0
0
0
0
0
0
0
0
0
0
0
0
0
0
0
0
0
0
0
0
0
0
0
0
0
0
0
0
0
0
0
0
0
0
0
0
0
0
0
0
0
0
0
0
0
0
0
0
0
0
0
0
0
-10.3758
-10.0432
-10.0432
-10.0432
-10.0432
-10.0432
-10.0432
-10.0432
-10.0432
-10.0432
-10.0432
-10.0432
-10.0432
-10.0432
-10.0432
-10.0432
-10.0432
-10.0432
-10.0432
-10.0432
-10.0432
-10.0432
-10.0432
-10.0432
-10.0432
-10.0432
-10.0432
-10.0432
-10.0432
-10.0432
-10.0432
-10.0432
-10.0432
-10.0432
-10.0432
-10.0432
-10.0432
-10.0432
-10.0432
-10.0432
-10.0432
-10.0432
-10.0432
-10.0432
-10.0432
-10.0432
-10.0432
-10.0432
-10.0432
-10.0432
-10.0432
-10.0432
-10.0432
-10.0432
-10.0432
-10.0432
-10.0432
-10.0432
-10.0432
-10.0432
-10.0432
-10.0432
-10.0432
-10.0432
-10.0432
-10.0432
-10.0432
-10.0432
-10.0432
-10.0432
-10.0432
-10.0432
-10.0432
-10.0432
-10.0432
-10.0432
-10.0432
-10.0432
-10.0432
-10.0432
-10.0432
-10.0432
-10.0432
-10.0432
-10.0432
-10.0432
-10.0432
-10.0432
-10.0432
-10.0432
-10.0432
-10.0432
-10.0432
-10.0432
-10.0432
-10.0432
-10.0432
-10.0432
-10.0432
-10.0432
-10.0432
-10.0432
-10.0432
-10.0432
-10.0432
-10.0432
-10.0432
-10.0432
-10.0432
-10.0432
-10.0432
-10.0432
-10.0432
-10.0432
-10.0432
-10.0432
-10.0432
-10.0432
-10.0432
-10.0432
-10.0432
-10.0432
-10.0432
-10.0432
-10.0432
-10.0432
-10.0432
-10.0432
-10.0432
-10.0432
-10.0432
-10.0432
-10.0432
-10.0432
-10.0432
-10.0432
-10.0432
-10.0432
-10.0432
-10.0432
-10.0432
-10.0432
-10.0432
-10.0432
-10.0432
-10.0432
-10.0432
-10.0432
-10.0432
-10.0432
-10.0432
-10.0432
-10.0432
-10.0432
-10.0432
-10.0432
-10.0432
-10.0432
-10.0432
-10.0432
-10.0432
-10.0432
-10.0432
-10.0432
-10.0432
-10.0432
-10.0432
-10.0432
-10.0432
-10.0432
-10.0432
-10.0432
-10.0432
-10.0432
-10.0432
-10.0432
-10.0432
-10.0432
-10.0432
-10.0432
-10.0432
-10.0432
-10.0432
-10.0432
-10.0432
-10.0432
-10.0432
-10.0432
-10.0432
-10.0432
-10.0432
-10.0432
-10.0432
-10.0432
-10.0432
-10.0432
-10.0432
-10.0432
-10.0432
-10.0432
-10.0432
-10.0432
-10.0432
-10.0432
-10.0432
-10.0432
-10.0432
-10.0432
-10.0432
-10.0432
-10.0432
-10.0432
-10.0432
-10.0432
-10.0432
-10.0432
-10.0432
-10.0432
-10.0432
-10.0432
-10.0432
-10.0432
-10.0432
-10.0432
-10.0432
-10.0432
-10.0432
-10.0432
-10.0432
-10.0432
-10.0432
-10.0432
-10.0432
-10.0432
-10.0432
-10.0432
-10.0432
-10.0432
-10.0432
-10.0432
-10.0432
-10.0432
-10.0432
-10.0432
-10.0432
-10.0432
-10.0432
-10.0432
-10.0432
-10.0432
-10.0432
-11.0891
-10.9717
-10.9659
-10.9642
-10.9649
-10.9654
-10.9689
-10.9799
-10.9926
-11.0136
-11.0432
-11.0699
-11.1073
-11.1375
-11.187
-11.2405
-11.2591
-11.3164
-11.3753
-11.415
-11.4746
-11.514
-11.5725
-11.6107
-11.667
-11.7037
-11.7575
-11.7925
-11.844
-11.8776
-11.9273
-11.9802
-12.0084
-12.0405
-12.0884
-12.1363
-12.1682
-12.2001
-12.2483
-12.2968
-12.3619
-12.3618
-12.411
-12.4439
-12.4936
-12.5268
-12.5768
-12.6269
-12.6604
-12.6939
-12.7442
-12.7945
-12.849
-12.8616
-12.916
-12.962
-12.9955
-13.0289
-13.079
-13.129
-13.1624
-13.1957
-13.2623
-13.2956
-13.3456
-13.3622
-13.4288
-13.462
-13.5162
-13.5453
-13.5786
-13.6286
-13.6828
-13.712
-13.7662
-13.7954
-13.8455
-13.8789
-13.9332
-13.9625
-14.0168
-14.0461
-14.1004
-14.1296
-14.184
-14.2133
-14.2635
-14.2969
-14.3513
-14.3806
-14.435
-14.4811
-14.5187
-14.548
-14.6864
-14.6863
-14.6863
-14.7365
-14.77
-14.7994
-14.8539
-14.9672
-14.9671
-15.0721
-15.0846
-15.0846
-15.1686
-15.1685
-15.2736
-15.2862
-15.2862
-15.3703
-15.3703
-15.4713
-15.4713
-15.5386
-15.5386
-15.5765
-15.6102
-15.6607
-15.6944
-15.7449
-15.7744
-15.8419
-15.8799
-15.9136
-15.9474
-15.9938
-16.0318
-16.0825
-16.1163
-16.1628
-16.2009
-16.2517
-16.2855
-16.332
-16.3828
-16.4209
-16.4675
-16.5056
-16.5564
-16.5903
-16.6242
-16.6709
-16.709
-16.7599
-16.8065
-16.8575
-16.8914
-16.9254
-16.9764
-17.0104
-17.0614
-17.0954
-17.1464
-17.1804
-17.2315
-17.2697
-17.3166
-17.3549
-17.4017
-17.44
-17.4869
-17.521
-17.5722
-17.6277
-17.6575
-17.7087
-17.7429
-17.7941
-17.8283
-17.8795
-17.9137
-17.9479
-17.9992
-18.0505
-18.0848
-18.1233
-18.1704
-18.2089
-18.2561
-18.3075
-18.3418
-18.3932
-18.4275
-18.479
-18.5305
-18.5649
-18.5992
-18.6551
-18.6851
-18.7368
-18.7883
-18.8228
-18.8572
-18.9088
-18.9432
-18.9949
-19.0293
-19.0811
-19.1155
-19.1673
-19.2018
-19.2579
-19.2881
-19.3442
-19.3918
-19.4263
-19.4609
-19.5128
-19.5473
-19.5993
-19.6338
-19.6858
-19.7378
-19.7898
-19.8071
-19.8938
-19.9112
-19.9458
-19.9805
-20.037
-20.0847
-20.1195
-20.1541
-20.2107
-20.2585
-20.2933
-20.3281
-20.3804
-20.4326
-20.4892
-20.5022
-20.5763
-20.6068
-20.6417
-20.7508
-20.7508
-20.8032
-20.8382
-20.8906
-20.9256
-20.9561
-21.0086
-21.0435
-21.1004
-21.1311
-21.188
-21.2406
-21.2713
-21.3239
-21.3633
-21.4159
-21.451
-21.4993
-21.5388
-21.5695
-21.6267
-21.6794
-21.7145
-21.7454
-21.8026
-21.8334
-21.8906
-21.9216
-21.9787
-22.0275
-22.0666
-22.1555
-22.1857
-22.2418
-22.2576
-22.2746
-22.3314
-22.3806
-22.4202
-22.4733
-22.5088
-22.5619
-22.5973
-22.6504
-22.6858
-22.7346
-22.7745
-22.8278
-22.8766
-22.912
-22.952
-23.0054
-23.0409
-23.0942
-23.1432
-23.1832
-23.2188
-23.2678
-23.3391
-23.3568
-23.397
-23.4505
-23.4862
-23.5397
-23.6111
-23.6245
-23.6781
-23.7183
-23.7541
-23.8032
-23.8435
-23.8927
-23.9285
-23.9823
-24.0226
-24.0763
-24.1256
-24.1615
-24.2153
-24.2558
-24.3051
-24.3456
-24.4355
-24.4714
-24.4714
-24.5253
-24.5613
-24.6334
-24.6829
-24.7054
-24.7549
-24.7955
-24.8451
-24.8812
-24.9353
-24.976
-25.0302
-25.0617
-25.116
-25.1702
-25.2064
-25.2471
-25.2969
-25.3377
-25.3875
-25.46
-25.4781
-25.587
-25.5869
-25.646
-25.6595
-25.714
-25.7504
-25.8049
-25.8413
-25.8958
-25.9322
-25.9868
-26.0232
-26.0642
-26.1143
-26.1553
-26.2055
-26.2465
-26.315
-26.3515
-26.388
-26.4291
-26.4794
-26.5342
-26.5754
-26.6257
-26.6623
-26.7172
-26.7539
-26.7905
-26.8455
-26.9005
-26.9372
-26.9969
-27.029
-27.0841
-27.1208
-27.176
-27.2127
-27.2679
-27.3047
-27.36
-27.4152
-27.452
-27.4935
-27.5442
-27.5811
-27.6364
-27.6733
-27.7287
-27.7841
-27.8211
-27.8766
-27.9135
-27.9551
-28.006
-28.043
-28.0986
-28.1541
-28.1912
-28.2329
-28.2839
-28.321
-28.3767
-28.4185
-28.4695
-28.5253
-28.5624
-28.5996
-28.674
-28.6926
-28.7485
-28.8043
-28.8649
-28.8788
-28.9348
-28.9954
-29.028
-29.084
-29.1213
-29.1587
-29.2147
-29.2708
-29.3082
-29.3503
-29.4017
-29.4579
-29.4953
-29.5328
-29.589
-29.6453
-29.7203
-29.8941
-29.9082
-29.927
-29.9881
-30.0209
-30.0821
-30.115
-30.1902
-30.209
-30.2702
-30.3078
-30.3643
-30.3973
-30.4585
-30.4915
-30.5528
-30.6047
-30.6472
-30.6802
-30.7416
-30.7983
-30.8361
-30.8692
-30.9307
-30.9685
-31.0253
-31.0822
-31.1201
-31.1912
-31.2149
-31.286
-31.3097
-31.3809
-31.476
-31.4759
-31.4997
-31.6091
-31.6281
-31.6518
-31.7042
-31.8805
-31.8947
-31.8947
-31.9137
-31.9709
-32.0091
-32.0329
-32.2766
-32.2765
-32.3339
-32.3338
-32.3912
-32.4295
-32.53
-32.5299
-32.5634
-32.6209
-32.6592
-32.6783
-32.7406
-32.9086
-32.947
-32.9902
-33.0623
-33.1777
-33.1969
-33.2739
-33.3702
-33.4135
-33.4134
-33.4471
-33.5676
-33.582
-33.8136
-33.8329
-33.8715
-33.8714
-33.91
-33.9099
-33.992
-34.0256
-34.0875
-34.2329
-34.2515
-34.2514
-34.2888
-34.2887
-34.3685
-34.4395
-34.4395
-34.4968
-34.5594
-34.5933
-34.6714
-34.6909
-34.7302
-34.809
-34.8534
-34.9275
-34.9522
-35.0262
-35.0459
-35.1099
-35.1492
-35.1835
-35.2227
-35.2619
-35.3206
-35.3792
-35.4377
-35.4768
-35.5402
-35.6134
-35.6378
-35.6719
-35.7353
-35.7695
-35.8477
-35.926
-35.9259
-36.0043
-36.0435
-36.0631
-36.1269
-36.2006
-36.2399
-36.2792
-36.3185
-36.3825
-36.4367
-36.481
-36.5204
-36.5548
-36.6189
-36.6731
-36.7323
-36.7717
-36.8309
-36.9298
-36.9297
-36.9692
-37.0136
-37.068
-37.1125
-37.1669
-37.2114
-37.2708
-37.4244
-37.4244
-37.5087
-37.9411
-37.9659
-38.2163
-38.2163
-38.2162
-38.2161
-38.2347
-38.2347
-38.444
-38.4531
-38.5846
-38.5845
-38.7399
-38.7578
-38.9106
-38.9105
-38.9104
-39.1053
-39.1052
-39.195
-39.1949
-39.2748
-39.2747
-39.7387
-39.7385
-39.7384
-39.7572
-39.7757
-39.901
-39.9129
-40.0548
-40.0547
-40.0908
-40.1358
-40.1735
-40.2252
-40.2739
-40.3515
-40.3654
-40.4221
-40.4604
-40.5435
-40.5582
-40.6179
-40.658
-40.6983
-40.7387
-40.8048
-40.8609
-40.9069
-40.9631
-41.0092
-41.0654
-41.1473
-41.1676
-41.2136
-41.2697
-41.3309
-41.3716
-41.4734
-41.4733
-41.5342
-41.5748
-41.6153
-41.6762
-41.7623
-41.7775
-41.8383
-41.899
-41.9243
-41.98
-42.0457
-42.0811
-42.1419
-42.1824
-42.2431
-42.3038
-42.3696
-42.3898
-42.4454
-42.4859
-42.5466
-42.5922
-42.6478
-42.6883
-42.749
-42.7895
-42.8553
-42.911
-42.9514
-42.9919
-43.0527
-43.1387
-43.1741
-43.1943
-43.2753
-43.3157
-43.3561
-43.3966
-43.4572
-43.4976
-43.5988
-43.5987
-43.6594
-43.6999
-43.7607
-43.8014
-43.8622
-43.9029
-43.9638
-44.0044
-44.0653
-44.1262
-44.1921
-44.3692
-44.3693
-44.4099
-44.5717
-44.5921
-44.6579
-44.6933
-44.7339
-44.7996
-44.8603
-44.916
-44.9616
-44.997
-45.0627
-45.1032
-45.1639
-45.2044
-45.2651
-45.3055
-45.3611
-45.4065
-45.4671
-45.5075
-45.5631
-45.6085
-45.7094
-45.7246
-45.765
-45.8256
-45.866
-45.9265
-45.972
-46.0275
-46.0729
-46.1284
-46.1688
-46.2142
-46.3151
-46.3303
-46.3707
-46.4161
-46.4716
-46.5321
-46.5725
-46.633
-46.6784
-46.7137
-46.7943
-46.8346
-46.895
-46.9354
-46.9807
-47.0563
-47.0815
-47.157
-47.1973
-47.2377
-47.283
-47.3384
-47.3988
-47.4643
-47.4845
-47.5399
-47.5802
-47.6406
-47.6809
-47.7816
-47.7817
-47.8421
-47.8874
-47.9428
-47.9882
-48.0436
-48.0839
-48.1443
-48.2299
-48.245
-48.3055
-48.3256
-48.386
-48.4464
-48.4916
-48.5469
-48.6324
-48.6475
-48.7079
-48.7682
-48.8135
-48.8487
-48.9091
-48.9493
-49.0096
-49.0499
-49.1102
-49.1504
-49.2308
-49.251
-49.3113
-49.3515
-49.4119
-49.4521
-49.5325
-49.5527
-49.618
-49.6532
-49.7135
-49.7739
-49.8141
-49.8543
-49.9147
-49.9549
-50.0152
-50.0554
-50.1208
-50.156
-50.2163
-50.2565
-50.3169
-50.3571
-50.4174
-50.4777
-50.523
-50.5783
-50.6386
-50.6587
-50.719
-50.7792
-50.8194
-50.8596
-50.9198
-51.0052
-51.0203
-51.0604
-51.1207
-51.1809
-51.2412
-51.2814
-51.3216
-51.3818
-51.422
-51.4621
-51.5224
-51.6027
-51.6228
-51.683
-51.7232
-51.7885
-51.8487
-51.9089
-51.9491
-52.0093
-52.0645
-52.0846
-52.1298
-52.185
-52.2502
-52.3255
-52.3506
-52.4058
-52.451
-52.4862
-52.5464
-52.5866
-52.6518
-52.6869
-52.7522
-52.7873
-52.8526
-52.9128
-52.953
-53.0132
-53.0533
-53.0885
-53.1286
-53.1889
-53.2541
-53.2893
-53.3545
-53.3897
-53.4549
-53.4901
-53.5553
-53.5905
-53.6558
-53.6909
-53.7562
-53.7913
-53.8566
-53.8917
-53.957
-53.9921
-54.0574
-54.1176
-54.1578
-54.213
-54.2582
-54.2933
-54.3586
-54.4138
-54.4589
-54.5192
-54.6345
-54.6345
-54.6596
-54.7147
-54.7598
-54.815
-54.8751
-54.9202
-54.9603
-55.0205
-55.0606
-55.1207
-55.1608
-55.216
-55.2611
-55.3212
-55.3613
-55.4164
-55.4615
-55.5217
-55.5617
-55.6169
-55.662
-55.7221
-55.7772
-55.8624
-55.8775
-55.9226
-55.9777
-56.0228
-56.0629
-56.123
-56.1832
-56.2183
-56.2634
-56.3235
-56.3787
-56.4188
-56.4789
-56.519
-56.5792
-56.6193
-56.6844
-56.7395
-56.7796
-56.8398
-56.8799
-56.925
-57.0202
-57.0403
-57.1205
-57.1405
-57.2207
-57.2407
-57.3209
-57.346
-57.4462
-57.4462
-57.5614
-57.5614
-57.7418
-57.7418
-57.9823
-58.0023
-58.1625
-58.1625
-58.3528
-58.3702
-58.3872
-58.554
-58.554
-58.6748
-58.6749
-58.82
-58.8361
-59.0166
-59.0166
-59.2112
-59.2262
-59.4294
-59.4293
-59.6086
-59.622
-59.7759
-59.7895
-59.9132
-59.9132
-60.0677
-60.0677
-60.2449
-60.2826
-60.4585
-60.4784
-60.6814
-60.6813
-60.886
-60.886
-61.1102
-61.1102
-61.1102
-61.353
-61.3731
-61.514
-61.5392
-61.5392
-61.5392
-61.7402
-61.7395
-61.9348
-61.9543
-62.1549
-62.1794
-62.8434
-62.8427
-62.8421
-62.8414
-62.8415
-62.8408
-62.84
-62.8378
-62.8354
-62.8335
-62.8356
-62.8397
-62.8516
-62.8648
-62.8864
-62.9055
-62.9276
-62.966
-62.9944
-63.0415
-63.075
-63.1287
-63.1854
-63.2243
-63.2642
-63.3517
-63.3933
-63.4727
-63.4721
-63.5359
-63.6052
-63.6422
-63.6845
-63.7481
-63.8327
-63.8533
-63.895
-63.9575
-64.0615
-64.0609
-64.2262
-64.2257
-64.3539
-64.3533
-64.5989
-64.5984
-64.5978
-64.7355
-64.735
-64.7549
-64.8004
-64.8766
-64.9375
-64.9575
-65.0183
-65.0587
-65.1196
-65.1651
-65.2208
-65.2612
-65.3067
-65.3624
-65.4232
-65.4687
-65.5244
-65.5699
-65.6308
-65.6712
-65.7269
-65.7724
-65.8281
-65.889
-65.9294
-65.9903
-66.0307
-66.0711
-66.1371
-66.1775
-66.2333
-66.2942
-66.3347
-66.3802
-66.436
-66.5379
-66.5374
-66.5983
-66.6387
-66.6996
-66.74
-66.8009
-66.8618
-66.8817
-66.9426
-67.0035
-67.0439
-67.1048
-67.1452
-67.2061
-67.267
-67.3075
-67.3479
-67.4344
-67.4697
-67.5102
-67.5506
-67.6115
-67.6722
-67.7125
-67.7529
-67.8187
-67.8744
-67.9198
-67.955
-68.0158
-68.0766
-68.1424
-68.1777
-68.2435
-68.2992
-68.3446
-68.3799
-68.4457
-68.481
-68.5468
-68.6076
-68.6224
-68.6832
-68.749
-68.7638
-68.8501
-68.9109
-69.0073
-69.0068
-69.0523
-69.0875
-69.1534
-69.209
-69.2545
-69.3101
-69.3556
-69.3908
-69.4567
-69.4919
-69.5575
-69.5927
-69.6584
-69.6935
-69.7541
-69.7944
-69.8601
-69.8952
-69.9609
-70.0164
-70.0617
-70.1172
-70.1575
-70.2181
-70.2634
-70.3189
-70.3591
-70.4248
-70.46
-70.5206
-70.5659
-70.6265
-70.682
-70.7273
-70.7828
-70.8231
-70.8836
-70.9239
-70.9845
-71.0298
-71.07
-71.1255
-71.1912
-71.2314
-71.3073
-71.3271
-71.3877
-71.428
-71.4886
-71.5339
-71.5894
-71.65
-71.6902
-71.7508
-71.791
-71.8363
-71.8918
-71.9321
-71.9926
-72.0532
-72.0935
-72.1337
-72.1942
-72.2343
-72.2947
-72.3348
-72.3952
-72.4556
-72.4958
-72.5562
-72.5963
-72.6567
-72.6968
-72.742
-72.7974
-72.8426
-72.8979
-72.9583
-72.9984
-73.0639
-73.099
-73.1594
-73.1995
-73.265
-73.3203
-73.3604
-73.4006
-73.4863
-73.5011
-73.5615
-73.6016
-73.6671
-73.7021
-73.7625
-73.8026
-73.8833
-73.9235
-73.9636
-74.0037
-74.0641
-74.1245
-74.19
-74.2504
-74.2651
-74.3306
-74.3657
-74.4058
-74.4662
-74.5266
-74.5667
-74.6271
-74.6723
-74.7276
-74.788
-74.8078
-74.8733
-74.9286
-74.989
-75.0088
-75.0692
-75.1955
-75.1951
-75.2555
-75.2905
-75.3306
-75.3961
-75.4362
-75.4966
-75.5316
-75.592
-75.6322
-75.6976
-75.7327
-75.7981
-75.8332
-75.8986
-75.9337
-75.9991
-76.0595
-76.0997
-76.155
-76.2001
-76.2555
-76.3006
-76.356
-76.3961
-76.4615
-76.5017
-76.5367
-76.6022
-76.6626
-76.7027
-76.763
-76.7981
-76.8636
-76.9037
-76.959
-77.0042
-77.0645
-77.1197
-77.1597
-77.2047
-77.2599
-77.305
-77.3601
-77.4001
-77.4603
-77.5054
-77.5606
-77.6056
-77.6658
-77.7261
-77.7661
-77.8212
-77.8663
-77.9265
-77.9614
-78.0217
-78.0819
-78.1219
-78.1619
-78.2221
-78.2823
-78.3223
-78.3623
-78.4225
-78.4827
-78.5227
-78.5627
-78.6229
-78.6882
-78.7232
-78.7682
-78.8234
-78.8684
-78.9236
-78.9636
-79.0238
-79.084
-79.124
-79.1842
-79.2242
-79.2844
-79.3446
-79.3846
-79.4246
-79.4848
-79.545
-79.585
-79.625
-79.8115
-79.8111
-79.8461
-79.9113
-79.9715
-80.0115
-80.0464
-80.1117
-80.1466
-80.2118
-80.3124
-80.3271
-80.3469
-80.4273
-80.4471
-80.5123
-80.5674
-80.6074
-80.6474
-80.7126
-80.7475
-80.8127
-80.8683
-80.9137
-80.9693
-81.0148
-81.0754
-81.131
-81.1714
-81.2169
-81.2724
-81.3128
-81.3734
-81.4189
-81.4542
-81.5198
-81.5753
-81.6157
-81.782
-81.7819
-81.782
-81.8223
-81.8978
-81.9431
-81.9783
-82.0387
-82.084
-82.1393
-82.3002
-82.3002
-82.3002
-82.3404
-82.3806
-82.4208
-82.4811
-82.5413
-82.5815
-82.6267
-82.702
-82.7472
-82.8024
-82.8426
-82.8878
-82.943
-83.0032
-83.0434
-83.0885
-83.1437
-83.1839
-83.2441
-83.2892
-83.4046
-83.4297
-83.4447
-83.4849
-83.5451
-83.5852
-83.6454
-83.6905
-83.7457
-83.8059
-83.846
-83.8911
-83.9463
-84.0064
-84.0465
-84.1117
-84.1468
-84.1869
-84.2521
-84.3072
-84.3473
-84.3874
-84.4926
-84.5077
-84.5678
-84.6079
-84.648
-84.7082
-84.7482
-84.8084
-84.8535
-84.9086
-84.9487
-85.0089
-85.054
-85.1091
-85.1692
-85.2093
-85.2494
-85.3095
-85.3697
-85.4298
-85.4498
-85.51
-85.5701
-85.6302
-85.6502
-85.7104
-85.7705
-85.8106
-85.8506
-85.9108
-85.9909
-86.011
-86.051
-86.1112
-86.1713
-86.2364
-86.3116
-86.3366
-86.3917
-86.4518
-86.4719
-86.512
-86.5721
-86.6322
-86.7174
-86.7174
-86.7725
-86.8376
-86.8726
-86.9327
-86.9728
-87.038
-87.073
-87.1382
-87.1732
-87.2383
-87.2734
-87.3335
-87.3986
-87.4387
-87.4988
-87.5539
-87.594
-87.6391
-87.6992
-87.7543
-87.8144
-87.8395
-87.9146
-87.9547
-87.9947
-88.0548
-88.0999
-88.155
-88.1951
-88.2552
-88.3003
-88.3403
-88.4004
-88.4556
-88.5006
-88.5407
-88.5958
-88.6409
-88.701
-88.741
-88.8011
-88.8562
-88.8963
-88.9413
-89.0014
-89.0564
-89.0965
-89.1415
-89.2016
-89.2567
-89.2967
-89.3568
-89.3969
-89.457
-89.522
-89.5972
-89.6172
-89.6572
-89.7173
-89.7573
-89.8024
-89.8574
-89.9025
-89.9576
-90.0177
-90.0577
-90.1229
-90.1579
-90.2179
-90.258
-90.3181
-90.3582
-90.4183
-90.4583
-90.5435
-90.5585
-90.6186
-90.6586
-90.7187
-90.7587
-90.8188
-90.8588
-90.9239
-90.979
-91.0191
-91.0591
-91.1192
-91.1793
-91.2193
-91.2594
-91.3195
-91.3595
-91.4196
-91.4647
-91.5198
-91.5601
-91.6256
-91.661
-91.7214
-91.7668
-91.8223
-91.8827
-91.9231
-91.9836
-92.0239
-92.0643
-92.1447
-92.1851
-92.2505
-92.2658
-92.3462
-92.4065
-92.4519
-92.4872
-92.5275
-92.5877
-92.653
-92.6683
-92.7286
-92.7888
-92.854
-92.8693
-92.9295
-92.9947
-93.0299
-93.0701
-93.1553
-93.1905
-93.2557
-93.2909
-93.3561
-93.4112
-93.4564
-93.4916
-93.5518
-93.612
-93.6521
-93.6923
-93.7325
-93.7926
-93.8578
-93.8929
-93.9581
-93.9932
-94.0584
-94.0936
-94.1586
-94.1938
-94.2739
-94.3191
-94.3941
-94.3944
-94.5343
-94.5345
-94.5597
-94.6348
-94.66
-94.76
-94.7752
-94.8203
-94.8605
-94.9206
-94.9956
-95.0208
-95.0609
-95.116
-95.1562
-95.1963
-95.2614
-95.3215
-95.3616
-95.4167
-95.4618
-95.4969
-95.562
-95.5972
-95.6572
-95.6974
-95.7624
-95.8224
-95.8776
-95.9227
-95.9628
-96.0228
-96.0779
-96.123
-96.1781
-96.2232
-96.2783
-96.3981
-96.4183
-96.4385
-96.4786
-96.5237
-96.5788
-96.6189
-96.7388
-96.739
-96.7792
-96.8242
-97.0189
-97.0191
-97.0842
-97.1592
-97.1794
-97.2394
-97.2795
-97.3994
-97.3997
-97.4198
-97.465
-97.52
-97.5651
-97.6202
-97.6803
-97.7254
-97.7805
-97.8256
-97.8807
-97.9208
-97.9809
-98.021
-98.1459
-98.1461
-98.1663
-98.2214
-98.2665
-98.3813
-98.3816
-98.4217
-98.4668
-98.5219
-98.5819
-98.622
-98.6621
-98.7222
-98.8022
-98.8623
-98.8625
-98.9275
-98.9826
-99.0227
-99.0828
-99.1278
-99.1829
-99.223
-99.2831
-99.3232
-99.3832
-99.4233
-99.4834
-99.5434
-99.5835
-99.6237
-99.6687
-99.7288
-99.7838
-99.8439
-99.884
-99.9291
-99.9842
-100.024
-100.084
-100.149
-100.184
-100.245
-100.284
-100.349
-100.384
-100.443
-100.483
-100.667
-100.682
-100.702
-100.882
-100.881
-101.181
-101.201
-101.437
-101.461
-101.711
-101.725
-102.005
-102.005
-102.005
-102.005
-102.004
-102.004
-102.204
-102.203
-102.308
-102.308
-102.352
-102.465
-102.482
-102.516
-102.57
-102.63
-102.663
-102.726
-102.76
-102.84
-102.885
-102.925
-102.96
-103.026
-103.062
-103.128
-103.164
-103.23
-103.266
-103.332
-103.368
-103.434
-103.494
-103.535
-103.57
-103.651
-103.696
-103.736
-103.771
-103.837
-103.897
-103.937
-103.972
-104.037
-104.072
-104.138
-104.193
-104.238
-104.273
-104.353
-104.393
-104.438
-104.498
-104.539
-104.574
-104.639
-104.674
-104.754
-104.794
-104.84
-104.9
-104.94
-104.995
-105.04
-105.095
-105.136
-105.196
-105.236
-105.301
-105.356
-105.396
-105.457
-105.542
-105.557
-105.602
-105.637
-105.703
-105.758
-105.798
-105.858
-105.903
-105.958
-105.999
-106.044
-106.104
-106.159
-106.199
-106.245
-106.305
-106.36
-106.4
-106.46
-106.978
-107.034
-107.08
-107.143
-107.2
-107.235
-107.267
-107.321
-107.362
-107.412
-107.449
-107.502
-107.539
-107.583
-107.617
-107.657
-107.684
-107.725
-107.751
-107.791
