0
0
1.80754e-05
-0.000688174
1.74574e-05
-0.000687732
1.70855e-05
-0.000687435
1.65721e-05
-0.000687062
1.62512e-05
-0.000686905
1.58045e-05
-0.000686873
1.55461e-05
-0.000687007
1.52329e-05
-0.000687406
1.5034e-05
-0.00068797
1.49783e-05
-0.000688394
1.49916e-05
-0.000688822
1.51547e-05
-0.000689406
1.53646e-05
-0.000689714
1.5802e-05
-0.00069
1.61436e-05
-0.000690048
1.667e-05
-0.000689883
1.70103e-05
-0.000689635
1.74826e-05
-0.000689117
1.77594e-05
-0.000688711
1.8268e-05
-0.000687692
1.83321e-05
-0.000687517
1.84165e-05
-0.000687227
2.2461e-05
-0.000692402
1.9519e-05
-0.000692917
1.9519e-05
-0.000692917
-0.00989682
0.0055298
-0.00989682
0.0055298
-0.0521328
0.0369437
-0.0804763
0.0612987
-0.190563
0.16453
-0.285233
0.257649
-0.448844
0.423795
-0.565712
0.544723
-0.743374
0.73041
-0.858816
0.851612
-1.02176
1.02259
-1.12132
1.12665
-1.25495
1.26534
-1.33302
1.34562
-1.43368
1.44795
-1.49028
1.50471
-1.56056
1.57412
-1.59849
1.61093
-1.64351
1.65376
-1.6665
1.67509
-1.6919
1.69798
-1.70363
1.70809
-1.7147
1.717
-1.71846
1.7195
-1.7197
1.71921
-1.71816
1.7166
-1.71307
1.70816
-1.70553
1.69232
-1.69958
1.67662
-1.68989
1.64453
-1.68315
1.61694
-1.67313
1.56644
-1.66666
1.52769
-1.66044
1.48534
-1.65168
1.41552
-1.64374
1.3401
-1.63894
1.28806
-1.63246
1.209
-1.62857
1.15623
-1.62342
1.07811
-1.62039
1.02752
-1.61641
0.954655
-1.61409
0.908376
-1.61109
0.843057
-1.60859
0.78334
-1.60715
0.746739
-1.60588
0.712756
-1.60422
0.666983
-1.60282
0.62658
-1.60201
0.602367
-1.60128
0.580205
-1.60032
0.550429
-1.59976
0.532444
-1.59839
0.485978
-1.59839
0.485978
-1.59803
0.472573
-1.59768
0.460183
-1.59716
0.442725
-1.59685
0.431377
-1.59642
0.414976
-1.596
0.399065
-1.59571
0.388617
-1.59528
0.373151
-1.59482
0.357913
-1.5945
0.347822
-1.59417
0.337795
-1.59366
0.32295
-1.59329
0.313175
-1.59272
0.298618
-1.59233
0.289042
-1.59171
0.274947
-1.59129
0.265692
-1.59063
0.25207
-1.59018
0.243252
-1.58949
0.230447
-1.58901
0.222235
-1.58829
0.210414
-1.5878
0.202853
-1.58681
0.188548
-1.58656
0.185152
-1.5858
0.175397
-1.58504
0.166271
-1.58453
0.160468
-1.58402
0.154931
-1.58325
0.147057
-1.58275
0.142058
-1.58199
0.134963
-1.58148
0.1305
-1.58073
0.124158
-1.57998
0.118203
-1.57948
0.11443
-1.57875
0.109065
-1.57826
0.105643
-1.57753
0.100709
-1.57705
0.0975675
-1.57634
0.0930602
-1.57587
0.0901867
-1.57517
0.0860529
-1.5747
0.0834092
-1.57401
0.0795955
-1.57356
0.0771303
-1.57288
0.0735487
-1.57243
0.0712578
-1.57176
0.067949
-1.57132
0.0658275
-1.57065
0.0627639
-1.57021
0.0607986
-1.56956
0.0579593
-1.56912
0.0561362
-1.56848
0.0534958
-1.56784
0.0509767
-1.56741
0.0493675
-1.56699
0.0478176
-1.56636
0.0455815
-1.56595
0.0441503
-1.56532
0.042079
-1.56491
0.0407521
-1.5643
0.0388329
-1.56389
0.0376041
-1.56309
0.0352636
-1.56289
0.0347031
-1.56229
0.0330764
-1.56099
0.0315274
-1.55834
0.0305212
-1.55075
0.0290767
-1.54106
0.0281439
-1.51961
0.0268245
-1.48975
0.0255914
-1.46428
0.0248139
-1.41889
0.0237121
-1.38406
0.023012
-1.34586
0.0223402
-1.30505
0.0216937
-1.23948
0.0207684
-1.17002
0.0198815
-1.12279
0.0193077
-0.0146465
0.000455274
-0.0146465
0.000455274
-0.0141774
0.000662578
-0.0136744
0.000857367
-0.0133306
0.000976675
-0.012836
0.00113671
-0.0125251
0.00123257
-0.0120925
0.00136195
-0.01183
0.00143945
-0.0114783
0.00154398
-0.0111789
0.00163657
-0.0110907
0.00166516
-0.0107952
0.00176999
-0.0107352
0.00179417
-0.0105866
0.00186302
-0.0104823
0.00192722
-0.010435
0.00196828
-0.010394
0.00202798
-0.0103847
0.00206688
-0.0104144
0.00216268
-0.0104144
0.00216268
-0.0104615
0.00222002
-0.0105494
0.00229679
-0.0105747
0.00231616
-0.0106284
0.002355
-0.010714
0.00241224
-0.010773
0.00244865
-0.010862
0.00249936
-0.0109206
0.00252993
-0.0110058
0.00257043
-0.00871661
0.00235288
-0.0056955
0.00196147
-0.00567919
0.00195764
-0.00564675
0.00194982
-0.00559746
0.00193818
-0.0055645
0.00192962
-0.00551558
0.00191637
-0.00546698
0.0019027
-0.00543482
0.00189341
-0.00540297
0.00188395
-0.00535599
0.00186947
-0.00532515
0.00185961
-0.0052796
0.00184451
-0.00520519
0.00181854
-0.00520519
0.00181854
-0.00517575
0.00180787
-0.00513177
0.00179155
-0.00508777
0.00177491
-0.00505858
0.00176362
-0.00502961
0.00175217
-0.00498669
0.00173466
-0.00495844
0.00172278
-0.00491657
0.00170462
-0.00488896
0.0016923
-0.00484787
0.00167346
-0.00480701
0.00165422
-0.00477978
0.00164117
-0.00475249
0.00162795
-0.00471136
0.00160781
-0.00467035
0.0015873
-0.00462977
0.00156642
-0.00461637
0.00155938
-0.0045766
0.001538
-0.00453744
0.00151624
-0.00451163
0.00150152
-0.00447327
0.00147913
-0.00444784
0.00146399
-0.00440979
0.00144098
-0.00437165
0.00141763
-0.00434609
0.00140187
-0.00430782
0.00137796
-0.00428252
0.00136184
-0.00425749
0.00134558
-0.00422051
0.00132091
-0.00419625
0.00130427
-0.00416042
0.00127905
-0.00413685
0.00126205
-0.00410187
0.00123629
-0.00406717
0.0012102
-0.00404409
0.00119264
-0.00400941
0.00116602
-0.00398614
0.00114811
-0.00395104
0.00112099
-0.00392772
0.00110276
-0.00390459
0.00108441
-0.00387036
0.00105666
-0.00384792
0.00103798
-0.00381485
0.0010097
-0.00379317
0.000990668
-0.00377175
0.000971494
-0.00372951
0.000932735
-0.00370858
0.000913156
-0.00367727
0.00088354
-0.00365637
0.000863636
-0.00361423
0.000823463
-0.00360358
0.000813347
-0.00357145
0.000782833
-0.00353945
0.000752075
-0.00351836
0.000731475
-0.00349758
0.000711351
-0.00346703
0.000683837
-0.00344705
0.00066805
-0.00341763
0.000649195
-0.00338872
0.000636794
-0.00336965
0.000632277
-0.00335069
0.000630748
-0.00332234
0.000633848
-0.00330344
0.000639278
-0.003275
0.000651972
-0.00325591
0.000663142
-0.00322699
0.00068338
-0.00320749
0.000698858
-0.0031783
0.000724542
-0.00314955
0.000752584
-0.00313075
0.000772294
-0.0031032
0.00080278
-0.00308522
0.000822587
-0.00306755
0.000840963
-0.00304163
0.000864532
-0.00301633
0.000881982
-0.00299974
0.000889767
-0.00298332
0.000894327
-0.00295887
0.000895093
-0.00293447
0.000888802
-0.00291816
0.000880934
-0.00289346
0.000864093
-0.00287678
0.000849834
-0.00285133
0.000824449
-0.00283402
0.000805185
-0.00280786
0.000773317
-0.00278193
0.000738483
-0.00276495
0.000714129
-0.00274014
0.000678171
-0.00273205
0.000666733
-0.00270055
0.000625682
-0.00268528
0.000608723
-0.00267028
0.000594505
-0.00264818
0.000578589
-0.00263366
0.000571604
-0.00261211
0.000566368
-0.00259781
0.000566173
-0.00257638
0.000570389
-0.00255485
0.0005794
-0.00254036
0.000587736
-0.00252574
0.000597691
-0.00249598
0.000621636
-0.00248079
0.000635256
-0.00246536
0.000649749
-0.00244189
0.000672795
-0.00241857
0.000697015
-0.00240331
0.000713607
-0.00238838
0.000730443
-0.00236669
0.000755967
-0.00235272
0.000773047
-0.00233252
0.00079834
-0.00231946
0.000813882
-0.00230047
0.000833416
-0.00228815
0.000843194
-0.0022701
0.000852152
-0.0022583
0.000854045
-0.00224081
0.000850621
-0.00222923
0.000844228
-0.00221189
0.000828794
-0.00220027
0.000814867
-0.00218267
0.000789072
-0.00217075
0.000768936
-0.00215249
0.000734921
-0.00214006
0.000710381
-0.002121
0.000673316
-0.00210794
0.000649584
-0.00208088
0.000607113
-0.00207393
0.000597844
-0.00205299
0.000573814
-0.00203914
0.00056109
-0.00201883
0.000547014
-0.00200571
0.000540876
-0.00198681
0.000536222
-0.00196887
0.00053653
-0.00195744
0.000539188
-0.00194107
0.000546384
-0.00193062
0.000553036
-0.00191553
0.000565345
-0.00190578
0.000574867
-0.0018915
0.000590751
-0.00188215
0.00060221
-0.00186823
0.000620388
-0.00185897
0.000633003
-0.00184502
0.000652426
-0.0018356
0.000665593
-0.00182124
0.000685505
-0.00181146
0.000698804
-0.00179642
0.000718675
-0.00178613
0.000731818
-0.00177025
0.000751308
-0.00175936
0.000764123
-0.00174253
0.000782975
-0.00173092
0.000794637
-0.00171291
0.000808792
-0.00169428
0.000817417
-0.00168179
0.000819505
-0.00166946
0.000818393
-0.00165155
0.000810526
-0.00164015
0.000801174
-0.00162399
0.000781249
-0.00161388
0.000764281
-0.00159093
0.000711066
-0.00158672
0.000699331
-0.00157863
0.000675719
-0.00157092
0.000652534
-0.00155994
0.000619917
-0.00154946
0.00059123
-0.00154264
0.000574766
-0.00153255
0.000554421
-0.00152583
0.000543818
-0.0015157
0.000532247
-0.00150542
0.000525567
-0.00149846
0.000523599
-0.0014878
0.00052397
-0.00148052
0.000526181
-0.0014731
0.000529754
-0.00146551
0.000534532
-0.00143337
0.000562729
-0.00143337
0.000562729
-0.00140709
0.00059
-0.00140709
0.00059
-0.0013789
0.000619701
-0.0013789
0.000619701
-0.00134881
0.000650025
-0.00134881
0.000650025
-0.00134881
0.000650025
-0.00131688
0.000679836
-0.00131688
0.000679836
-0.00128505
0.00070871
-0.00128505
0.00070871
-0.00128003
0.000713415
-0.00127035
0.000722723
-0.00125681
0.000736412
-0.00124451
0.000749757
-0.00123702
0.000758451
-0.00123007
0.000766982
-0.00122058
0.000779293
-0.00121199
0.000789079
-0.00120672
0.000793077
-0.00119936
0.000794171
-0.00119478
0.000791193
-0.00118833
0.000780763
-0.00118424
0.000769774
-0.00117834
0.000747414
-0.00117451
0.000728987
-0.00116888
0.000698352
-0.0011651
0.000677214
-0.00115728
0.000636249
-0.00115106
0.000608642
-0.0011489
0.000600261
-0.00114442
0.00058488
-0.00113731
0.00056548
-0.00113229
0.000555056
-0.00112435
0.0005431
-0.00111593
0.000535312
-0.00111006
0.000532235
-0.00110089
0.00053046
-0.00109455
0.000530964
-0.00108802
0.000532644
-0.00107792
0.000537085
-0.00106744
0.000543447
-0.00106025
0.000548555
-0.0010529
0.000554223
-0.00104159
0.000563561
-0.00103387
0.000570229
-0.00102201
0.00058073
-0.00101392
0.000587971
-0.00100152
0.00059906
-0.000988805
0.000610286
-0.000980159
0.000617778
-0.000971382
0.000625242
-0.000957964
0.000636333
-0.000944236
0.000647246
-0.000934981
0.000654407
-0.000921436
0.000664969
-0.000912843
0.000671868
-0.000900891
0.000681973
-0.000893648
0.000688539
-0.000883959
0.000698149
-0.000878282
0.000704408
-0.00595425
0.00147331
-0.0825751
0.010885
-0.110811
0.0154456
-0.175396
0.027964
-0.285602
0.0549981
-0.363196
0.0780892
-0.47979
0.118337
-0.591397
0.162428
-0.661048
0.192175
-0.756258
0.23517
-0.811701
0.261584
-0.880538
0.296316
-0.931892
0.324396
-0.944998
0.332124
-0.973333
0.35059
-0.98358
0.359035
-0.987325
0.366239
-0.980201
0.36801
-0.970656
0.366613
-0.951353
0.361532
-0.93624
0.356609
-0.912036
0.347683
-0.895706
0.341094
-0.872303
0.330891
-0.857918
0.324149
-0.838993
0.314566
-0.828325
0.308689
-0.815503
0.300866
-0.806427
0.29437
-0.802414
0.290831
-0.799852
0.287909
-0.798599
0.284714
-0.799877
0.282811
-0.801806
0.282175
-0.804376
0.281977
-0.80906
0.282372
-0.814264
0.283432
-0.821246
0.285576
-0.821246
0.285576
-0.82607
0.287502
-0.828966
0.288851
-0.832587
0.290879
-0.834573
0.292212
-0.836838
0.294106
-0.83831
0.295834
-0.83888
0.296869
-0.839166
0.297807
-0.839115
0.299016
-0.838609
0.299986
-0.837783
0.300736
-0.837459
0.30094
-0.836401
0.301424
-0.835299
0.301733
-0.834586
0.301855
-0.833909
0.301923
-0.833008
0.301945
-0.832278
0.301889
-0.831894
0.301822
-0.831593
0.301739
-0.83125
0.301548
-0.831202
0.301448
-0.831254
0.301304
-0.831303
0.30126
-0.83162
0.301097
-0.831837
0.301029
-0.832213
0.300952
-0.832483
0.30092
-0.832758
0.300901
-0.833173
0.300902
-0.833571
0.300937
-0.833825
0.300981
-0.834177
0.301076
-0.834392
0.301156
-0.834679
0.301294
-0.834849
0.301399
-0.835071
0.301567
-0.835197
0.301686
-0.835358
0.301869
-0.83545
0.301995
-0.835571
0.302182
-0.835645
0.302305
-0.835751
0.302483
-0.835825
0.302598
-0.83594
0.302762
-0.836019
0.302867
-0.836144
0.303016
-0.836233
0.303111
-0.836376
0.303247
-0.836529
0.303379
-0.83664
0.303464
-0.836755
0.303546
-0.837263
0.303834
-0.837263
0.303834
-0.837263
0.303834
-0.837437
0.303918
-0.837544
0.303963
-0.837664
0.304005
-0.837849
0.304069
-0.838347
0.304278
-0.838347
0.304278
-0.838737
0.304485
-0.838796
0.304517
-0.838796
0.304517
-0.839057
0.304641
-0.839057
0.304641
-0.839393
0.304795
-0.839455
0.304823
-0.839455
0.304823
-0.839764
0.304967
-0.839764
0.304967
-0.840218
0.305171
-0.840218
0.305171
-0.840555
0.305301
-0.840555
0.305301
-0.840723
0.305359
-0.840901
0.305411
-0.84119
0.30549
-0.841403
0.305548
-0.841741
0.305639
-0.841975
0.305703
-0.842454
0.305833
-0.842694
0.305897
-0.842928
0.30596
-0.84315
0.30602
-0.843477
0.306108
-0.843694
0.306167
-0.844011
0.306256
-0.844217
0.306316
-0.844517
0.306403
-0.844712
0.306459
-0.844999
0.30654
-0.845187
0.306592
-0.845464
0.306668
-0.845737
0.306742
-0.845915
0.306789
-0.84609
0.306837
-0.846352
0.306908
-0.84661
0.306981
-0.846782
0.30703
-0.846956
0.307082
-0.847224
0.307166
-0.847404
0.307227
-0.847681
0.307326
-0.847962
0.307435
-0.848242
0.307551
-0.84843
0.307633
-0.848617
0.307718
-0.848897
0.307849
-0.849082
0.307938
-0.849363
0.308074
-0.849554
0.308166
-0.849844
0.308305
-0.850038
0.308396
-0.850331
0.30853
-0.850526
0.308619
-0.850821
0.308751
-0.851018
0.308838
-0.851315
0.308969
-0.851512
0.309057
-0.85181
0.309189
-0.852008
0.309279
-0.852306
0.309417
-0.852505
0.30951
-0.8528
0.309648
-0.853094
0.309784
-0.853294
0.309873
-0.853596
0.310005
-0.853796
0.310092
-0.854096
0.31022
-0.854296
0.310304
-0.854496
0.310388
-0.854798
0.310517
-0.855101
0.310648
-0.855303
0.310738
-0.855505
0.310831
-0.855815
0.310979
-0.856023
0.311079
-0.856335
0.311233
-0.856543
0.311337
-0.856861
0.311492
-0.857182
0.311649
-0.857396
0.311751
-0.857719
0.311901
-0.85804
0.312047
-0.858254
0.312145
-0.858468
0.312242
-0.858784
0.312385
-0.858992
0.312479
-0.859307
0.312623
-0.859623
0.312768
-0.859837
0.312865
-0.860051
0.312963
-0.860368
0.313105
-0.860583
0.313199
-0.86091
0.31334
-0.86113
0.313435
-0.861463
0.31358
-0.861686
0.31368
-0.862023
0.31383
-0.862248
0.313933
-0.862582
0.314089
-0.862802
0.314194
-0.863134
0.314349
-0.863465
0.314501
-0.863686
0.314601
-0.863908
0.3147
-0.864242
0.314847
-0.864464
0.314942
-0.8648
0.315085
-0.865025
0.315182
-0.865368
0.31533
-0.865714
0.315482
-0.866059
0.315636
-0.866173
0.315688
-0.866739
0.315948
-0.866853
0.315998
-0.867078
0.316096
-0.867297
0.316191
-0.867627
0.316333
-0.867964
0.316475
-0.868191
0.316572
-0.868421
0.316673
-0.868772
0.316826
-0.869126
0.316982
-0.869363
0.317087
-0.869601
0.317197
-0.869961
0.317364
-0.870321
0.317529
-0.870683
0.317693
-0.870803
0.317746
-0.871281
0.317955
-0.871521
0.318057
-0.87176
0.318157
-0.872478
0.31846
-0.872478
0.31846
-0.872826
0.318611
-0.873048
0.318707
-0.873384
0.318842
-0.873611
0.318935
-0.87384
0.319025
-0.874187
0.319162
-0.874425
0.319256
-0.874788
0.319401
-0.875031
0.319501
-0.875393
0.319656
-0.875752
0.319818
-0.87599
0.319929
-0.876347
0.320101
-0.876587
0.320218
-0.876949
0.320394
-0.877194
0.320509
-0.877562
0.320675
-0.87781
0.320788
-0.878057
0.320898
-0.878431
0.321064
-0.878803
0.321229
-0.879052
0.321345
-0.8793
0.321464
-0.879671
0.321642
-0.879917
0.321762
-0.880287
0.321943
-0.880535
0.322061
-0.880907
0.322237
-0.88128
0.322413
-0.881527
0.322524
-0.882148
0.322778
-0.882397
0.322865
-0.882763
0.322977
-0.882879
0.323023
-0.882992
0.323069
-0.88333
0.323187
-0.883647
0.32337
-0.883892
0.323446
-0.884269
0.323573
-0.884522
0.323682
-0.884919
0.323826
-0.885185
0.323929
-0.885585
0.324088
-0.885856
0.32419
-0.886263
0.324342
-0.886534
0.324446
-0.886937
0.324605
-0.887334
0.32477
-0.887595
0.324879
-0.887852
0.324988
-0.888239
0.32515
-0.888494
0.325258
-0.888874
0.325428
-0.889259
0.325602
-0.889516
0.325717
-0.889771
0.325835
-0.890151
0.326014
-0.890656
0.326243
-0.890783
0.326302
-0.891035
0.32642
-0.891397
0.326592
-0.891637
0.326706
-0.892003
0.326883
-0.8925
0.32712
-0.892624
0.327178
-0.892998
0.327349
-0.893242
0.327459
-0.89349
0.327568
-0.89387
0.327734
-0.894128
0.327843
-0.894523
0.32801
-0.89479
0.328124
-0.89519
0.328294
-0.895458
0.328407
-0.895864
0.328576
-0.896273
0.328745
-0.896543
0.328855
-0.896947
0.32902
-0.897214
0.329128
-0.897612
0.32929
-0.897878
0.329399
-0.898529
0.329667
-0.898786
0.329772
-0.898786
0.329772
-0.899161
0.329921
-0.899406
0.330018
-0.899913
0.330212
-0.900303
0.330366
-0.900434
0.330419
-0.900828
0.330581
-0.901092
0.33069
-0.901491
0.33086
-0.901759
0.330976
-0.902161
0.331153
-0.902434
0.331273
-0.902839
0.331453
-0.903106
0.331573
-0.903506
0.331752
-0.903914
0.33193
-0.904186
0.332047
-0.904457
0.332164
-0.904861
0.332337
-0.905127
0.332451
-0.905527
0.332622
-0.906067
0.332848
-0.906202
0.332904
-0.906998
0.333227
-0.906998
0.333227
-0.90738
0.333367
-0.907502
0.33341
-0.907865
0.333536
-0.908111
0.333623
-0.908488
0.333763
-0.908747
0.333866
-0.909141
0.334029
-0.909407
0.334144
-0.909812
0.334319
-0.910085
0.334438
-0.910359
0.334557
-0.910774
0.33474
-0.911051
0.33486
-0.911472
0.335044
-0.911756
0.335169
-0.912324
0.33542
-0.912606
0.335545
-0.912886
0.33567
-0.913164
0.335793
-0.913579
0.335972
-0.913992
0.336147
-0.914264
0.33626
-0.914672
0.33643
-0.914941
0.336541
-0.915343
0.336706
-0.91561
0.336815
-0.915876
0.336924
-0.916276
0.337089
-0.916675
0.337254
-0.916946
0.337366
-0.917356
0.337536
-0.917629
0.337646
-0.91804
0.337809
-0.918317
0.337918
-0.918734
0.338078
-0.919011
0.338185
-0.919425
0.338346
-0.9197
0.338456
-0.920111
0.338622
-0.92052
0.338789
-0.920794
0.3389
-0.921068
0.339011
-0.921479
0.339175
-0.921752
0.339281
-0.922163
0.339441
-0.922438
0.339548
-0.922851
0.339711
-0.923264
0.339877
-0.923541
0.339991
-0.923954
0.340163
-0.92423
0.340277
-0.924504
0.340389
-0.92491
0.340554
-0.925183
0.340662
-0.925595
0.340824
-0.92601
0.340989
-0.926289
0.341101
-0.926567
0.341214
-0.926982
0.341385
-0.927256
0.341498
-0.927666
0.34167
-0.927939
0.341786
-0.928353
0.341961
-0.92863
0.342078
-0.929049
0.342253
-0.92933
0.34237
-0.929889
0.342598
-0.930028
0.342654
-0.930446
0.342822
-0.930861
0.342991
-0.931271
0.343158
-0.931408
0.343215
-0.93182
0.343384
-0.93223
0.34355
-0.932507
0.343661
-0.932923
0.343829
-0.933197
0.34394
-0.933473
0.34405
-0.933889
0.344216
-0.934304
0.344383
-0.934585
0.344499
-0.934867
0.344618
-0.935288
0.344798
-0.935708
0.344975
-0.935992
0.345094
-0.936276
0.345214
-0.936704
0.345393
-0.937131
0.345567
-0.937696
0.345797
-0.938905
0.346294
-0.939025
0.346343
-0.93914
0.34639
-0.939454
0.346519
-0.939646
0.346583
-0.939931
0.346654
-0.940123
0.346695
-0.940524
0.346771
-0.940628
0.34679
-0.940952
0.346855
-0.941177
0.346905
-0.941536
0.346996
-0.941787
0.347069
-0.942181
0.347198
-0.942454
0.347297
-0.942875
0.347463
-0.943306
0.347651
-0.943596
0.347783
-0.943886
0.34792
-0.944325
0.34813
-0.944764
0.348341
-0.945059
0.348484
-0.945355
0.348628
-0.945796
0.348841
-0.946086
0.348979
-0.946519
0.349186
-0.946947
0.349391
-0.94723
0.349526
-0.947793
0.349789
-0.947935
0.349853
-0.94849
0.350098
-0.948627
0.350157
-0.949168
0.350378
-0.949835
0.350642
-0.949835
0.350642
-0.949969
0.350695
-0.950743
0.351005
-0.950875
0.351056
-0.951005
0.351106
-0.951387
0.35125
-0.952578
0.351691
-0.952709
0.351741
-0.952709
0.351741
-0.952709
0.351741
-0.953209
0.351933
-0.953458
0.352025
-0.953587
0.352073
-0.955355
0.352776
-0.955355
0.352776
-0.955729
0.352931
-0.955729
0.352931
-0.956071
0.35307
-0.95629
0.35314
-0.956848
0.353294
-0.956848
0.353294
-0.957081
0.353358
-0.957432
0.353454
-0.957677
0.353524
-0.957803
0.353562
-0.958197
0.353693
-0.959504
0.354221
-0.959796
0.354355
-0.960077
0.354488
-0.960604
0.354733
-0.96132
0.355013
-0.961431
0.355053
-0.961842
0.355187
-0.962317
0.355303
-0.962502
0.355342
-0.962502
0.355342
-0.962679
0.355377
-0.96323
0.355481
-0.963334
0.355504
-0.964664
0.355866
-0.964771
0.355898
-0.964975
0.355958
-0.964975
0.355958
-0.965165
0.356014
-0.965165
0.356014
-0.963042
0.355193
-0.954787
0.352131
-0.944545
0.34831
-0.93313
0.344116
-0.933666
0.344325
-0.933666
0.344325
-0.935723
0.345112
-0.935723
0.345112
-0.942888
0.347811
-0.952786
0.351473
-0.952786
0.351473
-0.960689
0.35439
-0.968145
0.357147
-0.972529
0.358783
-0.979778
0.361532
-0.981191
0.362082
-0.983539
0.363021
-0.986498
0.364299
-0.987108
0.364641
-0.986995
0.36487
-0.98673
0.364844
-0.984993
0.364493
-0.98444
0.364359
-0.982619
0.363881
-0.981355
0.363529
-0.980121
0.363171
-0.978939
0.36282
-0.977847
0.362486
-0.976473
0.36205
-0.975432
0.361703
-0.974738
0.361456
-0.974474
0.361349
-0.974356
0.361269
-0.974652
0.361297
-0.974798
0.361325
-0.975156
0.361402
-0.975817
0.361558
-0.976335
0.361684
-0.977479
0.361977
-0.978681
0.362309
-0.978681
0.362309
-0.979849
0.362651
-0.980397
0.362817
-0.980658
0.362898
-0.981399
0.363137
-0.982276
0.363444
-0.982674
0.363596
-0.983041
0.363745
-0.98338
0.36389
-0.983837
0.364096
-0.984249
0.364293
-0.984505
0.364423
-0.984747
0.364551
-0.984976
0.364676
-0.985313
0.364858
-0.985647
0.365035
-0.985986
0.365209
-0.986218
0.365326
-0.986574
0.365498
-0.987198
0.365777
-0.987198
0.365777
-0.987454
0.365887
-0.987706
0.365993
-0.9881
0.366145
-0.988376
0.36625
-0.988806
0.366411
-0.9891
0.36652
-0.989551
0.366686
-0.990788
0.367144
-0.990788
0.367144
-0.991358
0.36736
-0.993445
0.367981
-0.993488
0.367991
-0.928604
0.343953
-0.928604
0.343953
-0.928604
0.343953
-0.928604
0.343953
-0.913557
0.338381
-0.913557
0.338381
-0.612528
0.226874
-0.585025
0.216685
-0.438558
0.175692
-0.438558
0.175692
-0.703985
0.311043
-0.721028
0.319844
-0.776051
0.353746
-0.776051
0.353746
-0.776051
0.353746
-0.71712
0.313086
-0.71712
0.313086
-0.771339
0.315423
-0.771339
0.315423
-0.827977
0.323193
-0.827977
0.323193
-0.948094
0.333186
-0.948094
0.333186
-0.948094
0.333186
-0.93575
0.328319
-0.921588
0.322855
-0.80749
0.280411
-0.800014
0.277603
-0.805443
0.280662
-0.805443
0.280662
-0.817938
0.286513
-0.840154
0.297108
-0.856235
0.304947
-0.880781
0.317168
-0.904623
0.329172
-0.93378
0.343651
-0.940466
0.346888
-0.958912
0.355525
-0.969807
0.360281
-0.988281
0.367219
-0.99223
0.36846
-1.00258
0.371118
-1.00829
0.372124
-1.01314
0.372543
-1.01719
0.372476
-1.02192
0.371663
-1.02525
0.370227
-1.02681
0.369053
-1.0283
0.367135
-1.02882
0.365844
-1.02902
0.364017
-1.02845
0.361953
-1.02819
0.361531
-1.02757
0.360803
-1.02645
0.360008
-1.02517
0.359643
-1.02427
0.359628
-1.02198
0.360287
-1.02198
0.360287
-1.02065
0.361082
-1.0198
0.361732
-1.019
0.362481
-1.01788
0.363735
-1.01656
0.365551
-1.01626
0.366016
-1.01544
0.367411
-1.01473
0.368762
-1.01452
0.369199
-1.01394
0.370453
-1.01346
0.371601
-1.01319
0.372297
-1.01284
0.373238
-1.01264
0.373793
-1.01239
0.374517
-1.01219
0.375117
-1.01203
0.375599
-1.01198
0.375737
-1.01186
0.376083
-1.01179
0.376263
-1.01169
0.376467
-1.01164
0.376572
-1.01157
0.376689
-1.01152
0.376749
-1.01145
0.376818
-1.01141
0.376856
-1.01134
0.376906
-1.01128
0.376956
-1.01123
0.376992
-1.01118
0.377032
-1.01111
0.3771
-1.011
0.377206
-1.01095
0.37727
-1.01092
0.377305
-1.01081
0.377451
-1.01078
0.377489
-1.01069
0.37761
-1.01063
0.377697
-1.01053
0.377831
-1.01047
0.377923
-1.01031
0.378165
-1.01031
0.378165
-1.01021
0.378312
-1.01015
0.378406
-1.01005
0.378533
-1.00998
0.378616
-1.00988
0.378739
-1.00982
0.378818
-1.00972
0.378909
-1.00966
0.378941
-1.00956
0.378938
-1.00946
0.378865
-1.00937
0.378714
-1.0091
0.377835
-1.0091
0.377835
-1.00904
0.377587
-1.00881
0.376486
-1.00879
0.376337
-1.0087
0.375893
-1.00865
0.3756
-1.00859
0.375305
-1.00851
0.374868
-1.00843
0.374446
-1.00834
0.374047
-1.00829
0.373796
-1.00823
0.373559
-1.00815
0.37323
-1.0081
0.373029
-1.00802
0.372755
-1.00797
0.372591
-1.00789
0.37237
-1.00784
0.372239
-1.00776
0.372064
-1.00771
0.37196
-1.00763
0.371821
-1.00758
0.371739
-1.00751
0.371628
-1.00746
0.371561
-1.00734
0.371403
-1.00731
0.371373
-1.00726
0.371314
-1.00719
0.371228
-1.00715
0.371169
-1.00708
0.37108
-1.00703
0.37102
-1.00696
0.370928
-1.00692
0.370866
-1.00685
0.370773
-1.00681
0.37071
-1.00676
0.370649
-1.00665
0.370499
-1.00663
0.37047
-1.00659
0.370414
-1.00655
0.37036
-1.00648
0.37028
-1.00642
0.370203
-1.00638
0.370154
-1.00631
0.370084
-1.00627
0.370041
-1.00623
0.369999
-1.00615
0.369925
-1.00611
0.369891
-1.00605
0.369843
-1.00601
0.369813
-1.00597
0.369784
-1.00589
0.369725
-1.00587
0.369711
-1.0058
0.369651
-1.00578
0.369636
-1.00572
0.369589
-1.00568
0.369557
-1.00563
0.369507
-1.00557
0.369457
-1.00552
0.369408
-1.0055
0.369392
-1.00545
0.369347
-1.00541
0.369319
-1.00536
0.369279
-1.00532
0.369256
-1.00524
0.369207
-1.00524
0.369207
-1.00519
0.369183
-1.00515
0.36917
-1.0051
0.36915
-1.00507
0.369138
-1.00502
0.369122
-1.00499
0.369113
-1.00494
0.3691
-1.00487
0.369085
-1.00486
0.369081
-1.00481
0.36907
-1.00479
0.369066
-1.00475
0.369054
-1.0047
0.369041
-1.00467
0.369032
-1.00462
0.36902
-1.00456
0.369002
-1.00455
0.368997
-1.0045
0.368981
-1.00447
0.368968
-1.00443
0.368944
-1.0044
0.368927
-1.00436
0.368899
-1.00433
0.368878
-1.00429
0.368845
-1.00426
0.368823
-1.00422
0.368789
-1.00419
0.368768
-1.00413
0.368727
-1.00412
0.368718
-1.00408
0.368694
-1.00405
0.36868
-1.00401
0.368665
-1.00399
0.368658
-1.00394
0.368651
-1.00392
0.368651
-1.00388
0.368653
-1.00386
0.368656
-1.00382
0.368663
-1.00378
0.368673
-1.00376
0.368679
-1.00373
0.368687
-1.0037
0.3687
-1.00367
0.368709
-1.00364
0.368722
-1.00361
0.36873
-1.00358
0.368743
-1.00355
0.368751
-1.00353
0.368759
-1.0035
0.368771
-1.00346
0.368782
-1.00344
0.368789
-1.00341
0.3688
-1.00337
0.36881
-1.00335
0.368817
-1.00332
0.368826
-1.00328
0.368836
-1.00327
0.368839
-1.00324
0.368848
-1.00321
0.368858
-1.00319
0.368864
-1.00317
0.368871
-1.00314
0.368882
-1.00309
0.368895
-1.00308
0.368898
-1.00306
0.368903
-1.00303
0.368908
-1.003
0.368905
-1.00298
0.368899
-1.00296
0.368893
-1.00294
0.368883
-1.00291
0.368865
-1.00289
0.368848
-1.00287
0.368829
-1.00284
0.368797
-1.00281
0.368752
-1.0028
0.368741
-1.00277
0.36871
-1.00275
0.368691
-1.00273
0.368666
-1.0027
0.368645
-1.00267
0.36863
-1.00266
0.368623
-1.00263
0.368614
-1.0026
0.368608
-1.00259
0.368607
-1.00258
0.368605
-1.00255
0.368606
-1.00253
0.368611
-1.00249
0.368625
-1.00249
0.36863
-1.00246
0.368647
-1.00244
0.368659
-1.00243
0.36867
-1.0024
0.368688
-1.00239
0.3687
-1.00237
0.36872
-1.00235
0.368733
-1.00233
0.368755
-1.00231
0.36877
-1.00229
0.368792
-1.00227
0.368815
-1.00225
0.36883
-1.00223
0.368852
-1.00221
0.368867
-1.0022
0.36888
-1.00218
0.368892
-1.00216
0.368909
-1.00214
0.368926
-1.00213
0.368938
-1.00211
0.368957
-1.00209
0.368968
-1.00207
0.368983
-1.00206
0.368991
-1.00204
0.369
-1.00202
0.369004
-1.002
0.369006
-1.00199
0.369005
-1.00197
0.369001
-1.00196
0.368998
-1.00194
0.36899
-1.00193
0.368985
-1.00191
0.368975
-1.0019
0.368969
-1.00188
0.36896
-1.00186
0.368951
-1.00185
0.368945
-1.00183
0.368939
-1.00182
0.368936
-1.00181
0.368932
-1.00179
0.368926
-1.00177
0.36892
-1.00176
0.368917
-1.00174
0.368916
-1.00171
0.368914
-1.00171
0.368914
-1.0017
0.368915
-1.00169
0.368916
-1.00167
0.368916
-1.00166
0.368913
-1.00164
0.36891
-1.00163
0.368907
-1.00162
0.368902
-1.0016
0.368894
-1.00159
0.368886
-1.00158
0.368873
-1.00157
0.368864
-1.00155
0.368848
-1.00154
0.368837
-1.00153
0.368821
-1.00152
0.368811
-1.0015
0.3688
-1.00149
0.368794
-1.00148
0.368789
-1.00147
0.368789
-1.00146
0.368792
-1.00145
0.368798
-1.00143
0.368809
-1.00142
0.368825
-1.0014
0.368851
-1.00139
0.368858
-1.00138
0.368871
-1.00137
0.368891
-1.00136
0.368902
-1.00135
0.368914
-1.00134
0.368932
-1.00133
0.368949
-1.00132
0.368961
-1.00131
0.368972
-1.0013
0.368985
-1.00128
0.368994
-1.00128
0.368999
-1.00126
0.369003
-1.00126
0.369004
-1.00124
0.369001
-1.00124
0.368997
-1.00122
0.368989
-1.00121
0.36898
-1.0012
0.368972
-1.00119
0.368961
-1.00118
0.368953
-1.00118
0.368944
-1.00116
0.368924
-1.00115
0.36892
-1.00114
0.368906
-1.00114
0.368902
-1.00112
0.368881
-1.00112
0.368875
-1.0011
0.36885
-1.0011
0.368844
-1.00108
0.368815
-1.00108
0.368815
-1.00106
0.368795
-1.00106
0.368795
-1.00103
0.368796
-1.00103
0.368796
-1.00099
0.368802
-1.00098
0.368799
-0.996091
0.366974
-0.992068
0.365486
-0.865236
0.318681
-0.8443
0.310959
-0.822163
0.302794
-0.581163
0.216139
-0.581163
0.216139
-0.654916
0.257317
-0.654916
0.257317
-0.79759
0.333039
-0.811174
0.339894
-0.924033
0.39028
-0.924033
0.39028
-0.991049
0.401583
-0.995499
0.400799
-1.00855
0.378093
-1.00855
0.378093
-0.893293
0.31644
-0.872357
0.307316
-0.684135
0.231427
-0.680884
0.230324
-0.726885
0.253859
-0.726885
0.253859
-0.837372
0.314748
-0.837372
0.314748
-0.931921
0.365038
-0.946556
0.371473
-0.994626
0.386237
-0.998337
0.386439
-1.02145
0.378009
-1.02145
0.378009
-1.02698
0.360941
-1.02698
0.360941
-1.02346
0.347003
-1.02346
0.347003
-1.02346
0.347003
-1.01668
0.344092
-1.01614
0.344362
-1.01276
0.347337
-1.01234
0.347938
-1.01234
0.347938
-1.01234
0.347938
-1.0091
0.355072
-1.0091
0.355072
-1.00732
0.361877
-1.00721
0.362437
-1.00653
0.366855
-1.0065
0.367204
-0.0237016
0.00951008
-0.0237016
0.00951008
-0.0237016
0.00951008
-0.0237016
0.00951008
0.000222772
0.000618681
0.000222772
0.000618681
0.0213575
-0.00724089
0.0464927
-0.0162814
0.0360681
-0.00941049
-0.0172956
0.0220377
-0.0978614
0.0696583
-0.162349
0.107604
-0.268064
0.169103
-0.34092
0.210712
-0.449136
0.270591
-0.518528
0.307377
-0.584628
0.340761
-0.676222
0.383159
-0.731687
0.405923
-0.806032
0.431983
-0.849656
0.444198
-0.906375
0.455266
-0.953191
0.45871
-0.979265
0.457373
-1.00156
0.453683
-1.03594
0.440886
-1.04861
0.43258
-1.06639
0.414107
-1.06639
0.414107
-1.07418
0.399881
-1.0782
0.386382
-1.07918
0.378224
-1.07902
0.370816
-1.07711
0.361406
-1.07229
0.352369
-1.0708
0.350736
-1.06757
0.348194
-1.06234
0.346108
-1.05328
0.3471
-1.05328
0.3471
-1.03985
0.356607
-1.03985
0.356607
-1.03168
0.366945
-1.03168
0.366945
-1.02102
0.386615
-1.02102
0.386615
-1.02102
0.386615
-1.01777
0.394621
-1.01777
0.394621
-1.01744
0.395469
-1.01687
0.39695
-1.01603
0.399098
-1.01562
0.400131
-1.01551
0.400392
-1.01529
0.400965
-1.01519
0.401193
-1.01512
0.401337
-1.0151
0.401354
-1.01511
0.401288
-1.01513
0.40121
-1.01516
0.401122
-1.0152
0.400997
-1.01525
0.400903
-1.01528
0.400874
-1.01531
0.400889
-1.01533
0.400937
-1.01534
0.401071
-1.01533
0.401205
-1.01531
0.401463
-1.01529
0.40167
-1.01524
0.402022
-1.01518
0.402424
-1.01513
0.402712
-1.01507
0.403013
-1.01498
0.403476
-1.01491
0.403783
-1.0148
0.404241
-1.01472
0.40454
-1.01459
0.404984
-1.01446
0.405422
-1.01437
0.405699
-1.01428
0.405967
-1.01414
0.406348
-1.01391
0.406908
-1.01391
0.406908
-1.01377
0.407215
-1.01367
0.407401
-1.01353
0.407623
-1.01343
0.407763
-1.01329
0.407956
-1.01315
0.408137
-1.01311
0.408194
-1.01297
0.408361
-1.01284
0.408513
-1.01275
0.408608
-1.01262
0.408765
-1.01253
0.408867
-1.0124
0.409011
-1.01227
0.409153
-1.01219
0.409241
-1.01211
0.40933
-1.01195
0.409482
-1.01187
0.409545
-1.01179
0.409607
-1.01171
0.409669
-1.01159
0.409735
-1.01148
0.409789
-1.0114
0.409835
-1.01133
0.409891
-1.01122
0.409977
-1.01111
0.410056
-1.01104
0.410114
-1.01096
0.41018
-1.01086
0.41027
-1.01075
0.410347
-1.01064
0.410426
-1.01057
0.410482
-1.01047
0.410554
-1.01037
0.410601
-1.0103
0.410615
-1.01023
0.410624
-1.01013
0.410613
-1.01007
0.41059
-1.00997
0.410551
-1.00987
0.410519
-1.00984
0.410508
-1.00975
0.410492
-1.00965
0.41048
-1.00962
0.410475
-1.0095
0.410488
-1.0094
0.410524
-1.00925
0.410646
-1.00925
0.410646
-1.00919
0.410703
-1.00912
0.41075
-1.00903
0.410787
-1.00894
0.410817
-1.00889
0.41084
-1.0088
0.410889
-1.00874
0.410919
-1.00868
0.410945
-1.0086
0.410983
-1.00854
0.411006
-1.00846
0.411046
-1.00841
0.411083
-1.00832
0.41114
-1.00827
0.411186
-1.00819
0.411243
-1.00813
0.411281
-1.00805
0.411324
-1.008
0.411351
-1.00792
0.411383
-1.00784
0.411411
-1.00779
0.411419
-1.00772
0.411431
-1.00766
0.411425
-1.00761
0.41141
-1.00754
0.411373
-1.00747
0.411327
-1.00742
0.411297
-1.00735
0.411248
-1.0073
0.411217
-1.00723
0.411173
-1.00718
0.411151
-1.00711
0.411117
-1.00704
0.411097
-1.00699
0.411086
-1.00693
0.411073
-1.00688
0.41106
-1.00681
0.411033
-1.00677
0.411015
-1.0067
0.410988
-1.00666
0.410977
-1.00661
0.410966
-1.00655
0.410956
-1.00649
0.410948
-1.00644
0.410949
-1.00636
0.410973
-1.00634
0.410981
-1.00628
0.410997
-1.00623
0.411002
-1.00617
0.410993
-1.00613
0.410997
-1.00607
0.411004
-1.00601
0.411026
-1.00597
0.41104
-1.00591
0.411065
-1.00588
0.411079
-1.00584
0.411086
-1.00578
0.411096
-1.00574
0.411097
-1.00569
0.411105
-1.00563
0.411123
-1.00559
0.41114
-1.00556
0.411165
-1.0055
0.4112
-1.00547
0.411217
-1.00541
0.411249
-1.00538
0.411277
-1.00533
0.411314
-1.00527
0.411353
-1.00524
0.411376
-1.00519
0.411409
-1.00515
0.411423
-1.0051
0.411426
-1.00507
0.411421
-1.00503
0.411407
-1.00499
0.41138
-1.00495
0.411356
-1.00491
0.41132
-1.00486
0.411292
-1.00483
0.411275
-1.00478
0.411258
-1.00475
0.411248
-1.0047
0.411227
-1.00467
0.411216
-1.00462
0.41119
-1.00458
0.411171
-1.00455
0.411154
-1.00452
0.41114
-1.00446
0.411099
-1.00444
0.411085
-1.0044
0.41105
-1.00437
0.411032
-1.00433
0.410995
-1.0043
0.410983
-1.00426
0.410975
-1.00423
0.410979
-1.00418
0.410993
-1.00415
0.411007
-1.00412
0.411021
-1.00409
0.411037
-1.00405
0.41104
-1.00401
0.41103
-1.00397
0.411033
-1.00394
0.411045
-1.00392
0.411049
-1.00388
0.41105
-1.00386
0.411036
-1.00383
0.411009
-1.0038
0.41098
-1.00376
0.410956
-1.00374
0.41095
-1.0037
0.410963
-1.00368
0.410978
-1.00364
0.411001
-1.00361
0.41103
-1.00359
0.411038
-1.00356
0.411064
-1.00352
0.41108
-1.00349
0.411085
-1.00348
0.411091
-1.00344
0.41111
-1.00338
0.411126
-1.00338
0.411126
-1.00334
0.411155
-1.00332
0.411178
-1.0033
0.411166
-1.00327
0.411128
-1.00324
0.411097
-1.00322
0.411058
-1.0032
0.411041
-1.00316
0.411019
-1.00314
0.411012
-1.00311
0.411009
-1.00309
0.41102
-1.00306
0.411045
-1.00304
0.41107
-1.00301
0.411107
-1.00299
0.411138
-1.00296
0.411178
-1.00293
0.411224
-1.00291
0.41125
-1.00288
0.411293
-1.00286
0.411313
-1.00284
0.411325
-1.00282
0.411326
-1.00279
0.411319
-1.00277
0.411314
-1.00275
0.411302
-1.00273
0.411295
-1.00271
0.411288
-1.00268
0.411289
-1.00266
0.411289
-1.00264
0.411295
-1.00262
0.411321
-1.0026
0.411339
-1.00257
0.411359
-1.00255
0.411373
-1.00253
0.411391
-1.00251
0.411409
-1.00249
0.41143
-1.00246
0.411453
-1.00245
0.411468
-1.00243
0.411486
-1.00241
0.411503
-1.00239
0.411508
-1.00237
0.411515
-1.00235
0.411521
-1.00233
0.411527
-1.00231
0.411532
-1.00229
0.411538
-1.00228
0.411546
-1.00225
0.411553
-1.00223
0.411556
-1.00222
0.411553
-1.0022
0.41155
-1.00218
0.411539
-1.00216
0.411508
-1.00214
0.411484
-1.00212
0.411441
-1.0021
0.411395
-1.00209
0.41136
-1.00208
0.411331
-1.00206
0.411287
-1.00204
0.411237
-1.00202
0.411211
-1.00201
0.411196
-1.00199
0.411177
-1.00197
0.411156
-1.00196
0.41115
-1.00195
0.411152
-1.00193
0.411156
-1.00191
0.411154
-1.00189
0.411156
-1.00188
0.411165
-1.00186
0.41118
-1.00185
0.411183
-1.00183
0.41119
-1.00182
0.411199
-1.0018
0.411214
-1.00179
0.411232
-1.00177
0.411244
-1.00176
0.411268
-1.00175
0.41128
-1.00173
0.411287
-1.00171
0.411292
-1.0017
0.41129
-1.00169
0.41129
-1.00167
0.41128
-1.00166
0.411254
-1.00165
0.411236
-1.00164
0.411223
-1.00159
0.411151
-1.00159
0.411151
-1.00158
0.411139
-1.00156
0.411096
-1.00154
0.410927
-1.00153
0.410799
-1.00152
0.410666
-1.00151
0.410458
-1.0015
0.410313
-1.00149
0.410113
-1.00147
0.40987
-1.00147
0.409835
-1.00147
0.409807
-1.00145
0.409738
-1.00144
0.409724
-1.00142
0.409696
-1.00141
0.409714
-1.0014
0.409742
-1.00139
0.409794
-1.00138
0.409888
-1.00137
0.409958
-1.00135
0.410082
-1.00134
0.410223
-1.00133
0.410321
-1.00132
0.410477
-1.00131
0.410571
-1.00129
0.410642
-1.00127
0.410591
-1.00126
0.410474
-1.00125
0.410284
-1.00124
0.409842
-1.00123
0.409446
-1.00122
0.408705
-1.00122
0.408127
-1.00121
0.407492
-1.00121
0.406451
-1.00121
0.405332
-1.0012
0.404558
-1.00119
0.401443
-1.00119
0.401443
-1.00119
0.401443
-1.00119
0.400706
-1.00117
0.399313
-1.00117
0.398641
-1.00116
0.398003
-1.00115
0.397108
-1.00114
0.39655
-1.00113
0.395774
-1.0011
0.394076
-1.0011
0.394076
-1.0011
0.394076
-1.00109
0.393734
-1.00109
0.393427
-1.00108
0.393142
-1.00107
0.392741
-1.00106
0.392376
-1.00105
0.392149
-1.00105
0.391935
-1.00103
0.391534
-1.00103
0.391343
-1.00102
0.391071
-1.00102
0.390898
-1.00101
0.39073
-1.001
0.390485
-1.001
0.390248
-1.00099
0.390094
-1.00099
0.389944
-1.00098
0.389729
-1.00097
0.389586
-1.00096
0.389376
-1.00096
0.389237
-1.00094
0.388835
-1.00094
0.38877
-1.00094
0.388707
-1.00093
0.388584
-1.00092
0.388401
-1.00092
0.388277
-1.00091
0.3881
-1.0009
0.387988
-1.00089
0.387829
-1.00088
0.38768
-1.00088
0.387586
-1.00087
0.387495
-1.00086
0.387366
-1.00086
0.38724
-1.00085
0.387159
-1.00084
0.38704
-1.00084
0.386963
-1.00083
0.386888
-1.00082
0.38678
-1.00081
0.386676
-1.00081
0.386611
-1.0008
0.386548
-1.00079
0.3864
-1.00079
0.386372
-1.00078
0.386295
-1.00078
0.386246
-1.00077
0.386196
-1.00076
0.386125
-1.00076
0.386079
-1.00075
0.386014
-1.00075
0.385973
-1.00074
0.385915
-1.00073
0.38588
-1.00073
0.38583
-1.00072
0.385798
-1.00072
0.385752
-1.00071
0.385705
-1.00071
0.385675
-1.0007
0.385644
-1.00069
0.3856
-1.00069
0.385557
-1.00068
0.385516
-1.00068
0.385503
-1.00067
0.385463
-1.00066
0.385424
-1.00066
0.385385
-1.00066
0.385372
-1.00065
0.385335
-1.00064
0.385298
-1.00064
0.385273
-1.00063
0.385251
-1.00063
0.385222
-1.00062
0.385186
-1.00062
0.385178
-1.00061
0.385163
-1.00061
0.385143
-1.0006
0.385122
-1.0006
0.385104
-1.00059
0.385083
-1.00059
0.385078
-1.00058
0.385064
-1.00057
0.385047
-1.00057
0.38504
-1.00057
0.385025
-1.00056
0.385002
-1.00056
0.384977
-1.00055
0.384949
-1.00055
0.384949
-1.00055
0.384933
-1.00054
0.384918
-1.00054
0.384906
-1.00053
0.38489
-1.00053
0.384881
-1.00052
0.384871
-1.00052
0.384865
-1.00051
0.384859
-1.00051
0.384857
-1.00051
0.384854
-1.0005
0.384852
-1.0005
0.384848
-1.00049
0.384843
-1.00049
0.384839
-1.00048
0.384833
-1.00048
0.384824
-1.00048
0.384816
-1.00047
0.384809
-1.00047
0.384796
-1.00047
0.384782
-1.00046
0.384768
-1.00046
0.384764
-1.00046
0.384747
-1.00045
0.384737
-1.00045
0.384726
-1.00045
0.384712
-1.00044
0.384703
-1.00044
0.38469
-1.00044
0.384683
-1.00043
0.384675
-1.00043
0.38467
-1.00043
0.384667
-1.00042
0.384666
-1.00042
0.384668
-1.00041
0.384669
-1.00041
0.384673
-1.00041
0.38468
-1.0004
0.384684
-1.0004
0.384691
-1.0004
0.384696
-1.00039
0.384705
-1.00039
0.384715
-1.00039
0.384722
-1.00038
0.38473
-1.00038
0.38474
-1.00038
0.384749
-1.00037
0.384759
-1.00037
0.384772
-1.00037
0.384797
-1.00036
0.384831
-1.00036
0.384858
-1.00036
0.384908
-1.00035
0.384944
-1.00035
0.385004
-1.00035
0.385072
-1.00034
0.385167
-1.00034
0.385192
-1.00034
0.385241
-1.00033
0.385313
-1.00033
0.385358
-1.00033
0.385402
-1.00033
0.385469
-1.00033
0.385513
-1.00032
0.385579
-1.00032
0.385648
-1.00032
0.385693
-1.00031
0.385759
-1.00031
0.385801
-1.00031
0.385858
-1.00031
0.385894
-1.0003
0.38594
-1.0003
0.385969
-1.0003
0.386009
-1.0003
0.386034
-1.00029
0.386068
-1.00029
0.38609
-1.00029
0.38612
-1.00029
0.386138
-1.00028
0.386161
-1.00028
0.386174
-1.00028
0.386194
-1.00028
0.386209
-1.00027
0.386234
-1.00027
0.386263
-1.00027
0.386285
-1.00027
0.38631
-1.00027
0.38635
-1.00026
0.386394
-1.00026
0.386426
-1.00026
0.38646
-1.00026
0.386511
-1.00025
0.386545
-1.00025
0.386597
-1.00025
0.386634
-1.00025
0.386687
-1.00024
0.386722
-1.00024
0.386772
-1.00024
0.386805
-1.00024
0.386849
-1.00023
0.386857
-1.00023
0.386789
-1.00022
0.38661
-1.00022
0.386422
-1.00022
0.386033
-1.00022
0.385702
-1.00022
0.385315
-1.00022
0.384391
-1.00022
0.383866
-1.00023
0.383307
-1.00023
0.382725
-1.00023
0.381513
-1.00023
0.380585
-1.00024
0.379969
-1.00024
0.379363
-1.00024
0.378777
-1.00024
0.377938
-1.00024
0.377156
-1.00024
0.376907
-1.00024
0.376193
-1.00023
0.375542
-1.00023
0.374952
-1.00023
0.374767
-1.00023
0.374248
-1.00023
0.373782
-1.00023
0.373502
-1.00023
0.373238
-1.00022
0.372759
-1.00022
0.372546
-1.00022
0.372248
-1.00022
0.372061
-1.00022
0.371802
-1.00022
0.371562
-1.00022
0.371413
-1.00021
0.371267
-1.00021
0.371061
-1.00021
0.370866
-1.00021
0.370739
-1.00021
0.37061
-1.00021
0.370483
-1.00021
0.370292
-1.00021
0.370097
-1.00021
0.369965
-1.00021
0.36976
-1.00021
0.369625
-1.00021
0.369426
-1.00021
0.369295
-1.00021
0.369107
-1.00021
0.368986
-1.0002
0.368811
-1.0002
0.36864
-1.0002
0.368428
-1.0002
0.368428
-1.0002
0.368121
-1.0002
0.368121
-1.00019
0.368088
-1.00019
0.36798
-1.00019
0.367957
-1.00019
0.367836
-1.00018
0.36781
-1.00018
0.367758
-1.00018
0.367708
-1.00018
0.367634
-1.00018
0.367509
-1.00018
0.367474
-1.00018
0.367399
-1.00018
0.367283
-1.00018
0.367208
-1.00018
0.36713
-1.00017
0.367012
-1.00017
0.366893
-1.00017
0.366813
-1.00017
0.366688
-1.00017
0.366609
-1.00017
0.366536
-1.00017
0.366433
-1.00017
0.366372
-1.00017
0.366286
-1.00016
0.366231
-1.00016
0.366154
-1.00016
0.366081
-1.00016
0.366016
-1.00016
0.365974
-1.00016
0.365938
-1.00016
0.365898
-1.00015
0.365873
-1.00015
0.36586
-1.00015
0.365843
-1.00015
0.365835
-1.00015
0.365829
-1.00015
0.365825
-1.00015
0.365826
-1.00014
0.365826
-1.00014
0.365827
-1.00014
0.365833
-1.00014
0.365857
-1.00014
0.365867
-1.00014
0.365859
-1.00014
0.365859
-1.00013
0.365846
-1.00013
0.36583
-1.00013
0.365739
-1.00013
0.365739
-1.00013
0.3657
-1.00013
0.365681
-1.00013
0.365693
-1.00013
0.365744
-1.00013
0.365796
-1.00012
0.366008
-1.00012
0.366008
-1.00012
0.366044
-1.00012
0.366114
-1.00012
0.366181
-1.00012
0.366277
-1.00011
0.366336
-1.00011
0.366357
-1.00011
0.366353
-1.00011
0.366322
-1.00011
0.366288
-1.00011
0.366224
-1.00011
0.366173
-1.00011
0.366091
-1.00011
0.366033
-1.00011
0.365859
-1.00011
0.365859
-1.00011
0.36583
-1.00011
0.365749
-1.00011
0.365711
-1.00011
0.365616
-1.00011
0.365616
-1.00011
0.365583
-1.00011
0.365551
-1.00011
0.365528
-1.0001
0.365508
-1.0001
0.365492
-1.0001
0.365472
-1.0001
0.365438
-1.0001
0.365391
-1.0001
0.365349
-1.0001
0.365349
-1.00009
0.365308
-1.00009
0.365279
-1.00009
0.365266
-1.00009
0.365242
-1.00009
0.365227
-1.00009
0.365207
-1.00009
0.365194
-1.00009
0.365177
-1.00009
0.365169
-1.00009
0.365158
-1.00009
0.365151
-1.00009
0.365142
-1.00009
0.365134
-1.00009
0.365131
-1.00009
0.365127
-1.00009
0.365124
-1.00009
0.365125
-1.00009
0.365125
-1.00008
0.365118
-1.00008
0.365109
-1.00008
0.365099
-1.00008
0.365087
-1.00008
0.365081
-1.00008
0.365072
-1.00008
0.36506
-1.00008
0.36505
-1.00008
0.365032
-1.00008
0.365022
-1.00008
0.365015
-1.00008
0.365011
-1.00008
0.365018
-1.00008
0.365055
-1.00008
0.365734
-1.00008
0.365861
-1.00008
0.365995
-1.00008
0.367658
-1.00008
0.367658
-1.00006
0.37153
-1.00006
0.371777
-0.96399
0.360627
-0.962093
0.360069
-0.97056
0.366342
-0.972021
0.367231
-0.8193
0.313087
-0.8193
0.313087
-0.8193
0.313087
-0.8193
0.313087
-0.8193
0.313087
-0.8193
0.313087
-0.644318
0.252854
-0.644318
0.252854
-0.721302
0.292039
-0.721302
0.292039
-0.746292
0.304883
-0.845096
0.355195
-0.856365
0.360679
-0.877818
0.370949
-0.907058
0.384458
-0.932517
0.394521
-0.947426
0.399305
-0.966752
0.403827
-0.977718
0.40521
-0.995423
0.404604
-1.00236
0.402907
-1.00815
0.400528
-1.0129
0.397639
-1.01829
0.392641
-1.02088
0.389076
-1.02347
0.383695
-1.02446
0.380231
-1.02506
0.375438
-1.02497
0.372598
-1.02427
0.368991
-1.0235
0.367052
-1.02204
0.364871
-1.02032
0.363555
-1.01909
0.363142
-1.01784
0.363058
-1.01596
0.363494
-1.01414
0.364505
-1.01298
0.365437
-1.01188
0.366525
-1.01035
0.368397
-1.00899
0.370439
-1.00818
0.371846
-1.00744
0.373252
-1.00647
0.375307
-1.00591
0.376613
-1.0052
0.378437
-1.00463
0.380067
-1.00432
0.381031
-1.00406
0.381895
-1.00366
0.383309
-1.00352
0.383863
-1.00341
0.384325
-1.00329
0.384857
-1.00324
0.385107
-1.00321
0.385287
-1.00319
0.385443
-1.00319
0.385485
-1.00321
0.385462
-1.00323
0.385415
-1.00325
0.385353
-1.00329
0.385243
-1.00331
0.385165
-1.00335
0.385055
-1.00337
0.384993
-1.0034
0.384919
-1.00341
0.384887
-1.00343
0.384867
-1.00344
0.384873
-1.00345
0.38491
-1.00345
0.384981
-1.00345
0.385045
-1.00344
0.385163
-1.00343
0.385349
-1.00342
0.385398
-1.00341
0.385501
-1.00339
0.385606
-1.00337
0.385762
-1.00334
0.385923
-1.00333
0.386032
-1.0033
0.386196
-1.00328
0.386303
-1.00325
0.386457
-1.00322
0.386556
-1.0032
0.386648
-1.00317
0.386777
-1.00314
0.386898
-1.00312
0.386974
-1.00309
0.387046
-1.00306
0.387147
-1.00303
0.387236
-1.00301
0.387289
-1.00297
0.387364
-1.00295
0.387411
-1.00292
0.387473
-1.0029
0.387512
-1.0029
0.386513
-1.00164
0.325434
-0.999756
0.265331
-0.998262
0.19125
-0.99722
0.0622477
-0.997422
-0.0296845
-0.998699
-0.167566
-0.999948
-0.255378
-1.00207
-0.374306
-1.00336
-0.442707
-1.00499
-0.526273
-1.00574
-0.568819
-1.00645
-0.611273
-1.00659
-0.625591
-1.00631
-0.627997
-1.00588
-0.618657
-1.00504
-0.590355
