0
0.618279
0
0
0
0
0
0
0
0
0
0
0
0
0
0
0
0
0
0
0
0
0
0
0
0
3.81328e-06
3.81328e-06
0.000385284
0.00104523
0.00624084
0.0145302
0.0314484
0.0491447
0.0848389
0.114815
0.168724
0.210274
0.280178
0.364849
0.413727
0.471977
0.563408
0.626579
0.732162
0.790184
0.891037
0.958988
1.07016
1.13025
1.24196
1.30209
1.41348
1.51566
1.58319
1.68315
1.74865
1.84465
1.90689
1.96006
2.05524
2.13184
2.19165
2.26727
2.31506
2.38279
2.42536
2.48066
2.52319
2.57204
2.62168
2.6566
2.68611
2.72454
2.76394
2.79192
2.81578
2.84722
2.87185
2.93092
2.93092
2.95031
2.97149
2.99878
3.0164
3.04198
3.06457
3.08245
3.1036
3.12578
3.14006
3.15564
3.174
3.18846
3.20546
3.21883
3.2359
3.24547
3.26122
3.2725
3.28685
3.29486
3.30803
3.31745
3.33231
3.33704
3.34707
3.35747
3.36409
3.37049
3.37968
3.38626
3.39398
3.39936
3.4071
3.41447
3.41977
3.42598
3.43033
3.4366
3.44062
3.44641
3.45012
3.45547
3.45891
3.46386
3.46704
3.47161
3.47455
3.47878
3.48149
3.48572
3.4879
3.49151
3.49382
3.49715
3.50032
3.50235
3.50432
3.50739
3.50898
3.5116
3.51328
3.51589
3.51724
3.5202
3.5209
3.52296
3.52493
3.52619
3.52801
3.52917
3.53084
3.53256
3.53347
3.53506
3.53588
3.5368
3.53771
3.53899
3.54033
3.54102
3.50996
3.50996
3.50996
3.50998
3.51004
3.51014
3.5102
3.51029
3.51035
3.51044
3.51053
3.51056
3.51068
3.51075
3.51081
3.5109
3.51097
3.51105
3.51111
3.51126
3.51126
3.51136
3.51148
3.51152
3.51165
3.51184
3.51195
3.51213
3.51226
3.51245
3.52046
3.5253
3.52533
3.52539
3.52548
3.52555
3.52563
3.52572
3.52578
3.52585
3.52594
3.526
3.52609
3.52624
3.52624
3.5263
3.52639
3.52649
3.52655
3.52661
3.5267
3.52676
3.52685
3.52692
3.527
3.5271
3.52716
3.52722
3.52731
3.52741
3.5275
3.52752
3.52761
3.52771
3.52777
3.52786
3.52793
3.52801
3.52811
3.52816
3.52826
3.52832
3.52838
3.52847
3.52853
3.52862
3.52868
3.52877
3.52887
3.52893
3.52903
3.52908
3.52918
3.52923
3.52929
3.52938
3.52945
3.52954
3.5296
3.52966
3.52978
3.52984
3.52994
3.52999
3.53012
3.53015
3.53025
3.53032
3.53032
3.53032
3.53032
3.53032
3.53032
3.53032
3.53032
3.53032
3.53032
3.53032
3.53032
3.53032
3.53032
3.53032
3.53032
3.53032
3.53033
3.53042
3.53049
3.53058
3.53064
3.53072
3.53079
3.53085
3.53094
3.53104
3.5311
3.53118
3.53125
3.53133
3.5314
3.53149
3.53154
3.53154
3.53154
3.53154
3.53154
3.53154
3.53154
3.53154
3.53154
3.53154
3.53154
3.53154
3.53154
3.53154
3.53154
3.53154
3.53154
3.53154
3.53154
3.53154
3.53154
3.53154
3.53154
3.53156
3.53164
3.5317
3.5318
3.53186
3.53195
3.53201
3.53211
3.53216
3.53225
3.53232
3.53241
3.53247
3.53251
3.53251
3.53251
3.53251
3.53251
3.53251
3.53251
3.53251
3.53251
3.53251
3.53251
3.53251
3.53251
3.53251
3.53251
3.53251
3.53251
3.53251
3.53251
3.53251
3.53251
3.53251
3.53251
3.53251
3.53251
3.53251
3.53251
3.53251
3.53251
3.53258
3.53264
3.53273
3.53283
3.53289
3.53295
3.53305
3.5331
3.53319
3.53325
3.53328
3.53328
3.53328
3.53328
3.53328
3.53328
3.53328
3.53328
3.53328
3.53328
3.53328
3.53328
3.53328
3.53328
3.53328
3.53328
3.53328
3.53328
3.53328
3.53328
3.53328
3.53328
3.53328
3.53328
3.53328
3.53328
3.53328
3.53328
3.53328
3.53328
3.53328
3.53328
3.53328
3.53328
3.53329
3.53339
3.53348
3.53354
3.53362
3.53369
3.53381
3.53384
3.53389
3.53389
3.53389
3.53389
3.53389
3.53389
3.53389
3.53389
3.53389
3.53389
3.53389
3.53389
3.53389
3.53389
3.53389
3.53389
3.53389
3.53389
3.53389
3.53389
3.53389
3.53389
3.53389
3.53389
3.53389
3.53389
3.53389
3.53389
3.53389
3.53389
3.53389
3.53389
3.53389
3.53389
3.53389
3.53389
3.53389
3.53391
3.53421
3.53441
3.5351
3.53717
3.53986
3.54481
3.5526
3.56019
3.57149
3.58105
3.5973
3.61553
3.62198
3.6422
3.66342
3.67792
3.69992
3.71463
3.73653
3.75095
3.7722
3.78606
3.80635
3.81954
3.83882
3.85136
3.86975
3.88917
3.89944
3.91106
3.92827
3.94533
3.95663
3.96792
3.98486
4.0018
4.02454
4.02454
4.0417
4.05321
4.07057
4.08222
4.09977
4.11745
4.12929
4.14118
4.15907
4.17701
4.19654
4.20105
4.22059
4.2372
4.24929
4.26137
4.2795
4.29763
4.30971
4.3218
4.34597
4.35805
4.37616
4.38217
4.40622
4.41824
4.43778
4.4483
4.46033
4.47836
4.4979
4.50842
4.52796
4.53848
4.55652
4.56854
4.58818
4.59875
4.61839
4.62897
4.64861
4.65918
4.67882
4.68939
4.70752
4.7196
4.73931
4.74994
4.76967
4.78637
4.80004
4.81067
4.86077
4.86077
4.86077
4.87899
4.89113
4.90176
4.9215
4.96249
4.96249
5.0005
5.00507
5.00507
5.03559
5.03559
5.07374
5.07832
5.07832
5.10883
5.10883
5.14545
5.14545
5.16987
5.16987
5.1836
5.19581
5.21412
5.22633
5.24464
5.25532
5.27973
5.29346
5.30568
5.31795
5.33482
5.34862
5.36702
5.37929
5.39616
5.40996
5.42836
5.44063
5.4575
5.4759
5.4897
5.50657
5.52037
5.53877
5.55104
5.56331
5.58018
5.59398
5.61238
5.62925
5.6477
5.66003
5.67236
5.69085
5.70318
5.72167
5.734
5.75249
5.76482
5.78332
5.79719
5.81414
5.82801
5.84496
5.85887
5.8759
5.88829
5.90688
5.92701
5.93785
5.95644
5.96883
5.98742
5.99981
6.01839
6.03078
6.04317
6.06176
6.08041
6.09286
6.10687
6.12399
6.138
6.15512
6.17379
6.18624
6.20492
6.21737
6.23605
6.25473
6.26722
6.27973
6.30006
6.31101
6.32978
6.34855
6.36106
6.37357
6.39234
6.40485
6.42362
6.43613
6.4549
6.46746
6.48632
6.49889
6.51933
6.53033
6.55076
6.56805
6.58062
6.59319
6.61205
6.62463
6.64349
6.65609
6.67504
6.69399
6.71294
6.71926
6.75085
6.75716
6.7698
6.78243
6.80296
6.82034
6.83297
6.84562
6.86625
6.8837
6.8964
6.90909
6.92813
6.94718
6.96781
6.97257
6.99955
7.01065
7.02335
7.0632
7.0632
7.08233
7.09509
7.11422
7.12698
7.13814
7.15728
7.17003
7.19076
7.20192
7.22265
7.24185
7.25307
7.27229
7.28671
7.30594
7.31876
7.33638
7.3508
7.36201
7.38284
7.40207
7.41495
7.42622
7.44714
7.45841
7.47934
7.49061
7.51154
7.52924
7.54373
7.57594
7.58727
7.60829
7.61314
7.61961
7.64064
7.65843
7.67299
7.6924
7.70534
7.72475
7.73769
7.7571
7.77003
7.78786
7.80249
7.82199
7.83986
7.85286
7.86749
7.88699
7.89999
7.91949
7.93737
7.95199
7.96502
7.98298
8.0091
8.01563
8.03032
8.04992
8.06298
8.08257
8.10869
8.11359
8.13319
8.14795
8.16108
8.17912
8.19388
8.21193
8.22505
8.24473
8.25949
8.27918
8.29722
8.31034
8.33012
8.34495
8.36308
8.37791
8.41087
8.42405
8.42405
8.44382
8.45701
8.48338
8.5015
8.50977
8.52798
8.54288
8.5611
8.57434
8.59421
8.60911
8.62897
8.64056
8.66043
8.68031
8.69361
8.70858
8.72688
8.74185
8.76014
8.78675
8.79341
8.83332
8.83332
8.85495
8.85994
8.87997
8.89334
8.91339
8.92676
8.94681
8.96017
8.98022
8.99359
9.00863
9.02701
9.04205
9.06046
9.07557
9.10075
9.11417
9.1276
9.14271
9.16117
9.18131
9.19642
9.21488
9.22834
9.24857
9.26206
9.27555
9.29578
9.31602
9.32951
9.35143
9.36323
9.38346
9.39695
9.41722
9.43077
9.4511
9.46465
9.48497
9.50529
9.51884
9.53409
9.55272
9.56627
9.58659
9.60015
9.62057
9.64098
9.65459
9.67501
9.68862
9.70393
9.72265
9.73626
9.75668
9.77709
9.79072
9.8061
9.8249
9.83857
9.85908
9.87446
9.89326
9.91377
9.92744
9.94111
9.96846
9.97533
9.99593
10.0165
10.0388
10.044
10.0646
10.0869
10.0989
10.1195
10.1333
10.147
10.1676
10.1883
10.2021
10.2176
10.2366
10.2573
10.2711
10.2849
10.3056
10.3263
10.3539
10.418
10.4232
10.4301
10.4527
10.4648
10.4873
10.4994
10.5271
10.5341
10.5566
10.5704
10.5912
10.6033
10.6259
10.6381
10.6607
10.6798
10.6955
10.7076
10.7303
10.7511
10.765
10.7772
10.7999
10.8139
10.8348
10.8558
10.8698
10.896
10.9047
10.9309
10.9397
10.966
11.0011
11.0011
11.0098
11.0502
11.0572
11.066
11.0853
11.1502
11.1555
11.1555
11.1625
11.1837
11.1978
11.2066
11.2965
11.2965
11.3176
11.3176
11.3388
11.3529
11.3899
11.3899
11.4023
11.4236
11.4377
11.4448
11.4678
11.5298
11.5439
11.5598
11.5864
11.629
11.6361
11.6646
11.7001
11.7161
11.7161
11.7286
11.773
11.7784
11.8637
11.8708
11.885
11.885
11.8992
11.8992
11.9295
11.9419
11.9647
12.0182
12.0251
12.0251
12.0389
12.0389
12.0683
12.0945
12.0945
12.1157
12.1388
12.1513
12.18
12.1873
12.2018
12.2308
12.2472
12.2746
12.2837
12.3111
12.3184
12.3421
12.3566
12.3693
12.3838
12.3984
12.4201
12.4418
12.4635
12.478
12.5015
12.5286
12.5376
12.5503
12.5738
12.5864
12.6154
12.6443
12.6443
12.6733
12.6878
12.6951
12.7187
12.7459
12.7605
12.775
12.7895
12.8132
12.8332
12.8497
12.8642
12.877
12.9007
12.9208
12.9427
12.9572
12.9791
13.0158
13.0158
13.0304
13.0469
13.067
13.0835
13.1036
13.1201
13.1421
13.1989
13.1989
13.2301
13.3901
13.3993
13.4919
13.4919
13.4919
13.4919
13.4988
13.4988
13.5762
13.5797
13.629
13.629
13.6937
13.7015
13.7685
13.7685
13.7685
13.8547
13.8547
13.8923
13.8923
13.9241
13.9241
14.094
14.094
14.094
14.1007
14.1072
14.1512
14.1555
14.205
14.205
14.2177
14.2336
14.2471
14.2656
14.2833
14.3117
14.3169
14.3378
14.3521
14.3829
14.3884
14.4106
14.4254
14.4403
14.4552
14.4794
14.4998
14.5165
14.5367
14.5532
14.5733
14.6024
14.6096
14.6259
14.6457
14.6673
14.6817
14.7177
14.7177
14.7393
14.7537
14.7682
14.79
14.8209
14.8264
14.8484
14.8705
14.8797
14.9
14.9241
14.9371
14.9595
14.9744
14.9969
15.0193
15.0437
15.0512
15.0719
15.087
15.1095
15.1265
15.1472
15.1623
15.1849
15.2
15.2245
15.2452
15.2603
15.2753
15.298
15.33
15.3432
15.3507
15.3809
15.396
15.4111
15.4263
15.4489
15.464
15.5018
15.5018
15.5245
15.5397
15.5624
15.5775
15.6002
15.6153
15.6381
15.6533
15.676
15.6988
15.7234
15.7896
15.7896
15.8047
15.8651
15.8726
15.897
15.9102
15.9252
15.9496
15.9721
15.9927
16.0095
16.0226
16.0469
16.0618
16.0842
16.0991
16.1214
16.1363
16.1568
16.1735
16.1959
16.2107
16.2311
16.2479
16.285
16.2906
16.3055
16.3278
16.3426
16.3649
16.3816
16.402
16.4186
16.439
16.4539
16.4706
16.5076
16.5132
16.528
16.5447
16.565
16.5872
16.602
16.6242
16.6409
16.6538
16.6835
16.6983
16.7205
16.7353
16.7519
16.7797
16.7889
16.8167
16.8315
16.8462
16.8628
16.8831
16.9053
16.9293
16.9367
16.957
16.9718
16.9939
17.0087
17.0456
17.0456
17.0678
17.0844
17.1047
17.1213
17.1416
17.1564
17.1786
17.2099
17.2155
17.2376
17.245
17.2672
17.2893
17.306
17.3263
17.3577
17.3632
17.3853
17.4075
17.4241
17.437
17.4592
17.474
17.4961
17.5108
17.5329
17.5477
17.5772
17.5845
17.6066
17.6214
17.6435
17.6582
17.6877
17.6951
17.719
17.7319
17.754
17.7761
17.7909
17.8056
17.8277
17.8425
17.8646
17.8793
17.9033
17.9162
17.9383
17.953
17.9751
17.9899
18.012
18.0341
18.0507
18.0709
18.0931
18.1004
18.1225
18.1446
18.1594
18.1741
18.1962
18.2276
18.2332
18.2479
18.2701
18.2922
18.3144
18.3292
18.3439
18.3661
18.3808
18.3955
18.4177
18.4471
18.4545
18.4766
18.4914
18.5153
18.5374
18.5595
18.5743
18.5964
18.6166
18.624
18.6406
18.6609
18.6848
18.7125
18.7217
18.7419
18.7585
18.7714
18.7935
18.8083
18.8322
18.8451
18.8691
18.882
18.9059
18.928
18.9428
18.9649
18.9796
18.9925
19.0073
19.0294
19.0534
19.0664
19.0904
19.1033
19.1273
19.1402
19.1642
19.1771
19.2011
19.2141
19.2381
19.251
19.275
19.2879
19.3119
19.3248
19.3488
19.371
19.3858
19.4061
19.4227
19.4356
19.4596
19.4799
19.4965
19.5187
19.5612
19.5612
19.5704
19.5907
19.6073
19.6276
19.6498
19.6664
19.6812
19.7033
19.7181
19.7402
19.755
19.7752
19.7918
19.8139
19.8287
19.8489
19.8655
19.8876
19.9024
19.9226
19.9392
19.9613
19.9816
20.0129
20.0185
20.035
20.0553
20.0719
20.0867
20.1089
20.131
20.1439
20.1606
20.1827
20.203
20.2178
20.2399
20.2547
20.2769
20.2916
20.3156
20.336
20.3507
20.3729
20.3877
20.4043
20.4394
20.4467
20.4763
20.4837
20.5132
20.5206
20.5501
20.5593
20.5961
20.5961
20.6385
20.6385
20.7048
20.7048
20.7933
20.8006
20.8596
20.8596
20.9296
20.936
20.9422
21.0036
21.0036
21.0493
21.0493
21.1074
21.114
21.1889
21.1889
21.2686
21.2746
21.3533
21.3533
21.4189
21.4237
21.4771
21.4818
21.5243
21.5243
21.5802
21.5802
21.6479
21.6625
21.7309
21.7386
21.8154
21.8154
21.8895
21.8895
21.9674
21.9674
21.9674
22.0501
22.057
22.1054
22.114
22.114
22.114
22.1843
22.1843
22.2541
22.2613
22.3342
22.3434
22.5885
22.5885
22.5885
22.5885
22.5888
22.5888
22.5887
22.5882
22.5875
22.5874
22.5895
22.5925
22.6
22.608
22.6206
22.6317
22.6442
22.6653
22.6808
22.7055
22.7229
22.7497
22.7771
22.7954
22.8137
22.8519
22.8694
22.9013
22.9013
22.9259
22.9516
22.9651
22.9802
23.0023
23.0309
23.038
23.052
23.0728
23.1075
23.1075
23.1635
23.1635
23.2086
23.2086
23.299
23.299
23.299
23.3516
23.3516
23.3595
23.3773
23.4072
23.4311
23.4391
23.4631
23.4792
23.5033
23.5213
23.5434
23.5595
23.5775
23.5996
23.6236
23.6417
23.6637
23.6817
23.7058
23.7218
23.7439
23.762
23.7841
23.8082
23.8243
23.8485
23.8646
23.8807
23.907
23.9232
23.9454
23.9697
23.9859
24.0042
24.0265
24.0672
24.0672
24.0916
24.1079
24.1324
24.1486
24.1731
24.1976
24.2058
24.2303
24.2548
24.2711
24.2956
24.312
24.3365
24.3611
24.3774
24.3938
24.4286
24.4429
24.4593
24.4757
24.5003
24.5249
24.5413
24.5576
24.5843
24.6068
24.6252
24.6396
24.6642
24.6889
24.7155
24.7299
24.7566
24.7792
24.7976
24.812
24.8387
24.8531
24.8797
24.9044
24.9105
24.9351
24.9618
24.968
25.0029
25.0275
25.0665
25.0665
25.085
25.0993
25.126
25.1486
25.1671
25.1897
25.2082
25.2226
25.2493
25.2637
25.2904
25.3048
25.3315
25.3459
25.3706
25.3871
25.4138
25.4282
25.4549
25.4775
25.496
25.5186
25.5351
25.5598
25.5783
25.6009
25.6173
25.6441
25.6585
25.6831
25.7016
25.7263
25.7489
25.7674
25.7901
25.8065
25.8312
25.8476
25.8723
25.8908
25.9073
25.9299
25.9566
25.973
26.0039
26.0121
26.0368
26.0532
26.0779
26.0964
26.119
26.1437
26.1602
26.1848
26.2013
26.2198
26.2424
26.2589
26.2835
26.3082
26.3246
26.3411
26.3658
26.3822
26.4069
26.4233
26.448
26.4727
26.4891
26.5138
26.5303
26.5549
26.5714
26.5899
26.6125
26.631
26.6536
26.6783
26.6947
26.7215
26.7359
26.7605
26.777
26.8037
26.8263
26.8428
26.8592
26.8942
26.9004
26.925
26.9415
26.9682
26.9826
27.0073
27.0237
27.0566
27.0731
27.0895
27.106
27.1306
27.1553
27.182
27.2067
27.2129
27.2396
27.254
27.2705
27.2951
27.3198
27.3363
27.3609
27.3794
27.4021
27.4267
27.435
27.4617
27.4843
27.509
27.5172
27.5419
27.5933
27.5933
27.6179
27.6323
27.6488
27.6755
27.692
27.7166
27.731
27.7557
27.7722
27.7989
27.8133
27.84
27.8544
27.8811
27.8955
27.9223
27.9469
27.9634
27.986
28.0045
28.0271
28.0456
28.0682
28.0847
28.1114
28.1279
28.1423
28.169
28.1937
28.2101
28.2348
28.2492
28.2759
28.2924
28.315
28.3335
28.3582
28.3808
28.3972
28.4157
28.4383
28.4568
28.4795
28.4959
28.5206
28.5391
28.5617
28.5802
28.6049
28.6296
28.646
28.6686
28.6871
28.7118
28.7262
28.7509
28.7755
28.792
28.8084
28.8331
28.8578
28.8742
28.8907
28.9154
28.94
28.9565
28.9729
28.9976
29.0243
29.0387
29.0572
29.0798
29.0984
29.121
29.1374
29.1621
29.1868
29.2032
29.2279
29.2443
29.269
29.2937
29.3101
29.3266
29.3513
29.3759
29.3924
29.4088
29.4849
29.4849
29.4993
29.526
29.5507
29.5671
29.5815
29.6082
29.6226
29.6492
29.6902
29.6964
29.7046
29.7373
29.7455
29.7722
29.7947
29.8111
29.8275
29.8541
29.8685
29.8951
29.9177
29.9361
29.9587
29.9772
30.0018
30.0244
30.0408
30.0593
30.0818
30.0982
30.1228
30.1411
30.1554
30.1819
30.2042
30.2204
30.287
30.287
30.287
30.303
30.333
30.351
30.3649
30.3888
30.4067
30.4285
30.4917
30.4917
30.4917
30.5074
30.5232
30.5389
30.5625
30.5861
30.6018
30.6194
30.6488
30.6664
30.6879
30.7036
30.7211
30.7426
30.7661
30.7817
30.7992
30.8207
30.8362
30.8596
30.8771
30.9219
30.9316
30.9374
30.953
30.9763
30.9918
31.0151
31.0326
31.0539
31.0772
31.0927
31.1101
31.1314
31.1547
31.1702
31.1953
31.2089
31.2244
31.2495
31.2708
31.2862
31.3017
31.3423
31.3481
31.3713
31.3867
31.4022
31.4253
31.4408
31.4639
31.4813
31.5025
31.518
31.5411
31.5585
31.5797
31.6028
31.6183
31.6337
31.6568
31.68
31.7031
31.7108
31.734
31.7571
31.7802
31.7879
31.811
31.8341
31.8495
31.865
31.8881
31.9189
31.9266
31.942
31.9651
31.9882
32.0133
32.0422
32.0518
32.0729
32.096
32.1037
32.1191
32.1422
32.1653
32.198
32.198
32.2192
32.2442
32.2577
32.2808
32.2962
32.3212
32.3347
32.3597
32.3732
32.3982
32.4117
32.4348
32.4598
32.4752
32.4983
32.5194
32.5348
32.5521
32.5752
32.5964
32.6195
32.6291
32.658
32.6734
32.6888
32.7119
32.7292
32.7503
32.7657
32.7888
32.8061
32.8215
32.8445
32.8657
32.883
32.8984
32.9195
32.9368
32.9599
32.9753
32.9983
33.0195
33.0349
33.0522
33.0753
33.0964
33.1118
33.1292
33.1522
33.1734
33.1888
33.2119
33.2273
33.2504
33.2754
33.3043
33.312
33.3274
33.3505
33.3659
33.3833
33.4045
33.4218
33.443
33.4662
33.4816
33.5067
33.5202
33.5433
33.5587
33.5819
33.5973
33.6205
33.6359
33.6688
33.6745
33.6977
33.7132
33.7363
33.7518
33.7749
33.7904
33.8155
33.8367
33.8521
33.8676
33.8908
33.914
33.9294
33.9449
33.9681
33.9835
34.0067
34.0241
34.0454
34.0608
34.086
34.0995
34.1227
34.1401
34.1614
34.1846
34.2001
34.2233
34.2387
34.2541
34.2849
34.3003
34.3252
34.331
34.3616
34.3844
34.4016
34.4149
34.43
34.4527
34.4773
34.483
34.5056
34.5281
34.5525
34.5581
34.5806
34.6049
34.618
34.6329
34.6647
34.6777
34.7019
34.7149
34.7391
34.7596
34.7763
34.7893
34.8116
34.8338
34.8486
34.8635
34.8783
34.9005
34.9246
34.9375
34.9616
34.9745
34.9985
35.0115
35.0355
35.0484
35.0779
35.0945
35.1221
35.1221
35.1737
35.1737
35.1829
35.2105
35.2197
35.2565
35.262
35.2786
35.2933
35.3153
35.3429
35.3521
35.3668
35.387
35.4017
35.4164
35.4402
35.4622
35.4769
35.4971
35.5136
35.5264
35.5502
35.5631
35.585
35.5997
35.6235
35.6455
35.6656
35.6821
35.6967
35.7187
35.7388
35.7552
35.7754
35.7918
35.8119
35.8558
35.8632
35.8705
35.8851
35.9016
35.9217
35.9363
35.9802
35.9802
35.9949
36.0113
36.0827
36.0827
36.1064
36.1339
36.1412
36.1631
36.1778
36.2217
36.2217
36.229
36.2455
36.2656
36.2821
36.3022
36.3242
36.3407
36.3608
36.3773
36.3974
36.4121
36.4341
36.4487
36.4944
36.4944
36.5018
36.5219
36.5383
36.5804
36.5804
36.595
36.6115
36.6316
36.6535
36.6681
36.6827
36.7047
36.7339
36.7558
36.7558
36.7796
36.7997
36.8143
36.8362
36.8526
36.8727
36.8873
36.9092
36.9238
36.9457
36.9603
36.9822
37.0041
37.0187
37.0333
37.0498
37.0717
37.0917
37.1136
37.1282
37.1447
37.1648
37.1794
37.2013
37.225
37.2378
37.2597
37.2743
37.298
37.3108
37.3327
37.3473
37.4149
37.4203
37.4277
37.4937
37.4937
37.6045
37.6119
37.7002
37.7092
37.8031
37.8086
37.9149
37.9149
37.9149
37.9149
37.9149
37.9149
37.9914
37.9914
38.0329
38.0329
38.0507
38.0969
38.104
38.1185
38.141
38.1662
38.18
38.206
38.2202
38.2526
38.2708
38.2869
38.3009
38.3266
38.3403
38.3655
38.3789
38.4035
38.4166
38.4408
38.4537
38.4775
38.4994
38.5139
38.5266
38.5557
38.572
38.5866
38.5994
38.6233
38.6454
38.6603
38.6733
38.6976
38.7107
38.7353
38.7561
38.7732
38.7866
38.8171
38.8325
38.8498
38.8728
38.8882
38.9017
38.9268
38.9402
38.9711
38.9865
39.0038
39.027
39.0424
39.0635
39.0809
39.102
39.1174
39.1405
39.1559
39.181
39.2021
39.2175
39.2406
39.2734
39.2791
39.2965
39.31
39.3351
39.3563
39.3717
39.3949
39.4123
39.4335
39.449
39.4664
39.4896
39.5108
39.5263
39.5437
39.5669
39.5882
39.6037
39.627
39.6444
39.6657
39.6831
39.7044
39.7266
39.7393
39.7494
39.7589
39.7608
39.7569
39.7496
39.7324
39.7149
39.6891
39.6651
39.633
39.6085
39.571
39.5459
39.5093
