0
0
0
0
0
0
0
0
0
0
0
0
0
0
0
0
0
0
0
0
0
0
0
0
0
0
0
0
0
0
0
0
0
0
0
0
0
0
0
0
0
0
0
0
0
0
0
0
0
0
0
0
0
0
0
0
0
0
0
0
0
0
0
0
0
0
0
0
0
0
0
0
0
0
0
0
0
0
0
0
0
0
0
0
0
0
0
0
0
0
0
0
0
0
0
0
0
0
0
0
0
0
0
0
0
0
0
0
0
0
0
0
0
0
0
0
0
0
0
0
0
0
0
0
0
0
0
0
0
0
0
0
0
0
0
0
0
0
0
0
0
0
0
0
0
0
0
0
0
0
0
0
0
0
0
0
0
0
0
0
0
0
0
0
0
0
0
0
0
0
0
0
0
0
0
0
0
0
0
0
0
0
0
0
0
0
0
0
0
0
0
0
3.52046
3.54102
3.54102
3.54102
3.54102
3.54102
3.54102
3.54102
3.54102
3.54102
3.54102
3.54102
3.54102
3.54102
3.54102
3.54102
3.54102
3.54102
3.54102
3.54102
3.54102
3.54102
3.54102
3.54102
3.54102
3.54102
3.54102
3.54102
3.54102
3.54102
3.54102
3.54102
3.54102
3.54102
3.54102
3.54102
3.54102
3.54102
3.54102
3.54102
3.54102
3.54102
3.54102
3.54102
3.54102
3.54102
3.54102
3.54102
3.54102
3.54102
3.54102
3.54102
3.54102
3.54102
3.54102
3.54102
3.54102
3.54102
3.54102
3.54102
3.54102
3.54102
3.54102
3.54102
3.54102
3.54102
3.54102
3.54102
3.54102
3.54102
3.54102
3.54102
3.54102
3.54102
3.54102
3.54102
3.54102
3.54102
3.54102
3.54102
3.54102
3.54102
3.54102
3.54102
3.54102
3.54102
3.54102
3.54102
3.54102
3.54102
3.54102
3.54102
3.54102
3.54102
3.54102
3.54102
3.54102
3.54102
3.54102
3.54102
3.54102
3.54102
3.54102
3.54102
3.54102
3.54102
3.54102
3.54102
3.54102
3.54102
3.54102
3.54102
3.54102
3.54102
3.54102
3.54102
3.54102
3.54102
3.54102
3.54102
3.54102
3.54102
3.54102
3.54102
3.54102
3.54102
3.54102
3.54102
3.54102
3.54102
3.54102
3.54102
3.54102
3.54102
3.54102
3.54102
3.54102
3.54102
3.54102
3.54102
3.54102
3.54102
3.54102
3.54102
3.54102
3.54102
3.54102
3.54102
3.54102
3.54102
3.54102
3.54102
3.54102
3.54102
3.54102
3.54102
3.54102
3.54102
3.54102
3.54102
3.54102
3.54102
3.54102
3.54102
3.54102
3.54102
3.54102
3.54102
3.54102
3.54102
3.54102
3.54102
3.54102
3.54102
3.54102
3.54102
3.54102
3.54102
3.54102
3.54102
3.54102
3.54102
3.54102
3.54102
3.54102
3.54102
3.54102
3.54102
3.54102
3.54102
3.54102
3.54102
3.54102
3.54102
3.54102
3.54102
3.54102
3.54102
3.54102
3.54102
3.54102
3.54102
3.54102
3.54102
3.54102
3.54102
3.54102
3.54102
3.54102
3.54102
3.54102
3.54102
3.54102
3.54102
3.54102
3.54102
3.54102
3.54102
3.54102
3.54102
3.54102
3.54102
3.54102
3.54102
3.54102
3.54102
3.54102
3.54102
3.54102
3.54102
3.54102
3.54102
3.54102
3.54102
3.54102
3.54102
3.54102
3.54102
3.54102
3.54102
3.54102
3.54102
3.54102
3.54102
3.54102
3.54102
3.54102
3.54102
3.54102
3.54102
3.54102
3.38899
3.76311
3.79339
3.80617
3.81357
3.81835
3.82475
3.83064
3.83647
3.84465
3.85539
3.8649
3.87792
3.88844
3.90549
3.92394
3.93051
3.95034
3.97081
3.98477
4.00564
4.01965
4.04027
4.05399
4.07397
4.08723
4.10644
4.11919
4.13768
4.14998
4.16789
4.18697
4.1974
4.20917
4.2265
4.24379
4.25548
4.26718
4.28456
4.30202
4.32534
4.32571
4.34338
4.35533
4.37316
4.38518
4.4031
4.42108
4.43317
4.44525
4.46328
4.48131
4.50082
4.50549
4.52497
4.54149
4.55356
4.5656
4.58356
4.60151
4.61355
4.62557
4.64942
4.66145
4.67938
4.6855
4.70935
4.72138
4.7408
4.75137
4.76342
4.78139
4.80086
4.81143
4.8309
4.84149
4.8595
4.87156
4.89109
4.90167
4.92119
4.93179
4.95133
4.96193
4.98147
4.99208
5.01013
5.02222
5.0418
5.05241
5.07198
5.08858
5.1022
5.11283
5.16232
5.16251
5.16268
5.18081
5.19295
5.2036
5.22323
5.26382
5.26401
5.30165
5.30634
5.30651
5.33669
5.33687
5.37457
5.37912
5.37917
5.40925
5.40931
5.44542
5.4455
5.46961
5.46967
5.48327
5.49535
5.51349
5.52559
5.54373
5.55435
5.57851
5.59215
5.60429
5.61645
5.63313
5.64679
5.66502
5.67717
5.6939
5.70758
5.72582
5.73801
5.75474
5.77301
5.7867
5.80345
5.81721
5.8355
5.8477
5.85992
5.87669
5.89045
5.90876
5.92556
5.94389
5.95614
5.96841
5.98676
5.99901
6.01738
6.02966
6.04807
6.06034
6.07873
6.09256
6.10943
6.12326
6.14016
6.15399
6.17089
6.18319
6.20167
6.22169
6.2325
6.25096
6.26329
6.28182
6.29415
6.31267
6.32503
6.33741
6.35591
6.37447
6.38686
6.40078
6.41779
6.43176
6.44876
6.46732
6.47974
6.49836
6.51075
6.52937
6.54796
6.56039
6.57287
6.59303
6.60398
6.62257
6.64125
6.65373
6.66621
6.68489
6.6974
6.71603
6.72857
6.74725
6.75974
6.77846
6.79094
6.81129
6.82223
6.84257
6.85974
6.87229
6.88483
6.9036
6.91614
6.93489
6.94755
6.96633
6.9851
7.00394
7.01037
7.04167
7.04798
7.06062
7.07325
7.09361
7.11092
7.1235
7.13626
7.15666
7.174
7.18663
7.19921
7.21814
7.23718
7.25764
7.26246
7.28932
7.30042
7.31306
7.3525
7.35268
7.37158
7.38434
7.40341
7.41605
7.42721
7.44635
7.4591
7.47972
7.49088
7.51149
7.53057
7.54167
7.56067
7.57532
7.59431
7.60713
7.62464
7.63917
7.65038
7.67098
7.69021
7.70309
7.71412
7.73505
7.74632
7.76702
7.77782
7.79921
7.816
7.83186
7.86224
7.8754
7.9001
7.8976
7.90591
7.92877
7.94473
7.95974
7.97915
7.99163
8.01104
8.02398
8.04339
8.05633
8.07393
8.08856
8.10783
8.1257
8.13894
8.15333
8.1726
8.18572
8.20522
8.22275
8.23749
8.25052
8.26836
8.29437
8.30101
8.31559
8.33496
8.34802
8.36761
8.3935
8.39852
8.41789
8.43265
8.44578
8.4637
8.47835
8.49628
8.5094
8.52897
8.54368
8.56325
8.58129
8.59436
8.61401
8.62873
8.64674
8.66152
8.69419
8.70732
8.70749
8.72721
8.74033
8.76653
8.78466
8.79293
8.81102
8.82581
8.84402
8.85721
8.87696
8.8918
8.9115
8.92315
8.9429
8.96272
8.97597
8.99088
9.009
9.02397
9.04215
9.06848
9.07525
9.11488
9.11505
9.13655
9.1416
9.16155
9.17484
9.19474
9.20802
9.22804
9.24135
9.26126
9.27463
9.28964
9.30793
9.32294
9.34127
9.35629
9.38133
9.3947
9.40807
9.42315
9.44152
9.46158
9.47663
9.49503
9.50843
9.52855
9.54201
9.55545
9.57551
9.59562
9.60909
9.63089
9.64269
9.66281
9.67633
9.69649
9.70998
9.73016
9.74365
9.76383
9.78407
9.7976
9.81278
9.83136
9.84488
9.86512
9.87864
9.89892
9.91922
9.93277
9.95305
9.96663
9.98194
10.0005
10.0142
10.0345
10.0548
10.0684
10.0837
10.1024
10.116
10.1364
10.1518
10.1705
10.1909
10.2045
10.2182
10.2454
10.2523
10.2727
10.2932
10.3154
10.3206
10.3411
10.3633
10.3753
10.3958
10.4096
10.4233
10.4438
10.4644
10.4781
10.4936
10.5125
10.5331
10.5468
10.5606
10.5812
10.6018
10.6292
10.6926
10.6979
10.7049
10.7273
10.7394
10.7618
10.7739
10.8015
10.8085
10.8309
10.8448
10.8655
10.8777
10.9001
10.9123
10.9348
10.9538
10.9694
10.9816
11.0041
11.0249
11.0389
11.0511
11.0736
11.0876
11.1084
11.1293
11.1432
11.1693
11.1781
11.2041
11.213
11.239
11.2738
11.274
11.2828
11.3228
11.3299
11.3387
11.3579
11.4223
11.4276
11.4278
11.4349
11.4559
11.47
11.4788
11.5678
11.5679
11.589
11.5892
11.6102
11.6243
11.6611
11.6613
11.6737
11.6948
11.709
11.7161
11.739
11.8004
11.8145
11.8304
11.8569
11.8991
11.9063
11.9346
11.9698
11.9858
11.986
11.9985
12.0426
12.048
12.1326
12.1398
12.1541
12.1543
12.1685
12.1687
12.1988
12.2113
12.234
12.2872
12.2942
12.2944
12.3082
12.3084
12.3376
12.3637
12.3639
12.385
12.408
12.4206
12.4492
12.4565
12.471
12.5
12.5164
12.5436
12.5528
12.5799
12.5873
12.6109
12.6254
12.6381
12.6526
12.6671
12.6886
12.7103
12.7318
12.7462
12.7696
12.7965
12.8055
12.8182
12.8415
12.8542
12.8829
12.9117
12.9118
12.9407
12.9551
12.9625
12.986
13.0131
13.0276
13.0421
13.0567
13.0802
13.1002
13.1165
13.1311
13.1439
13.1674
13.1874
13.2093
13.2238
13.2456
13.2819
13.2821
13.2967
13.3131
13.3332
13.3496
13.3697
13.3861
13.408
13.4643
13.4645
13.4955
13.6536
13.6629
13.7546
13.7548
13.755
13.7552
13.7622
13.7623
13.839
13.8426
13.8908
13.891
13.948
13.9549
14.011
14.0112
14.0115
14.0831
14.0834
14.1167
14.117
14.1467
14.1471
14.3171
14.3175
14.3179
14.3252
14.3324
14.3787
14.3834
14.4358
14.4361
14.4497
14.4665
14.4807
14.5
14.5182
14.547
14.5524
14.5735
14.5879
14.6186
14.6244
14.6466
14.6616
14.6767
14.6919
14.7164
14.7373
14.7544
14.7754
14.7926
14.8135
14.8438
14.8516
14.8687
14.8896
14.9123
14.9275
14.9651
14.9653
14.988
15.0031
15.0182
15.0408
15.0726
15.0784
15.1009
15.1235
15.133
15.1536
15.178
15.1912
15.2137
15.2288
15.2513
15.2738
15.2981
15.3058
15.3264
15.3415
15.364
15.3809
15.4015
15.4166
15.4391
15.4542
15.4785
15.4992
15.5143
15.5293
15.5518
15.5837
15.5969
15.6045
15.6344
15.6495
15.6646
15.6796
15.7021
15.7172
15.7545
15.7547
15.7772
15.7923
15.8142
15.8287
15.8507
15.8652
15.8871
15.9017
15.9236
15.9456
15.9694
16.034
16.0336
16.0482
16.1072
16.1143
16.138
16.1507
16.1652
16.189
16.2109
16.231
16.2474
16.26
16.2838
16.2983
16.3202
16.3348
16.3567
16.3712
16.3913
16.4076
16.4295
16.444
16.464
16.4804
16.5171
16.5223
16.5369
16.5588
16.5733
16.5952
16.6115
16.6316
16.648
16.668
16.6825
16.6989
16.7356
16.7409
16.7554
16.7718
16.7918
16.8137
16.8282
16.8501
16.8665
16.8792
16.9084
16.9229
16.9448
16.9593
16.9757
17.0031
17.0121
17.0395
17.054
17.0685
17.0849
17.1049
17.1268
17.1505
17.1577
17.1777
17.1923
17.2142
17.2287
17.2653
17.2651
17.287
17.3034
17.3234
17.3398
17.3598
17.3744
17.3963
17.4274
17.4327
17.4546
17.4618
17.4837
17.5055
17.5219
17.5419
17.573
17.5783
17.6002
17.6221
17.6384
17.6511
17.673
17.6875
17.7094
17.7239
17.7458
17.7603
17.7895
17.7967
17.8186
17.8331
17.855
17.8695
17.8988
17.906
17.9297
17.9424
17.9643
17.9862
18.0007
18.0152
18.0371
18.0516
18.0735
18.0881
18.1118
18.1245
18.1464
18.1609
18.1828
18.1974
18.2193
18.2411
18.2575
18.2776
18.2995
18.3067
18.3286
18.3504
18.365
18.3795
18.4013
18.4324
18.4378
18.4523
18.4742
18.4961
18.5179
18.5324
18.547
18.5689
18.5834
18.5979
18.6198
18.649
18.6562
18.6781
18.6926
18.7163
18.7382
18.7601
18.7747
18.7966
18.8166
18.8239
18.8403
18.8603
18.884
18.9114
18.9205
18.9406
18.957
18.9697
18.9916
19.0062
19.0299
19.0426
19.0664
19.0791
19.1028
19.1247
19.1393
19.1612
19.1758
19.1885
19.2031
19.225
19.2487
19.2615
19.2852
19.298
19.3217
19.3345
19.3582
19.371
19.3947
19.4075
19.4312
19.444
19.4677
19.4805
19.5042
19.517
19.5408
19.5627
19.5773
19.5973
19.6138
19.6265
19.6503
19.6704
19.6868
19.7087
19.7507
19.7507
19.7598
19.7799
19.7963
19.8163
19.8382
19.8546
19.8692
19.8911
19.9057
19.9276
19.9422
19.9623
19.9787
20.0005
20.0151
20.0352
20.0516
20.0735
20.0881
20.1082
20.1246
20.1465
20.1666
20.1976
20.2031
20.2195
20.2396
20.256
20.2706
20.2925
20.3144
20.3272
20.3436
20.3655
20.3856
20.4002
20.4221
20.4367
20.4586
20.4732
20.497
20.5171
20.5317
20.5536
20.5682
20.5846
20.6193
20.6266
20.6559
20.6632
20.6924
20.6997
20.7289
20.738
20.7746
20.7746
20.8166
20.8166
20.8824
20.8824
20.9701
20.9774
21.0359
21.0359
21.1053
21.1117
21.1178
21.1787
21.1787
21.2228
21.2228
21.2757
21.2816
21.3475
21.3475
21.4186
21.4242
21.4984
21.4984
21.564
21.5689
21.6252
21.6302
21.6754
21.6755
21.732
21.732
21.7968
21.8106
21.8749
21.8822
21.9564
21.9565
22.0313
22.0314
22.1134
22.1134
22.1135
22.2022
22.2096
22.2611
22.2703
22.2704
22.2704
22.3439
22.3457
22.4191
22.4282
22.5035
22.5145
22.7592
22.761
22.7629
22.7647
22.7668
22.7686
22.7703
22.7715
22.7726
22.7739
22.7766
22.78
22.7863
22.7931
22.8029
22.8119
22.8219
22.8379
22.8503
22.8695
22.8837
22.9054
22.9281
22.9443
22.9609
22.9949
23.0122
23.0433
23.045
23.0704
23.0978
23.1133
23.1308
23.1561
23.189
23.1985
23.2157
23.2406
23.2807
23.2823
23.345
23.3466
23.3956
23.3972
23.4894
23.491
23.4926
23.5451
23.5467
23.5558
23.5743
23.6042
23.6284
23.6375
23.6617
23.6783
23.7025
23.721
23.7433
23.76
23.7785
23.8008
23.825
23.8435
23.8658
23.8843
23.9085
23.9252
23.9475
23.966
23.9883
24.0125
24.0291
24.0533
24.0699
24.0866
24.1127
24.1293
24.1516
24.1758
24.1925
24.211
24.2333
24.2727
24.2742
24.2984
24.315
24.3392
24.3558
24.38
24.4043
24.4133
24.4375
24.4617
24.4784
24.5026
24.5192
24.5434
24.5676
24.5843
24.6009
24.6346
24.6494
24.666
24.6827
24.7069
24.731
24.7476
24.7642
24.7903
24.8126
24.8311
24.8458
24.87
24.8942
24.9202
24.935
24.961
24.9833
25.0018
25.0166
25.0427
25.0574
25.0835
25.1077
25.1148
25.139
25.1651
25.1722
25.2059
25.2301
25.2676
25.269
25.2875
25.3022
25.3284
25.3507
25.3692
25.3915
25.41
25.4247
25.4509
25.4655
25.4916
25.5063
25.5323
25.547
25.5712
25.5877
25.6138
25.6285
25.6546
25.6768
25.6953
25.7176
25.7341
25.7583
25.7768
25.7991
25.8157
25.8417
25.8564
25.8806
25.8991
25.9233
25.9455
25.9641
25.9863
26.003
26.0271
26.0437
26.0679
26.0864
26.103
26.1253
26.1514
26.168
26.1979
26.2069
26.2311
26.2477
26.2719
26.2904
26.3127
26.3369
26.3535
26.3778
26.3944
26.4128
26.4352
26.4517
26.476
26.5002
26.5168
26.5334
26.5575
26.5741
26.5983
26.6148
26.639
26.6632
26.6797
26.7039
26.7205
26.7446
26.7612
26.7796
26.8019
26.8204
26.8427
26.8669
26.8834
26.9095
26.9242
26.9483
26.9649
26.991
27.0133
27.0298
27.0464
27.0801
27.0872
27.1114
27.1279
27.154
27.1687
27.1929
27.2095
27.2413
27.2579
27.2745
27.291
27.3152
27.3394
27.3655
27.3898
27.3968
27.4229
27.4376
27.4542
27.4784
27.5026
27.5192
27.5433
27.5618
27.5842
27.6084
27.6173
27.6435
27.6658
27.69
27.6989
27.7232
27.7722
27.7735
27.7977
27.8124
27.829
27.8551
27.8717
27.896
27.9107
27.9349
27.9514
27.9776
27.9923
28.0184
28.0331
28.0592
28.0739
28.1001
28.1243
28.1408
28.1632
28.1817
28.204
28.2225
28.2448
28.2614
28.2876
28.3041
28.3188
28.345
28.3692
28.3858
28.41
28.4247
28.4508
28.4675
28.4897
28.5083
28.5325
28.5547
28.5713
28.5897
28.612
28.6305
28.6528
28.6693
28.6935
28.712
28.7342
28.7527
28.7769
28.8011
28.8177
28.8399
28.8584
28.8826
28.8973
28.9215
28.9457
28.9622
28.9788
29.003
29.0272
29.0438
29.0603
29.0846
29.1088
29.1254
29.1419
29.1661
29.1923
29.2069
29.2254
29.2477
29.2661
29.2885
29.3051
29.3293
29.3535
29.3701
29.3943
29.4109
29.4351
29.4593
29.4759
29.4924
29.5166
29.5409
29.5575
29.574
29.6462
29.6475
29.662
29.6883
29.7125
29.729
29.7437
29.7699
29.7845
29.8107
29.8503
29.8573
29.8662
29.8981
29.907
29.9331
29.9555
29.9721
29.9886
30.0148
30.0295
30.0556
30.0767
30.094
30.115
30.1322
30.1551
30.1763
30.1915
30.2088
30.2299
30.2452
30.2682
30.2854
30.2988
30.3237
30.3448
30.36
30.4232
30.4233
30.4232
30.4385
30.4671
30.4843
30.4977
30.5206
30.5378
30.5588
30.62
30.62
30.6199
30.6352
30.6505
30.6658
30.6887
30.7116
30.7269
30.7441
30.7727
30.79
30.811
30.8263
30.8435
30.8645
30.8874
30.9027
30.9199
30.9409
30.9563
30.9792
30.9963
31.0402
31.0499
31.0556
31.0709
31.0938
31.1091
31.132
31.1492
31.1702
31.1931
31.2084
31.2256
31.2466
31.2696
31.2848
31.3097
31.323
31.3383
31.3632
31.3842
31.3995
31.4148
31.4549
31.4607
31.4836
31.4988
31.5141
31.5371
31.5524
31.5753
31.5925
31.6135
31.6287
31.6517
31.6688
31.6899
31.7128
31.7281
31.7434
31.7663
31.7892
31.8122
31.8198
31.8427
31.8656
31.8885
31.8962
31.9192
31.9421
31.9573
31.9727
31.9956
32.0262
32.0338
32.0491
32.072
32.095
32.1198
32.1484
32.158
32.179
32.2019
32.2096
32.2249
32.2478
32.2708
32.3032
32.3032
32.3242
32.3491
32.3625
32.3854
32.4007
32.4255
32.4389
32.4637
32.4771
32.502
32.5153
32.5383
32.5631
32.5784
32.6014
32.6224
32.6377
32.6549
32.6778
32.6988
32.7217
32.7313
32.76
32.7752
32.7906
32.8135
32.8308
32.8517
32.8671
32.89
32.9072
32.9225
32.9454
32.9664
32.9837
32.9989
33.02
33.0372
33.0601
33.0754
33.0983
33.1194
33.1348
33.1521
33.175
33.1962
33.2116
33.2289
33.2519
33.2731
33.2884
33.3115
33.3269
33.3499
33.3748
33.4036
33.4113
33.4268
33.4498
33.4652
33.4826
33.5037
33.521
33.5421
33.5651
33.5805
33.6054
33.619
33.642
33.6574
33.6805
33.6959
33.7189
33.7343
33.7669
33.7727
33.7958
33.8112
33.8343
33.8497
33.8728
33.8882
33.9133
33.9344
33.9499
33.9653
33.9884
34.0115
34.027
34.0424
34.0654
34.0809
34.104
34.1213
34.1425
34.1569
34.1809
34.1935
34.2155
34.2319
34.2521
34.2741
34.2886
34.3106
34.3251
34.3396
34.3693
34.3837
34.4076
34.4125
34.4423
34.4643
34.4807
34.4932
34.5076
34.5297
34.5535
34.5585
34.5805
34.6026
34.6265
34.6314
34.6535
34.6774
34.6899
34.7043
34.7357
34.7483
34.7722
34.7847
34.8086
34.8287
34.845
34.8575
34.8795
34.9014
34.9159
34.9304
34.9447
34.9667
34.9906
35.0031
35.027
35.0395
35.0634
35.0759
35.0998
35.1122
35.1418
35.1581
35.1858
35.185
35.2373
35.2365
35.2452
35.2729
35.2816
35.3187
35.3236
35.3399
35.3543
35.3763
35.404
35.4127
35.4272
35.4472
35.4616
35.4759
35.4998
35.5218
35.5362
35.5563
35.5725
35.5851
35.6089
35.6214
35.6434
35.6578
35.6816
35.7037
35.7237
35.74
35.7543
35.7763
35.7964
35.8126
35.8328
35.8491
35.8691
35.9137
35.9206
35.9275
35.9418
35.9581
35.9782
35.9926
36.0373
36.0365
36.0509
36.0672
36.1402
36.1395
36.1633
36.1909
36.1978
36.2197
36.2342
36.2788
36.278
36.2849
36.3012
36.3213
36.3376
36.3576
36.3796
36.3959
36.4159
36.4322
36.4523
36.4667
36.4886
36.5031
36.5496
36.5488
36.5557
36.5758
36.592
36.6348
36.6341
36.6486
36.6648
36.6848
36.7068
36.7212
36.7357
36.7576
36.787
36.809
36.8084
36.8322
36.8522
36.8667
36.8886
36.9049
36.925
36.9394
36.9613
36.9757
36.9977
37.0121
37.034
37.056
37.0704
37.0847
37.101
37.123
37.1431
37.165
37.1794
37.1956
37.2157
37.2301
37.252
37.2759
37.2884
37.3104
37.3258
37.3506
37.3641
37.3872
37.4026
37.4727
37.4787
37.4866
37.5548
37.5552
37.6688
37.6767
37.7663
37.7758
37.8707
37.8765
37.9827
37.983
37.9834
37.9837
37.984
37.9844
38.0601
38.0605
38.1005
38.1008
38.1179
38.1608
38.1676
38.1812
38.2019
38.2251
38.2379
38.262
38.2753
38.3057
38.3232
38.3388
38.3527
38.378
38.3919
38.4174
38.4313
38.4567
38.4707
38.4961
38.5099
38.5353
38.5586
38.5743
38.5881
38.619
38.6366
38.6522
38.6659
38.6908
38.7141
38.7297
38.7433
38.7683
38.782
38.8071
38.8283
38.8457
38.8593
38.89
38.9056
38.923
38.9461
38.9617
38.9754
39.0005
39.014
39.0448
39.0604
39.0779
39.101
39.1165
39.1378
39.1552
39.1765
39.192
39.2153
39.2307
39.2558
39.2771
39.2926
39.3158
39.3484
39.3545
39.372
39.3855
39.4106
39.4319
39.4475
39.4705
39.488
39.5094
39.5249
39.5423
39.5656
39.5868
39.6023
39.6198
39.643
39.6642
39.6798
39.7029
38.4205
38.4405
38.4573
38.4798
38.5004
38.513
38.5245
38.544
38.5588
38.5767
38.59
38.609
38.6225
38.6382
38.6506
38.6648
38.6748
38.6893
38.6988
38.7133
