-4.00895e-10
-4.00895e-10
-4.00895e-10
-4.00895e-10
-4.00895e-10
-4.00895e-10
-4.00895e-10
-4.00895e-10
-4.00895e-10
-4.00895e-10
-4.00895e-10
-4.00895e-10
-4.00895e-10
-4.00895e-10
-4.00895e-10
-4.00895e-10
-4.00895e-10
-4.00895e-10
-4.00895e-10
-4.00895e-10
-4.00895e-10
-4.00895e-10
-4.00895e-10
-4.00895e-10
-4.00895e-10
-4.00895e-10
-4.00895e-10
-4.00895e-10
-4.00895e-10
-4.00895e-10
-4.00895e-10
-4.00895e-10
-4.00895e-10
-4.00895e-10
-4.00895e-10
-4.00895e-10
-4.00895e-10
-4.00895e-10
-4.00895e-10
-4.00895e-10
-4.00895e-10
-4.00895e-10
-4.00895e-10
-4.00895e-10
-4.00895e-10
-4.00895e-10
-4.00895e-10
-4.00895e-10
-4.00895e-10
-4.00895e-10
-4.00895e-10
-4.00895e-10
-4.00895e-10
-4.00895e-10
-4.00895e-10
-4.00895e-10
-4.00895e-10
-4.00895e-10
-4.00895e-10
-4.00895e-10
-4.00895e-10
-4.00895e-10
-4.00895e-10
-4.00895e-10
-4.00895e-10
-4.00895e-10
-4.00895e-10
-4.00895e-10
-4.00895e-10
-4.00895e-10
-4.00895e-10
-4.00895e-10
-4.00895e-10
-4.00895e-10
-4.00895e-10
-4.00895e-10
-4.00895e-10
-4.00895e-10
-4.00895e-10
-4.00895e-10
-4.00895e-10
-4.00895e-10
-4.00895e-10
-4.00895e-10
-4.00895e-10
-4.00895e-10
-4.00895e-10
-4.00895e-10
-4.00895e-10
-4.00895e-10
-4.00895e-10
-4.00895e-10
-4.00895e-10
-4.00895e-10
-4.00895e-10
-4.00895e-10
-4.00895e-10
-4.00895e-10
-4.00895e-10
-4.00895e-10
-4.00895e-10
-4.00895e-10
-4.00895e-10
-4.00895e-10
-4.00895e-10
-4.00895e-10
-4.00895e-10
-4.00895e-10
-4.00895e-10
-4.00895e-10
-4.00895e-10
-4.00895e-10
-4.00895e-10
-4.00895e-10
-4.00895e-10
-4.00895e-10
-4.00895e-10
-4.00895e-10
-4.00895e-10
-4.00895e-10
-4.00895e-10
-4.00895e-10
-4.00895e-10
-4.00895e-10
-4.00895e-10
-4.00895e-10
-4.00895e-10
-4.00895e-10
-4.00895e-10
-4.00895e-10
-4.00895e-10
-4.00895e-10
-4.00895e-10
-4.00895e-10
-4.00895e-10
-4.00895e-10
-4.00895e-10
-4.00895e-10
-4.00895e-10
-4.00895e-10
-4.00895e-10
-4.00895e-10
-4.00895e-10
-4.00895e-10
-4.00895e-10
-4.00895e-10
-4.00895e-10
-4.00895e-10
-4.00895e-10
-4.00895e-10
-4.00895e-10
-4.00895e-10
-4.00895e-10
-4.00895e-10
-4.00895e-10
-4.00895e-10
-4.00895e-10
-4.00895e-10
-4.00895e-10
-4.00895e-10
-4.00895e-10
-4.00895e-10
-4.00895e-10
-4.00895e-10
-4.00895e-10
-4.00895e-10
-4.00895e-10
-4.00895e-10
-4.00895e-10
-4.00895e-10
-4.00895e-10
-4.00895e-10
-4.00895e-10
-4.00895e-10
-4.00895e-10
-4.00895e-10
-4.00895e-10
-4.00895e-10
-4.00895e-10
-4.00895e-10
-4.00895e-10
-4.00895e-10
-4.00895e-10
-4.00895e-10
-4.00895e-10
-4.00895e-10
-4.00895e-10
-4.00895e-10
-4.00895e-10
-4.00895e-10
-4.00895e-10
-4.00895e-10
-4.00895e-10
-4.00895e-10
-4.00895e-10
-4.00895e-10
-4.00895e-10
-4.00895e-10
-4.00895e-10
-4.00895e-10
-4.00895e-10
-4.00895e-10
-4.00895e-10
-4.00895e-10
-4.00895e-10
-4.00895e-10
-4.00895e-10
-4.00895e-10
-4.00895e-10
-4.00895e-10
-4.00895e-10
-4.00895e-10
-4.00895e-10
-4.00895e-10
-4.00895e-10
-4.00895e-10
-4.00895e-10
-4.00895e-10
-0.148171
-0.148171
-0.148171
-0.148171
-0.148171
-0.148171
-0.148171
-0.148171
-0.148171
-0.148171
-0.148171
-0.148171
-0.148171
-0.148171
-0.148171
-0.148171
-0.148171
-0.148171
-0.148171
-0.148171
-0.148171
-0.148171
-0.148171
-0.148171
-0.148171
-0.148171
-0.148171
-0.148171
-0.148171
-0.148171
-0.148171
-0.148171
-0.148171
-0.148171
-0.148171
-0.148171
-0.148171
-0.148171
-0.148171
-0.148171
-0.148171
-0.148171
-0.148171
-0.148171
-0.148171
-0.148171
-0.148171
-0.148171
-0.148171
-0.148171
-0.148171
-0.148171
-0.148171
-0.148171
-0.148171
-0.148171
-0.148171
-0.148171
-0.148171
-0.148171
-0.148171
-0.148171
-0.148171
-0.148171
-0.148171
-0.148171
-0.148171
-0.148171
-0.148171
-0.148171
-0.148171
-0.148171
-0.148171
-0.148171
-0.148171
-0.148171
-0.148171
-0.148171
-0.148171
-0.148171
-0.148171
-0.148171
-0.148171
-0.148171
-0.148171
-0.148171
-0.148171
-0.148171
-0.148171
-0.148171
-0.148171
-0.148171
-0.148171
-0.148171
-0.148171
-0.148171
-0.148171
-0.148171
-0.148171
-0.148171
-0.148171
-0.148171
-0.148171
-0.148171
-0.148171
-0.148171
-0.148171
-0.148171
-0.148171
-0.148171
-0.148171
-0.148171
-0.148171
-0.148171
-0.148171
-0.148171
-0.148171
-0.148171
-0.148171
-0.148171
-0.148171
-0.148171
-0.148171
-0.148171
-0.148171
-0.148171
-0.148171
-0.148171
-0.148171
-0.148171
-0.148171
-0.148171
-0.148171
-0.148171
-0.148171
-0.148171
-0.148171
-0.148171
-0.148171
-0.148171
-0.148171
-0.148171
-0.148171
-0.148171
-0.148171
-0.148171
-0.148171
-0.148171
-0.148171
-0.148171
-0.148171
-0.148171
-0.148171
-0.148171
-0.148171
-0.148171
-0.148171
-0.148171
-0.148171
-0.148171
-0.148171
-0.148171
-0.148171
-0.148171
-0.148171
-0.148171
-0.148171
-0.148171
-0.148171
-0.148171
-0.148171
-0.148171
-0.148171
-0.148171
-0.148171
-0.148171
-0.148171
-0.148171
-0.148171
-0.148171
-0.148171
-0.148171
-0.148171
-0.148171
-0.148171
-0.148171
-0.148171
-0.148171
-0.148171
-0.148171
-0.148171
-0.148171
-0.148171
-0.148171
-0.148171
-0.148171
-0.148171
-0.148171
-0.148171
-0.148171
-0.148171
-0.148171
-0.148171
-0.148171
-0.148171
-0.148171
-0.148171
-0.148171
-0.148171
-0.148171
-0.148171
-0.328218
-0.338876
-0.340693
-0.341134
-0.340577
-0.339757
-0.339323
-0.339195
-0.339184
-0.339212
-0.33929
-0.339425
-0.339624
-0.339875
-0.340178
-0.340534
-0.340905
-0.341276
-0.341661
-0.342044
-0.342423
-0.342795
-0.343162
-0.343534
-0.343957
-0.344395
-0.344807
-0.345266
-0.345738
-0.346169
-0.346583
-0.34698
-0.347354
-0.347713
-0.348057
-0.348386
-0.348718
-0.349043
-0.34934
-0.349618
-0.34989
-0.350154
-0.350407
-0.350654
-0.350895
-0.351131
-0.351367
-0.351599
-0.351829
-0.35206
-0.352289
-0.352513
-0.352736
-0.352959
-0.35318
-0.353406
-0.35363
-0.353852
-0.354074
-0.354295
-0.354514
-0.354737
-0.354959
-0.355178
-0.355396
-0.355616
-0.355836
-0.356055
-0.356273
-0.356487
-0.356701
-0.356917
-0.357132
-0.357347
-0.357561
-0.357775
-0.357987
-0.358199
-0.35841
-0.358621
-0.358834
-0.359046
-0.359255
-0.359464
-0.359672
-0.359882
-0.360092
-0.360302
-0.360516
-0.360727
-0.360933
-0.361138
-0.361343
-0.361548
-0.361753
-0.361957
-0.362163
-0.362369
-0.362572
-0.362777
-0.362985
-0.36319
-0.363392
-0.363593
-0.363797
-0.364002
-0.364207
-0.364409
-0.36461
-0.364811
-0.365011
-0.365213
-0.365415
-0.365618
-0.36582
-0.366016
-0.366214
-0.366413
-0.366612
-0.36681
-0.367019
-0.367235
-0.367445
-0.367664
-0.367891
-0.368112
-0.368332
-0.368552
-0.368771
-0.368987
-0.369201
-0.369414
-0.369626
-0.369836
-0.370045
-0.370254
-0.370461
-0.370666
-0.370869
-0.371133
-0.371453
-0.371769
-0.37208
-0.372393
-0.372704
-0.373009
-0.373309
-0.373607
-0.373902
-0.374193
-0.374482
-0.374768
-0.37505
-0.375331
-0.375609
-0.375884
-0.376157
-0.376428
-0.376696
-0.376963
-0.377232
-0.377497
-0.377757
-0.378015
-0.378273
-0.37853
-0.378786
-0.37904
-0.379291
-0.37954
-0.379787
-0.380033
-0.380277
-0.380519
-0.380759
-0.380998
-0.381235
-0.38147
-0.381703
-0.381936
-0.382167
-0.382397
-0.382626
-0.382853
-0.383079
-0.383303
-0.383527
-0.38375
-0.383972
-0.384192
-0.38441
-0.384627
-0.384842
-0.385057
-0.38527
-0.385481
-0.385692
-0.385902
-0.38611
-0.386318
-0.386525
-0.38673
-0.386937
-0.387141
-0.387342
-0.387543
-0.387744
-0.387944
-0.388144
-0.388341
-0.388537
-0.388733
-0.388927
-0.389119
-0.389311
-0.389501
-0.389691
-0.389879
-0.390067
-0.390254
-0.39044
-0.390625
-0.390809
-0.390991
-0.391173
-0.391354
-0.391533
-0.391712
-0.39189
-0.392067
-0.392243
-0.392418
-0.392593
-0.392766
-0.392939
-0.393152
-0.393403
-0.393649
-0.393898
-0.394149
-0.394395
-0.394639
-0.39488
-0.39512
-0.395358
-0.395593
-0.395826
-0.396057
-0.396287
-0.396514
-0.39674
-0.396963
-0.397185
-0.397404
-0.397622
-0.397839
-0.398054
-0.398267
-0.398481
-0.398694
-0.398905
-0.399114
-0.399321
-0.399526
-0.39973
-0.399933
-0.400134
-0.400334
-0.400532
-0.400728
-0.400924
-0.401118
-0.401312
-0.401505
-0.401697
-0.401888
-0.402078
-0.402267
-0.402454
-0.40264
-0.402826
-0.403012
-0.403196
-0.403379
-0.403561
-0.403741
-0.403921
-0.4041
-0.404278
-0.404455
-0.404631
-0.404807
-0.404988
-0.405174
-0.405364
-0.405558
-0.405756
-0.405957
-0.406161
-0.406367
-0.406575
-0.406786
-0.406992
-0.407195
-0.407396
-0.407595
-0.407791
-0.407985
-0.408177
-0.408367
-0.408555
-0.408742
-0.408927
-0.409109
-0.409288
-0.409466
-0.409642
-0.409817
-0.40999
-0.410161
-0.41033
-0.410499
-0.410666
-0.410832
-0.410996
-0.41116
-0.411322
-0.411482
-0.41164
-0.411799
-0.411956
-0.412113
-0.412269
-0.412423
-0.412576
-0.412728
-0.41288
-0.413032
-0.413181
-0.413328
-0.413475
-0.413621
-0.413766
-0.41391
-0.414053
-0.414195
-0.414337
-0.414477
-0.414615
-0.414753
-0.414891
-0.415028
-0.415164
-0.4153
-0.415434
-0.415596
-0.415784
-0.415971
-0.416156
-0.41634
-0.416523
-0.416704
-0.416884
-0.417063
-0.417241
-0.417416
-0.41759
-0.417764
-0.417936
-0.418107
-0.418276
-0.418445
-0.418612
-0.418778
-0.418943
-0.419107
-0.419269
-0.419431
-0.419591
-0.419751
-0.41991
-0.420069
-0.420226
-0.420382
-0.420537
-0.420692
-0.420845
-0.420999
-0.421152
-0.421303
-0.421453
-0.421603
-0.421752
-0.4219
-0.422048
-0.422194
-0.42234
-0.422485
-0.422629
-0.422773
-0.422916
-0.423058
-0.423199
-0.423339
-0.423479
-0.423618
-0.423757
-0.423894
-0.424031
-0.424168
-0.424303
-0.424439
-0.424573
-0.424708
-0.424841
-0.424973
-0.425105
-0.425236
-0.425367
-0.425497
-0.425626
-0.425755
-0.425883
-0.426011
-0.426138
-0.426264
-0.42639
-0.426515
-0.42664
-0.426764
-0.426888
-0.42701
-0.427132
-0.427254
-0.427375
-0.427496
-0.427617
-0.427737
-0.427856
-0.427975
-0.428093
-0.428211
-0.428329
-0.428446
-0.428562
-0.428678
-0.428794
-0.428909
-0.429023
-0.429137
-0.42925
-0.429363
-0.429475
-0.429587
-0.429698
-0.42981
-0.42992
-0.43003
-0.430139
-0.430248
-0.430357
-0.430465
-0.430572
-0.430679
-0.430786
-0.430893
-0.430999
-0.431105
-0.43121
-0.431314
-0.431419
-0.431523
-0.431626
-0.431729
-0.431832
-0.431935
-0.432037
-0.432139
-0.43224
-0.43234
-0.432441
-0.43254
-0.43264
-0.432739
-0.432832
-0.43292
-0.433008
-0.433095
-0.433182
-0.433269
-0.433356
-0.433442
-0.433528
-0.433614
-0.4337
-0.433785
-0.43387
-0.433954
-0.434039
-0.434123
-0.434206
-0.43429
-0.434374
-0.434457
-0.43454
-0.434623
-0.434706
-0.434788
-0.434871
-0.434952
-0.435034
-0.435116
-0.435197
-0.435278
-0.435358
-0.435439
-0.435519
-0.435599
-0.435679
-0.435758
-0.435837
-0.435916
-0.435994
-0.436072
-0.43615
-0.436228
-0.436306
-0.436384
-0.436461
-0.436538
-0.436615
-0.436692
-0.436768
-0.436844
-0.43692
-0.436996
-0.437072
-0.437147
-0.437222
-0.437297
-0.437371
-0.437446
-0.437521
-0.437595
-0.437669
-0.437742
-0.437815
-0.437889
-0.437962
-0.438034
-0.438107
-0.438179
-0.438251
-0.438323
-0.438395
-0.438466
-0.438537
-0.438608
-0.438679
-0.43875
-0.43882
-0.438891
-0.438961
-0.439031
-0.4391
-0.43917
-0.439239
-0.439309
-0.439377
-0.439446
-0.439515
-0.439583
-0.439652
-0.43972
-0.439788
-0.439856
-0.439923
-0.439991
-0.440058
-0.440125
-0.440192
-0.440259
-0.440325
-0.440391
-0.440458
-0.440523
-0.440589
-0.440654
-0.440719
-0.440785
-0.44085
-0.440915
-0.44098
-0.441045
-0.441109
-0.441174
-0.441239
-0.441304
-0.441369
-0.441434
-0.441499
-0.441563
-0.441628
-0.441692
-0.441757
-0.441822
-0.441886
-0.44195
-0.442013
-0.442078
-0.442144
-0.44221
-0.442275
-0.442339
-0.442403
-0.442468
-0.442533
-0.442598
-0.442662
-0.442726
-0.442789
-0.442851
-0.442914
-0.442976
-0.443038
-0.4431
-0.443161
-0.443222
-0.443283
-0.443344
-0.443404
-0.443465
-0.443525
-0.443584
-0.443644
-0.443703
-0.443763
-0.443822
-0.443881
-0.443939
-0.443998
-0.444056
-0.444114
-0.444172
-0.44423
-0.444287
-0.444345
-0.444403
-0.444461
-0.444519
-0.444576
-0.444634
-0.444691
-0.444748
-0.444804
-0.444861
-0.444918
-0.444974
-0.44503
-0.445086
-0.445142
-0.445197
-0.445252
-0.445308
-0.445362
-0.445417
-0.445472
-0.445526
-0.445581
-0.445635
-0.445688
-0.445742
-0.445796
-0.445849
-0.445902
-0.445955
-0.446008
-0.44606
-0.446113
-0.446165
-0.446217
-0.446269
-0.446321
-0.446372
-0.446424
-0.446475
-0.446526
-0.446577
-0.446628
-0.446679
-0.44673
-0.44678
-0.44683
-0.44688
-0.44693
-0.44698
-0.44703
-0.44708
-0.447129
-0.447178
-0.447227
-0.447276
-0.447325
-0.447374
-0.447422
-0.447471
-0.447519
-0.447567
-0.447615
-0.447663
-0.447711
-0.447759
-0.447807
-0.447854
-0.447905
-0.447959
-0.448013
-0.448067
-0.44812
-0.448174
-0.448227
-0.44828
-0.448333
-0.448386
-0.448438
-0.448491
-0.448543
-0.448595
-0.448647
-0.448699
-0.448751
-0.448802
-0.448854
-0.448905
-0.448956
-0.449007
-0.449058
-0.449109
-0.449159
-0.44921
-0.44926
-0.44931
-0.44936
-0.44941
-0.44946
-0.449509
-0.449559
-0.449608
-0.449657
-0.449706
-0.449755
-0.449803
-0.449852
-0.4499
-0.449948
-0.449996
-0.450044
-0.450092
-0.450139
-0.450187
-0.450234
-0.450281
-0.450328
-0.450375
-0.450422
-0.450469
-0.450515
-0.450562
-0.450608
-0.450654
-0.4507
-0.450746
-0.450792
-0.450838
-0.450884
-0.450929
-0.450975
-0.45102
-0.451065
-0.45111
-0.451155
-0.451199
-0.451244
-0.451289
-0.451333
-0.451377
-0.451421
-0.451465
-0.451509
-0.451553
-0.451597
-0.45164
-0.451684
-0.451727
-0.45177
-0.451813
-0.451856
-0.451899
-0.451942
-0.451984
-0.452027
-0.452069
-0.452112
-0.452154
-0.452196
-0.452238
-0.45228
-0.452322
-0.452363
-0.452405
-0.452446
-0.452487
-0.452529
-0.45257
-0.452611
-0.452652
-0.452693
-0.452733
-0.452774
-0.452815
-0.452855
-0.452895
-0.452936
-0.452976
-0.453016
-0.453056
-0.453096
-0.453135
-0.453175
-0.453214
-0.453254
-0.453293
-0.453332
-0.453371
-0.45341
-0.453449
-0.453488
-0.453527
-0.453565
-0.453604
-0.453642
-0.453681
-0.453719
-0.453757
-0.453795
-0.453833
-0.453871
-0.453909
-0.453947
-0.453984
-0.454022
-0.454059
-0.454096
-0.454133
-0.45417
-0.454207
-0.454244
-0.454281
-0.454318
-0.454355
-0.454392
-0.454428
-0.454465
-0.454501
-0.454538
-0.454575
-0.454612
-0.454649
-0.454686
-0.454723
-0.454759
-0.454796
-0.454832
-0.454868
-0.454903
-0.454938
-0.454973
-0.455009
-0.455045
-0.455081
-0.455118
-0.455154
-0.455191
-0.455228
-0.455265
-0.455302
-0.455339
-0.455377
-0.455414
-0.45545
-0.455487
-0.455524
-0.455561
-0.455598
-0.455635
-0.455672
-0.455709
-0.455746
-0.455783
-0.455819
-0.455856
-0.455892
-0.455928
-0.455964
-0.455999
-0.456035
-0.456071
-0.456107
-0.456143
-0.456179
-0.456214
-0.45625
-0.456285
-0.45632
-0.456355
-0.45639
-0.456426
-0.456461
-0.456496
-0.456531
-0.456566
-0.456601
-0.456636
-0.456671
-0.456705
-0.45674
-0.456774
-0.456808
-0.456842
-0.456875
-0.456909
-0.456943
-0.456976
-0.457009
-0.457043
-0.457076
-0.457109
-0.457142
-0.457175
-0.457208
-0.45724
-0.457273
-0.457305
-0.457337
-0.457369
-0.457402
-0.457434
-0.457465
-0.457497
-0.457529
-0.45756
-0.457592
-0.457623
-0.457655
-0.457686
-0.457717
-0.457748
-0.457779
-0.457809
-0.45784
-0.457871
-0.457901
-0.457932
-0.457962
-0.457992
-0.458022
-0.458053
-0.458083
-0.458113
-0.458143
-0.458172
-0.458202
-0.458232
-0.458261
-0.458291
-0.45832
-0.458349
-0.458384
-0.458423
-0.458462
-0.4585
-0.458539
-0.458577
-0.458616
-0.458654
-0.458692
-0.45873
-0.458768
-0.458806
-0.458843
-0.45888
-0.458918
-0.458955
-0.458992
-0.459029
-0.459065
-0.459102
-0.459139
-0.459175
-0.459211
-0.459247
-0.459284
-0.45932
-0.459355
-0.459391
-0.459427
-0.459462
-0.459498
-0.459533
-0.459568
-0.459603
-0.459638
-0.459673
-0.459708
-0.459742
-0.459777
-0.459811
-0.459845
-0.45988
-0.459914
-0.459948
-0.459982
-0.460016
-0.460049
-0.460083
-0.460117
-0.46015
-0.460184
-0.460217
-0.46025
-0.460284
-0.460317
-0.46035
-0.460383
-0.460416
-0.460449
-0.460482
-0.460515
-0.460547
-0.46058
-0.460612
-0.460645
-0.460677
-0.460709
-0.460741
-0.460774
-0.460806
-0.460838
-0.46087
-0.460902
-0.460934
-0.460966
-0.460998
-0.461029
-0.461061
-0.461092
-0.461124
-0.461155
-0.461186
-0.461218
-0.461249
-0.46128
-0.461311
-0.461342
-0.461373
-0.461403
-0.461434
-0.461465
-0.461495
-0.461526
-0.461556
-0.461586
-0.461617
-0.461647
-0.461677
-0.461707
-0.461737
-0.461767
-0.461797
-0.461826
-0.461856
-0.461886
-0.461915
-0.461945
-0.461974
-0.462004
-0.462033
-0.462062
-0.462092
-0.462121
-0.46215
-0.462179
-0.462208
-0.462236
-0.462265
-0.462294
-0.462323
-0.462352
-0.46238
-0.462409
-0.462437
-0.462466
-0.462494
-0.462522
-0.46255
-0.462579
-0.462607
-0.462635
-0.462663
-0.46269
-0.462718
-0.462746
-0.462774
-0.462801
-0.462829
-0.462856
-0.462884
-0.462911
-0.462938
-0.462966
-0.462993
-0.46302
-0.463047
-0.463074
-0.463101
-0.463128
-0.463154
-0.463181
-0.463208
-0.463234
-0.463261
-0.463288
-0.463314
-0.46334
-0.463367
-0.463393
-0.463419
-0.463446
-0.463472
-0.463498
-0.463524
-0.46355
-0.463576
-0.463601
-0.463627
-0.463653
-0.463678
-0.463704
-0.463729
-0.463755
-0.46378
-0.463805
-0.463831
-0.463856
-0.463881
-0.463906
-0.463931
-0.463956
-0.463981
-0.464006
-0.464031
-0.464056
-0.464081
-0.464105
-0.46413
-0.464155
-0.464179
-0.464204
-0.464229
-0.464253
-0.464278
-0.464302
-0.464326
-0.464351
-0.464375
-0.464399
-0.464423
-0.464447
-0.464471
-0.464496
-0.46452
-0.464544
-0.464568
-0.464591
-0.464615
-0.464639
-0.464663
-0.464686
-0.46471
-0.464734
-0.464757
-0.464781
-0.464804
-0.464827
-0.464851
-0.464874
-0.464897
-0.46492
-0.464944
-0.464967
-0.46499
-0.465013
-0.465036
-0.465059
-0.465081
-0.465104
-0.465127
-0.46515
-0.465172
-0.465194
-0.465214
-0.465234
-0.465253
-0.465273
-0.465293
-0.465313
-0.465333
-0.465352
-0.465372
-0.465392
-0.465411
-0.465431
-0.46545
-0.46547
-0.46549
-0.465509
-0.465528
-0.465548
-0.465567
-0.465586
-0.465606
-0.465625
-0.465644
-0.465664
-0.465683
-0.465702
-0.465721
-0.46574
-0.465759
-0.465778
-0.465797
-0.465816
-0.465835
-0.465854
-0.465873
-0.465891
-0.46591
-0.465929
-0.465947
-0.465966
-0.465985
-0.466003
-0.466022
-0.46604
-0.466059
-0.466077
-0.466096
-0.466114
-0.466133
-0.466151
-0.466169
-0.466187
-0.466206
-0.466224
-0.466242
-0.46626
-0.466278
-0.466296
-0.466314
-0.466332
-0.46635
-0.466368
-0.466386
-0.466404
-0.466422
-0.46644
-0.466458
-0.466475
-0.466493
-0.466511
-0.466529
-0.466546
-0.466564
-0.466581
-0.466599
-0.466616
-0.466634
-0.466651
-0.466669
-0.466686
-0.466704
-0.466721
-0.466739
-0.466756
-0.466773
-0.466791
-0.466808
-0.466825
-0.466842
-0.46686
-0.466877
-0.466894
-0.466911
-0.466928
-0.466945
-0.466962
-0.466979
-0.466996
-0.467013
-0.46703
-0.467047
-0.467063
-0.46708
-0.467097
-0.467114
-0.46713
-0.467147
-0.467164
-0.46718
-0.467197
-0.467213
-0.46723
-0.467246
-0.467263
-0.467279
-0.467296
-0.467312
-0.467328
-0.467345
-0.467361
-0.467377
-0.467394
-0.46741
-0.467426
-0.467442
-0.467458
-0.467474
-0.467491
-0.467507
-0.467523
-0.467539
-0.467555
-0.467571
-0.467587
-0.467602
-0.467618
-0.467634
-0.46765
-0.467666
-0.467681
-0.467697
-0.467713
-0.467728
-0.467744
-0.467759
-0.467774
-0.467789
-0.467804
-0.46782
-0.467835
-0.46785
-0.467865
-0.46788
-0.467895
-0.46791
-0.467924
-0.467939
-0.467954
-0.467969
-0.467984
-0.467999
-0.468013
-0.468028
-0.468043
-0.468058
-0.468072
-0.468087
-0.468102
-0.468116
-0.468131
-0.468145
-0.46816
-0.468174
-0.468189
-0.468203
-0.468218
-0.468232
-0.468247
-0.468261
-0.468275
-0.46829
-0.468304
-0.468318
-0.468332
-0.468347
-0.468361
-0.468375
-0.468389
-0.468403
-0.468417
-0.468431
-0.468445
-0.468459
-0.468473
-0.468487
-0.468501
-0.468515
-0.468529
-0.468543
-0.468557
-0.468571
-0.468585
-0.468598
-0.468612
-0.468626
-0.46864
-0.468653
-0.468667
-0.468681
-0.468694
-0.468708
-0.468722
-0.468735
-0.468749
-0.468762
-0.468776
-0.468789
-0.468803
-0.468816
-0.46883
-0.468843
-0.468856
-0.46887
-0.468883
-0.468896
-0.468909
-0.468923
-0.468936
-0.468949
-0.468962
-0.468975
-0.468989
-0.469002
-0.469015
-0.469028
-0.469041
-0.469054
-0.469067
-0.46908
-0.469093
-0.469106
-0.469118
-0.469131
-0.469144
-0.469157
-0.46917
-0.469182
-0.469195
-0.469208
-0.469221
-0.469233
-0.469245
-0.469256
-0.469268
-0.469279
-0.469291
-0.469303
-0.469314
-0.469326
-0.469337
-0.469349
-0.46936
-0.469372
-0.469383
-0.469395
-0.469406
-0.469417
-0.469429
-0.46944
-0.469452
-0.469463
-0.469474
-0.469486
-0.469497
-0.469508
-0.46952
-0.469531
-0.469542
-0.469554
-0.469565
-0.469576
-0.469587
-0.469599
-0.46961
-0.469621
-0.469632
-0.469643
-0.469654
-0.469665
-0.469676
-0.469688
-0.469699
-0.46971
-0.469721
-0.469732
-0.469743
-0.469754
-0.469765
-0.469776
-0.469786
-0.469797
-0.469808
-0.469819
-0.46983
-0.469841
-0.469852
-0.469862
-0.469873
-0.469884
-0.469895
-0.469906
-0.469916
-0.469927
-0.469938
-0.469948
-0.469959
-0.46997
-0.46998
-0.469991
-0.470001
-0.470012
-0.470023
-0.470033
-0.470044
-0.470054
-0.470065
-0.470075
-0.470086
-0.470096
-0.470106
-0.470117
-0.470127
-0.470138
-0.470148
-0.470158
-0.470169
-0.470179
-0.470189
-0.4702
-0.47021
-0.47022
-0.47023
-0.470241
-0.470251
-0.470261
-0.470271
-0.470282
-0.470292
-0.470302
-0.470312
-0.470322
-0.470332
-0.470342
-0.470352
-0.470363
-0.470373
-0.470383
-0.470393
-0.470403
-0.470413
-0.470423
-0.470433
-0.470443
-0.470453
-0.470463
-0.470472
-0.470482
-0.470492
-0.470502
-0.470512
-0.470522
-0.470532
-0.470541
-0.470551
-0.470561
-0.470571
-0.47058
-0.47059
-0.4706
-0.470609
-0.470619
-0.470629
-0.470638
-0.470648
-0.470658
-0.470667
-0.470677
-0.470687
-0.470696
-0.470706
-0.470715
-0.470725
-0.470735
-0.470744
-0.470754
-0.470763
-0.470773
-0.470782
-0.470792
-0.470801
-0.47081
-0.47082
-0.470829
-0.470839
-0.470848
-0.470857
-0.470867
-0.470876
-0.470885
-0.470895
-0.470904
-0.470913
-0.470922
-0.470932
-0.470941
-0.47095
-0.470959
-0.470969
-0.470978
-0.470987
-0.470996
-0.471005
-0.471015
-0.471024
-0.471033
-0.471042
-0.471051
-0.47106
-0.471069
-0.471078
-0.471087
-0.471097
-0.471106
-0.471115
-0.471124
-0.471133
-0.471142
-0.471151
-0.47116
-0.471169
-0.471178
-0.471187
-0.471196
-0.471205
-0.471214
-0.471223
-0.471232
-0.471241
-0.471251
-0.47126
-0.471269
-0.471278
-0.471287
-0.471296
-0.471305
-0.471314
-0.471323
-0.471332
-0.471341
-0.47135
-0.471359
-0.471368
-0.471377
-0.471386
-0.471395
-0.471404
-0.471413
-0.471422
-0.471431
-0.47144
-0.471449
-0.471458
-0.471467
-0.471476
-0.471485
-0.471494
-0.471503
-0.471512
-0.471522
-0.471531
-0.47154
-0.471549
-0.471558
-0.471567
-0.471576
-0.471585
-0.471594
-0.471603
-0.471612
-0.471621
-0.47163
-0.471639
-0.471648
-0.471658
-0.471667
-0.471676
-0.471685
-0.471694
-0.471703
-0.471712
-0.471721
-0.47173
-0.471739
-0.471748
-0.471757
-0.471766
-0.471775
-0.471784
-0.471794
-0.471803
-0.471812
-0.471821
-0.47183
-0.471839
-0.471848
-0.471857
-0.471866
-0.471875
-0.471884
-0.471893
-0.471902
-0.471911
-0.47192
-0.471929
-0.471939
-0.471948
-0.471957
-0.471966
-0.471975
-0.471984
-0.471993
-0.472002
-0.472011
-0.47202
-0.47203
-0.472039
-0.472048
-0.472057
-0.472066
-0.472075
-0.472084
-0.472093
-0.472102
-0.472112
-0.472121
-0.47213
-0.472139
-0.472148
-0.472157
-0.472166
-0.472175
-0.472184
-0.472194
-0.472203
-0.472212
-0.472221
-0.47223
-0.472239
-0.472247
-0.472255
-0.472263
-0.472271
-0.472279
-0.472287
-0.472295
-0.472304
-0.472312
-0.47232
-0.472328
-0.472336
-0.472344
-0.472352
-0.47236
-0.472368
-0.472377
-0.472385
-0.472393
-0.472401
-0.472409
-0.472417
-0.472425
-0.472433
-0.472442
-0.47245
-0.472458
-0.472466
-0.472474
-0.472482
-0.47249
-0.472499
-0.472507
-0.472515
-0.472523
-0.472531
-0.472539
-0.472547
-0.472555
-0.472564
-0.472572
-0.47258
-0.472588
-0.472596
-0.472604
-0.472612
-0.47262
-0.472628
-0.472637
-0.472645
-0.472653
-0.472661
-0.472669
-0.472677
-0.472685
-0.472693
-0.472701
-0.472709
-0.472718
-0.472726
-0.472734
-0.472742
-0.47275
-0.472758
-0.472766
-0.472774
-0.472783
-0.472791
-0.472799
-0.472807
-0.472815
-0.472823
-0.472831
-0.472839
-0.472848
-0.472856
-0.472864
-0.472872
-0.47288
-0.472888
-0.472897
-0.472905
-0.472913
-0.472921
-0.472929
-0.472937
-0.472946
-0.472954
-0.472962
-0.47297
-0.472978
-0.472987
-0.472997
-0.473006
-0.473016
-0.473026
-0.473035
-0.473045
-0.473054
-0.473064
-0.473073
-0.473083
-0.473092
-0.473102
-0.473112
-0.473121
-0.473131
-0.47314
-0.47315
-0.473159
-0.473169
-0.473178
-0.473188
-0.473197
-0.473206
-0.473216
-0.473225
-0.473235
-0.473244
-0.473254
-0.473263
-0.473273
-0.473282
-0.473291
-0.473301
-0.47331
-0.47332
-0.473329
-0.473338
-0.473348
-0.473357
-0.473367
-0.473376
-0.473386
-0.473395
-0.473404
-0.473414
-0.473423
-0.473432
-0.473442
-0.473451
-0.47346
-0.47347
-0.473479
-0.473488
-0.473498
-0.473507
-0.473516
-0.473526
-0.473535
-0.473544
-0.473554
-0.473563
-0.473572
-0.473582
-0.473591
-0.4736
-0.47361
-0.473619
-0.473628
-0.473637
-0.473647
-0.473656
-0.473665
-0.473674
-0.473684
-0.473693
-0.473702
-0.473711
-0.473721
-0.47373
-0.473739
-0.473748
-0.473758
-0.473767
-0.473776
-0.473785
-0.473795
-0.473804
-0.473813
-0.473823
-0.473832
-0.473841
-0.473851
-0.47386
-0.47387
-0.47388
-0.473889
-0.473899
-0.473909
-0.473919
-0.473929
-0.473938
-0.473948
-0.473958
-0.473968
-0.473978
-0.473988
-0.473997
-0.474007
-0.474017
-0.474027
-0.474037
-0.474047
-0.474057
-0.474067
-0.474076
-0.474086
-0.474096
-0.474106
-0.474116
-0.474126
-0.474135
-0.474145
-0.474155
-0.474165
-0.47417
-0.474175
-0.474179
-0.474184
-0.474189
-0.474194
-0.474199
-0.474204
-0.474209
-0.474213
-0.474218
-0.474223
-0.474228
-0.474233
-0.474237
-0.474242
-0.474247
-0.474251
-0.474256
-0.474261
-0.474266
-0.47427
-0.474275
-0.47428
-0.474284
-0.474289
-0.474294
-0.474299
-0.474303
-0.474308
-0.474313
-0.474318
-0.474322
-0.474327
-0.474332
-0.474337
-0.474341
-0.474346
-0.474351
-0.474356
-0.47436
-0.474365
-0.47437
-0.474375
-0.474379
-0.474384
-0.474389
-0.474394
-0.474398
-0.474403
-0.474408
-0.474413
-0.474418
