1.4013e-45
1.4013e-45
1.4013e-45
1.4013e-45
1.4013e-45
1.4013e-45
1.4013e-45
1.4013e-45
1.4013e-45
1.4013e-45
1.4013e-45
1.4013e-45
1.4013e-45
1.4013e-45
1.4013e-45
1.4013e-45
1.4013e-45
1.4013e-45
1.4013e-45
1.4013e-45
1.4013e-45
1.4013e-45
1.4013e-45
1.4013e-45
1.4013e-45
1.4013e-45
1.4013e-45
1.4013e-45
1.4013e-45
1.4013e-45
1.4013e-45
1.4013e-45
1.4013e-45
1.4013e-45
1.4013e-45
1.4013e-45
1.4013e-45
1.4013e-45
1.4013e-45
1.4013e-45
1.4013e-45
1.4013e-45
1.4013e-45
1.4013e-45
1.4013e-45
1.4013e-45
1.4013e-45
1.4013e-45
1.4013e-45
1.4013e-45
1.4013e-45
1.4013e-45
1.4013e-45
1.4013e-45
1.4013e-45
1.4013e-45
1.4013e-45
1.4013e-45
1.4013e-45
1.4013e-45
1.4013e-45
1.4013e-45
1.4013e-45
1.4013e-45
1.4013e-45
1.4013e-45
1.4013e-45
1.4013e-45
1.4013e-45
1.4013e-45
1.4013e-45
1.4013e-45
1.4013e-45
1.4013e-45
1.4013e-45
1.4013e-45
1.4013e-45
1.4013e-45
1.4013e-45
1.4013e-45
1.4013e-45
1.4013e-45
1.4013e-45
1.4013e-45
1.4013e-45
1.4013e-45
1.4013e-45
1.4013e-45
1.4013e-45
1.4013e-45
1.4013e-45
1.4013e-45
1.4013e-45
1.4013e-45
1.4013e-45
1.4013e-45
1.4013e-45
1.4013e-45
1.4013e-45
1.4013e-45
1.4013e-45
1.4013e-45
1.4013e-45
1.4013e-45
1.4013e-45
1.4013e-45
1.4013e-45
1.4013e-45
1.4013e-45
1.4013e-45
1.4013e-45
1.4013e-45
1.4013e-45
1.4013e-45
1.4013e-45
1.4013e-45
1.4013e-45
1.4013e-45
1.4013e-45
1.4013e-45
1.4013e-45
1.4013e-45
1.4013e-45
1.4013e-45
1.4013e-45
1.4013e-45
1.4013e-45
1.4013e-45
1.4013e-45
1.4013e-45
1.4013e-45
1.4013e-45
1.4013e-45
1.4013e-45
1.4013e-45
1.4013e-45
1.4013e-45
1.4013e-45
1.4013e-45
1.4013e-45
1.4013e-45
1.4013e-45
1.4013e-45
1.4013e-45
1.4013e-45
1.4013e-45
1.4013e-45
1.4013e-45
1.4013e-45
1.4013e-45
1.4013e-45
1.4013e-45
1.4013e-45
1.4013e-45
1.4013e-45
1.4013e-45
1.4013e-45
1.4013e-45
1.4013e-45
1.4013e-45
1.4013e-45
1.4013e-45
1.4013e-45
1.4013e-45
1.4013e-45
1.4013e-45
1.4013e-45
1.4013e-45
1.4013e-45
1.4013e-45
1.4013e-45
1.4013e-45
1.4013e-45
1.4013e-45
1.4013e-45
1.4013e-45
1.4013e-45
1.4013e-45
1.4013e-45
1.4013e-45
1.4013e-45
1.4013e-45
1.4013e-45
1.4013e-45
1.4013e-45
1.4013e-45
1.4013e-45
1.4013e-45
1.4013e-45
1.4013e-45
1.4013e-45
1.4013e-45
1.4013e-45
1.4013e-45
1.4013e-45
1.4013e-45
1.4013e-45
1.4013e-45
1.4013e-45
1.4013e-45
1.4013e-45
1.4013e-45
1.4013e-45
1.4013e-45
1.4013e-45
1.4013e-45
1.4013e-45
1.4013e-45
1.4013e-45
1.4013e-45
1.4013e-45
1.4013e-45
1.4013e-45
1.4013e-45
1.4013e-45
1.4013e-45
1.4013e-45
1.4013e-45
nan
nan
nan
nan
nan
nan
nan
nan
nan
nan
nan
nan
nan
nan
nan
nan
nan
nan
nan
nan
nan
nan
nan
nan
nan
nan
nan
nan
nan
nan
nan
nan
nan
nan
nan
nan
nan
nan
nan
nan
nan
nan
nan
nan
nan
nan
nan
nan
nan
nan
nan
nan
nan
nan
nan
nan
nan
nan
nan
nan
nan
nan
nan
nan
nan
nan
nan
nan
nan
nan
nan
nan
nan
nan
nan
nan
nan
nan
nan
nan
nan
nan
nan
nan
nan
nan
nan
nan
nan
nan
nan
nan
nan
nan
nan
nan
nan
nan
nan
nan
nan
nan
nan
nan
nan
nan
nan
nan
nan
nan
nan
nan
nan
nan
nan
nan
nan
nan
nan
nan
nan
nan
nan
nan
nan
nan
nan
nan
nan
nan
nan
nan
nan
nan
nan
nan
nan
nan
nan
nan
nan
nan
nan
nan
nan
nan
nan
nan
nan
nan
nan
nan
nan
nan
nan
nan
nan
nan
nan
nan
nan
nan
nan
nan
nan
nan
nan
nan
nan
nan
nan
nan
-0.344501
-0.344444
-0.344388
-0.344347
-0.344291
-0.344234
-0.344205
-0.344148
-0.344109
-0.34407
-0.344023
-0.343985
-0.343937
-0.343907
-0.343871
-0.343823
-0.343775
-0.343747
-0.343708
-0.34368
-0.343642
-0.343617
-0.343551
-0.343531
-0.343512
-0.343492
-0.343454
-0.343425
-0.343396
-0.343358
-0.343339
-0.34331
-0.34329
-0.343271
-0.343232
-0.343213
-0.343193
-0.343165
-0.343146
-0.343116
-0.343088
-0.34307
-0.34089
-0.335156
-0.33546
-0.337391
-0.3388
-0.339049
-0.339546
-0.340317
-0.341349
-0.34266
-0.343711
-0.345254
-0.346511
-0.347009
-0.347643
-0.348124
-0.348335
-0.348423
-0.348457
-0.348447
-0.348447
-0.348506
-0.348506
-0.348525
-0.348678
-0.348677
-0.348678
-0.348678
-0.34866
-0.348622
-0.348599
-0.348542
-0.348484
-0.348335
-0.348332
-0.348315
-0.348258
-0.348186
-0.348128
-0.348091
-0.348013
-0.347973
-0.347895
-0.34784
-0.34778
-0.347702
-0.347647
-0.347587
-0.347532
-0.347454
-0.347397
-0.347339
-0.347282
-0.347207
-0.347167
-0.347103
-0.347034
-0.346971
-0.346912
-0.346861
-0.346803
-0.34674
-0.346665
-0.346613
-0.346533
-0.346492
-0.346435
-0.346377
-0.346337
-0.346279
-0.346205
-0.346164
-0.346101
-0.346049
-0.345992
-0.345952
-0.3459
-0.345832
-0.345775
-0.345735
-0.345677
-0.345626
-0.345562
-0.345539
-0.34547
-0.345384
-0.345373
-0.34535
-0.345275
-0.345235
-0.345201
-0.345154
-0.345103
-0.345051
-0.345022
-0.344971
-0.344918
-0.344871
-0.344837
-0.344803
-0.344768
-0.344722
-0.344671
-0.344637
-0.344608
-0.344556
-0.344527
-0.344493
-0.344459
-0.344407
-0.344361
-0.344361
-0.344298
-0.344275
-0.344229
-0.344195
-0.344184
-0.344035
-0.344035
-0.344035
-0.343886
-0.34392
-0.343886
-0.343852
-0.343806
-0.343806
-0.343771
-0.343725
-0.343725
-0.343691
-0.343657
-0.343657
-0.343577
-0.343588
-0.343542
-0.343542
-0.362699
-0.362687
-0.362687
-0.362652
-0.362605
-0.362618
-0.36257
-0.36257
-0.362536
-0.362523
-0.362489
-0.362489
-0.362454
-0.36242
-0.36242
-0.362385
-0.362372
-0.362372
-0.362338
-0.362312
-0.362264
-0.36229
-0.362264
-0.362264
-0.36223
-0.362195
-0.362195
-0.362195
-0.362135
-0.362125
-0.3621
-0.362125
-0.3621
-0.362091
-0.362065
-0.362031
-0.362031
-0.362031
-0.362031
-0.361996
-0.362016
-0.361982
-0.361957
-0.361947
-0.361947
-0.361922
-0.361913
-0.361888
-0.361888
-0.361888
-0.361888
-0.361853
-0.361853
-0.361828
-0.361828
-0.361793
-0.361759
-0.361793
-0.361759
-0.361744
-0.361779
-0.361744
-0.361744
-0.361734
-0.361734
-0.361709
-0.361709
-0.361709
-0.361675
-0.361675
-0.361675
-0.361675
-0.361675
-0.361675
-0.36164
-0.36165
-0.36164
-0.36164
-0.361615
-0.36164
-0.361581
-0.361648
-0.361589
-0.361589
-0.361589
-0.361589
-0.361554
-0.361589
-0.361529
-0.361554
-0.361554
-0.361529
-0.36152
-0.361529
-0.361554
-0.361554
-0.358541
-0.358541
-0.358506
-0.358516
-0.358516
-0.358506
-0.358506
-0.358506
-0.358506
-0.358472
-0.358472
-0.358481
-0.358506
-0.358447
-0.358472
-0.358447
-0.358472
-0.358447
-0.358437
-0.358435
-0.358435
-0.358435
-0.358435
-0.3584
-0.3584
-0.358435
-0.358435
-0.358459
-0.3584
-0.3584
-0.3584
-0.3584
-0.358366
-0.3584
-0.358425
-0.3584
-0.3584
-0.358366
-0.358366
-0.358359
-0.358359
-0.358359
-0.358324
-0.358324
-0.358324
-0.358324
-0.358324
-0.358393
-0.358393
-0.358393
-0.358393
-0.358393
-0.358393
-0.358393
-0.358393
-0.358393
-0.358351
-0.358351
-0.358351
-0.358351
-0.358375
-0.358537
-0.358537
-0.358488
-0.358469
-0.358419
-0.358419
-0.358469
-0.358469
-0.358419
-0.358419
-0.358419
-0.358419
-0.358351
-0.3584
-0.3584
-0.358419
-0.358469
-0.358469
-0.358383
-0.358383
-0.358383
-0.358383
-0.358383
-0.358315
-0.358315
-0.358383
-0.358383
-0.358383
-0.358383
-0.358383
-0.358383
-0.358383
-0.358315
-0.358315
-0.358315
-0.358315
-0.358315
-0.358251
-0.358251
-0.358251
-0.3583
-0.3583
-0.358251
-0.3583
-0.3583
-0.358251
-0.3583
-0.358251
-0.358251
-0.3583
-0.358251
-0.3583
-0.3583
-0.358251
-0.358251
-0.358251
-0.358251
-0.358251
-0.358251
-0.399301
-0.399357
-0.399301
-0.399301
-0.399301
-0.399301
-0.399301
-0.399301
-0.399357
-0.399357
-0.399357
-0.399357
-0.399301
-0.399301
-0.399357
-0.399301
-0.399301
-0.399301
-0.399301
-0.399341
-0.399341
-0.399341
-0.399341
-0.399341
-0.399341
-0.399341
-0.399341
-0.399341
-0.399341
-0.399341
-0.399341
-0.399341
-0.399341
-0.399341
-0.399341
-0.399341
-0.399341
-0.399313
-0.399313
-0.399369
-0.399369
-0.399369
-0.399369
-0.399313
-0.399313
-0.399369
-0.399369
-0.399369
-0.399369
-0.399369
-0.399369
-0.399369
-0.399369
-0.399369
-0.399313
-0.399286
-0.399286
-0.399286
-0.399286
-0.399286
-0.399286
-0.399286
-0.399286
-0.399286
-0.399286
-0.399286
-0.399286
-0.399286
-0.399286
-0.399286
-0.399286
-0.399286
-0.399286
-0.399286
-0.399342
-0.399339
-0.399339
-0.399339
-0.399395
-0.399339
-0.399339
-0.399395
-0.399339
-0.399395
-0.399339
-0.399395
-0.399339
-0.399339
-0.399339
-0.399339
-0.399395
-0.399367
-0.39931
-0.399367
-0.39931
-0.399367
-0.39931
-0.39931
-0.39931
-0.39931
-0.399367
-0.39931
-0.399367
-0.39931
-0.399367
-0.39931
-0.39931
-0.39931
-0.39931
-0.39931
-0.399327
-0.399327
-0.399383
-0.399327
-0.399327
-0.399327
-0.399327
-0.399383
-0.399383
-0.399327
-0.399327
-0.399327
-0.399383
-0.399327
-0.399383
-0.399327
-0.399327
-0.399327
-0.399327
-0.277672
-0.277672
-0.277672
-0.277672
-0.27771
-0.277672
-0.277672
-0.27771
-0.27771
-0.27771
-0.277672
-0.277672
-0.277672
-0.277672
-0.277672
-0.277672
-0.277672
-0.277717
-0.277717
-0.277717
-0.277717
-0.277717
-0.277717
-0.277717
-0.277717
-0.277717
-0.277717
-0.277717
-0.277717
-0.277717
-0.277717
-0.277717
-0.277717
-0.277717
-0.277717
-0.277748
-0.277748
-0.277748
-0.277748
-0.277748
-0.277748
-0.277748
-0.277748
-0.277748
-0.277748
-0.27771
-0.277748
-0.277748
-0.277748
-0.277748
-0.277748
-0.277748
-0.277732
-0.277732
-0.277732
-0.277732
-0.277732
-0.277732
-0.277732
-0.277732
-0.277732
-0.277732
-0.277732
-0.277732
-0.277732
-0.277732
-0.277732
-0.277732
-0.277732
-0.277732
-0.27774
-0.27774
-0.27774
-0.27774
-0.27774
-0.27774
-0.27774
-0.27774
-0.27774
-0.27774
-0.27774
-0.27774
-0.27774
-0.27774
-0.27774
-0.27774
-0.277816
-0.277816
-0.277853
-0.277853
-0.277778
-0.277853
-0.277853
-0.277853
-0.277853
-0.277778
-0.277778
-0.277853
-0.277853
-0.277853
-0.277853
-0.277853
-0.277853
-0.277853
-0.277793
-0.277793
-0.277868
-0.277868
-0.277793
-0.277793
-0.277793
-0.277793
-0.277793
-0.277793
-0.277868
-0.277868
-0.277868
-0.277793
-0.277793
-0.277658
-0.277658
-0.277658
-0.277658
-0.277658
-0.277733
-0.277688
-0.277688
-0.277763
-0.277763
-0.277763
-0.277763
-0.277763
-0.277763
-0.277763
-0.277763
-0.277763
-0.277688
-0.277763
-0.277763
-0.277763
-0.277763
-0.277763
-0.277763
-0.277763
-0.277763
-0.277763
-0.277688
-0.277763
-0.277763
-0.277763
-0.277763
-0.277778
-0.277703
-0.277778
-0.277778
-0.277778
-0.277778
-0.277703
-0.277703
-0.277778
-0.277703
-0.277778
-0.277778
-0.277778
-0.277778
-0.277703
-0.277703
-0.277703
-0.277778
-0.277778
-0.277778
-0.277778
-0.277718
-0.277718
-0.277718
-0.277718
-0.277718
-0.277718
-0.277718
-0.277718
-0.277718
-0.277718
-0.277718
-0.277718
-0.277718
-0.277718
-0.277718
-0.277718
-0.277718
-0.277718
-0.277718
-0.277808
-0.277808
-0.277808
-0.277808
-0.277597
-0.277808
-0.277733
-0.277808
-0.277808
-0.277808
-0.277808
-0.277733
-0.277808
-0.277808
-0.277808
-0.277808
-0.277808
-0.277733
-0.277808
-0.277733
-0.277778
-0.277778
-0.277778
-0.277778
-0.277853
-0.277853
-0.277778
-0.277778
-0.277778
-0.277778
-0.277778
-0.277778
-0.277778
-0.277778
-0.277778
-0.277853
-0.277853
-0.277853
-0.277853
-0.343888
-0.343888
-0.34375
-0.34375
-0.34375
-0.34375
-0.34375
-0.34375
-0.34375
-0.34375
-0.343655
-0.343655
-0.343655
-0.34375
-0.34375
-0.343655
-0.343655
-0.34375
-0.34375
-0.343656
-0.343656
-0.343656
-0.343656
-0.343656
-0.343656
-0.343656
-0.343793
-0.343793
-0.343793
-0.343793
-0.343793
-0.343887
-0.343793
-0.343793
-0.343793
-0.343793
-0.343793
-0.343793
-0.343793
-0.343741
-0.343741
-0.343741
-0.343741
-0.343741
-0.343741
-0.343647
-0.343647
-0.343741
-0.343647
-0.343741
-0.343741
-0.343647
-0.343647
-0.343741
-0.343741
-0.343741
-0.343741
-0.343741
-0.343733
-0.343733
-0.343827
-0.343827
-0.343827
-0.343827
-0.343827
-0.343827
-0.343827
-0.343827
-0.343827
-0.343827
-0.343827
-0.343827
-0.343733
-0.343733
-0.343733
-0.343733
-0.343827
-0.343922
-0.343922
-0.343922
-0.343922
-0.343922
-0.343922
-0.343922
-0.343922
-0.343922
-0.343922
-0.343784
-0.343784
-0.343784
-0.343784
-0.343784
-0.343784
-0.343784
-0.343784
-0.343784
-0.343879
-0.343879
-0.343879
-0.343879
-0.343879
-0.343879
-0.343879
-0.343879
-0.343784
-0.343784
-0.343879
-0.343879
-0.343879
-0.343879
-0.343879
-0.343879
-0.343879
-0.343784
-0.343879
-0.343802
-0.343802
-0.343802
-0.343802
-0.343802
-0.343802
-0.343707
-0.343802
-0.343707
-0.343707
-0.343802
-0.343802
-0.343802
-0.343802
-0.343802
-0.343802
-0.343802
-0.343802
-0.343802
-0.343802
-0.343802
-0.343802
-0.343802
-0.324198
-0.343836
-0.343931
-0.343931
-0.343931
-0.343931
-0.343931
-0.343931
-0.343836
-0.343836
-0.343836
-0.343836
-0.343423
-0.343561
-0.343148
-0.34301
-0.343148
-0.343191
-0.343655
-0.343561
-0.345271
-0.345133
-0.345133
-0.343284
-0.343284
-0.344208
-0.344208
-0.34458
-0.34458
-0.344208
-0.344208
-0.343931
-0.343931
-0.343931
-0.343698
-0.343698
-0.343793
-0.343793
-0.343655
-0.343655
-0.34356
-0.343655
-0.343422
-0.343422
-0.343007
-0.343007
-0.342869
-0.344718
-0.344623
-0.344208
-0.344208
-0.34407
-0.34407
-0.368692
-0.368935
-0.368135
-0.368274
-0.368274
-0.368274
-0.368135
-0.369596
-0.369492
-0.369074
-0.368935
-0.369074
-0.369074
-0.369735
-0.369492
-0.369353
-0.369214
-0.369317
-0.369214
-0.369177
-0.369214
-0.369177
-0.369074
-0.369074
-0.368935
-0.368935
-0.368935
-0.368795
-0.368692
-0.368656
-0.368656
-0.368656
-0.368795
-0.368692
-0.368656
-0.368553
-0.368414
-0.368546
-0.368685
-0.368443
-0.368546
-0.368443
-0.368304
-0.368546
-0.368406
-0.368304
-0.368304
-0.368304
-0.368406
-0.368304
-0.368267
-0.368164
-0.368304
-0.368304
-0.368304
-0.368164
-0.3681
-0.368239
-0.3681
-0.368239
-0.368341
-0.368341
-0.368202
-0.367998
-0.368136
-0.368136
-0.368202
-0.368202
-0.367998
-0.368202
-0.367998
-0.367998
-0.344438
-0.344249
-0.344249
-0.344249
-0.344249
-0.344249
-0.344249
-0.344249
-0.344249
-0.344249
-0.344249
-0.344249
-0.344249
-0.344249
-0.344249
-0.344438
-0.344438
-0.344145
-0.344145
-0.344145
-0.344145
-0.344145
-0.344145
-0.344145
-0.344145
-0.344145
-0.344334
-0.344334
-0.34442
-0.344145
-0.344145
-0.34442
-0.344113
-0.34458
-0.344113
-0.344113
-0.344113
-0.344389
-0.344303
-0.34458
-0.344303
-0.34458
-0.344389
-0.344303
-0.34458
-0.34458
-0.344303
-0.34458
-0.344303
-0.344353
-0.344438
-0.344353
-0.344353
-0.344353
-0.344163
-0.344353
-0.344353
-0.344353
-0.344628
-0.344628
-0.344353
-0.344163
-0.344353
-0.344628
-0.344628
-0.344353
-0.344285
-0.344475
-0.344751
-0.344475
-0.344285
-0.344561
-0.344751
-0.344285
-0.344285
-0.344561
-0.344561
-0.344285
-0.344475
-0.344475
-0.344285
-0.344353
-0.344353
-0.344353
-0.344353
-0.344353
-0.344628
-0.344353
-0.344628
-0.344353
-0.344628
-0.344542
-0.344542
-0.344818
-0.344818
-0.344628
-0.344818
-0.344628
-0.344628
-0.344609
-0.34442
-0.344695
-0.344695
-0.344695
-0.344609
-0.34442
-0.344695
-0.344695
-0.34442
-0.344695
-0.344695
-0.34442
-0.344695
-0.344695
-0.344695
-0.34442
-0.344658
-0.344658
-0.344658
-0.344658
-0.344658
-0.344658
-0.344658
-0.344658
-0.344846
-0.344846
-0.344658
-0.344384
-0.344384
-0.344658
-0.344658
-0.344505
-0.344505
-0.344505
-0.34478
-0.344505
-0.344505
-0.344505
-0.344505
-0.344505
-0.344695
-0.344695
-0.344695
-0.344505
-0.344505
-0.34497
-0.344524
-0.344524
-0.344524
-0.344334
-0.344334
-0.344524
-0.344799
-0.344799
-0.344609
-0.344799
-0.344799
-0.344799
-0.344799
-0.344524
-0.344524
-0.344524
-0.344524
-0.344524
-0.344524
-0.344524
-0.344524
-0.34458
-0.34458
-0.34458
-0.34477
-0.34477
-0.34458
-0.34458
-0.34458
-0.344856
-0.344856
-0.34458
-0.34458
-0.34458
-0.34458
-0.34458
-0.344438
-0.344438
-0.344628
-0.344438
-0.344438
-0.344714
-0.344714
-0.344438
-0.344438
-0.344438
-0.344628
-0.344438
-0.344714
-0.344438
-0.344904
-0.344904
-0.344714
-0.344505
-0.34478
-0.34478
-0.34478
-0.344505
-0.34478
-0.34478
-0.34478
-0.34478
-0.34497
-0.34497
-0.34478
-0.34478
-0.344505
-0.344505
-0.344505
-0.344505
-0.344695
-0.344609
-0.344609
-0.344609
-0.344609
-0.344609
-0.344609
-0.344609
-0.344609
-0.344799
-0.344799
-0.344609
-0.344609
-0.344609
-0.344609
-0.344609
-0.342943
-0.342943
-0.342943
-0.342943
-0.342943
-0.343218
-0.342755
-0.342755
-0.342755
-0.342755
-0.343218
-0.343218
-0.343218
-0.343218
-0.343218
-0.343218
-0.343218
-0.343234
-0.343234
-0.342771
-0.343046
-0.342959
-0.343234
-0.343046
-0.343046
-0.343046
-0.342771
-0.342959
-0.342771
-0.343046
-0.343234
-0.343234
-0.343234
-0.342959
-0.342873
-0.342873
-0.342873
-0.343148
-0.342959
-0.342873
-0.342873
-0.342959
-0.342684
-0.343148
-0.343148
-0.342873
-0.343148
-0.342873
-0.342873
-0.343062
-0.343062
-0.342873
-0.342873
-0.342873
-0.342873
-0.342873
-0.342873
-0.342873
-0.342873
-0.343148
-0.343062
-0.342873
-0.342873
-0.34303
-0.34303
-0.343304
-0.34303
-0.34303
-0.34303
-0.34303
-0.342841
-0.342841
-0.343116
-0.342841
-0.342841
-0.342841
-0.34303
-0.343304
-0.343304
-0.34303
-0.34303
-0.34303
-0.367623
-0.367623
-0.367623
-0.367623
-0.367623
-0.367623
-0.367623
-0.367623
-0.367623
-0.367623
-0.367347
-0.367347
-0.367623
-0.367623
-0.367623
-0.367623
-0.367826
-0.367826
-0.367403
-0.36768
-0.36768
-0.36768
-0.367403
-0.36768
-0.367883
-0.367883
-0.367883
-0.367883
-0.367403
-0.367403
-0.36768
-0.367403
-0.367403
-0.36768
-0.36768
-0.367403
-0.367403
-0.367606
-0.367883
-0.367606
-0.367606
-0.367883
-0.367883
-0.367883
-0.36768
-0.36768
-0.36768
-0.367403
-0.367403
-0.36768
-0.36768
-0.36768
-0.367403
-0.367883
-0.367883
-0.367883
-0.367883
-0.367883
-0.367606
-0.367606
-0.367883
-0.36768
-0.359736
-0.359736
-0.359736
-0.359736
-0.359736
-0.359736
-0.359461
-0.359659
-0.359736
-0.359736
-0.359736
-0.359736
-0.359736
-0.359461
-0.359461
-0.359736
-0.359736
-0.359736
-0.359736
-0.359736
-0.359461
-0.359615
-0.35989
-0.35989
-0.359615
-0.35989
-0.35989
-0.359615
-0.35989
-0.359615
-0.359615
-0.35989
-0.35989
-0.359615
-0.359615
-0.35989
-0.359615
-0.35989
-0.359615
-0.359615
-0.359934
-0.359934
-0.359659
-0.359659
-0.359659
-0.359659
-0.359659
-0.359659
-0.359659
-0.359659
-0.359659
-0.359934
-0.359659
-0.359736
-0.359736
-0.359736
-0.359736
-0.35978
-0.359582
-0.359857
-0.359582
-0.359857
-0.359582
-0.359857
-0.359582
-0.359582
-0.359582
-0.359582
-0.359582
-0.359582
-0.359582
-0.359857
-0.35978
-0.35978
-0.359582
-0.359989
-0.359712
-0.359989
-0.359989
-0.359712
-0.35979
-0.359513
-0.359513
-0.35979
-0.359513
-0.35979
-0.359712
-0.359712
-0.359712
-0.359712
-0.359989
-0.359989
-0.3596
-0.359878
-0.359878
-0.3596
-0.3596
-0.3596
-0.3596
-0.359878
-0.3596
-0.3596
-0.3596
-0.359878
-0.3596
-0.3596
-0.359878
-0.354374
-0.354374
-0.354097
-0.354374
-0.354374
-0.354374
-0.354374
-0.354374
-0.354374
-0.354097
-0.354374
-0.354097
-0.354374
-0.354374
-0.354374
-0.354097
-0.354305
-0.354305
-0.354305
-0.354581
-0.354305
-0.354305
-0.354305
-0.354581
-0.354305
-0.354305
-0.354305
-0.354581
-0.354305
-0.354305
-0.354305
-0.354305
-0.354075
-0.35435
-0.35435
-0.354545
-0.35435
-0.35435
-0.35435
-0.35435
-0.354075
-0.35435
-0.35435
-0.354075
-0.35435
-0.35435
-0.35435
-0.35435
-0.354075
-0.354581
-0.354581
-0.354581
-0.354305
-0.354305
-0.354581
-0.354305
-0.354581
-0.354385
-0.354109
-0.354385
-0.354109
-0.354385
-0.354305
-0.354305
-0.354581
-0.354581
-0.354696
-0.35442
-0.35442
-0.354224
-0.3545
-0.354224
-0.354224
-0.354224
-0.354224
-0.354224
-0.354224
-0.3545
-0.354224
-0.354696
-0.35442
-0.35442
-0.35442
-0.354776
-0.3545
-0.354305
-0.354305
-0.354305
-0.354305
-0.354305
-0.354305
-0.354305
-0.354305
-0.354305
-0.354581
-0.354305
-0.354305
-0.3545
-0.3545
-0.3545
-0.35435
-0.35435
-0.35435
-0.354545
-0.354545
-0.35435
-0.35435
-0.35435
-0.35435
-0.35435
-0.35435
-0.35435
-0.35435
-0.35435
-0.35435
-0.354339
-0.354339
-0.354339
-0.354339
-0.354616
-0.354339
-0.354339
-0.354616
-0.354339
-0.354339
-0.354339
-0.354144
-0.354339
-0.354339
-0.354339
-0.354616
-0.354339
-0.354339
-0.35427
-0.354545
-0.35427
-0.35427
-0.354545
-0.35427
-0.35427
-0.35427
-0.35427
-0.354465
-0.354465
-0.354465
-0.354465
-0.35427
-0.35427
-0.35427
-0.35427
-0.35427
-0.354545
-0.354385
-0.354385
-0.354385
-0.354385
-0.354385
-0.354385
-0.354385
-0.354385
-0.354385
-0.354385
-0.354385
-0.354385
-0.354385
-0.354385
-0.354385
-0.354385
-0.354385
-0.354385
-0.354144
-0.35442
-0.354144
-0.354144
-0.35442
-0.354144
-0.354144
-0.354144
-0.354616
-0.354616
-0.354339
-0.354339
-0.354339
-0.354144
-0.354144
-0.35442
-0.354144
-0.354144
-0.35442
-0.354339
-0.354535
-0.354535
-0.354616
-0.354339
-0.354339
-0.354339
-0.354616
-0.354339
-0.354339
-0.354339
-0.354339
-0.354339
-0.354339
-0.354339
-0.354339
-0.354144
-0.354374
-0.354374
-0.354374
-0.354374
-0.354374
-0.354374
-0.354374
-0.354374
-0.354374
-0.354374
-0.354374
-0.354767
-0.354767
-0.354767
-0.354767
-0.354374
-0.354374
-0.35442
-0.354144
-0.354144
-0.354144
-0.354144
-0.35442
-0.35442
-0.35442
-0.35442
-0.35442
-0.35442
-0.35442
-0.35442
-0.35442
-0.35442
-0.35442
-0.354465
-0.354465
-0.354465
-0.354465
-0.354465
-0.354465
-0.354465
-0.354465
-0.354465
-0.354465
-0.354465
-0.354465
-0.354465
-0.354465
-0.354465
-0.354305
-0.354305
-0.353914
-0.353914
-0.354465
-0.354465
-0.354465
-0.354465
-0.354465
-0.354465
-0.354465
-0.354465
-0.354465
-0.354465
-0.353914
-0.353914
-0.353914
-0.354235
-0.354785
-0.354785
-0.354785
-0.354235
-0.354235
-0.354235
-0.354235
-0.354235
-0.354235
-0.354235
-0.354626
-0.354626
-0.354626
-0.354626
-0.354626
-0.354235
-0.354235
-0.354396
-0.354396
-0.354007
-0.354007
-0.354007
-0.354007
-0.354007
-0.354007
-0.354007
-0.354007
-0.354945
-0.354396
-0.354396
-0.354396
-0.354396
-0.354945
-0.354945
-0.354396
-0.343921
-0.343921
-0.343921
-0.343921
-0.343921
-0.343921
-0.343921
-0.343921
-0.343921
-0.343921
-0.343921
-0.343374
-0.343374
-0.342998
-0.342998
-0.342998
-0.342998
-0.342998
-0.343956
-0.343578
-0.34303
-0.343578
-0.343578
-0.343578
-0.343578
-0.343956
-0.343956
-0.343956
-0.343956
-0.343956
-0.343956
-0.343956
-0.343578
-0.343578
-0.34303
-0.34303
-0.34303
-0.34344
-0.34344
-0.34344
-0.34344
-0.34344
-0.34344
-0.34344
-0.34344
-0.343819
-0.343819
-0.34344
-0.34344
-0.343991
-0.343991
-0.343991
-0.343991
-0.343991
-0.343991
-0.343991
-0.343991
-0.343612
-0.343612
-0.343612
-0.343612
-0.343612
-0.343612
-0.343612
-0.343612
-0.343612
-0.344163
-0.343784
-0.343784
-0.343784
-0.343784
-0.343784
-0.344163
-0.344163
-0.34375
-0.34375
-0.34375
-0.34375
-0.34375
-0.34375
-0.34375
-0.34375
-0.34375
-0.34375
-0.343202
-0.34375
-0.34375
-0.343374
-0.343374
-0.34375
-0.34375
-0.34375
-0.353685
-0.353685
-0.353685
-0.353297
-0.353297
-0.353297
-0.353297
-0.353685
-0.353685
-0.353685
-0.353685
-0.353685
-0.353685
-0.353685
-0.353685
-0.353685
-0.353685
-0.353685
-0.353685
-0.353685
-0.353685
-0.353685
-0.353685
-0.353685
-0.353685
-0.353297
-0.353685
-0.353685
-0.353685
-0.353685
-0.353685
-0.353135
-0.353135
-0.353135
-0.353135
-0.353135
-0.353135
-0.353458
-0.353458
-0.353458
-0.353458
-0.353458
-0.353458
-0.353458
-0.353846
-0.353846
-0.353846
-0.353846
-0.353846
-0.353846
-0.353846
-0.353846
-0.353458
-0.353458
-0.353458
-0.354007
-0.353458
-0.353458
-0.35307
-0.35307
-0.35307
-0.35307
-0.353458
-0.353458
-0.353458
-0.353458
-0.353458
-0.353458
-0.353458
-0.353458
-0.353458
-0.353458
-0.359031
-0.359031
-0.359031
-0.359031
-0.359031
-0.359031
-0.359031
-0.359031
-0.359031
-0.359031
-0.359031
-0.359031
-0.358636
-0.358636
-0.358636
-0.358636
-0.358636
-0.358636
-0.35848
-0.35848
-0.359186
-0.359186
-0.359582
-0.359582
-0.359186
-0.358636
-0.359582
-0.359582
-0.359582
-0.359582
-0.359582
-0.359582
-0.359582
-0.359186
-0.359186
-0.359582
-0.359031
-0.358636
-0.359186
-0.359582
-0.359582
-0.359031
-0.358636
-0.359186
-0.358636
-0.359031
-0.359031
-0.358836
-0.358836
-0.358836
-0.35845
-0.35845
-0.35845
-0.35845
-0.35845
-0.35845
-0.35845
-0.35845
-0.358836
-0.358836
-0.358836
-0.358836
-0.358836
-0.35845
-0.35845
-0.340414
-0.340414
-0.340414
-0.340414
-0.340414
-0.340414
-0.340044
-0.340044
-0.340044
-0.340044
-0.340044
-0.340414
-0.340414
-0.340414
-0.339869
-0.339869
-0.340414
-0.340414
-0.340044
-0.339716
-0.339716
-0.339716
-0.339716
-0.339716
-0.339716
-0.340263
-0.340263
-0.340263
-0.340263
-0.339716
-0.339716
-0.339716
-0.339716
-0.339716
-0.339716
-0.339891
-0.339891
-0.339891
-0.339891
-0.339891
-0.339891
