0
0
0
0
0
0
0
0
0
0
0
0
0
0
0
0
0
0
0
0
0
0
0
0
0
0
0
0
0
0
0
0
0
0
0
0
0
0
0
0
0
0
0
0
0
0
0
0
0
0
0
0
0
0
0
0
0
0
0
0
0
0
0
0
0
0
0
0
0
0
0
0
0
0
0
0
0
0
0
0
0
0
0
0
0
0
0
0
0
0
0
0
0
0
0
0
0
0
0
0
0
0
0
0
0
0
0
0
0
0
0
0
0
0
0
0
0
0
0
0
0
0
0
0
0
0
0
0
0
0
0
0
0
0
0
0
0
0
0
0
0
0
0
0
0
0
0
0
0
0
0
0
0
0
0
0
0
0
0
0
0
0
0
0
0
0
0
0
0
0
0
0
0
0
0
0
0
0
0
0
0
0
0
0
0
0
0
0
0
0
0
0
0
0
0
0
0
0
0
0
0
0
0
0
0
0
0
0
0
0
0
0
0
0
0
0
0
0
-0.58771
-0.587701
-0.587634
-0.584613
-0.580659
-0.57635
-0.572178
-0.564726
-0.561423
-0.559771
-0.554911
-0.550981
-0.5471
-0.541062
-0.539573
-0.535943
-0.532431
-0.527656
-0.525006
-0.522405
-0.518643
-0.516208
-0.513216
-0.510306
-0.507484
-0.496325
-0.495814
-0.492792
-0.485504
-0.485057
-0.482866
-0.480809
-0.478795
-0.476841
-0.474935
-0.473079
-0.470926
-0.468835
-0.467485
-0.466162
-0.464555
-0.462994
-0.461162
-0.459969
-0.45824
-0.456833
-0.455464
-0.453874
-0.452581
-0.45183
-0.450355
-0.448927
-0.447771
-0.446864
-0.445558
-0.444912
-0.443653
-0.442642
-0.441451
-0.440495
-0.439545
-0.438634
-0.437928
-0.436888
-0.436048
-0.435221
-0.434257
-0.433632
-0.432713
-0.431843
-0.430978
-0.430556
-0.429743
-0.42908
-0.428563
-0.428058
-0.427322
-0.426713
-0.426134
-0.425227
-0.424567
-0.424348
-0.423928
-0.423303
-0.42281
-0.42232
-0.42184
-0.421286
-0.420837
-0.420399
-0.419972
-0.419462
-0.419139
-0.418743
-0.418358
-0.417974
-0.41761
-0.417174
-0.416893
-0.416416
-0.416012
-0.415761
-0.415503
-0.415192
-0.414715
-0.414548
-0.414249
-0.413979
-0.413701
-0.413389
-0.41313
-0.412881
-0.412685
-0.412447
-0.368685
-0.36846
-0.368243
-0.368036
-0.36783
-0.367584
-0.366887
-0.366857
-0.366818
-0.366631
-0.366061
-0.366032
-0.365768
-0.365679
-0.365501
-0.365345
-0.365235
-0.365097
-0.364959
-0.364801
-0.364694
-0.364537
-0.364369
-0.364299
-0.364201
-0.364064
-0.363946
-0.363838
-0.363534
-0.363514
-0.363494
-0.363376
-0.363258
-0.363141
-0.363071
-0.362974
2.98978
-0.36277
-0.362721
-0.362633
-0.362555
-0.362487
-0.36239
-0.362329
-0.362232
-0.362153
-0.362105
-0.362018
-0.361968
-0.3619
-0.361832
-0.361763
-0.361704
-0.361645
-0.361568
-0.361528
-0.36146
-0.361404
-0.361355
-0.361298
-0.361249
-0.361191
-0.361152
-0.361084
-0.361055
-0.360996
-0.360948
-0.360909
-0.36087
-0.36083
-0.360791
-0.360744
-0.360723
-0.360666
-0.360618
-0.360598
-0.36055
-0.360529
-0.36049
-0.360452
-0.360401
-0.360374
-0.360354
-0.360334
-0.360295
-0.360265
-0.360237
-0.360198
-0.360187
-0.360149
-0.360129
-0.36011
-0.360079
-0.360051
-0.360031
-0.360003
-0.359983
-0.359963
-0.35993
-0.359919
-0.357701
-0.351921
-0.352222
-0.354169
-0.355584
-0.355855
-0.35635
-0.357119
-0.358168
-0.359501
-0.360563
-0.362115
-0.363394
-0.363884
-0.364529
-0.365018
2.96944
-0.365325
-0.365345
-0.365354
-0.365344
-0.36541
-0.36541
-0.365434
-0.365579
-0.365579
-0.365579
-0.365579
-0.365558
-0.365521
-0.3655
-0.365442
-0.365367
-0.361127
-0.361127
-0.361107
-0.361049
-0.360973
-0.360933
-0.360872
-0.360814
-0.360773
-0.360681
-0.36064
-0.360582
-0.360501
-0.360443
-0.360368
-0.360327
-0.360245
-0.360194
3.29405
-0.360072
-0.359997
-0.359956
-0.359874
-0.359823
-0.359758
-0.359683
-0.359642
-0.359584
-0.359533
-0.359451
-0.35941
-0.359335
-0.359294
-0.359236
-0.359155
-0.359103
-0.359052
-0.358988
-0.358936
-0.358896
-0.358821
-0.358774
-0.358716
-0.358681
-0.3586
-0.358548
-0.358508
-0.358467
-0.358415
-0.358351
-0.358305
-0.358236
-0.358184
3.31485
-0.3581
-0.358066
-0.358019
-0.357985
-0.357921
-0.357886
-0.357839
-0.357793
-0.357758
-0.357706
-0.357642
-0.357608
-0.357591
-0.357539
-0.357475
-0.357441
-0.357406
-0.357359
-0.357313
-0.357303
-0.357239
-0.357221
-0.357187
-0.357123
-0.357123
-0.357072
-0.357054
-0.356973
-0.356973
-0.356927
-0.356811
-0.356811
-0.356811
-0.322228
-0.322262
-0.322228
-0.322183
-0.322149
-0.322115
-0.322115
-0.322047
-0.322025
-0.321991
-0.321991
-0.321957
-0.321922
-0.321922
-0.321888
-0.321843
-0.321843
-0.321809
3.44002
-0.321765
-0.321731
-0.321731
-0.321686
-0.321686
-0.321652
-0.321618
-0.321618
-0.321618
-0.321584
-0.321573
-0.321538
-0.321504
-0.321504
-0.321504
-0.32147
-0.32147
-0.321425
-0.331479
-0.321397
-0.321362
-0.321362
-0.321328
-0.321328
-0.321328
-0.321294
-0.321259
-0.321271
-0.321237
-0.321259
-0.321225
-0.321259
-0.321225
-0.321225
-0.32119
-0.32119
-0.321134
-0.321134
-0.321134
-0.306347
-0.306313
-0.306313
-0.306258
-0.306258
-0.306245
-0.306279
-0.306245
-0.306211
-0.306224
-0.306211
-0.306224
-0.30619
-0.306177
-0.30619
-0.306156
-0.306156
-0.306156
-0.306122
-0.306122
-0.30612
-0.30612
-0.30612
-0.306086
-0.306066
-0.306086
-0.306086
-0.306086
-0.306032
-0.306052
-0.306032
-0.306032
-0.305998
-0.306032
-0.306018
-0.305998
-0.306018
-0.305998
-0.305998
-0.305964
-0.305964
-0.305964
-0.305964
-0.305964
-0.305964
-0.30593
-0.305964
-0.305909
-0.30593
-0.305896
-0.30593
-0.30593
-0.305896
-0.305896
-0.305875
-0.305875
-0.305875
-0.305862
-0.305862
-0.305875
-0.305841
-0.305893
-0.305838
-0.305838
-0.305859
-0.305825
-0.305804
-0.305838
-0.305838
-0.305859
-0.305825
-0.305804
-0.305804
-0.305804
-0.305825
-0.305825
-0.305804
-0.30577
-0.30577
-0.30579
-0.305786
-0.305786
-0.305786
-0.305786
-0.305786
-0.305731
-0.305752
-0.305752
-0.305786
-0.305786
-0.305731
-0.305731
-0.305752
-0.305752
-0.305752
-0.305752
-0.305718
-0.305697
-0.305731
-0.305705
-0.305705
-0.305705
-0.305705
-0.305705
-0.305705
-0.305705
-0.305705
-0.305705
-0.305705
-0.305705
-0.305705
-0.305726
-0.305726
3.36888
-0.305716
-0.305872
-0.305872
-0.305872
-0.305872
-0.305804
-0.305804
-0.305804
-0.305804
-0.305804
-0.305804
-0.305804
-0.305804
-0.305804
-0.305804
-0.305736
-0.305736
-0.305736
-0.305736
-0.305736
-0.305804
-0.305804
-0.305736
-0.305736
-0.30579
-0.30579
-0.305722
-0.305722
-0.305722
-0.305722
-0.305722
-0.305722
-0.305722
-0.305722
-0.305654
-0.305654
-0.305654
-0.305722
-0.30568
-0.305722
-0.361875
-0.361806
-0.361806
-0.361856
-0.361806
-0.361806
-0.361856
-0.361806
-0.361806
-0.361806
-0.361806
-0.361806
-0.361806
-0.361806
-0.361856
-0.361806
-0.361806
-0.361806
-0.361891
-0.361841
-0.361891
-0.361841
-0.361891
-0.361891
-0.361891
-0.361891
-0.361891
-0.361891
-0.361841
-0.361841
-0.361841
-0.361841
-0.36188
-0.36188
-0.36183
-0.36188
-0.36188
-0.36188
-0.36188
-0.36183
-0.36188
-0.36188
-0.36183
-0.36183
-0.36188
-0.36188
-0.361907
-0.361907
-0.361907
-0.361907
-0.361907
-0.361907
-0.361907
-0.361907
-0.361907
-0.361907
-0.361907
-0.361907
-0.361907
-0.361907
-0.361907
-0.361907
-0.361907
-0.361907
-0.361907
-0.393645
-0.3937
-0.393645
-0.393645
-0.393645
-0.393645
-0.393645
-0.393645
-0.3937
-0.393645
-0.393645
-0.393645
-0.393645
-0.393645
-0.3937
-0.393645
-0.3937
-0.393645
-0.393645
2.79916
-0.393696
-0.393696
-0.393641
-0.393641
-0.393696
-0.393641
-0.393696
-0.393641
-0.393696
-0.393696
-0.393696
-0.393641
-0.393696
-0.393696
-0.393641
-0.393696
-0.393696
-0.393641
-0.393696
-0.393704
-0.393648
-0.393704
-0.393704
-0.393704
-0.393704
-0.393648
-0.393704
-0.393648
-0.393704
-0.393648
-0.393648
-0.393704
-0.393648
-0.393648
-0.393704
-0.393704
-0.393704
-0.393648
-0.392411
-0.392411
-0.392356
-0.392411
-0.392356
-0.392411
-0.392356
-0.392411
-0.392356
-0.392411
-0.392411
-0.392411
-0.392411
-0.392411
-0.392356
-0.392356
-0.392411
-0.392411
-0.392356
-0.392411
-0.392422
-0.392422
-0.392367
-0.392422
-0.392422
-0.392422
-0.392422
-0.392422
-0.392367
-0.392422
-0.392367
-0.392422
-0.392422
-0.392367
-0.392367
-0.392367
-0.392422
-0.392422
-0.392351
-0.392351
-0.392351
-0.392351
-0.392351
-0.392406
-0.392351
-0.392406
-0.392406
-0.392351
-0.392406
-0.392406
-0.392406
-0.392351
-0.392406
-0.392351
-0.392351
2.88463
-0.392441
-0.392441
-0.392441
-0.392386
-0.392386
-0.392386
-0.392441
-0.392441
-0.392441
-0.392441
-0.392386
-0.392441
-0.392441
-0.392441
-0.392441
-0.392441
-0.392441
-0.392386
-0.349731
-0.392411
-0.392356
-0.392411
-0.392411
-0.392356
-0.392411
-0.392356
-0.392411
-0.392411
-0.392411
-0.392411
-0.392411
-0.392411
-0.392411
-0.392356
-0.392411
-0.392411
-0.392341
-0.39241
-0.39241
-0.39241
-0.39241
-0.392355
-0.39241
-0.392355
-0.392355
-0.39241
-0.392355
-0.392466
-0.392355
-0.392466
-0.392355
-0.392466
-0.392355
-0.392355
-0.392355
-0.392466
2.7613
-0.392466
-0.392355
-0.392355
-0.392466
-0.392466
-0.392355
-0.392466
-0.392466
-0.392466
-0.392466
-0.392355
-0.392466
-0.392355
-0.392466
-0.392355
-0.392355
-0.392466
-0.392466
-0.392355
3.08428
-0.375693
-0.375797
-0.375693
-0.375797
-0.375797
-0.375797
-0.375693
-0.375936
-0.375936
-0.375936
-0.375831
-0.375831
-0.375831
-0.375936
-0.375936
-0.375936
-0.375936
-0.375831
-0.3759
-0.3759
-0.3759
-0.3759
-0.3759
-0.3759
-0.3759
-0.3759
-0.3759
-0.3759
-0.3759
-0.375796
-0.3759
-0.3759
-0.3759
-0.3759
-0.3759
-0.3759
-0.3759
-0.3759
-0.3759
-0.375796
-0.3759
-0.3759
-0.3759
-0.3759
-0.355549
-0.375832
-0.375832
-0.375832
-0.375832
-0.375832
-0.375832
-0.375832
-0.375832
-0.375937
-0.375832
-0.375832
-0.375832
-0.375832
-0.375832
-0.375832
-0.375832
-0.375832
-0.375832
-0.375832
3.09561
-0.337524
-0.337616
-0.337524
-0.337524
-0.337616
-0.337616
-0.337524
-0.337616
-0.337616
-0.337616
-0.337524
-0.337524
-0.337524
-0.337524
-0.337524
-0.337616
-0.337616
-0.337616
-0.337616
-0.337493
-0.337493
-0.337493
-0.337493
-0.337493
-0.337493
-0.33763
-0.33763
-0.33763
-0.33763
-0.33763
-0.33763
-0.33763
-0.33763
-0.33763
-0.33763
-0.33763
-0.33763
-0.337541
-0.337541
-0.337541
-0.337541
-0.337541
-0.337541
-0.337541
-0.337541
-0.337541
-0.337541
-0.337541
-0.337541
-0.337541
-0.337541
-0.337634
-0.337541
-0.337634
-0.337634
-0.337548
-0.337548
-0.337548
-0.337548
-0.337548
-0.337641
-0.337686
-0.337686
-0.337686
-0.337686
-0.337686
-0.337686
-0.337686
-0.337686
-0.337778
-0.337778
-0.337686
-0.337686
-0.337778
-0.337778
-0.337671
-0.337671
-0.337671
-0.337579
-0.337579
-0.337579
-0.337716
-0.337716
-0.337716
-0.337716
-0.337716
-0.337808
-0.337808
-0.337716
-0.337808
-0.337716
-0.337716
-0.337716
-0.337716
-0.338506
-0.337589
-0.337589
-0.337589
-0.337682
-0.337589
-0.337682
-0.337682
-0.337589
-0.337589
-0.337589
-0.337682
-0.337589
-0.337682
-0.337589
-0.337589
-0.337589
-0.337589
-0.337589
-0.337589
-0.337637
-0.337637
-0.337637
-0.337637
-0.337637
-0.337545
-0.337545
-0.337637
-0.337637
-0.337637
-0.337637
-0.337637
-0.337637
-0.337637
-0.337637
-0.337545
-0.337637
-0.337637
-0.337637
-0.337637
-0.337545
-0.337589
-0.337589
-0.337589
-0.337589
-0.337589
-0.337589
-0.337682
-0.337682
-0.337589
-0.337589
-0.337589
-0.337589
-0.337589
-0.337589
-0.337589
-0.337589
-0.337589
-0.337727
3.09504
-0.337678
-0.337678
-0.337678
-0.337678
-0.337678
-0.337678
-0.337678
-0.337678
-0.337678
-0.337586
-0.337678
-0.337678
-0.337678
-0.337678
-0.337678
-0.337678
-0.337678
-0.337678
-0.337678
-0.337678
-0.337678
-0.337686
-0.337686
-0.337686
-0.337686
-0.337686
-0.337778
-0.337686
-0.337686
-0.337778
-0.337686
-0.337686
-0.337778
-0.337778
-0.337686
-0.337778
-0.337778
-0.337778
-0.337686
-0.337686
-0.337778
-0.337778
-0.337686
-0.337675
-0.337767
-0.337767
-0.337675
-0.337675
-0.337675
-0.337675
-0.337675
-0.337767
-0.337675
-0.337767
-0.337493
-0.337263
-0.336852
-0.336989
-0.337052
-0.337097
-0.337466
-0.337603
-0.339168
-0.338936
-0.338936
-0.337097
-0.337328
-0.338017
-0.338017
-0.338523
-0.338523
-0.338017
-0.33811
-0.337741
-0.337741
-0.337696
-0.337603
-0.337603
-0.338312
-0.337534
-0.337397
-0.33749
-0.33749
-0.337397
-0.33726
-0.337397
-0.336849
-0.33662
-0.336712
-0.338542
-0.338586
-0.338038
-0.338038
-0.337808
-0.337808
-0.338175
-0.338175
-0.337534
-0.337534
-0.337534
-0.337534
-0.337397
-0.338953
-0.338953
-0.339217
-0.338389
-0.338527
-0.338527
-0.338941
-0.339034
-0.338803
-0.338665
-0.338665
-0.338665
-0.338665
-0.338527
-0.338527
-0.338389
-0.338296
-0.338296
-0.338252
-0.338296
-0.338252
-0.338158
-0.338252
-0.338158
-0.338158
-0.338114
-0.33802
-0.337898
-0.337898
-0.337991
-0.337991
-0.337853
-0.337898
-0.337759
-0.337759
-0.337853
-0.337759
-0.337621
-0.337621
-0.337759
-0.337714
-0.337621
-0.337714
-0.337621
-0.337621
-0.337621
-0.337621
-0.337714
-0.337621
-0.337483
-0.337548
-0.337734
-0.337596
-0.337548
-0.337734
-0.337596
-0.337411
-0.337411
-0.337596
-0.337411
-0.337596
-0.337411
-0.337411
-0.337411
-0.337411
-0.337411
-0.337596
-0.356906
-0.357103
-0.357103
-0.356906
-0.356906
-0.356906
-0.356906
-0.357103
-0.35663
-0.35663
-0.356906
-0.356906
-0.35663
-0.357103
-0.356867
-0.356867
-0.356867
-0.356867
-0.356867
-0.356867
-0.356867
-0.356867
-0.356867
-0.356867
-0.35734
-0.356867
-0.356867
-0.356867
-0.356905
-0.356905
-0.357103
-0.356905
-0.357103
-0.357103
-0.356905
-0.356905
-0.356905
-0.357103
-0.357103
-0.356905
-0.356905
-0.356905
-0.357064
-0.357064
-0.356589
-0.357064
-0.357064
-0.357064
-0.356866
-0.356866
-0.357064
-0.356866
-0.357064
-0.356866
-0.357064
-0.357262
-0.357262
-0.357262
-0.356984
-0.357262
-0.357064
-0.356787
-0.357262
-0.357262
-0.357262
-0.357262
-0.356984
-0.356984
-0.356984
-0.356984
-0.356984
-0.356984
-0.356984
-0.356984
-0.356984
-0.356984
-0.357182
-0.357182
-0.356984
-0.357182
-0.357182
-0.356984
-0.357222
-0.357222
-0.357222
-0.356945
-0.357222
-0.357222
-0.357222
-0.357024
-0.357222
-0.357222
-0.357222
-0.357024
-0.357222
-0.356945
-0.356945
-0.356945
-0.357222
-0.357222
-0.357222
-0.356945
-0.356945
-0.35742
-0.357222
-0.357222
-0.357222
-0.356945
-0.357222
-0.357064
-0.357339
-0.357339
-0.357143
-0.357339
-0.357339
-0.357064
-0.357064
-0.357339
-0.357339
-0.357339
-0.357143
-0.357143
-0.357379
-0.357104
-0.356907
-0.356907
-0.356907
-0.357379
-0.357379
-0.357379
-0.357104
-0.357104
-0.357379
-0.357379
-0.357104
-0.356907
-0.357459
-0.357459
-0.357459
-0.357459
-0.357459
-0.357261
-0.356985
-0.356985
-0.356985
-0.356985
-0.356985
-0.357182
-0.357182
-0.356985
-0.357103
-0.357103
-0.357103
-0.357103
-0.357577
-0.357577
-0.357577
-0.357103
-0.357103
-0.357103
-0.357103
-0.357103
-0.357103
-0.357103
-0.357103
-0.357103
-0.357103
-0.357103
-0.35738
-0.357222
-0.357222
-0.357302
-0.3575
-0.357222
-0.357222
-0.3575
-0.3575
-0.357302
-0.357302
-0.3575
-0.357222
-0.357024
-0.357024
-0.357301
-0.357301
-0.357301
-0.357301
-0.357301
-0.357301
-0.357301
-0.357103
-0.357103
-0.357577
-0.357301
-0.357103
-0.357103
-0.357301
-0.357103
-0.357419
-0.357419
-0.357419
-0.357222
-0.357222
-0.357222
-0.357222
-0.357419
-0.357419
-0.357222
-0.357419
-0.357419
-0.357419
-0.357419
-0.357222
-0.357182
-0.357182
-0.35738
-0.35738
-0.357182
-0.357182
-0.35738
-0.357182
-0.357182
-0.357182
-0.357182
-0.357182
-0.357182
-0.357182
-0.357182
-0.357143
-0.357419
-0.357143
-0.357143
-0.357143
-0.357143
-0.357143
-0.357143
-0.357143
-0.357419
-0.357419
-0.357419
-0.357419
-0.357419
-0.357143
-0.357143
-0.357143
-0.35734
-0.35734
-0.357419
-0.357419
-0.357143
-0.357143
-0.357143
-0.357419
-0.357419
-0.357419
-0.357499
-0.357499
-0.357301
-0.357499
-0.357499
-0.357499
-0.357024
-0.357024
-0.357301
-0.357301
-0.357499
-0.357499
-0.357024
-0.357301
-0.357301
-0.35738
-0.35738
-0.35738
-0.357103
-0.357103
-0.35738
-0.357103
-0.35738
-0.35738
-0.35738
-0.357182
-0.35738
-0.35738
-0.35738
-0.35738
-0.357301
-0.357301
-0.357301
-0.357499
-0.357499
-0.357301
-0.357301
-0.357301
-0.357301
-0.357301
-0.357301
-0.357301
-0.357301
-0.357301
-0.357301
-0.357379
-0.357379
-0.357379
-0.357104
-0.357379
-0.357379
-0.357379
-0.357379
-0.357379
-0.357576
-0.3573
-0.357576
-0.357379
-0.357379
-0.357379
-0.357379
-0.357379
-0.357379
-0.357379
-0.287182
-0.287182
-0.287453
-0.287182
-0.287182
-0.287453
-0.287453
-0.287182
-0.287453
-0.287453
-0.287338
-0.287338
-0.287338
-0.287453
-0.287453
-0.287182
-0.287453
-0.287453
-0.287182
-0.287182
-0.287338
-0.287338
-0.287338
-0.287338
-0.287338
-0.287338
-0.287338
-0.287338
-0.287338
-0.287338
-0.287338
-0.287338
-0.287182
-0.287182
-0.287182
-0.287182
-0.287338
-0.287378
-0.287378
-0.287378
-0.287378
-0.287378
-0.287378
-0.287378
-0.287107
-0.287378
-0.287378
-0.287107
-0.287534
-0.287534
-0.287107
-0.287378
-0.287378
-0.287107
-0.287378
-0.287378
-0.287107
-0.287107
-0.287107
-0.287297
-0.287297
-0.287297
-0.287297
-0.287297
-0.287297
-0.287297
-0.287297
-0.287297
-0.287297
-0.287297
-0.287297
-0.287142
-0.287142
-0.287568
-0.287297
-0.287297
-0.287297
-0.287297
-0.287142
-0.287412
-0.287142
-0.287142
-0.287412
-0.287142
-0.287412
-0.287412
-0.287142
-0.287412
-0.287412
-0.287412
-0.287412
-0.287412
-0.287412
-0.287412
-0.287568
-0.287412
-0.287182
-0.287182
-0.287182
-0.287608
-0.287338
-0.287338
-0.287338
-0.287608
-0.287608
-0.287182
-0.287182
-0.287453
-0.287182
-0.287182
-0.287182
-0.287182
-0.287453
-0.287338
-0.287338
3.42165
-0.287182
-0.287453
-0.287182
-0.287453
-0.287453
-0.287453
-0.287453
-0.287453
-0.287453
-0.287453
-0.287182
-0.287453
-0.287453
-0.287608
-0.287182
-0.287453
-0.287182
-0.287182
-0.287384
-0.287384
-0.287384
-0.287384
-0.287384
-0.287384
-0.287384
-0.287384
-0.287384
-0.287384
-0.287384
-0.287384
-0.287384
-0.287113
-0.287384
-0.287384
-0.287384
-0.287384
-0.287384
-0.287234
-0.287507
-0.287234
-0.287507
-0.287234
-0.287234
-0.287234
-0.287234
-0.287507
-0.287507
-0.287507
-0.287234
-0.287234
-0.287234
-0.287507
-0.287234
-0.287234
-0.287507
-0.287425
-0.286997
-0.287269
-0.287425
-0.287153
-0.287425
-0.287425
-0.287425
-0.287425
-0.287425
-0.287153
-0.287425
-0.287425
-0.287425
-0.287269
-0.287269
-0.287269
-0.287269
-0.2875
-0.2875
-0.287228
-0.2875
-0.287228
-0.287228
-0.2875
-0.287228
-0.287228
-0.2875
-0.287228
-0.2875
-0.287228
-0.287228
-0.2875
-0.2875
-0.287228
-0.2875
-0.287188
-0.287188
-0.287188
-0.287459
-0.287459
-0.287188
-0.287344
-0.287344
-0.287615
-0.287344
-0.287459
-0.287188
-0.287188
-0.287459
-0.287188
-0.287188
-0.287188
-0.287188
-0.287541
-0.287269
-0.287269
-0.287541
-0.287269
-0.287269
-0.287541
-0.287541
-0.287269
-0.287269
-0.287269
-0.287269
-0.287269
-0.287541
-0.287541
-0.287541
-0.287541
-0.287269
-0.287269
-0.287582
-0.287309
-0.287309
-0.287309
-0.287309
-0.287309
-0.287582
-0.287738
-0.287466
-0.287738
-0.287309
-0.287309
-0.287309
-0.287309
-0.287309
-0.287309
-0.287309
3.25342
-0.287344
-0.287344
-0.287344
-0.287344
-0.287344
-0.287344
-0.287344
-0.287344
-0.287344
-0.287228
-0.2875
-0.2875
-0.287344
-0.287344
-0.287344
-0.287344
-0.287344
-0.287344
-0.287384
-0.287384
-0.287384
-0.287384
-0.287384
-0.287384
-0.287384
-0.287384
-0.287384
-0.287384
-0.287384
-0.287384
-0.287384
-0.287384
-0.287384
-0.287384
-0.287384
-0.287303
-0.287303
-0.287303
-0.287303
-0.287303
-0.287459
-0.287459
-0.287459
-0.287459
-0.287459
-0.287459
-0.287459
-0.287459
-0.287459
-0.287303
-0.287303
-0.287303
-0.287303
-0.287303
-0.287303
-0.287459
-0.287459
-0.287459
-0.287615
-0.287615
-0.287459
-0.287459
-0.287615
-0.287459
-0.287459
-0.287459
-0.287459
-0.287188
-0.287188
-0.287459
-0.287459
-0.287459
-0.287459
-0.287309
-0.287309
-0.287309
-0.287309
-0.287309
-0.287582
-0.287582
-0.287309
-0.287309
-0.287309
-0.287309
-0.287309
-0.287582
-0.287309
-0.287309
-0.287738
-0.287582
-0.287309
-0.287582
-0.287309
-0.287309
-0.287309
-0.287425
-0.287269
-0.287425
-0.287425
-0.287425
-0.287425
-0.287425
-0.287425
-0.287425
-0.287425
-0.287425
-0.287425
-0.287582
-0.287582
-0.287269
-0.287269
-0.287269
3.42111
-0.28735
-0.28735
-0.28735
-0.28735
-0.287077
-0.287077
-0.287077
-0.287077
-0.287391
-0.287664
-0.287664
-0.287664
-0.287664
-0.287664
-0.287664
-0.287664
-0.287664
-0.287664
-0.28735
-0.287541
-0.287541
-0.287541
-0.287541
-0.287541
-0.287541
-0.287541
-0.287541
-0.287228
-0.287541
-0.287541
-0.287541
-0.287541
-0.287541
-0.357497
-0.357497
-0.357497
-0.357497
-0.357497
-0.357773
-0.357773
-0.357104
-0.357773
-0.357773
-0.357379
-0.357379
-0.357379
-0.357379
-0.357379
-0.357616
-0.357616
-0.357616
-0.357616
-0.357616
-0.357616
-0.357616
-0.35734
-0.35734
-0.35734
-0.35734
-0.35734
-0.35734
-0.35734
-0.35793
-0.35793
-0.357654
-0.357654
-0.357654
-0.357654
-0.357654
-0.357654
-0.357261
-0.357654
-0.357654
-0.357654
-0.357654
-0.357654
-0.357654
-0.357811
-0.357811
-0.357536
-0.357536
-0.357536
-0.357536
-0.357536
-0.357536
-0.358086
-0.357536
-0.358086
-0.358086
-0.357692
-0.3573
-0.3573
-0.3573
-0.3573
-0.3573
-0.357692
-0.3573
-0.357692
-0.357692
-0.357692
-0.357692
-0.357692
-0.357692
-0.357692
-0.3573
-0.357692
-0.357692
-0.3573
-0.3573
-0.3573
-0.337349
-0.337349
-0.337349
-0.337349
-0.33698
-0.33698
-0.33698
-0.33698
-0.33698
-0.337349
-0.337349
-0.337349
-0.337349
-0.337349
-0.337349
-0.337349
-0.337349
-0.337349
-0.337349
-0.337349
-0.336813
-0.336813
-0.337363
-0.337363
-0.337363
-0.337734
-0.337363
-0.337363
-0.337363
-0.337363
-0.337363
-0.337363
-0.337363
-0.337363
-0.337363
-0.337363
-0.337363
-0.337363
3.0477
-0.337184
-0.337184
-0.337184
-0.337184
-0.337184
-0.337184
-0.337184
-0.337184
-0.337184
-0.337184
-0.336813
-0.337184
-0.337184
-0.337184
-0.337184
-0.337184
-0.337184
2.90562
-0.336802
-0.337719
-0.337719
-0.337349
-0.337349
-0.337349
-0.337349
-0.337349
-0.337349
-0.336802
-0.336802
-0.336802
-0.337349
-0.336802
-0.337349
-0.336802
-0.336802
-0.336802
2.90551
-0.337158
-0.337158
-0.337158
-0.337158
-0.337158
-0.337158
-0.337158
-0.337158
-0.337158
-0.337158
-0.337158
-0.337158
-0.337158
-0.337158
-0.337158
-0.337158
-0.337527
-0.337171
-0.337171
-0.336802
-0.336802
-0.336802
-0.336802
-0.336802
-0.337349
-0.337349
-0.336802
-0.337171
-0.337171
-0.337719
-0.337719
-0.337171
-0.337171
-0.337171
-0.337171
-0.337171
-0.336802
-0.337349
-0.337349
-0.337349
-0.337349
-0.337349
-0.33698
-0.33698
-0.33698
-0.33698
-0.33698
-0.33698
-0.33698
-0.33698
-0.33698
-0.33698
-0.337349
-0.337349
-0.337349
2.90536
-0.336968
-0.336968
-0.337336
-0.337336
-0.337336
-0.337336
-0.337336
-0.336968
-0.336968
-0.336968
-0.336968
-0.336968
-0.336968
-0.336968
-0.336968
-0.336968
-0.336968
-0.336968
-0.33224
-0.337158
-0.337158
-0.337527
-0.337527
-0.337527
-0.337527
-0.337527
-0.337527
-0.337527
-0.337527
-0.337527
-0.337527
-0.337527
-0.33698
-0.33698
-0.336612
-0.336612
-0.338074
-0.338074
-0.338074
-0.338074
-0.338074
-0.337527
-0.338621
-0.338621
-0.338621
-0.338621
-0.338074
-0.338074
-0.338074
-0.338074
-0.338074
-0.338074
-0.337705
-0.337705
-0.338074
-0.338074
-0.338074
-0.337527
-0.337527
-0.338074
-0.337705
-0.337527
-0.338074
-0.337158
-0.338074
-0.338074
-0.337527
-0.338074
-0.337527
-0.337158
-0.337527
-0.337527
-0.337527
-0.337527
-0.337158
-0.337158
-0.337527
-0.337527
-0.337527
-0.337527
-0.337527
-0.337527
-0.336612
-0.336612
-0.337158
-0.33698
-0.336612
-0.336612
-0.336612
-0.337158
-0.337527
-0.337527
-0.33698
-0.337527
-0.337527
-0.337527
-0.337527
-0.337527
-0.337527
-0.337527
-0.337527
-0.337527
-0.337527
-0.33698
-0.337527
-0.337527
-0.337527
-0.337527
-0.337527
-0.33698
-0.33698
-0.33698
-0.33698
-0.33698
-0.33698
-0.337527
-0.33698
-0.336612
-0.336612
-0.336612
-0.336612
-0.337158
