0
0
0
0
0
0
0
0
0
0
0
0
0
0
0
0
0
0
0
0
0
0
0
0
0
0
0
0
0
0
0
0
0
0
0
0
0
0
0
0
0
0
0
0
0
0
0
0
0
0
0
0
0
0
0
0
0
0
0
0
0
0
0
0
0
0
0
0
0
0
0
0
0
0
0
0
0
0
0
0
0
0
0
0
0
0
0
0
0
0
0
0
0
0
0
0
0
0
0
0
0
0
0
0
0
0
0
0
0
0
0
0
0
0
0
0
0
0
0
0
0
0
0
0
0
0
0
0
0
0
0
0
0
0
0
0
0
0
0
0
0
0
0
0
0
0
0
0
0
0
0
0
0
0
0
0
0
0
0
0
0
0
0
0
0
0
0
0
0
0
0
0
0
0
0
0
0
0
0
0
0
0
0
0
0
0
0
0
0
0
0
0
0
0
0
0
0
0
0
0
0
0
0
0
0
0
0
0
0
0
0
0
0
0
0
0
0
0
0.0116256
0.0116256
0.0116256
0.0116256
0.0116256
0.0116256
0.0116256
0.0116256
0.0116256
0.0116256
0.0116256
0.0116256
0.0116256
0.0116256
0.0116256
0.0116256
0.0116256
0.0116256
0.0116256
0.0116256
0.0116256
0.0116256
0.0116256
0.0116256
0.0116256
0.0116256
0.0116256
0.0116256
0.0116256
0.0116256
0.0116256
0.0116256
0.0116256
0.0116256
0.0116256
0.0116256
0.0116256
0.0116256
0.0116256
0.0116256
0.0116256
0.0116256
0.0116256
0.0116256
0.0116256
0.0116256
0.0116256
0.0116256
0.0116256
0.0116256
0.0116256
0.0116256
0.0116256
0.0116256
0.0116256
0.0116256
0.0116256
0.0116256
0.0116256
0.0116256
0.0116256
0.0116256
0.0116256
0.0116256
0.0116256
0.0116256
0.0116256
0.0116256
0.0116256
0.0116256
0.0116256
0.0116256
0.0116256
0.0116256
0.0116256
0.0116256
0.0116256
0.0116256
0.0116256
0.0116256
0.0116256
0.0116256
0.0116256
0.0116256
0.0116256
0.0116256
0.0116256
0.0116256
0.0116256
0.0116256
0.0116256
0.0116256
0.0116256
0.0116256
0.0116256
0.0116256
0.0116256
0.0116256
0.0116256
0.0116256
0.0116256
0.0116256
0.0116256
0.0116256
0.0116256
0.0116256
0.0116256
0.0116256
0.0116256
0.0116256
0.0116256
0.0116256
0.0116256
0.0116256
0.0116256
0.0116256
0.0116256
0.0116256
0.0116256
0.0116256
0.0116256
0.0116256
0.0116256
0.0116256
0.0116256
0.0116256
0.0116256
0.0116256
0.0116256
0.0116256
0.0116256
0.0116256
0.0116256
0.0116256
0.0116256
0.0116256
0.0116256
0.0116256
0.0116256
0.0116256
0.0116256
0.0116256
0.0116256
0.0116256
0.0116256
0.0116256
0.0116256
0.0116256
0.0116256
0.0116256
0.0116256
0.0116256
0.0116256
0.0116256
0.0116256
0.0116256
0.0116256
0.0116256
0.0116256
0.0116256
0.0116256
0.0116256
0.0116256
0.0116256
0.0116256
0.0116256
0.0116256
0.0116256
0.0116256
0.0116256
0.0116256
0.0116256
0.0116256
0.0116256
0.0116256
0.0116256
0.0116256
0.0116256
0.0116256
0.0116256
0.0116256
0.0116256
0.0116256
0.0116256
0.0116256
0.0116256
0.0116256
0.0116256
0.0116256
0.0116256
0.0116256
0.0116256
0.0116256
0.0116256
0.0116256
0.0116256
0.0116256
0.0116256
0.0116256
0.0116256
0.0116256
0.0116256
0.0116256
0.0116256
0.0116256
0.0116256
0.0116256
0.0116256
0.0116256
0.0116256
0.0116256
0.00373838
0.00373838
0.00373844
0.00373844
0.00373844
0.00373844
0.00373844
0.00373844
0.00373844
0.00373844
0.00373844
0.00373844
0.00373844
0.00373844
0.00373844
0.00373844
0.00373844
0.00373844
0.00373844
0.00373844
0.00373844
0.00373856
0.00373856
0.00373856
0.00373856
0.00373856
0.00373856
0.00373856
0.00373856
0.00373856
0.00373856
0.00373856
0.00373856
0.00373856
0.00373856
0.00373856
0.00373856
0.00373856
0.00373856
0.00373856
0.00373837
0.00373837
0.00373837
0.00373837
0.00373837
0.00373837
0.00373837
0.00373837
0.00373837
0.00373837
0.00373837
0.00373837
0.00373837
0.00373837
0.00373837
0.00373837
0.00373837
0.00373837
0.00373837
0.00373837
0.00373837
0.00373856
0.00373856
0.00373856
0.00373856
0.00373856
0.00373856
0.00373856
0.00373856
0.00373856
0.00373856
0.00373856
0.00373856
0.00373856
0.00373856
0.00373856
0.00373856
0.00373856
0.00373856
0.00373856
0.00373857
0.00373857
0.00373857
0.00373857
0.00373857
0.00373857
0.00373857
0.00373857
0.00373857
0.00373857
0.00373857
0.00373857
0.00373857
0.00373857
0.00373857
0.00373857
0.00373857
0.00373857
0.00373857
0.00373854
0.00373854
0.00373854
0.00373854
0.00373854
0.00373854
0.00373854
0.00373854
0.00373854
0.00373854
0.00373854
0.00373854
0.00373854
0.00373854
0.00373854
0.00373854
0.00373854
0.00373854
0.00373854
0.00373862
0.00373862
0.00373862
0.00373862
0.00373862
0.00373862
0.00373862
0.00373862
0.00373862
0.00373862
0.00373862
0.00373862
0.00373862
0.00373862
0.00373862
0.00373862
0.00373862
0.00373862
0.00373862
0.00373862
0.00373862
-0.0133411
-0.0133411
-0.0133411
-0.0133411
-0.0133411
-0.0133411
-0.0133411
-0.0133411
-0.0133411
-0.0133411
-0.0133411
-0.0133411
-0.0133411
-0.0133411
-0.0133411
-0.0133411
-0.0133411
-0.0133411
-0.0133411
-0.0133409
-0.0133409
-0.0133409
-0.0133409
-0.0133409
-0.0133409
-0.0133409
-0.0133409
-0.0133409
-0.0133409
-0.0133409
-0.0133409
-0.0133409
-0.0133409
-0.0133409
-0.0133409
-0.0133409
-0.0133409
-0.0133409
-0.0133409
-0.0133409
-0.0133409
-0.0133409
-0.0133409
-0.0133409
-0.0133409
-0.0133409
-0.0133409
-0.0133409
-0.0133409
-0.0133409
-0.0133409
-0.0133409
-0.0133409
-0.0133409
-0.0133409
-0.0133409
-0.0133409
-0.0133409
-0.0133409
-0.0133409
-0.0133409
-0.0133409
-0.0133409
-0.0133409
-0.0133409
-0.0133409
-0.0133409
-0.0133409
-0.0133409
-0.0133409
-0.0133409
-0.0133409
-0.0133409
-0.0133409
-0.0133409
-0.0133409
-0.0133409
-0.0133409
-0.0133409
-0.0133409
-0.0133409
-0.0133412
-0.0133412
-0.0133412
-0.0133412
-0.0133412
-0.0133412
-0.0133412
-0.0133412
-0.0133412
-0.0133412
-0.0133412
-0.0133412
-0.0133412
-0.0133412
-0.0133412
-0.0106991
-0.0106991
-0.0106991
-0.0106991
-0.0106991
-0.0106991
-0.0106991
-0.0106991
-0.0106991
-0.0106991
-0.0106991
-0.0106991
-0.0106991
-0.0106991
-0.0106991
-0.0106991
-0.0106991
-0.0106991
-0.0106991
-0.0106993
-0.0106993
-0.0106993
-0.0106993
-0.0106993
-0.0106993
-0.0106993
-0.0106993
-0.0106993
-0.0106993
-0.0106993
-0.0106993
-0.0106993
-0.0106993
-0.0106993
-0.0106993
-0.0106993
-0.0106993
-0.0106993
-0.0106993
-0.0106989
-0.0106989
-0.0106989
-0.0106989
-0.0106989
-0.0106989
-0.0106989
-0.0106989
-0.0106989
-0.0106989
-0.0106989
-0.0106989
-0.0106989
-0.0106989
-0.0106989
-0.0106989
-0.0106989
-0.0106987
-0.0106987
-0.0106987
-0.0106987
-0.0106987
-0.0106987
-0.0106987
-0.0106987
-0.0106987
-0.0106987
-0.0106987
-0.0106987
-0.0106987
-0.0106987
-0.0106987
-0.0106987
-0.0106987
-0.0106987
-0.0106987
-0.0106987
-0.0106987
-0.0106987
-0.0106987
-0.0106983
-0.0106983
-0.0106983
-0.0106983
-0.0106983
-0.0106983
-0.0106983
-0.0106983
-0.0106983
-0.0106983
-0.0106983
-0.0106983
-0.0106983
-0.0106983
-0.0106983
-0.0106983
-0.0106983
-0.0106983
-0.0106983
-0.0106991
-0.0106991
-0.0106991
-0.0106991
-0.0106991
-0.0106991
-0.0106991
-0.0106991
-0.0106991
-0.0106991
-0.0106991
-0.0106991
-0.0106991
-0.0106991
-0.0106991
-0.0106991
-0.0106991
-0.0106991
-0.0106991
-0.0106991
-0.0106991
-0.0106991
-0.0465956
-0.0465956
-0.0465956
-0.0465956
-0.0465956
-0.0465956
-0.0465956
-0.0465956
-0.0465956
-0.0465956
-0.0465956
-0.0465956
-0.0465956
-0.0465956
-0.0465956
-0.0465956
-0.0465956
-0.0465956
-0.0465956
-0.0465956
-0.0465956
-0.0465956
-0.0465956
-0.0465956
-0.0465956
-0.0465956
-0.0465956
-0.0465956
-0.0465956
-0.0465956
-0.0465956
-0.0465956
-0.0465956
-0.0465956
-0.0465956
-0.0465956
-0.0465956
-0.0465952
-0.0465952
-0.0465952
-0.0465952
-0.0465952
-0.0465952
-0.0465952
-0.0465952
-0.0465952
-0.0465952
-0.0465952
-0.0465952
-0.0465952
-0.0465952
-0.0465952
-0.0465952
-0.0465952
-0.0465952
-0.0465959
-0.0465959
-0.0465959
-0.0465959
-0.0465959
-0.0465959
-0.0465959
-0.0465959
-0.0465959
-0.0465959
-0.0465959
-0.0465959
-0.0465959
-0.0465959
-0.0465959
-0.0465959
-0.0465959
-0.0465959
-0.0465959
-0.0465959
-0.0465951
-0.0465951
-0.0465951
-0.0465951
-0.0465951
-0.0465951
-0.0465951
-0.0465951
-0.0465951
-0.0465951
-0.0465951
-0.0465951
-0.0465951
-0.0465951
-0.0465951
-0.0465951
-0.0465963
-0.0465963
-0.0465963
-0.0465963
-0.0465963
-0.0465963
-0.0465963
-0.0465963
-0.0465963
-0.0465963
-0.0465963
-0.0465963
-0.0465963
-0.0465963
-0.0465963
-0.0465963
-0.0465963
-0.0465963
-0.0465963
-0.0465964
-0.0465964
-0.0465964
-0.0465964
-0.0465964
-0.0465964
-0.0465964
-0.0465964
-0.0465964
-0.0465964
-0.0465964
-0.0465964
-0.0465964
-0.0465964
-0.0465964
-0.0465964
-0.0465964
-0.0465964
-0.0465964
0.06254
0.06254
0.06254
0.06254
0.06254
0.06254
0.06254
0.06254
0.06254
0.06254
0.06254
0.06254
0.06254
0.06254
0.06254
0.06254
0.06254
0.0625415
0.0625415
0.0625415
0.0625415
0.0625415
0.0625415
0.0625415
0.0625415
0.0625415
0.0625415
0.0625415
0.0625415
0.0625415
0.0625415
0.0625415
0.0625415
0.0625415
0.0625415
0.0625426
0.0625426
0.0625426
0.0625426
0.0625426
0.0625426
0.0625426
0.0625426
0.0625426
0.0625426
0.0625426
0.0625426
0.0625426
0.0625426
0.0625426
0.0625426
0.0625426
0.06254
0.06254
0.06254
0.06254
0.06254
0.06254
0.06254
0.06254
0.06254
0.06254
0.06254
0.06254
0.06254
0.06254
0.06254
0.06254
0.06254
0.06254
0.0625413
0.0625413
0.0625413
0.0625413
0.0625413
0.0625413
0.0625413
0.0625413
0.0625413
0.0625413
0.0625413
0.0625413
0.0625413
0.0625413
0.0625413
0.0625413
0.06254
0.06254
0.06254
0.06254
0.06254
0.06254
0.06254
0.06254
0.06254
0.06254
0.06254
0.06254
0.06254
0.06254
0.06254
0.06254
0.06254
0.06254
0.0625406
0.0625406
0.0625406
0.0625406
0.0625406
0.0625406
0.0625406
0.0625406
0.0625406
0.0625406
0.0625406
0.0625406
0.0625406
0.0625406
0.0625406
0.0625406
0.0625406
0.0625406
0.0625406
0.0625406
0.0625406
0.0625428
0.0625428
0.0625428
0.0625428
0.0625428
0.0625428
0.0625428
0.0625428
0.0625428
0.0625428
0.0625428
0.0625428
0.0625428
0.0625428
0.0625428
0.0625428
0.0625428
0.0625428
0.0625428
0.0625428
0.0625428
0.0625428
0.0625428
0.0625428
0.0625428
0.0625428
0.0625398
0.0625398
0.0625398
0.0625398
0.0625398
0.0625398
0.0625398
0.0625398
0.0625398
0.0625398
0.0625398
0.0625398
0.0625398
0.0625398
0.0625398
0.0625398
0.0625398
0.0625398
0.0625398
0.0625398
0.0625398
0.0625403
0.0625403
0.0625403
0.0625403
0.0625403
0.0625403
0.0625403
0.0625403
0.0625403
0.0625403
0.0625403
0.0625403
0.0625403
0.0625403
0.0625403
0.0625403
0.0625403
0.0625403
0.0625403
0.0625414
0.0625414
0.0625414
0.0625414
0.0625414
0.0625414
0.0625414
0.0625414
0.0625414
0.0625414
0.0625414
0.0625414
0.0625414
0.0625414
0.0625414
0.0625414
0.0625414
0.0625414
0.0625414
0.0625414
0.062543
0.062543
0.062543
0.062543
0.062543
0.062543
0.062543
0.062543
0.062543
0.062543
0.062543
0.062543
0.062543
0.062543
0.062543
0.062543
0.062543
0.062543
0.062543
0.00230455
0.00230455
0.00230455
0.00230455
0.00230455
0.00230455
0.00230455
0.00230455
0.00230455
0.00230455
0.00230455
0.00230455
0.00230455
0.00230455
0.00230455
0.00230455
0.00230455
0.00230455
0.00230455
0.00230419
0.00230419
0.00230419
0.00230419
0.00230419
0.00230419
0.00230419
0.00230419
0.00230419
0.00230419
0.00230419
0.00230419
0.00230419
0.00230419
0.00230419
0.00230419
0.00230419
0.00230419
0.00230419
0.00230419
0.00230469
0.00230469
0.00230469
0.00230469
0.00230469
0.00230469
0.00230469
0.00230469
0.00230469
0.00230469
0.00230469
0.00230469
0.00230469
0.00230469
0.00230469
0.00230469
0.00230469
0.00230469
0.00230469
0.00230338
0.00230338
0.00230338
0.00230338
0.00230338
0.00230338
0.00230338
0.00230338
0.00230338
0.00230338
0.00230338
0.00230338
0.00230338
0.00230338
0.00230338
0.00230338
0.00230338
0.00230338
0.00230338
0.0023042
0.0023042
0.0023042
0.0023042
0.0023042
0.0023042
0.0023042
0.0023042
0.0023042
0.0023042
0.0023042
0.0023042
0.0023042
0.0023042
0.0023042
0.0023042
0.0023042
0.00230469
0.00230469
0.00230469
0.00230469
0.00230469
0.00230469
0.00230469
0.00230469
0.00230469
0.00230469
0.00230469
0.00230469
0.00230469
0.00230469
0.00230469
0.00230469
0.00230469
0.00230469
0.00230469
0.00230469
0.00230469
0.00230386
0.00230386
0.00230386
0.00230386
0.00230386
0.00230386
0.00230386
0.00230386
0.00230386
0.00230386
0.00230386
0.00230386
0.00230386
0.00230386
0.00230386
0.00230386
0.00230386
0.00230386
0.00230386
0.00230386
0.00230386
0.00230386
0.00230386
0.0200205
0.00230369
0.00230369
0.00230369
0.00230369
0.00230369
0.00230369
0.00230369
0.00230369
0.00230369
0.00230369
0.00230369
0.00230369
0.00230369
0.00230369
0.00230369
0.00230369
0.00230369
0.00230369
0.00230369
0.00230381
0.00230381
0.00230381
0.00230381
0.00230381
0.00230381
0.00230381
0.00230381
0.00230381
0.00230381
0.00230381
0.00230381
0.00230381
0.00230381
0.00230381
0.00230381
0.00230381
0.00230381
0.00230381
0.00230381
0.00230381
0.00230381
0.00230381
0.00230381
0.00230381
0.00230381
0.00230381
0.00230381
0.00230381
0.00230381
0.00230381
0.00230381
0.00230381
-0.0194165
-0.0194165
-0.0194165
-0.0194165
-0.0194165
-0.0194165
-0.0194165
-0.0194165
-0.0194165
-0.0194165
-0.0194165
-0.0194165
-0.0194165
-0.0194165
-0.0194165
-0.0194165
-0.0194165
-0.0194165
-0.0194165
-0.0194165
-0.0194165
-0.0194165
-0.0194165
-0.0194165
-0.0194165
-0.0194165
-0.0194165
-0.0194165
-0.0194165
-0.0194165
-0.0194165
-0.0194165
-0.0194165
-0.0194165
-0.0194165
-0.0194165
-0.0194165
-0.0194166
-0.0194166
-0.0194166
-0.0194166
-0.0194166
-0.0194166
-0.0194166
-0.0194166
-0.0194166
-0.0194166
-0.0194166
-0.0194166
-0.0194166
-0.0194166
-0.0194166
-0.0194166
-0.0194166
-0.0194166
-0.0194166
-0.019418
-0.019418
-0.019418
-0.019418
-0.019418
-0.019418
-0.019418
-0.019418
-0.019418
-0.019418
-0.019418
-0.019418
-0.019418
-0.019418
-0.019418
-0.019418
0.0016631
0.0016631
0.0016631
0.0016631
0.0016631
0.0016631
0.0016631
0.0016631
0.0016631
0.0016631
0.0016631
0.0016631
0.0016631
0.0016631
0.0016631
0.0016631
0.0016631
0.0016633
0.0016633
0.0016633
0.0016633
0.0016633
0.0016633
0.0016633
0.0016633
0.0016633
0.0016633
0.0016633
0.0016633
0.0016633
0.0016633
0.0016633
0.00166446
0.00166446
0.00166446
0.00166446
0.00166446
0.00166446
0.00166446
0.00166446
0.00166446
0.00166446
0.00166446
0.00166446
0.00166446
0.00166446
0.00166446
0.00166446
0.00166446
0.00166242
0.00166242
0.00166242
0.00166242
0.00166242
0.00166242
0.00166242
0.00166242
0.00166242
0.00166242
0.00166242
0.00166242
0.00166242
0.00166242
0.00166242
0.00166242
0.00166242
0.00166443
0.00166443
0.00166443
0.00166443
0.00166443
0.00166443
0.00166443
0.00166443
0.00166443
0.00166443
0.00166443
0.00166443
0.00166443
0.00166443
0.00166443
0.00166282
0.00166282
0.00166282
0.00166282
0.00166282
0.00166282
0.00166282
0.00166282
0.00166282
0.00166282
0.00166282
0.00166282
0.00166282
0.00166282
0.00166282
0.00166282
0.00166282
0.00166282
0.00166291
0.00166291
0.00166291
0.00166291
0.00166291
0.00166291
0.00166291
0.00166291
0.00166291
0.00166291
0.00166291
0.00166291
0.00166291
0.00166291
0.00166291
0.00166291
0.00166291
0.00166358
0.00166358
0.00166358
0.00166358
0.00166358
0.00166358
0.00166358
0.00166358
0.00166358
0.00166358
0.00166358
0.00166358
0.00166358
0.00166358
0.00166358
0.00166223
0.00166223
0.00166223
0.00166223
0.00166223
0.00166223
0.00166223
0.00166223
0.00166223
0.00166223
0.00166223
0.00166223
0.00166223
0.00166223
0.00166223
0.00166448
0.00166448
0.00166448
0.00166448
0.00166448
0.00166448
0.00166448
0.00166448
0.00166448
0.00166448
0.00166448
0.00166448
0.00166448
0.00166448
0.00166448
0.00166448
0.00166448
0.00166448
0.00166448
0.00166448
0.00166448
0.00166292
0.00166292
0.00166292
0.00166292
0.00166292
0.00166292
0.00166292
0.00166292
0.00166292
0.00166292
0.00166292
0.00166292
0.00166292
0.00166292
0.00166292
0.00166381
0.00166381
0.00166381
0.00166381
0.00166381
0.00166381
0.00166381
0.00166381
0.00166381
0.00166381
0.00166381
0.00166381
0.00166381
0.00166381
0.00166381
0.00166381
0.00166381
0.00166203
0.00166203
0.00166203
0.00166203
0.00166203
0.00166203
0.00166203
0.00166203
0.00166203
0.00166203
0.00166203
0.00166203
0.00166203
0.00166203
0.00166203
0.00166203
0.00166203
0.00166203
0.00166389
0.00166389
0.00166389
0.00166389
0.00166389
0.00166389
0.00166389
0.00166389
0.00166389
0.00166389
0.00166389
0.00166389
0.00166389
0.00166389
0.00166389
0.00318033
0.00318033
0.00318033
0.00318033
0.00318033
0.00318033
0.00318033
0.00318033
0.00318033
0.00318033
0.00318033
0.00318033
0.00318033
0.00318033
0.00318033
0.00318033
0.00318033
0.0031818
0.0031818
0.0031818
0.0031818
0.0031818
0.0031818
0.0031818
0.0031818
0.0031818
0.0031818
0.0031818
0.0031818
0.0031818
0.0031818
0.0031818
0.0031818
0.0031818
0.00318206
0.00318206
0.00318206
0.00318206
0.00318206
0.00318206
0.00318206
0.00318206
0.00318206
0.00318206
0.00318206
0.00318206
0.00318206
0.00318206
0.00318059
0.00318059
0.00318059
0.00318059
0.00318059
0.00318059
0.00318059
0.00318059
0.00318059
0.00318059
0.00318059
0.00318059
0.00318059
0.00318059
0.00318059
0.00318117
0.00318117
0.00318117
0.00318117
0.00318117
0.00318117
0.00318117
0.00318117
0.00318117
0.00318117
0.00318117
0.00318117
0.00318117
0.00318117
0.00318117
0.00318117
0.00318117
0.00318117
0.00318117
-0.018658
-0.018658
-0.018658
-0.018658
-0.018658
-0.018658
-0.018658
-0.018658
-0.018658
-0.018658
-0.018658
-0.018658
-0.018658
-0.018658
-0.018658
-0.018658
-0.018658
-0.018658
-0.0186592
-0.0186592
-0.0186592
-0.0186592
-0.0186592
-0.0186592
-0.0186592
-0.0186592
-0.0186592
-0.0186592
-0.0186592
-0.0186592
-0.0186592
-0.0186592
-0.0186592
-0.0186592
-0.0186592
-0.0186592
-0.0186592
-0.0186592
-0.0186592
-0.0186592
-0.0186592
-0.0186609
-0.0186609
-0.0186609
-0.0186609
-0.0186609
-0.0186609
-0.0186609
-0.0186609
-0.0186609
-0.0186609
-0.0186609
-0.0186609
-0.0186609
-0.0186609
-0.0186609
-0.0186609
-0.0186609
-0.0186609
-0.0186609
-0.0186609
-0.0186609
-0.0116619
-0.0116619
-0.0116619
-0.0116619
-0.0116619
-0.0116619
-0.0116619
-0.0116619
-0.0116619
-0.0116619
-0.0116619
-0.0116619
-0.0116619
-0.0116619
-0.0116619
-0.0116619
-0.0116619
-0.0116619
-0.0116619
-0.0116619
-0.0116619
-0.0116601
-0.0116601
-0.0116601
-0.0116601
-0.0116601
-0.0116601
-0.0116601
-0.0116601
-0.0116601
-0.0116601
-0.0116601
-0.0116601
-0.0116601
-0.0116601
-0.0116601
-0.0116601
-0.0116601
-0.0116601
-0.0116601
-0.011662
-0.011662
-0.011662
-0.011662
-0.011662
-0.011662
-0.011662
-0.011662
-0.011662
-0.011662
-0.011662
-0.011662
-0.011662
-0.011662
-0.011662
-0.011662
-0.011662
-0.01166
-0.01166
-0.01166
-0.01166
-0.01166
-0.01166
-0.01166
-0.01166
-0.01166
-0.01166
-0.01166
-0.01166
-0.01166
-0.01166
-0.01166
-0.01166
-0.01166
-0.01166
-0.0116615
-0.0116615
-0.0116615
-0.0116615
-0.0116615
-0.0116615
-0.0116615
-0.0116615
-0.0116615
-0.0116615
-0.0116615
-0.0116615
-0.0116615
-0.0116615
-0.0116615
-0.0116615
-0.0116615
-0.01166
-0.01166
-0.01166
-0.01166
-0.01166
-0.01166
-0.01166
-0.01166
-0.01166
-0.01166
-0.01166
-0.01166
-0.01166
-0.01166
-0.01166
-0.00686043
-0.00686043
-0.00686043
-0.00686043
-0.00686043
-0.00686043
-0.00686043
-0.00686043
-0.00686043
-0.00686043
-0.00686043
-0.00686043
-0.00686043
-0.00686043
-0.00686043
-0.00686043
-0.00686005
-0.00686005
-0.00686005
-0.00686005
-0.00686005
-0.00686005
-0.00686005
-0.00686005
-0.00686005
-0.00686005
-0.00686005
-0.00686005
-0.00686005
-0.00686005
-0.00686005
-0.00686005
-0.0068597
-0.0068597
-0.0068597
-0.0068597
-0.0068597
-0.0068597
-0.0068597
-0.0068597
-0.0068597
-0.0068597
-0.0068597
-0.0068597
-0.0068597
-0.0068597
-0.0068597
-0.0068597
-0.0068597
-0.00686055
-0.00686055
-0.00686055
-0.00686055
-0.00686055
-0.00686055
-0.00686055
-0.00686055
-0.00686055
-0.00686055
-0.00686055
-0.00686055
-0.00686055
-0.00686055
-0.00686055
-0.00686055
-0.00686055
-0.00685927
-0.00685927
-0.00685927
-0.00685927
-0.00685927
-0.00685927
-0.00685927
-0.00685927
-0.00685927
-0.00685927
-0.00685927
-0.00685927
-0.00685927
-0.00685927
-0.00685927
-0.00685927
-0.00685927
-0.00686076
-0.00686076
-0.00686076
-0.00686076
-0.00686076
-0.00686076
-0.00686076
-0.00686076
-0.00686076
-0.00686076
-0.00686076
-0.00686076
-0.00686076
-0.00686076
-0.00686076
-0.00686076
-0.00686076
-0.0068594
-0.0068594
-0.0068594
-0.0068594
-0.0068594
-0.0068594
-0.0068594
-0.0068594
-0.0068594
-0.0068594
-0.0068594
-0.0068594
-0.0068594
-0.0068594
-0.0068594
-0.00685866
-0.00685866
-0.00685866
-0.00685866
-0.00685866
-0.00685866
-0.00685866
-0.00685866
-0.00685866
-0.00685866
-0.00685866
-0.00685866
-0.00685866
-0.00685866
-0.00685866
-0.00685866
-0.00685866
-0.00685866
-0.00685983
-0.00685983
-0.00685983
-0.00685983
-0.00685983
-0.00685983
-0.00685983
-0.00685983
-0.00685983
-0.00685983
-0.00685983
-0.00685983
-0.00685983
-0.00685983
-0.00685983
-0.00685983
-0.00685983
-0.00685983
-0.00685983
-0.00686042
-0.00686042
-0.00686042
-0.00686042
-0.00686042
-0.00686042
-0.00686042
-0.00686042
-0.00686042
-0.00686042
-0.00686042
-0.00686042
-0.00686042
-0.00686042
-0.00686042
-0.00686042
-0.00686042
-0.00686042
-0.0068588
-0.0068588
-0.0068588
-0.0068588
-0.0068588
-0.0068588
-0.0068588
-0.0068588
-0.0068588
-0.0068588
-0.0068588
-0.0068588
-0.0068588
-0.0068588
-0.0068588
-0.0068588
-0.0068588
-0.0068588
-0.0068588
-0.00685958
-0.00685958
-0.00685958
-0.00685958
-0.00685958
-0.00685958
-0.00685958
-0.00685958
-0.00685958
-0.00685958
-0.00685958
-0.00685958
-0.00685958
-0.00685958
-0.00685958
-0.00685958
-0.00685958
-0.00685987
-0.00685987
-0.00685987
-0.00685987
-0.00685987
-0.00685987
-0.00685987
-0.00685987
-0.00685987
-0.00685987
-0.00685987
-0.00685987
-0.00685987
-0.00685987
-0.00685987
-0.00685987
-0.00685987
-0.00685966
-0.00685966
-0.00685966
-0.00685966
-0.00685966
-0.00685966
-0.00685966
-0.00685966
-0.00685966
-0.00685966
-0.00685966
-0.00685966
-0.00685966
-0.00685966
-0.00685966
-0.00685966
-0.00685961
-0.00685961
-0.00685961
-0.00685961
-0.00685961
-0.00685961
-0.00685961
-0.00685961
-0.00685961
-0.00685961
-0.00685961
-0.00685961
-0.00685961
-0.00685961
-0.00685961
-0.00685987
-0.00685987
-0.00685987
-0.00685987
-0.00685987
-0.00685987
-0.00685987
-0.00685987
-0.00685987
-0.00685987
-0.00685987
-0.00685987
-0.00685987
-0.00685987
-0.00685987
-0.00685987
-0.00685987
-0.00685954
-0.00685954
-0.00685954
-0.00685954
-0.00685954
-0.00685954
-0.00685954
-0.00685954
-0.00685954
-0.00685954
-0.00685954
-0.00685954
-0.00685954
-0.00685954
-0.00685954
-0.00685954
-0.00685954
-0.00685954
-0.00685943
-0.00685943
-0.00685943
-0.00685943
-0.00685943
-0.00685943
-0.00685943
-0.00685943
-0.00685943
-0.00685943
-0.00685943
-0.00685943
-0.00685943
-0.00685943
-0.00685943
-0.00685943
-0.00685943
-0.00685943
0.0027993
0.0027993
0.0027993
0.0027993
0.0027993
0.0027993
0.0027993
0.0027993
0.0027993
0.0027993
0.0027993
0.0027993
0.0027993
0.0027993
0.0027993
0.0027993
0.0027993
0.0027993
0.00280043
0.00280043
0.00280043
0.00280043
0.00280043
0.00280043
0.00280043
0.00280043
0.00280043
0.00280043
0.00280043
0.00280043
0.00280043
0.00280043
0.00280043
0.00280043
0.00280043
0.00280043
0.00280043
0.00280041
0.00280041
0.00280041
0.00280041
0.00280041
0.00280041
0.00280041
0.00280041
0.00280041
0.00280041
0.00280041
0.00280041
0.00280041
0.00280041
0.00280041
0.00280041
0.00280041
0.00280041
0.00280041
0.00280041
0.00280031
0.00280031
0.00280031
0.00280031
0.00280031
0.00280031
0.00280031
0.00280031
0.00280031
0.00280031
0.00280031
0.00280031
0.00280031
0.00280031
0.00280031
0.00280031
0.00280031
0.00279989
0.00279989
0.00279989
0.00279989
0.00279989
0.00279989
0.00279989
0.00279989
0.00279989
0.00279989
0.00279989
0.00279989
0.00279989
0.00279989
0.00279989
0.00279989
0.00279989
0.00279989
-0.00605813
-0.00605813
-0.00605813
-0.00605813
-0.00605813
-0.00605813
-0.00605813
-0.00605813
-0.00605813
-0.00605813
-0.00605813
-0.00605813
-0.00605813
-0.00605813
-0.00605813
-0.00605813
-0.00605813
-0.00605813
-0.00605813
-0.00605813
-0.00605813
-0.00605878
-0.00605878
-0.00605878
-0.00605878
-0.00605878
-0.00605878
-0.00605878
-0.00605878
-0.00605878
-0.00605878
-0.00605878
-0.00605878
-0.00605878
-0.00605878
-0.00605878
-0.00605878
-0.00605826
-0.00605826
-0.00605826
-0.00605826
-0.00605826
-0.00605826
-0.00605826
-0.00605826
-0.00605826
-0.00605826
-0.00605826
-0.00605826
-0.00605826
-0.00605826
-0.00605826
-0.00605826
-0.00605826
-0.00605826
-0.0060565
-0.0060565
-0.0060565
-0.0060565
-0.0060565
-0.0060565
-0.0060565
-0.0060565
-0.0060565
-0.0060565
-0.0060565
-0.0060565
-0.0060565
-0.0060565
-0.0060565
-0.0060565
-0.0060565
-0.0103331
-0.0103331
-0.0103331
-0.0103331
-0.0103331
-0.0103331
-0.0103331
-0.0103331
-0.0103331
-0.0103331
-0.0103331
-0.0103331
-0.0103331
-0.0103331
-0.0103331
-0.0103331
-0.0103318
-0.0103318
-0.0103318
-0.0103318
-0.0103318
-0.0103318
-0.0103318
-0.0103318
-0.0103318
-0.0103318
-0.0103318
-0.0103318
-0.0103318
-0.0103318
-0.0103318
-0.0103318
-0.0103318
-0.0103318
-0.0103318
-0.0103318
-0.0103318
-0.0103318
-0.0103318
-0.0103318
-0.0103318
-0.0103318
-0.0103318
-0.0103318
-0.0103318
-0.0103318
-0.0103318
-0.0103311
-0.0103311
-0.0103311
-0.0103311
-0.0103311
-0.0103311
-0.0103311
-0.0103311
-0.0103311
-0.0103311
-0.0103311
-0.0103311
-0.0103311
-0.0103311
-0.0103311
-0.0103311
-0.0103311
-0.0103311
0.00603528
0.00603528
0.00603528
0.00603528
0.00603528
0.00603528
0.00603528
0.00603528
0.00603528
0.00603528
0.00603528
0.00603528
0.00603528
0.00603528
0.00603528
0.00603528
0.00603528
0.00603528
0.00603528
0.00603436
0.00603436
0.00603436
0.00603436
0.00603436
0.00603436
0.00603436
0.00603436
0.00603436
0.00603436
0.00603436
0.00603436
0.00603436
0.00603436
0.00603436
0.00603436
0.00603532
0.00603532
0.00603532
0.00603532
0.00603532
0.00603532
