-2.48914e+19
-2.48914e+19
-2.48914e+19
-2.48914e+19
-2.48914e+19
-2.48914e+19
-2.48914e+19
-2.48914e+19
-2.48914e+19
-2.48914e+19
-2.48914e+19
-2.48914e+19
-2.48914e+19
-2.48914e+19
-2.48914e+19
-2.48914e+19
-2.48914e+19
-2.48914e+19
-2.48914e+19
-2.48914e+19
-2.48914e+19
-2.48914e+19
-2.48914e+19
-2.48914e+19
-2.48914e+19
-2.48914e+19
-2.48914e+19
-2.48914e+19
-2.48914e+19
-2.48914e+19
-2.48914e+19
-2.48914e+19
-2.48914e+19
-2.48914e+19
-2.48914e+19
-2.48914e+19
-2.48914e+19
-2.48914e+19
-2.48914e+19
-2.48914e+19
-2.48914e+19
-2.48914e+19
-2.48914e+19
-2.48914e+19
-2.48914e+19
-2.48914e+19
-2.48914e+19
-2.48914e+19
-2.48914e+19
-2.48914e+19
-2.48914e+19
-2.48914e+19
-2.48914e+19
-2.48914e+19
-2.48914e+19
-2.48914e+19
-2.48914e+19
-2.48914e+19
-2.48914e+19
-2.48914e+19
-2.48914e+19
-2.48914e+19
-2.48914e+19
-2.48914e+19
-2.48914e+19
-2.48914e+19
-2.48914e+19
-2.48914e+19
-2.48914e+19
-2.48914e+19
-2.48914e+19
-2.48914e+19
-2.48914e+19
-2.48914e+19
-2.48914e+19
-2.48914e+19
-2.48914e+19
-2.48914e+19
-2.48914e+19
-2.48914e+19
-2.48914e+19
-2.48914e+19
-2.48914e+19
-2.48914e+19
-2.48914e+19
-2.48914e+19
-2.48914e+19
-2.48914e+19
-2.48914e+19
-2.48914e+19
-2.48914e+19
-2.48914e+19
-2.48914e+19
-2.48914e+19
-2.48914e+19
-2.48914e+19
-2.48914e+19
-2.48914e+19
-2.48914e+19
-2.48914e+19
-2.48914e+19
-2.48914e+19
-2.48914e+19
-2.48914e+19
-2.48914e+19
-2.48914e+19
-2.48914e+19
-2.48914e+19
-2.48914e+19
-2.48914e+19
-2.48914e+19
-2.48914e+19
-2.48914e+19
-2.48914e+19
-2.48914e+19
-2.48914e+19
-2.48914e+19
-2.48914e+19
-2.48914e+19
-2.48914e+19
-2.48914e+19
-2.48914e+19
-2.48914e+19
-2.48914e+19
-2.48914e+19
-2.48914e+19
-2.48914e+19
-2.48914e+19
-2.48914e+19
-2.48914e+19
-2.48914e+19
-2.48914e+19
-2.48914e+19
-2.48914e+19
-2.48914e+19
-2.48914e+19
-2.48914e+19
-2.48914e+19
-2.48914e+19
-2.48914e+19
-2.48914e+19
-2.48914e+19
-2.48914e+19
-2.48914e+19
-2.48914e+19
-2.48914e+19
-2.48914e+19
-2.48914e+19
-2.48914e+19
-2.48914e+19
-2.48914e+19
-2.48914e+19
-2.48914e+19
-2.48914e+19
-2.48914e+19
-2.48914e+19
-2.48914e+19
-2.48914e+19
-2.48914e+19
-2.48914e+19
-2.48914e+19
-2.48914e+19
-2.48914e+19
-2.48914e+19
-2.48914e+19
-2.48914e+19
-2.48914e+19
-2.48914e+19
-2.48914e+19
-2.48914e+19
-2.48914e+19
-2.48914e+19
-2.48914e+19
-2.48914e+19
-2.48914e+19
-2.48914e+19
-2.48914e+19
-2.48914e+19
-2.48914e+19
-2.48914e+19
-2.48914e+19
-2.48914e+19
-2.48914e+19
-2.48914e+19
-2.48914e+19
-2.48914e+19
-2.48914e+19
-2.48914e+19
-2.48914e+19
-2.48914e+19
-2.48914e+19
-2.48914e+19
-2.48914e+19
-2.48914e+19
-2.48914e+19
-2.48914e+19
-2.48914e+19
-2.48914e+19
-2.48914e+19
-2.48914e+19
-2.48914e+19
-2.48914e+19
-2.48914e+19
-2.48914e+19
-2.48914e+19
-2.48914e+19
-2.48914e+19
-2.48914e+19
-2.48914e+19
-2.48914e+19
-2.48914e+19
-2.48914e+19
-2.48914e+19
-2.48914e+19
-2.48914e+19
-2.48914e+19
-2.48914e+19
-2.48914e+19
0.224081
0.224081
0.224081
0.224081
0.224081
0.224081
0.224081
0.224081
0.224081
0.224081
0.224081
0.224081
0.224081
0.224081
0.224081
0.224081
0.224081
0.224081
0.224081
0.224081
0.224081
0.224081
0.224081
0.224081
0.224081
0.224081
0.224081
0.224081
0.224081
0.224081
0.224081
0.224081
0.224081
0.224081
0.224081
0.224081
0.224081
0.224081
0.224081
0.224081
0.224081
0.224081
0.224081
0.224081
0.224081
0.224081
0.224081
0.224081
0.224081
0.224081
0.224081
0.224081
0.224081
0.224081
0.224081
0.224081
0.224081
0.224081
0.224081
0.224081
0.224081
0.224081
0.224081
0.224081
0.224081
0.224081
0.224081
0.224081
0.224081
0.224081
0.224081
0.224081
0.224081
0.224081
0.224081
0.224081
0.224081
0.224081
0.224081
0.224081
0.224081
0.224081
0.224081
0.224081
0.224081
0.224081
0.224081
0.224081
0.224081
0.224081
0.224081
0.224081
0.224081
0.224081
0.224081
0.224081
0.224081
0.224081
0.224081
0.224081
0.224081
0.224081
0.224081
0.224081
0.224081
0.224081
0.224081
0.224081
0.224081
0.224081
0.224081
0.224081
0.224081
0.224081
0.224081
0.224081
0.224081
0.224081
0.224081
0.224081
0.224081
0.224081
0.224081
0.224081
0.224081
0.224081
0.224081
0.224081
0.224081
0.224081
0.224081
0.224081
0.224081
0.224081
0.224081
0.224081
0.224081
0.224081
0.224081
0.224081
0.224081
0.224081
0.224081
0.224081
0.224081
0.224081
0.224081
0.224081
0.224081
0.224081
0.224081
0.224081
0.224081
0.224081
0.224081
0.224081
0.224081
0.224081
0.224081
0.224081
0.224081
0.224081
0.224081
0.224081
0.224081
0.224081
0.224081
0.224081
0.224081
0.224081
0.224081
0.224081
0.224081
0.224081
0.224081
0.224081
0.224081
0.224081
0.224081
0.224081
0.224081
0.224081
0.224081
0.224081
0.224081
0.224081
0.224081
0.224081
0.224081
0.224081
0.224081
0.224081
0.224081
0.224081
0.224081
0.224081
0.224081
0.224081
0.224081
0.224081
0.224081
0.224081
0.224081
0.224081
0.224081
0.224081
0.224081
0.224081
0.224081
0.224081
0.224081
0.0171309
0.00751358
0.00586889
0.00351725
-0.00112492
-0.000122815
0.0020057
0.00337736
0.00362299
0.00403836
0.00465808
0.00546321
0.00646108
0.00717774
0.00828059
0.00908942
0.00919472
0.00942753
0.00951682
0.00935773
0.00910391
0.00879418
0.00846308
0.00812519
0.00780622
0.00741391
0.00707018
0.00678338
0.00636226
0.00597663
0.00560555
0.00523661
0.00488154
0.00452456
0.00417435
0.00382267
0.00340117
0.00310038
0.00282536
0.00252423
0.00222084
0.00193471
0.00166825
0.0013879
0.00113297
0.000858754
0.000594974
0.000333816
6.36876e-05
-0.000196904
-0.000456244
-0.00069961
-0.000964314
-0.00120613
-0.0014694
-0.00171355
-0.00197909
-0.0022198
-0.00248296
-0.00272158
-0.00297991
-0.00323073
-0.00347032
-0.00371693
-0.00397398
-0.00423309
-0.00447053
-0.00472823
-0.00496353
-0.00519522
-0.00544518
-0.00568664
-0.00592719
-0.00616704
-0.00640705
-0.00664619
-0.00688382
-0.00711903
-0.00735344
-0.00757736
-0.00783108
-0.00806528
-0.00828762
-0.00851842
-0.00874697
-0.00899533
-0.00920772
-0.00945504
-0.00970478
-0.00990885
-0.0101255
-0.0103563
-0.0105707
-0.0108011
-0.0110149
-0.0112446
-0.0114669
-0.0116865
-0.0118964
-0.0121306
-0.0123516
-0.0125633
-0.0127723
-0.0129936
-0.013216
-0.0134399
-0.013649
-0.0138551
-0.0140743
-0.0142787
-0.0144945
-0.014705
-0.0149152
-0.0151467
-0.0153244
-0.0155366
-0.0157403
-0.0159509
-0.016155
-0.0163643
-0.0166485
-0.0168447
-0.0170525
-0.0173439
-0.0175488
-0.0177707
-0.0179902
-0.0182204
-0.0184286
-0.0186426
-0.0188599
-0.0190661
-0.0192812
-0.0194855
-0.0196932
-0.0199092
-0.0201099
-0.0203072
-0.0205104
-0.020763
-0.0210655
-0.0213591
-0.0216535
-0.0219696
-0.0222509
-0.0225389
-0.0228187
-0.0231033
-0.0233773
-0.02365
-0.0239204
-0.0241886
-0.0244539
-0.0247171
-0.0249781
-0.0252405
-0.0254936
-0.0257515
-0.0259987
-0.0262538
-0.0265134
-0.026749
-0.0269887
-0.0272324
-0.0274794
-0.027716
-0.0279567
-0.028193
-0.0284238
-0.0286556
-0.0288851
-0.0291116
-0.0293365
-0.02956
-0.0297822
-0.0300031
-0.0302198
-0.0304363
-0.0306544
-0.03087
-0.0310841
-0.0312991
-0.031508
-0.0317184
-0.0319276
-0.0321374
-0.0323431
-0.0325484
-0.0327453
-0.0329474
-0.0331463
-0.0333441
-0.0335407
-0.0337361
-0.0339304
-0.0341239
-0.0343161
-0.0345073
-0.0346994
-0.0348893
-0.035078
-0.0352657
-0.0354608
-0.0356386
-0.0358244
-0.0360098
-0.0361911
-0.0363746
-0.0365521
-0.0367301
-0.0369072
-0.0370855
-0.037258
-0.0374315
-0.0376061
-0.0377769
-0.0379485
-0.038118
-0.0382863
-0.0384539
-0.0386235
-0.0387876
-0.0389525
-0.0391166
-0.0392795
-0.0394421
-0.0396035
-0.0397642
-0.0399249
-0.0400827
-0.0402419
-0.0404
-0.0405572
-0.0407118
-0.0408679
-0.041066
-0.0412833
-0.0415004
-0.0417273
-0.0419443
-0.0421613
-0.0423754
-0.0425879
-0.0427992
-0.0430091
-0.0432153
-0.0434211
-0.0436257
-0.0438271
-0.0440275
-0.0442261
-0.044423
-0.0446183
-0.0448107
-0.0450029
-0.0451939
-0.045383
-0.0455709
-0.0457628
-0.0459477
-0.0461338
-0.0463166
-0.0464987
-0.0466791
-0.0468584
-0.0470366
-0.0472138
-0.0473898
-0.0475631
-0.0477363
-0.0479076
-0.048078
-0.0482476
-0.0484161
-0.0485839
-0.0487517
-0.0489175
-0.0490821
-0.0492462
-0.0494091
-0.0495726
-0.0497336
-0.0498942
-0.0500519
-0.0502088
-0.0503642
-0.050519
-0.0506734
-0.0508269
-0.050979
-0.051131
-0.0512828
-0.0514387
-0.0515984
-0.0517784
-0.0519494
-0.0519689
-0.0521411
-0.05234
-0.0525202
-0.0527279
-0.0529101
-0.0530892
-0.0532682
-0.0534456
-0.0536218
-0.053794
-0.0539639
-0.0541318
-0.0542995
-0.0544627
-0.0546331
-0.054794
-0.0549502
-0.0551088
-0.0552654
-0.0554199
-0.0555742
-0.0557265
-0.0558762
-0.0560258
-0.0561748
-0.0563207
-0.0564668
-0.0566108
-0.0567542
-0.0568961
-0.057036
-0.0571761
-0.0573149
-0.0574532
-0.0575895
-0.0577247
-0.0578603
-0.0579932
-0.0581259
-0.0582589
-0.0583886
-0.058516
-0.0586424
-0.0587682
-0.0588933
-0.0590176
-0.0591411
-0.0592638
-0.0593857
-0.0595068
-0.0596265
-0.0597451
-0.0598634
-0.0599812
-0.0600987
-0.0602155
-0.0603314
-0.0604467
-0.060585
-0.0607459
-0.0609055
-0.0610639
-0.0612214
-0.0613777
-0.0615328
-0.0616867
-0.0618398
-0.0619917
-0.0621418
-0.0622911
-0.0624395
-0.0625867
-0.0627325
-0.0628772
-0.0630213
-0.0631647
-0.0633065
-0.0634469
-0.0635867
-0.0637255
-0.0638634
-0.0640004
-0.0641369
-0.0642729
-0.0644081
-0.0645421
-0.0646751
-0.0648076
-0.0649394
-0.0650704
-0.0652013
-0.0653318
-0.0654609
-0.0655891
-0.0657165
-0.0658436
-0.0659703
-0.066096
-0.0662207
-0.0663448
-0.0664683
-0.0665914
-0.066714
-0.066836
-0.066957
-0.0670771
-0.0671967
-0.0673156
-0.0674341
-0.0675522
-0.0676693
-0.0677861
-0.0679022
-0.0680176
-0.0681328
-0.0682475
-0.0683617
-0.0684752
-0.0685877
-0.0687
-0.0688117
-0.0689227
-0.0690332
-0.0691434
-0.069253
-0.0693618
-0.0694704
-0.0695785
-0.0696858
-0.0697927
-0.069899
-0.0700051
-0.070111
-0.0702159
-0.0703201
-0.070424
-0.0705275
-0.0706305
-0.0707333
-0.0708356
-0.0709374
-0.0710389
-0.0711399
-0.0712405
-0.0713406
-0.0714404
-0.0715398
-0.0716385
-0.0717369
-0.0718353
-0.0719331
-0.07203
-0.0721264
-0.0722225
-0.0723181
-0.0724135
-0.0725085
-0.0726031
-0.0726975
-0.0727912
-0.0728843
-0.0729772
-0.0730698
-0.0731617
-0.0732533
-0.0733445
-0.0734354
-0.0735262
-0.0736164
-0.0737064
-0.073796
-0.073885
-0.0739736
-0.0740621
-0.0741502
-0.074238
-0.0743255
-0.0744127
-0.0744995
-0.0745862
-0.0746724
-0.0747582
-0.0748434
-0.0749283
-0.0750128
-0.0750971
-0.0751809
-0.07526
-0.0753344
-0.0754084
-0.0754823
-0.0755563
-0.0756302
-0.0757035
-0.0757766
-0.0758494
-0.0759221
-0.0759945
-0.0760666
-0.0761385
-0.07621
-0.0762814
-0.0763525
-0.0764235
-0.0764945
-0.0765652
-0.0766356
-0.0767059
-0.0767759
-0.0768459
-0.0769159
-0.0769854
-0.0770546
-0.0771238
-0.0771927
-0.0772613
-0.0773298
-0.0773981
-0.0774661
-0.0775338
-0.0776013
-0.0776687
-0.0777358
-0.0778026
-0.0778691
-0.0779355
-0.0780016
-0.0780677
-0.0781336
-0.0781993
-0.0782648
-0.0783301
-0.0783955
-0.0784607
-0.0785254
-0.0785899
-0.0786542
-0.0787184
-0.0787825
-0.0788463
-0.0789098
-0.0789731
-0.0790364
-0.0790994
-0.0791626
-0.0792255
-0.079288
-0.0793503
-0.0794123
-0.0794742
-0.0795363
-0.079598
-0.0796592
-0.0797203
-0.0797813
-0.0798422
-0.0799029
-0.0799634
-0.0800238
-0.0800839
-0.0801436
-0.0802033
-0.080263
-0.0803226
-0.0803819
-0.0804411
-0.0805001
-0.0805591
-0.0806179
-0.0806764
-0.0807346
-0.0807928
-0.0808508
-0.0809086
-0.0809665
-0.0810242
-0.0810818
-0.0811392
-0.0811964
-0.0812534
-0.0813102
-0.0813669
-0.0814236
-0.0814802
-0.0815363
-0.0815922
-0.081648
-0.0817037
-0.0817591
-0.0818144
-0.0818695
-0.0819245
-0.0819796
-0.0820346
-0.0820895
-0.0821441
-0.0821987
-0.0822531
-0.0823079
-0.0823626
-0.0824171
-0.0824697
-0.0825247
-0.0825789
-0.0826318
-0.0826862
-0.0827394
-0.0827914
-0.082846
-0.0828998
-0.0829534
-0.0830072
-0.0830607
-0.0831162
-0.0831713
-0.083226
-0.0832799
-0.0833333
-0.0833877
-0.0834417
-0.0834964
-0.0835506
-0.0836041
-0.0836571
-0.0837084
-0.0837579
-0.0838091
-0.0838593
-0.0839088
-0.0839603
-0.0840119
-0.0840632
-0.0841143
-0.0841653
-0.0842159
-0.0842664
-0.0843166
-0.0843668
-0.0844167
-0.0844666
-0.0845164
-0.0845656
-0.0846149
-0.084664
-0.084713
-0.0847619
-0.0848106
-0.0848592
-0.0849076
-0.0849557
-0.0850045
-0.0850535
-0.0851021
-0.0851505
-0.0851988
-0.0852466
-0.0852943
-0.0853394
-0.0853849
-0.0854303
-0.0854757
-0.0855232
-0.0855701
-0.0856168
-0.0856635
-0.0857101
-0.0857564
-0.0858025
-0.0858488
-0.0858947
-0.0859405
-0.0859861
-0.0860315
-0.0860768
-0.0861219
-0.0861669
-0.0862117
-0.0862564
-0.0863009
-0.086345
-0.0863891
-0.0864331
-0.0864766
-0.0865193
-0.0865599
-0.0866022
-0.0866438
-0.0866868
-0.0867299
-0.0867729
-0.0868158
-0.0868585
-0.0869012
-0.0869436
-0.0869859
-0.0870281
-0.0870702
-0.0871125
-0.0871544
-0.0871961
-0.0872377
-0.0872777
-0.0873176
-0.087357
-0.0873959
-0.087437
-0.0874779
-0.0875187
-0.0875594
-0.0876
-0.0876405
-0.0876808
-0.087721
-0.0877613
-0.0878015
-0.0878416
-0.0878813
-0.087924
-0.0879682
-0.0880108
-0.0880543
-0.0880971
-0.0881419
-0.0881866
-0.0882311
-0.0882756
-0.0883198
-0.088364
-0.088408
-0.0884518
-0.0884955
-0.0885391
-0.0885826
-0.088626
-0.0886692
-0.0887123
-0.0887553
-0.0887982
-0.0888411
-0.0888828
-0.0889254
-0.0889654
-0.0890065
-0.0890471
-0.0890891
-0.089131
-0.0891728
-0.0892145
-0.0892559
-0.0892974
-0.0893386
-0.0893798
-0.0894208
-0.0894617
-0.0895025
-0.0895432
-0.0895837
-0.0896222
-0.0896624
-0.0897024
-0.0897424
-0.0897806
-0.0898204
-0.0898601
-0.0898996
-0.0899391
-0.0899775
-0.0900145
-0.0900515
-0.0900888
-0.0901278
-0.0901665
-0.0902052
-0.0902439
-0.0902824
-0.0903208
-0.0903592
-0.0903974
-0.0904356
-0.0904736
-0.0905114
-0.0905492
-0.0905854
-0.090623
-0.0906605
-0.090698
-0.0907352
-0.0907724
-0.0908087
-0.0908435
-0.0908787
-0.0909155
-0.0909521
-0.0909887
-0.0910251
-0.0910615
-0.0910977
-0.0911339
-0.0911699
-0.0912059
-0.0912418
-0.0912766
-0.0913123
-0.0913464
-0.0913817
-0.091416
-0.0914513
-0.0914864
-0.0915215
-0.0915566
-0.0915915
-0.0916244
-0.0916592
-0.0916924
-0.091727
-0.0917614
-0.0917959
-0.0918302
-0.0918645
-0.0918986
-0.0919328
-0.0919669
-0.0920008
-0.0920347
-0.092067
-0.092099
-0.0921308
-0.0921617
-0.092193
-0.0922263
-0.0922595
-0.0922928
-0.0923258
-0.0923588
-0.0923916
-0.0924244
-0.0924571
-0.0924898
-0.0925224
-0.0925548
-0.0925871
-0.0926194
-0.0926517
-0.0926838
-0.0927159
-0.0927478
-0.0927796
-0.0928101
-0.0928414
-0.0928726
-0.0929043
-0.0929358
-0.0929673
-0.0929987
-0.0930301
-0.0930608
-0.0930901
-0.0931168
-0.0931474
-0.0931765
-0.0932074
-0.0932383
-0.0932691
-0.0932997
-0.0933303
-0.0933693
-0.0934001
-0.0936897
-0.0937436
-0.0941767
-0.0942204
-0.0941026
-0.0941195
-0.093824
-0.0938336
-0.0923565
-0.0925614
-0.0925911
-0.0942357
-0.094261
-0.0933874
-0.0934173
-0.0931373
-0.0931934
-0.0936083
-0.0936791
-0.0939518
-0.0939955
-0.0940851
-0.0941223
-0.0942129
-0.0942473
-0.094278
-0.0943769
-0.0944109
-0.0944901
-0.0945256
-0.0946545
-0.0946991
-0.0951749
-0.0952495
-0.0953388
-0.0937362
-0.0937505
-0.0941875
-0.0942622
-0.0943758
-0.0944056
-0.0942288
-0.0942544
-0.0947796
-0.094841
-0.0948709
-0.0949006
-0.0949908
-0.0937629
-0.0938007
-0.0942559
-0.094307
-0.0942437
-0.094273
-0.0938778
-0.0939208
-0.0941608
-0.0942122
-0.0943035
-0.0944092
-0.0944608
-0.0944971
-0.0945684
-0.0946587
-0.094694
-0.0948091
-0.0948447
-0.0949083
-0.0949504
-0.0950253
-0.0951454
-0.0951797
-0.0952073
-0.095282
-0.0953149
-0.0953855
-0.0954231
-0.0954756
-0.0955219
-0.0955725
-0.0956374
-0.0956726
-0.095724
-0.0957655
-0.0958101
-0.0958575
-0.0959074
-0.0959523
-0.0959845
-0.0960226
-0.0960683
-0.096102
-0.0961396
-0.0961773
-0.0962222
-0.0962524
-0.0962879
-0.096322
-0.0963561
-0.0963902
-0.0964241
-0.0964594
-0.0964911
-0.0965227
-0.0965537
-0.0965829
-0.0966133
-0.0966434
-0.0966748
-0.0967031
-0.096731
-0.0967608
-0.0967865
-0.0968184
-0.0968548
-0.09689
-0.0969254
-0.0969607
-0.096995
-0.0970275
-0.0970594
-0.0970911
-0.0971228
-0.0971543
-0.0971857
-0.097217
-0.0972484
-0.0972795
-0.0973104
-0.0973413
-0.097372
-0.0974027
-0.0974332
-0.0974637
-0.097494
-0.0975243
-0.0975545
-0.0975845
-0.0976136
-0.0976423
-0.0976695
-0.0976966
-0.0977248
-0.0977522
-0.097779
-0.0978049
-0.097831
-0.0978567
-0.0978831
-0.0979093
-0.0979354
-0.0979589
-0.0979851
-0.0980111
-0.0980362
-0.0980615
-0.098086
-0.0981116
-0.0981359
-0.0981614
-0.0981853
-0.0982102
-0.0982348
-0.0982594
-0.0982841
-0.0983085
-0.0983331
-0.0983574
-0.0983804
-0.098406
-0.0984263
-0.0984531
-0.0984785
-0.0985024
-0.0985257
-0.0985502
-0.0985741
-0.0985969
-0.0986207
-0.0986442
-0.0986593
-0.0986851
-0.0987093
-0.0987332
-0.0987579
-0.0987819
-0.0988068
-0.0988311
-0.0988554
-0.0988796
-0.0989038
-0.0989278
-0.0989518
-0.098976
-0.0989998
-0.0990232
-0.0990475
-0.0990707
-0.0990948
-0.0991179
-0.0991419
-0.0991648
-0.0991886
-0.0992115
-0.0992331
-0.099258
-0.0992816
-0.0993042
-0.0993272
-0.0993501
-0.0993732
-0.0993955
-0.0994183
-0.0994411
-0.0994642
-0.0994864
-0.0995089
-0.099531
-0.0995544
-0.0995737
-0.0995983
-0.0996206
-0.0996436
-0.0996662
-0.0996879
-0.0997104
-0.0997328
-0.0997543
-0.0997764
-0.0998006
-0.0998247
-0.0998487
-0.0998726
-0.0998964
-0.09992
-0.099943
-0.0999662
-0.0999872
-0.100009
-0.100031
-0.100052
-0.100075
-0.100099
-0.100122
-0.100145
-0.100168
-0.10019
-0.100211
-0.100231
-0.100252
-0.100273
-0.100295
-0.100318
-0.100341
-0.100364
-0.100386
-0.100409
-0.100429
-0.100449
-0.10047
-0.100492
-0.100515
-0.100537
-0.100559
-0.100581
-0.100603
-0.100626
-0.100648
-0.100669
-0.100685
-0.100706
-0.100728
-0.100747
-0.100769
-0.10079
-0.100811
-0.100833
-0.100854
-0.100876
-0.100897
-0.100919
-0.10094
-0.100961
-0.10098
-0.101001
-0.10102
-0.10104
-0.101061
-0.101082
-0.101103
-0.101124
-0.101145
-0.101166
-0.101184
-0.101203
-0.101221
-0.101241
-0.101262
-0.101283
-0.101303
-0.101324
-0.101344
-0.101365
-0.101385
-0.101406
-0.101426
-0.101445
-0.101463
-0.101481
-0.101499
-0.101519
-0.101539
-0.101559
-0.101579
-0.101599
-0.101619
-0.101639
-0.101659
-0.101679
-0.101699
-0.101719
-0.101738
-0.101756
-0.101773
-0.101792
-0.10181
-0.10183
-0.101849
-0.101869
-0.101888
-0.101908
-0.101927
-0.101946
-0.101965
-0.101984
-0.102003
-0.10202
-0.102039
-0.102058
-0.102077
-0.102095
-0.102114
-0.102133
-0.102151
-0.102168
-0.102186
-0.102203
-0.102219
-0.102236
-0.102252
-0.102267
-0.102282
-0.102297
-0.102312
-0.102329
-0.102345
-0.102361
-0.102377
-0.102394
-0.10241
-0.102426
-0.102442
-0.102457
-0.102474
-0.102488
-0.102503
-0.102517
-0.102533
-0.102549
-0.102565
-0.102581
-0.102597
-0.102613
-0.102628
-0.102644
-0.10266
-0.102675
-0.10269
-0.102706
-0.10272
-0.102735
-0.102749
-0.102765
-0.10278
-0.102796
-0.102811
-0.102826
-0.102841
-0.102856
-0.102871
-0.102887
-0.102902
-0.102917
-0.102932
-0.102946
-0.102961
-0.102976
-0.102992
-0.103007
-0.103022
-0.103036
-0.103049
-0.103063
-0.103078
-0.103093
-0.103108
-0.103122
-0.103137
-0.103151
-0.103166
-0.103181
-0.103196
-0.103211
-0.103225
-0.10324
-0.103255
-0.103269
-0.103283
-0.103296
-0.103309
-0.103321
-0.103335
-0.103349
-0.103363
-0.103378
-0.103392
-0.103407
-0.103421
-0.103436
-0.10345
-0.103464
-0.103479
-0.103493
-0.103507
-0.103522
-0.103536
-0.10355
-0.103564
-0.103577
-0.103589
-0.103603
-0.103617
-0.103631
-0.103645
-0.103659
-0.103673
-0.103687
-0.103701
-0.103715
-0.103729
-0.103742
-0.103754
-0.103766
-0.103779
-0.103792
-0.103805
-0.103819
-0.103833
-0.103846
-0.10386
-0.103874
-0.103887
-0.103901
-0.103914
-0.103928
-0.103942
-0.103955
-0.103969
-0.103982
-0.103995
-0.104007
-0.104017
-0.10403
-0.104043
-0.104057
-0.10407
-0.104083
-0.104096
-0.10411
-0.104122
-0.104133
-0.104144
-0.104155
-0.104168
-0.104181
-0.104194
-0.104208
-0.104221
-0.104234
-0.104246
-0.104259
-0.104271
-0.104284
-0.104297
-0.104309
-0.104322
-0.104334
-0.104346
-0.104359
-0.104371
-0.104383
-0.104396
-0.104408
-0.10442
-0.104431
-0.104443
-0.104454
-0.104466
-0.104478
-0.10449
-0.104502
-0.104514
-0.104527
-0.104539
-0.104551
-0.104563
-0.104575
-0.104587
-0.104599
-0.104611
-0.104622
-0.104632
-0.104641
-0.104653
-0.104665
-0.104677
-0.104688
-0.1047
-0.104712
-0.104724
-0.104736
-0.104747
-0.104759
-0.104771
-0.104783
-0.104794
-0.104806
-0.104818
-0.104828
-0.104838
-0.104848
-0.104859
-0.104871
-0.104882
-0.104894
-0.104905
-0.104916
-0.104926
-0.104937
-0.104948
-0.104959
-0.104971
-0.104982
-0.104994
-0.105005
-0.105016
-0.105028
-0.105039
-0.10505
-0.105061
-0.105071
-0.105082
-0.105093
-0.105103
-0.105114
-0.105124
-0.105135
-0.105146
-0.105157
-0.105168
-0.105179
-0.10519
-0.105201
-0.105211
-0.10522
-0.10523
-0.105241
-0.10525
-0.105261
-0.105271
-0.105282
-0.105293
-0.105303
-0.105314
-0.105325
-0.105336
-0.105346
-0.105357
-0.105368
-0.105378
-0.105389
-0.105399
-0.105409
-0.105419
-0.105428
-0.105439
-0.105448
-0.105458
-0.105467
-0.105477
-0.105486
-0.105496
-0.105505
-0.105515
-0.105525
-0.105533
-0.105543
-0.105551
-0.105559
-0.105566
-0.105576
-0.105585
-0.105594
-0.105604
-0.105613
-0.105623
-0.105632
-0.105641
-0.105651
-0.10566
-0.10567
-0.105679
-0.105688
-0.105697
-0.105706
-0.105715
-0.105724
-0.105733
-0.10574
-0.105748
-0.105756
-0.105765
-0.105774
-0.105783
-0.105793
-0.105802
-0.105811
-0.10582
-0.105829
-0.105838
-0.105848
-0.105857
-0.105865
-0.105874
-0.105883
-0.105892
-0.105901
-0.10591
-0.105919
-0.105926
-0.105934
-0.105943
-0.105952
-0.105961
-0.10597
-0.105979
-0.105987
-0.105994
-0.106001
-0.106008
-0.106017
-0.106026
-0.106035
-0.106044
-0.106052
-0.106061
-0.10607
-0.106079
-0.106087
-0.106096
-0.106105
-0.106113
-0.106122
-0.106131
-0.106139
-0.106147
-0.106155
-0.106163
-0.10617
-0.106179
-0.106186
-0.106195
-0.106203
-0.106212
-0.10622
-0.106229
-0.106237
-0.106246
-0.106253
-0.106261
-0.106267
-0.106276
-0.106284
-0.106293
-0.106301
-0.10631
-0.106318
-0.106326
-0.106335
-0.106343
-0.106351
-0.10636
-0.106368
-0.106375
-0.106382
-0.106389
-0.106395
-0.106403
-0.106411
-0.10642
-0.106428
-0.106436
-0.106444
-0.106452
-0.106461
-0.106469
-0.106477
-0.106485
-0.106493
-0.106501
-0.106509
-0.106517
-0.106525
-0.10653
-0.106536
-0.106543
-0.106551
-0.106559
-0.106567
-0.106575
-0.106583
-0.106591
-0.106599
-0.106607
-0.106615
-0.106623
-0.106629
-0.106637
-0.106645
-0.106653
-0.106661
-0.106667
-0.106675
-0.106682
-0.10669
-0.106698
-0.106705
-0.106713
-0.106721
-0.106729
-0.106736
-0.106744
-0.106752
-0.106759
-0.106767
-0.106774
-0.10678
-0.106788
-0.106796
-0.106803
-0.106811
-0.106819
-0.106825
-0.106833
-0.106839
-0.106847
-0.106855
-0.106862
-0.10687
-0.106877
-0.106885
-0.106892
-0.106899
-0.106906
-0.106913
-0.106921
-0.106928
-0.106936
-0.106941
-0.106947
-0.106952
-0.10696
-0.106966
-0.106974
-0.106981
-0.106989
-0.106996
-0.107004
-0.107011
-0.107019
-0.107026
-0.107034
-0.107041
-0.107049
-0.107056
-0.107064
-0.107071
-0.107078
-0.107085
-0.107092
-0.107098
-0.107103
-0.107111
-0.107118
-0.107126
-0.107133
-0.107141
-0.107148
-0.107156
-0.107163
-0.107171
-0.107178
-0.107185
-0.107193
-0.1072
-0.107206
-0.107212
-0.107218
-0.107224
-0.107232
-0.107239
-0.107247
-0.107254
-0.107262
-0.107269
-0.107277
-0.107284
-0.107292
-0.107299
-0.107306
-0.107312
-0.107318
-0.107325
-0.107333
-0.10734
-0.107348
-0.107355
-0.107363
-0.10737
-0.107378
-0.107385
-0.107393
-0.1074
-0.107408
-0.107415
-0.107423
-0.10743
-0.107438
-0.107444
-0.107449
-0.107453
-0.107459
-0.107467
-0.107474
-0.107482
-0.107489
-0.107496
-0.107504
-0.107511
-0.107519
-0.107527
-0.107534
-0.107542
-0.107549
-0.107557
-0.107564
-0.107572
-0.107579
-0.107587
-0.107594
-0.107602
-0.107609
-0.107617
-0.107624
-0.107631
-0.107639
-0.107647
-0.107653
-0.107658
-0.107665
-0.10767
-0.107677
-0.107685
-0.107692
-0.1077
-0.107707
-0.107715
-0.107722
-0.10773
-0.107737
-0.107745
-0.107752
-0.107759
-0.107766
-0.107773
-0.10778
-0.107788
-0.107795
-0.107803
-0.107811
-0.107818
-0.107826
-0.107833
-0.10784
-0.107847
-0.107853
-0.107857
-0.107863
-0.107869
-0.107876
-0.107883
-0.107889
-0.107896
-0.107903
-0.107909
-0.107915
-0.107922
-0.107929
-0.107935
-0.107942
-0.107949
-0.107954
-0.107959
-0.107964
-0.107969
-0.107976
-0.107983
-0.10799
-0.107996
-0.108003
-0.10801
-0.108017
-0.108023
-0.10803
-0.108037
-0.108043
-0.10805
-0.108055
-0.108062
-0.108067
-0.108074
-0.108081
-0.108088
-0.108094
-0.108101
-0.108108
-0.108114
-0.108121
-0.108128
-0.108134
-0.108141
-0.108146
-0.108152
-0.108157
-0.108164
-0.10817
-0.108176
-0.108183
-0.10819
-0.108196
-0.108203
-0.10821
-0.108217
-0.108223
-0.10823
-0.108237
-0.108243
-0.108248
-0.108253
-0.108258
-0.108264
-0.108271
-0.108278
-0.108284
-0.108291
-0.108298
-0.108304
-0.108311
-0.108318
-0.108325
-0.108332
-0.108338
-0.108345
-0.108352
-0.108358
-0.108365
-0.108372
-0.108377
-0.108382
-0.108387
-0.108391
-0.108398
-0.108404
-0.108411
-0.108418
-0.108425
-0.108433
-0.108441
-0.108449
-0.108457
-0.108465
-0.108473
-0.108481
-0.108489
-0.108497
-0.108504
-0.108512
-0.10852
-0.108528
-0.108536
-0.108542
-0.10855
-0.108555
-0.108563
-0.108569
-0.108577
-0.108585
-0.108593
-0.108601
-0.108609
-0.108616
-0.108624
-0.108632
-0.10864
-0.108648
-0.108655
-0.108663
-0.108671
-0.108679
-0.108686
-0.108693
-0.1087
-0.108708
-0.108716
-0.108724
-0.108732
-0.108738
-0.108746
-0.108752
-0.108759
-0.108766
-0.108773
-0.108781
-0.108789
-0.108796
-0.108804
-0.108812
-0.10882
-0.108827
-0.108835
-0.108843
-0.108848
-0.108856
-0.108864
-0.108871
-0.108879
-0.108887
-0.108894
-0.108902
-0.10891
-0.108918
-0.108925
-0.108933
-0.10894
-0.108945
-0.108951
-0.108956
-0.108964
-0.108971
-0.108979
-0.108987
-0.108994
-0.109002
-0.109009
-0.109017
-0.109025
-0.109032
-0.10904
-0.109048
-0.109055
-0.109063
-0.109071
-0.109078
-0.109086
-0.109094
-0.109101
-0.109109
-0.108433
-0.108439
-0.108546
-0.108559
-0.10868
-0.108707
-0.107988
-0.107997
-0.108097
-0.108114
-0.108162
-0.10831
-0.108323
-0.108404
-0.108418
-0.108438
-0.108483
-0.108581
-0.108596
-0.10863
-0.108662
-0.108701
-0.108738
-0.108773
-0.108808
-0.108841
-0.108878
-0.108904
-0.108933
-0.108962
-0.108991
-0.109018
-0.109055
-0.10907
-0.109088
-0.109114
-0.109131
-0.10915
-0.109174
-0.109187
-0.109209
-0.10922
-0.109236
-0.109252
-0.109268
-0.109286
-0.1093
-0.109311
-0.109323
-0.109336
-0.109348
-0.109362
-0.109375
-0.109387
-0.109398
-0.109408
-0.109418
-0.109428
-0.109437
-0.109447
-0.109456
-0.109466
-0.109475
-0.109484
-0.10949
-0.1095
-0.109505
-0.109512
-0.10952
-0.109528
-0.109535
-0.109543
-0.109549
-0.109556
-0.109564
-0.10957
-0.109577
-0.109583
-0.109589
-0.109594
-0.109598
-0.109602
-0.109606
-0.10961
-0.109614
-0.109618
