1.77965e-43
1.77965e-43
1.77965e-43
1.77965e-43
1.77965e-43
1.77965e-43
1.77965e-43
1.77965e-43
1.77965e-43
1.77965e-43
1.77965e-43
1.77965e-43
1.77965e-43
1.77965e-43
1.77965e-43
1.77965e-43
1.77965e-43
1.77965e-43
1.77965e-43
1.77965e-43
1.77965e-43
1.77965e-43
1.77965e-43
1.77965e-43
1.77965e-43
1.77965e-43
1.77965e-43
1.77965e-43
1.77965e-43
1.77965e-43
1.77965e-43
1.77965e-43
1.77965e-43
1.77965e-43
1.77965e-43
1.77965e-43
1.77965e-43
1.77965e-43
1.77965e-43
1.77965e-43
1.77965e-43
1.77965e-43
1.77965e-43
1.77965e-43
1.77965e-43
1.77965e-43
1.77965e-43
1.77965e-43
1.77965e-43
1.77965e-43
1.77965e-43
1.77965e-43
1.77965e-43
1.77965e-43
1.77965e-43
1.77965e-43
1.77965e-43
1.77965e-43
1.77965e-43
1.77965e-43
1.77965e-43
1.77965e-43
1.77965e-43
1.77965e-43
1.77965e-43
1.77965e-43
1.77965e-43
1.77965e-43
1.77965e-43
1.77965e-43
1.77965e-43
1.77965e-43
1.77965e-43
1.77965e-43
1.77965e-43
1.77965e-43
1.77965e-43
1.77965e-43
1.77965e-43
1.77965e-43
1.77965e-43
1.77965e-43
1.77965e-43
1.77965e-43
1.77965e-43
1.77965e-43
1.77965e-43
1.77965e-43
1.77965e-43
1.77965e-43
1.77965e-43
1.77965e-43
1.77965e-43
1.77965e-43
1.77965e-43
1.77965e-43
1.77965e-43
1.77965e-43
1.77965e-43
1.77965e-43
1.77965e-43
1.77965e-43
1.77965e-43
1.77965e-43
1.77965e-43
1.77965e-43
1.77965e-43
1.77965e-43
1.77965e-43
1.77965e-43
1.77965e-43
1.77965e-43
1.77965e-43
1.77965e-43
1.77965e-43
1.77965e-43
1.77965e-43
1.77965e-43
1.77965e-43
1.77965e-43
1.77965e-43
1.77965e-43
1.77965e-43
1.77965e-43
1.77965e-43
1.77965e-43
1.77965e-43
1.77965e-43
1.77965e-43
1.77965e-43
1.77965e-43
1.77965e-43
1.77965e-43
1.77965e-43
1.77965e-43
1.77965e-43
1.77965e-43
1.77965e-43
1.77965e-43
1.77965e-43
1.77965e-43
1.77965e-43
1.77965e-43
1.77965e-43
1.77965e-43
1.77965e-43
1.77965e-43
1.77965e-43
1.77965e-43
1.77965e-43
1.77965e-43
1.77965e-43
1.77965e-43
1.77965e-43
1.77965e-43
1.77965e-43
1.77965e-43
1.77965e-43
1.77965e-43
1.77965e-43
1.77965e-43
1.77965e-43
1.77965e-43
1.77965e-43
1.77965e-43
1.77965e-43
1.77965e-43
1.77965e-43
1.77965e-43
1.77965e-43
1.77965e-43
1.77965e-43
1.77965e-43
1.77965e-43
1.77965e-43
1.77965e-43
1.77965e-43
1.77965e-43
1.77965e-43
1.77965e-43
1.77965e-43
1.77965e-43
1.77965e-43
1.77965e-43
1.77965e-43
1.77965e-43
1.77965e-43
1.77965e-43
1.77965e-43
1.77965e-43
1.77965e-43
1.77965e-43
1.77965e-43
1.77965e-43
1.77965e-43
1.77965e-43
1.77965e-43
1.77965e-43
1.77965e-43
1.77965e-43
1.77965e-43
1.77965e-43
1.77965e-43
1.77965e-43
1.77965e-43
1.77965e-43
1.77965e-43
1.77965e-43
1.77965e-43
1.77965e-43
1.77965e-43
1.77965e-43
1.77965e-43
1.77965e-43
1.77965e-43
1.77965e-43
1.77965e-43
1.77965e-43
0
0
0
0
0
0
0
0
0
0
0
0
0
0
0
0
0
0
0
0
0
0
0
0
0
0
0
0
0
0
0
0
0
0
0
0
0
0
0
0
0
0
0
0
0
0
0
0
0
0
0
0
0
0
0
0
0
0
0
0
0
0
0
0
0
0
0
0
0
0
0
0
0
0
0
0
0
0
0
0
0
0
0
0
0
0
0
0
0
0
0
0
0
0
0
0
0
0
0
0
0
0
0
0
0
0
0
0
0
0
0
0
0
0
0
0
0
0
0
0
0
0
0
0
0
0
0
0
0
0
0
0
0
0
0
0
0
0
0
0
0
0
0
0
0
0
0
0
0
0
0
0
0
0
0
0
0
0
0
0
0
0
0
0
0
0
0
0
0
0
0
0
0
0
0
0
0
0
0
0
0
0
0
0
0
0
0
0
0
0
0
0
0
0
0
0
0
0
0
0
0
0
0
0
0
0
0
0
0
0
0
0.512144
0.674547
0.721923
0.744849
0.758608
0.767735
0.774032
0.778447
0.781579
0.783794
0.785308
0.786379
0.787188
0.787857
0.788513
0.789269
0.790099
0.791071
0.792318
0.793752
0.795395
0.797233
0.799231
0.801449
0.804109
0.806986
0.809784
0.812796
0.815883
0.818816
0.821666
0.824432
0.827096
0.829671
0.832159
0.83456
0.836906
0.839183
0.841357
0.843448
0.845479
0.84745
0.849363
0.851226
0.853044
0.854822
0.856571
0.85829
0.85998
0.861651
0.863299
0.864919
0.866519
0.868101
0.869664
0.871216
0.872751
0.874265
0.875763
0.877243
0.878705
0.880154
0.881585
0.882995
0.884387
0.885764
0.887124
0.888466
0.889789
0.891093
0.892379
0.893649
0.894902
0.896138
0.897358
0.898561
0.899748
0.900919
0.902074
0.903213
0.904339
0.90545
0.906545
0.907625
0.908692
0.909745
0.910785
0.911811
0.912825
0.913825
0.914811
0.915784
0.916745
0.917693
0.918629
0.919553
0.920464
0.921363
0.922251
0.923127
0.923991
0.924844
0.925686
0.926516
0.927335
0.928143
0.928939
0.929726
0.930502
0.931268
0.932023
0.932767
0.933502
0.934225
0.934939
0.935645
0.936341
0.937026
0.937701
0.938368
0.939017
0.939652
0.940282
0.940896
0.941494
0.942087
0.942671
0.943245
0.943811
0.94437
0.94492
0.945463
0.945997
0.946522
0.94704
0.947549
0.94805
0.948546
0.949033
0.949425
0.949725
0.95002
0.950309
0.950587
0.950857
0.951125
0.951389
0.951646
0.951896
0.952143
0.952385
0.95262
0.952851
0.953077
0.953297
0.953512
0.953723
0.953929
0.95413
0.954324
0.954509
0.95469
0.954872
0.95505
0.95522
0.955384
0.955544
0.955699
0.955851
0.956
0.956144
0.956285
0.956421
0.956554
0.956682
0.956807
0.956928
0.957047
0.957161
0.95727
0.957376
0.957478
0.957576
0.957671
0.957761
0.957849
0.957932
0.95801
0.958084
0.958157
0.958227
0.958293
0.958356
0.958416
0.958472
0.958526
0.958577
0.958623
0.958667
0.958707
0.958744
0.958777
0.958805
0.958831
0.958857
0.95888
0.958897
0.958911
0.958922
0.958932
0.958939
0.958942
0.958944
0.958946
0.958943
0.958937
0.95893
0.958919
0.958907
0.958892
0.958873
0.958851
0.958829
0.958805
0.958779
0.95875
0.958718
0.958685
0.95865
0.958613
0.958573
0.95853
0.958484
0.958439
0.95839
0.95829
0.958146
0.958006
0.957852
0.957688
0.957528
0.95737
0.95721
0.957048
0.956885
0.956723
0.956561
0.956395
0.95623
0.956063
0.955896
0.955729
0.95556
0.955393
0.955225
0.955053
0.954881
0.954709
0.95453
0.954348
0.954167
0.953985
0.953805
0.953626
0.953445
0.953263
0.953081
0.952897
0.952715
0.952532
0.952347
0.952162
0.951974
0.951784
0.951594
0.9514
0.951206
0.951012
0.950817
0.950622
0.950423
0.950222
0.950021
0.94982
0.949617
0.949416
0.949213
0.949008
0.948801
0.948596
0.948388
0.948176
0.947945
0.947696
0.947429
0.947144
0.946841
0.946522
0.946191
0.945846
0.945486
0.945113
0.944749
0.944391
0.944037
0.943685
0.943335
0.942989
0.942646
0.942304
0.941965
0.941625
0.941285
0.940954
0.940628
0.940304
0.939983
0.939661
0.939342
0.939026
0.938712
0.938399
0.938086
0.937775
0.937464
0.937154
0.936847
0.936543
0.93624
0.935936
0.935632
0.935327
0.935022
0.934719
0.934418
0.934118
0.933813
0.93351
0.933212
0.932917
0.932622
0.932326
0.932031
0.931737
0.931444
0.931151
0.930859
0.93057
0.930284
0.929996
0.929707
0.929418
0.929128
0.928841
0.928553
0.928152
0.927638
0.927126
0.926617
0.926108
0.925601
0.925097
0.924594
0.924092
0.923593
0.923098
0.922605
0.922113
0.921623
0.921136
0.920651
0.920166
0.919683
0.919203
0.918725
0.918249
0.917775
0.917302
0.91683
0.916358
0.915886
0.915415
0.914947
0.91448
0.914014
0.91355
0.913086
0.91262
0.912154
0.911692
0.911232
0.910774
0.910315
0.909854
0.909397
0.908942
0.908488
0.908034
0.907581
0.907127
0.906674
0.906223
0.905775
0.905328
0.904881
0.904434
0.903987
0.903543
0.903098
0.902655
0.902213
0.90177
0.901327
0.900884
0.900444
0.900006
0.899567
0.899129
0.898693
0.898257
0.897822
0.897386
0.896953
0.89652
0.896087
0.895656
0.895225
0.894795
0.894365
0.893934
0.893505
0.893079
0.892652
0.892226
0.8918
0.891374
0.890948
0.890523
0.890098
0.889673
0.889249
0.888826
0.888402
0.88798
0.887559
0.887137
0.886714
0.886292
0.885874
0.885457
0.88504
0.884623
0.884206
0.88379
0.883374
0.882957
0.882543
0.88213
0.881717
0.881304
0.880893
0.880482
0.880072
0.879662
0.879251
0.878841
0.878431
0.878022
0.877615
0.877208
0.876801
0.876394
0.875988
0.875581
0.875174
0.874768
0.874362
0.873956
0.873551
0.873149
0.872747
0.872345
0.871944
0.871543
0.871223
0.870983
0.870743
0.870502
0.870259
0.870013
0.86977
0.869527
0.869284
0.86904
0.868796
0.868551
0.868306
0.868063
0.867818
0.867574
0.867328
0.86708
0.866832
0.866585
0.866337
0.866089
0.865839
0.865588
0.865338
0.865088
0.864837
0.864586
0.864335
0.864084
0.863832
0.86358
0.863329
0.863077
0.862825
0.862572
0.862321
0.862069
0.861817
0.861565
0.861311
0.861057
0.860803
0.860549
0.860294
0.860037
0.85978
0.859525
0.85927
0.859014
0.858758
0.858501
0.858244
0.857988
0.857732
0.857474
0.857216
0.856956
0.856696
0.856438
0.856179
0.855922
0.855663
0.855402
0.855142
0.854884
0.854626
0.854366
0.854105
0.853846
0.853586
0.853325
0.853065
0.852806
0.852546
0.852285
0.852022
0.85176
0.851499
0.851237
0.850973
0.850709
0.850447
0.850185
0.849922
0.849659
0.849396
0.849131
0.848866
0.848601
0.848336
0.848071
0.847806
0.847541
0.847276
0.847008
0.846741
0.846477
0.846212
0.845947
0.845681
0.845417
0.845152
0.844887
0.844622
0.844354
0.844086
0.843819
0.843551
0.843283
0.843014
0.842741
0.842468
0.842194
0.841914
0.841634
0.841358
0.841081
0.840801
0.840522
0.840237
0.839952
0.839671
0.83939
0.839107
0.838814
0.838512
0.838213
0.837917
0.837623
0.837326
0.837028
0.836727
0.836422
0.83612
0.835824
0.835531
0.835238
0.834946
0.834654
0.834363
0.834073
0.833782
0.833492
0.833203
0.832915
0.832627
0.832339
0.832053
0.831767
0.831481
0.831195
0.830909
0.830622
0.830336
0.830052
0.829768
0.829483
0.829198
0.828914
0.82863
0.828346
0.828062
0.827772
0.827478
0.827188
0.826897
0.826607
0.826318
0.826029
0.82574
0.825451
0.825162
0.824874
0.824586
0.824299
0.824012
0.823725
0.823439
0.823154
0.822868
0.822583
0.822298
0.822013
0.821729
0.821445
0.821162
0.820878
0.820595
0.820313
0.820031
0.819749
0.819468
0.819188
0.818908
0.818628
0.818348
0.818068
0.817788
0.817509
0.817231
0.816952
0.816673
0.816395
0.816116
0.815838
0.815561
0.815283
0.815007
0.81473
0.814453
0.814176
0.8139
0.813624
0.813349
0.813074
0.812799
0.812525
0.81225
0.811975
0.8117
0.811425
0.81115
0.810876
0.810602
0.810328
0.810053
0.809777
0.809502
0.809229
0.808918
0.808568
0.808219
0.80787
0.807522
0.807175
0.806828
0.806481
0.806135
0.80579
0.805444
0.805099
0.804755
0.804411
0.804067
0.803724
0.803381
0.803038
0.802696
0.802354
0.802011
0.801669
0.801328
0.800987
0.800647
0.800306
0.799966
0.799627
0.799288
0.79895
0.798612
0.798275
0.797938
0.797602
0.797266
0.79693
0.796595
0.79626
0.795926
0.795591
0.795258
0.794926
0.794594
0.794263
0.793931
0.793599
0.793269
0.792938
0.792608
0.792278
0.791949
0.79162
0.791291
0.790962
0.790634
0.790306
0.789979
0.78965
0.789323
0.788997
0.788669
0.788343
0.788017
0.787692
0.787367
0.787043
0.786719
0.786394
0.78607
0.785747
0.785424
0.785102
0.78478
0.784458
0.784136
0.783815
0.783495
0.783174
0.782855
0.782535
0.782216
0.781897
0.781578
0.78126
0.780942
0.780624
0.780307
0.779989
0.779672
0.779355
0.779038
0.778721
0.778406
0.778091
0.777776
0.777461
0.777147
0.776833
0.77652
0.776206
0.775893
0.77558
0.775266
0.774952
0.774639
0.774327
0.774014
0.773703
0.773392
0.773081
0.77277
0.772459
0.772149
0.771839
0.771529
0.771219
0.770911
0.770602
0.770294
0.769987
0.769678
0.769371
0.769064
0.768758
0.768452
0.768145
0.767839
0.767534
0.76723
0.766925
0.766619
0.766314
0.76601
0.765705
0.765401
0.765097
0.764793
0.764489
0.764194
0.7639
0.763597
0.763294
0.762991
0.762688
0.762386
0.762084
0.761783
0.761482
0.761181
0.760879
0.760575
0.760269
0.75996
0.75965
0.75934
0.75903
0.758721
0.758414
0.75811
0.757808
0.75751
0.757214
0.75692
0.756621
0.756318
0.756011
0.755698
0.755382
0.755063
0.754742
0.754421
0.754098
0.753775
0.753449
0.753123
0.7528
0.752475
0.752148
0.75182
0.75149
0.751159
0.750827
0.750494
0.750162
0.749832
0.749502
0.749173
0.748845
0.748519
0.748194
0.74787
0.747541
0.747206
0.746868
0.746527
0.74619
0.745856
0.745525
0.745193
0.744859
0.744525
0.74419
0.743855
0.74352
0.743184
0.742847
0.742509
0.742172
0.741836
0.7415
0.741165
0.740833
0.740502
0.740172
0.739842
0.739513
0.739184
0.738857
0.738531
0.738207
0.73788
0.737552
0.737229
0.736906
0.736584
0.736262
0.735941
0.735622
0.735304
0.734986
0.734669
0.734352
0.734035
0.73372
0.733405
0.73309
0.732776
0.732462
0.73215
0.731838
0.731528
0.731217
0.730908
0.7306
0.730292
0.729984
0.729678
0.729371
0.729064
0.728758
0.728453
0.728147
0.727842
0.727538
0.727235
0.726932
0.72663
0.726329
0.726028
0.725727
0.725426
0.725126
0.724826
0.724476
0.724075
0.723675
0.723277
0.722879
0.722482
0.722085
0.72169
0.721296
0.720903
0.720511
0.72012
0.719731
0.719342
0.718954
0.718568
0.718182
0.717797
0.717412
0.717028
0.716645
0.716264
0.715884
0.715503
0.715124
0.714745
0.714366
0.713989
0.713611
0.713235
0.71286
0.712485
0.712112
0.71174
0.711368
0.710998
0.710628
0.71026
0.709892
0.709524
0.709158
0.708791
0.708426
0.708061
0.707696
0.707332
0.706969
0.706607
0.706244
0.705881
0.705518
0.705156
0.704794
0.704433
0.704072
0.703712
0.703352
0.702991
0.70263
0.702272
0.701914
0.701557
0.7012
0.700844
0.700488
0.700133
0.699778
0.699422
0.699063
0.698706
0.69835
0.697994
0.697639
0.697284
0.696929
0.696576
0.696222
0.69587
0.695518
0.695166
0.694815
0.694464
0.694113
0.693763
0.693414
0.693065
0.692716
0.692368
0.692021
0.691673
0.691327
0.69098
0.690633
0.690288
0.689944
0.6896
0.689256
0.688913
0.688571
0.688228
0.687885
0.687543
0.687202
0.686861
0.686519
0.686179
0.685838
0.685497
0.685157
0.684818
0.68448
0.684142
0.683805
0.683469
0.683133
0.682797
0.68246
0.682123
0.681787
0.681451
0.681116
0.680781
0.680446
0.680112
0.679779
0.679445
0.679111
0.678779
0.678447
0.678115
0.677784
0.677453
0.677124
0.676795
0.676466
0.676138
0.67581
0.675481
0.675153
0.674826
0.674499
0.674173
0.673847
0.673522
0.673197
0.672872
0.672547
0.672224
0.6719
0.671577
0.671255
0.670932
0.67061
0.670289
0.669968
0.669647
0.669325
0.669002
0.668681
0.668362
0.668043
0.667724
0.667406
0.667087
0.666769
0.666452
0.666135
0.665819
0.665504
0.665189
0.664875
0.664561
0.664247
0.663934
0.663621
0.663308
0.662995
0.662683
0.662372
0.66206
0.661749
0.661438
0.661127
0.660816
0.660504
0.660193
0.659883
0.659573
0.659263
0.658953
0.658644
0.658334
0.658025
0.657717
0.657409
0.657101
0.656793
0.656486
0.656179
0.655871
0.655564
0.655257
0.65495
0.654645
0.654338
0.654032
0.653726
0.653421
0.653116
0.652811
0.652506
0.652201
0.651898
0.651595
0.651292
0.650989
0.650687
0.650385
0.650083
0.649782
0.649482
0.649181
0.648881
0.648581
0.648281
0.647982
0.647683
0.647383
0.647085
0.646787
0.646488
0.64619
0.645911
0.645651
0.64539
0.645131
0.644871
0.644612
0.644352
0.644092
0.643833
0.643573
0.643314
0.643054
0.642795
0.642536
0.642278
0.642019
0.64176
0.641502
0.641245
0.640987
0.64073
0.640473
0.640215
0.639958
0.6397
0.639444
0.639187
0.63893
0.638674
0.638418
0.638162
0.637907
0.637651
0.637396
0.637141
0.636886
0.636631
0.636377
0.636123
0.635869
0.635616
0.635362
0.635109
0.634855
0.634602
0.63435
0.634097
0.633845
0.633593
0.633341
0.633089
0.632838
0.632586
0.632335
0.632085
0.631834
0.631583
0.631332
0.631082
0.630832
0.630583
0.630334
0.630085
0.629835
0.629586
0.629336
0.629087
0.628838
0.62859
0.628341
0.628092
0.627844
0.627596
0.627348
0.627101
0.626854
0.626606
0.626359
0.626113
0.625866
0.62562
0.625374
0.625126
0.624876
0.624627
0.624378
0.624129
0.623881
0.623632
0.623384
0.623136
0.622889
0.622641
0.622394
0.622146
0.621899
0.621653
0.621406
0.62116
0.620914
0.620668
0.620422
0.620176
0.619931
0.619686
0.619442
0.619197
0.618953
0.618708
0.618464
0.61822
0.617977
0.617733
0.61749
0.617247
0.617005
0.616762
0.616519
0.616277
0.616035
0.615793
0.615551
0.615309
0.615067
0.614826
0.614585
0.614343
0.614101
0.61386
0.613619
0.613378
0.613138
0.612897
0.612658
0.612419
0.61218
0.611941
0.611701
0.611462
0.611224
0.610986
0.610748
0.61051
0.610272
0.610038
0.609809
0.609579
0.60935
0.60912
0.608891
0.608662
0.608433
0.608203
0.607974
0.607746
0.607517
0.607289
0.607061
0.606833
0.606606
0.606378
0.606151
0.605924
0.605697
0.605471
0.605244
0.605017
0.60479
0.604564
0.604338
0.604112
0.603886
0.60366
0.603434
0.603209
0.602984
0.602758
0.602532
0.602307
0.602083
0.601859
0.601634
0.60141
0.601186
0.600963
0.600739
0.600516
0.600293
0.60007
0.599847
0.599624
0.599402
0.59918
0.598957
0.598735
0.598513
0.598291
0.59807
0.597848
0.597628
0.597407
0.597186
0.596965
0.596745
0.596525
0.596305
0.596085
0.595865
0.595645
0.595425
0.595206
0.594987
0.594768
0.594549
0.59433
0.594111
0.593892
0.593674
0.593455
0.593238
0.593021
0.592804
0.592587
0.59237
0.592154
0.591937
0.591721
0.591505
0.591288
0.591072
0.590857
0.590641
0.590426
0.590211
0.589996
0.589781
0.589567
0.589354
0.58914
0.588926
0.588713
0.5885
0.588286
0.588073
0.587861
0.587648
0.587435
0.587223
0.587011
0.586799
0.586587
0.586384
0.586191
0.585997
0.585804
0.58561
0.585417
0.585224
0.585031
0.584838
0.584645
0.584452
0.584259
0.584067
0.583874
0.583682
0.58349
0.583297
0.583104
0.582912
0.582719
0.582527
0.582335
0.582143
0.581951
0.581759
0.581567
0.581375
0.581183
0.580991
0.5808
0.580609
0.580418
0.580226
0.580035
0.579844
0.579653
0.579462
0.579271
0.579081
0.57889
0.5787
0.578509
0.578319
0.578129
0.577939
0.577749
0.577559
0.57737
0.57718
0.576991
0.576802
0.576613
0.576424
0.576236
0.576047
0.575859
0.57567
0.575482
0.575293
0.575105
0.574918
0.57473
0.574542
0.574355
0.574167
0.57398
0.573793
0.573606
0.57342
0.573233
0.573047
0.57286
0.572674
0.572488
0.572302
0.572116
0.57193
0.571744
0.571559
0.571373
0.571188
0.571002
0.570817
0.570632
0.570447
0.570262
0.570077
0.569892
0.569707
0.569523
0.569338
0.569154
0.56897
0.568786
0.568602
0.568418
0.568235
0.568051
0.567867
0.567684
0.567501
0.567317
0.567133
0.56695
0.566767
0.566584
0.566401
0.566218
0.566035
0.565852
0.56567
0.565487
0.565305
0.565123
0.564941
0.564759
0.564578
0.564397
0.564216
0.564035
0.563854
0.563674
0.563493
0.563313
0.563132
0.562952
0.562772
0.562592
0.562412
0.562232
0.562052
0.561873
0.561693
0.561513
0.561333
0.561153
0.560973
0.560794
0.560614
0.560435
0.560256
0.560076
0.559897
0.559718
0.559539
0.559361
0.559182
0.559004
0.558826
0.558648
0.558469
0.558291
0.558114
0.557936
0.557758
0.557581
0.557404
0.557226
0.557049
0.556872
0.556695
0.556518
0.556342
0.556165
0.555988
0.555812
0.555636
0.555459
0.555283
0.555107
0.554931
0.554755
0.55458
0.554404
0.554228
0.554052
0.553876
0.5537
0.553524
0.553348
0.553172
0.552996
0.55282
0.552644
0.552468
0.552292
0.552115
0.551939
0.551763
0.551586
0.55141
0.551233
0.551057
0.55088
0.550703
0.550526
0.550349
0.550171
0.549993
0.549816
0.549638
0.54946
0.549282
0.549104
0.548926
0.548747
0.548569
0.54839
0.548212
0.548033
0.547854
0.547675
0.547496
0.547316
0.547136
0.546957
0.546777
0.546597
0.546417
0.546237
0.546056
0.545876
0.545695
0.545514
0.545332
0.545151
0.544969
0.544787
0.544605
0.544422
0.544239
0.544057
0.543874
0.543691
0.543508
0.543325
0.543142
0.542958
0.542774
0.54259
0.542406
0.542221
0.542036
0.541852
0.541667
0.541481
0.541296
0.541111
0.540925
0.540739
0.540554
0.540368
0.540182
0.539996
0.539809
0.539622
0.539436
0.539249
0.539062
0.538875
0.538688
0.5385
0.538313
0.538125
0.537938
0.53775
0.537562
0.537374
0.537185
0.536997
0.536809
0.536619
0.53643
0.536241
0.536051
0.535862
0.535672
0.535482
0.535291
0.5351
0.534909
0.534718
0.534527
0.534336
0.534145
0.533953
0.533762
0.53357
0.533378
0.533185
0.532992
0.532799
0.532606
0.532413
0.53222
0.532026
0.531833
0.531639
0.531445
0.531251
0.531056
0.530862
0.530668
0.530473
0.530278
0.530083
0.529887
0.529704
0.529532
0.529359
0.529186
0.529014
0.528841
0.528667
0.528494
0.52832
0.528146
0.527972
0.527798
0.527624
0.52745
0.527275
0.5271
0.526925
0.526749
0.526574
0.526399
0.526223
0.526048
0.525872
0.525696
0.525519
0.525343
0.525166
0.524989
0.524812
0.524635
0.524458
0.524281
0.524104
0.523927
0.523749
0.523571
0.523393
0.523216
0.523038
0.52286
0.522683
0.522505
0.522326
0.522148
0.52197
0.521791
0.521612
0.521434
0.521254
0.521075
0.520896
0.520717
0.520537
0.520358
0.520178
0.519998
0.519819
0.519638
0.519458
0.519277
0.519097
0.518916
0.518735
0.518553
0.518372
0.51819
0.518009
0.517827
0.517645
0.517463
0.517282
0.5171
0.516918
0.516735
0.516552
0.516367
0.516183
0.515998
0.515813
0.515628
0.515444
0.515259
0.515074
0.514888
0.514703
0.514518
0.514333
0.514147
0.513962
0.513776
0.51359
0.513405
0.513202
0.512981
0.512761
0.512541
0.512321
0.512101
0.511881
0.51166
0.511439
0.511218
0.510997
0.510776
0.510556
0.510335
0.510115
0.509894
0.509674
0.509454
0.509234
0.509013
0.508793
0.508573
0.508352
0.508132
0.507912
0.507691
0.507471
0.50725
0.507029
0.506809
0.506588
0.506367
0.506146
0.505926
0.505705
0.505484
0.505263
0.505042
0.504821
0.504599
0.504378
0.504156
0.503935
0.503713
0.503492
0.50327
0.503048
0.502826
0.502605
0.502383
0.502161
0.501939
0.501717
0.501495
0.501273
0.501051
0.500829
0.500607
0.500384
0.500162
0.49994
0.499717
0.499495
0.499272
0.49905
0.498827
0.498604
0.498382
0.498159
0.497936
0.497714
0.497491
0.497268
0.497045
0.496821
0.496597
0.496374
0.49615
0.495927
0.495703
0.49548
0.495256
0.495032
0.494809
0.494585
0.49436
0.494134
0.493909
0.493682
0.493455
0.493226
0.492995
0.492762
0.492528
0.492291
0.492053
0.491814
0.491572
0.491329
0.491084
0.490838
0.490593
0.490348
0.490103
0.489857
0.48961
0.489363
0.489116
0.48887
0.488622
0.488374
0.488126
0.487878
0.48763
0.487383
0.487135
0.486888
0.486641
0.486394
0.486146
0.485897
0.485648
0.4854
0.485152
0.484904
0.484781
0.484658
0.484534
0.484411
0.484287
0.484164
0.48404
0.483917
0.483793
0.483669
0.483545
0.483421
0.483297
0.483178
0.483059
0.48294
0.48282
0.482701
0.482581
0.482461
0.48234
0.48222
0.482099
0.481979
0.481858
0.481737
0.481616
0.481494
0.481373
0.481251
0.481129
0.481007
0.480886
0.480764
0.480642
0.48052
0.480397
0.480275
0.480152
0.48003
0.479907
0.479784
0.479661
0.479538
0.479415
0.479291
0.479168
0.479044
0.47892
0.478796
0.478672
0.478547
0.478423
