0
0
0
0
0
0
0
0
0
0
0
0
0
0
0
0
0
0
0
0
0
0
0
0
0
0
0
0
0
0
0
0
0
0
0
0
0
0
0
0
0
0
0
0
0
0
0
0
0
0
0
0
0
0
0
0
0
0
0
0
0
0
0
0
0
0
0
0
0
0
0
0
0
0
0
0
0
0
0
0
0
0
0
0
0
0
0
0
0
0
0
0
0
0
0
0
0
0
0
0
0
0
0
0
0
0
0
0
0
0
0
0
0
0
0
0
0
0
0
0
0
0
0
0
0
0
0
0
0
0
0
0
0
0
0
0
0
0
0
0
0
0
0
0
0
0
0
0
0
0
0
0
0
0
0
0
0
0
0
0
0
0
0
0
0
0
0
0
0
0
0
0
0
0
0
0
0
0
0
0
0
0
0
0
0
0
0
0
0
0
0
0
0
0
0
0
0
0
0
0
0
0
0
0
0
0
0
0
0
0
0
0
0
0
0
0
0
0
0.772966
0.773012
0.773079
0.773291
0.773509
0.773757
0.773972
0.774412
0.774599
0.774692
0.774983
0.7752
0.775458
0.775831
0.775924
0.776131
0.776377
0.776666
0.77684
0.777023
0.777268
0.777435
0.777663
0.777858
0.77807
0.778874
0.778934
0.779164
0.77972
0.779735
0.779892
0.780017
0.780167
0.780289
0.780435
0.780553
0.780736
0.780862
0.780963
0.78107
0.7812
0.781315
0.781453
0.781549
0.781697
0.78182
0.781922
0.782066
0.782185
0.782239
0.782371
0.782503
0.782624
0.78271
0.782844
0.782887
0.783013
0.78313
0.78326
0.783341
0.783456
0.783543
0.783622
0.78374
0.783858
0.783935
0.78405
0.784127
0.784241
0.784353
0.784466
0.784535
0.784646
0.784724
0.784803
0.784869
0.784977
0.78508
0.785162
0.785296
0.785402
0.785437
0.785513
0.785617
0.785717
0.785782
0.785881
0.785983
0.786053
0.786151
0.786221
0.786321
0.786387
0.786483
0.786559
0.786644
0.786681
0.786733
0.78677
0.786833
0.786883
0.78692
0.78695
0.786986
0.787051
0.787069
0.787119
0.787162
0.787197
0.787244
0.78729
0.787323
0.787354
0.787402
0.789022
0.789059
0.789101
0.789133
0.789178
0.789224
0.789362
0.789363
0.789377
0.789408
0.789541
0.789542
0.789602
0.78963
0.789674
0.789705
0.789737
0.789776
0.789809
0.78985
0.789888
0.789936
0.790003
0.790021
0.790059
0.790106
0.790156
0.79019
0.790312
0.790324
0.790325
0.790375
0.790425
0.790475
0.790508
0.790558
0.913559
0.790644
0.790658
0.790702
0.790727
0.790754
0.790796
0.790838
0.790876
0.790917
0.790931
0.790975
0.790998
0.791038
0.791066
0.791109
0.791152
0.791185
0.791233
0.791265
0.791314
0.791361
0.813907
0.813954
0.813986
0.814033
0.814066
0.814112
0.814144
0.814192
0.814238
0.81427
0.814318
0.81435
0.814397
0.814428
0.814461
0.814506
0.814553
0.814584
0.814626
0.814649
0.814688
0.81453
0.814597
0.814608
0.814634
0.814661
0.814699
0.814741
0.814763
0.814817
0.814834
0.81488
0.814911
0.814943
0.815006
0.815036
0.815067
0.815114
0.815145
0.815192
0.815238
0.815399
0.81551
0.815664
0.81477
0.813573
0.810584
0.808141
0.804298
0.800892
0.799161
0.797824
0.797879
0.79952
0.80307
0.804625
0.811112
0.818537
1.34075
0.83308
0.838552
0.848066
0.857489
0.880313
0.880313
0.887611
0.904775
0.904775
0.907691
0.911507
0.913726
0.915717
0.918307
0.919858
0.921944
0.928354
0.92897
0.928985
0.930889
0.932797
0.934171
0.935798
0.93789
0.939497
0.942074
0.944773
0.946689
0.949673
0.952756
0.954904
0.957045
0.960339
0.962543
4.8758
0.969132
0.97135
0.973771
0.976989
0.978842
0.981935
0.984973
0.986942
0.988902
0.99173
0.99453
0.996344
0.999035
1.00079
1.00254
1.00514
1.00764
1.00933
1.0118
1.01366
1.01588
1.01757
1.01999
1.02162
1.02397
1.02642
1.02803
1.02963
1.03198
1.03359
1.03673
1.03758
1.04068
1.043
8.11688
1.04536
1.04763
1.04919
1.05143
1.05299
1.0552
1.05742
1.05894
1.06042
1.06336
1.06508
1.06653
1.06777
1.06993
1.07228
1.07423
1.07583
1.07712
1.07925
1.08062
1.08278
1.08482
1.08624
1.0892
1.0892
1.09111
1.09309
1.09523
1.09653
1.09857
1.1046
1.1046
1.10586
1.21138
1.21201
1.21405
1.21709
1.22009
1.2221
1.224
1.22706
1.22899
1.23213
1.23376
1.23689
1.23955
1.2414
1.24337
1.24628
1.267
1.26896
14.6348
1.27353
1.27855
1.27926
1.2813
1.28319
1.28712
1.2882
1.29106
1.29323
1.29602
1.298
1.30107
1.30341
1.30614
1.30812
1.31126
1.31308
1.31731
1.28044
1.3215
1.32395
1.32678
1.33105
1.33313
1.33625
1.33873
1.34069
1.34405
1.34603
1.34908
1.35132
1.3543
1.35681
1.35971
1.36197
1.36408
1.36775
1.37109
1.37295
1.4441
1.44698
1.45063
1.45333
1.4567
1.46042
1.46394
1.46657
1.46919
1.47282
1.47534
1.47897
1.48162
1.4854
1.48781
1.49169
1.49447
1.49797
1.50188
1.50437
1.5081
1.51309
1.51309
1.51734
1.52089
1.52453
1.52827
1.53079
1.5336
1.53727
1.54115
1.5424
1.54635
1.54995
1.55255
1.55646
1.55887
1.56276
1.5653
1.57056
1.57183
1.57563
1.57817
1.58201
1.58489
1.5886
1.59095
1.59512
1.59757
1.60162
1.60527
1.60783
1.61062
1.61483
1.66724
1.66724
1.67082
1.68127
1.68256
1.68507
1.68786
1.69141
1.69562
1.6982
1.70064
1.70472
1.7087
1.71106
1.71495
1.71741
1.72154
1.7243
1.72727
1.73105
1.73525
1.73761
1.74181
1.74888
1.75026
1.75428
1.75709
1.7599
1.7627
1.76693
1.77011
1.77438
1.77709
1.77994
1.78398
1.78685
1.79154
1.79586
1.7986
1.80306
1.80742
1.81033
1.81348
1.81801
1.82069
1.82674
1.82966
1.83261
1.83703
1.83998
1.84292
1.84773
1.8518
1.85476
1.85772
1.86403
1.86683
1.88608
1.88758
30.8172
1.90862
1.92727
1.92727
1.94542
1.94641
1.96571
1.96707
1.96843
1.97117
1.9753
1.97943
1.98254
1.98635
1.98913
1.99471
1.99704
2.00515
2.00658
2.00658
2.01163
2.01355
2.0179
2.02288
2.0258
2.02828
2.03273
2.03782
2.04083
2.04536
2.04993
2.05299
2.05606
2.05914
2.06378
2.06945
2.07373
2.07843
2.08132
2.08574
2.0885
1.57123
1.57662
1.57662
1.57805
1.58041
1.58328
1.58568
1.58807
1.59093
1.59285
1.59575
1.59768
1.59865
1.60154
1.60398
1.60739
1.61031
1.61228
1.61365
1.61708
1.64195
1.6454
1.64689
1.64986
1.65285
1.65484
1.65781
1.65982
1.66433
1.66533
1.66735
1.67063
1.67302
1.67507
1.67762
1.6802
1.68329
1.68538
1.68747
1.69078
1.69264
1.69557
1.69822
1.70146
1.70417
1.70743
1.70932
1.71152
1.71481
1.717
1.72032
1.72253
1.72806
1.72918
1.73141
1.73391
1.73697
1.7404
1.74405
1.74488
1.74824
1.75074
1.75412
1.75721
1.76057
1.4101
1.41102
1.41315
1.41543
1.41694
1.42002
1.42098
1.42308
1.42477
1.42694
1.42872
1.43162
1.43318
1.43571
1.43566
1.43862
1.44034
1.44254
1.4443
38.6832
1.44821
1.44979
1.45201
1.45514
1.45528
1.45831
1.45924
1.46226
1.46398
1.46637
1.46679
1.46984
1.47155
1.47316
1.47622
1.47795
1.47954
1.48262
1.48376
1.48606
1.48834
1.48986
1.49228
1.49389
1.4955
1.49939
1.50101
1.50251
1.50343
1.50654
1.50815
1.50986
1.51299
1.51481
1.51633
1.51874
1.51955
1.52271
1.54103
1.54268
1.54503
1.54704
1.54921
1.55181
1.5542
1.55545
1.55868
1.55963
1.56129
1.56381
1.56634
1.56801
1.57125
1.57379
1.57474
1.57727
1.58053
1.58148
1.58304
1.58473
1.58801
1.58916
1.59148
1.5934
1.68681
1.6885
1.69176
1.69274
1.69774
1.69785
1.69955
1.70286
1.70457
1.70714
1.70811
1.71067
1.71336
1.71508
1.71788
1.71937
1.72283
1.7242
1.72668
1.7285
1.73024
1.73362
1.73545
1.73804
1.73892
1.74253
1.74416
1.74667
1.74928
48.0115
1.7526
1.75413
1.75587
1.75927
1.76191
1.76347
1.76443
1.76705
1.76882
1.77147
1.7749
1.77608
1.77852
1.78029
1.78294
1.78649
1.78738
1.78997
2.42031
1.79405
1.79776
1.79941
1.80106
1.80366
1.8055
1.80902
1.80999
1.81446
1.81446
1.81714
1.81895
1.82075
1.82456
1.82786
1.82793
1.82974
1.83352
1.83515
1.83786
1.83877
1.84257
1.84501
1.84595
1.84864
1.85137
1.85415
1.85682
1.85693
1.8614
1.8615
1.86711
1.86606
1.87056
1.8724
1.87537
1.87521
52.1125
1.88114
1.88496
1.88748
1.88756
1.89033
1.89395
1.89493
1.89676
1.9014
1.9014
1.90504
1.90601
1.91059
1.91065
1.91432
1.9171
1.91713
1.92079
1.92542
59.5412
2.20679
2.20766
2.21257
2.21428
2.22123
2.22123
2.22876
2.23163
2.23163
2.23163
2.2415
2.2415
2.24727
2.25238
2.25238
2.25238
2.25923
2.26217
2.27753
2.27838
2.28067
2.28181
2.28295
2.29204
2.29204
2.30109
2.30334
2.30334
2.30334
2.30744
2.30896
2.31232
2.31456
2.31681
2.32049
2.32387
2.32586
2.32927
2.33155
2.33688
2.33729
2.33961
2.34308
2.34658
2.72058
2.35478
2.35713
2.35951
2.36188
2.36543
2.36901
2.3714
2.37497
2.37542
2.38096
2.38455
2.39536
2.39536
2.39806
2.40136
2.40406
2.40734
2.40976
2.41337
68.4142
3.14865
3.15202
3.1572
3.16062
3.16397
3.16907
3.17427
3.17635
3.18106
3.18618
3.19184
3.197
3.20001
3.20519
3.20864
3.21245
3.21548
3.22069
3.22415
3.23169
3.23474
3.24041
3.24345
3.24915
3.25221
3.25648
3.25822
3.26349
3.26701
3.27402
3.27577
3.2815
3.28634
3.28986
3.29338
3.29867
3.30221
3.30931
3.3146
3.3179
3.32322
3.32676
3.33031
3.33562
3.33918
3.34451
3.34984
3.35339
3.35875
3.3641
3.36766
3.36929
3.37659
3.37868
3.38716
3.39253
3.39432
3.39792
3.37997
3.384
3.38692
3.38954
3.39493
3.39853
3.4039
3.40929
3.4129
3.4165
3.4237
3.42529
3.42891
3.43681
3.44179
3.44339
3.44928
3.45526
3.46028
3.46458
3.47255
3.47574
3.48124
3.48186
3.48734
3.49283
3.49651
3.50018
3.50406
3.50727
3.51488
3.51648
3.52409
3.52777
3.53379
3.53702
3.52461
3.54914
3.55517
3.55974
3.56179
3.56717
3.57063
3.57621
3.58252
3.58813
3.5914
3.59486
3.6012
3.60419
3.61056
3.61571
3.62132
3.62505
3.62929
3.63445
3.63895
3.64457
3.64653
3.65407
3.6583
3.66566
3.66753
3.671
3.67667
3.68044
3.68609
3.69176
3.69555
3.69933
3.705
3.711
3.71448
3.71827
3.72396
3.72774
3.7357
3.73838
3.74408
3.74788
3.75361
3.75743
3.76315
3.7647
3.77092
3.77654
3.78228
3.78801
3.79185
3.79761
3.80337
3.80528
3.81103
3.81488
3.81771
88.9953
3.82802
3.83186
3.83765
3.84343
3.84728
3.85305
3.85934
3.86465
3.86658
3.87664
3.87817
3.88204
3.88592
3.89172
3.89754
3.90335
3.90529
3.91305
3.91693
3.92256
3.9245
3.9321
3.93404
3.94183
3.94766
3.94961
3.95307
3.95936
3.96571
3.96867
3.97499
3.9789
3.9804
3.98822
3.99848
3.99605
4.00586
4.00586
4.01812
4.02008
4.0255
4.02747
4.03398
4.0382
4.04559
4.04755
4.05985
4.05985
4.06971
4.06971
4.0776
4.07759
4.08945
4.08894
4.11567
4.1237
4.15235
4.14993
4.15812
4.15759
4.15241
4.14882
4.10603
4.11233
4.11233
4.16686
4.16134
4.15883
4.15883
4.16803
4.17045
4.20585
4.20614
4.23818
4.23973
4.25897
4.26353
4.28265
4.26264
4.2846
4.30741
4.30668
4.32378
4.32832
4.35129
4.34925
4.38095
4.38916
4.38996
4.34699
4.34679
4.37259
4.37381
4.39473
4.39636
4.40082
4.40281
4.45429
4.4543
4.45619
4.45619
4.46211
4.43198
4.43382
4.4442
4.47058
4.47892
4.47892
4.4864
4.48359
4.50847
4.51494
4.5201
4.52974
4.5337
4.53789
4.54443
4.55838
4.56123
4.57379
4.57727
4.58013
4.58362
4.59498
4.60698
4.60986
4.60986
4.61972
4.62473
4.637
4.63911
4.64043
4.64453
4.65515
4.66215
4.66857
4.67696
4.67613
4.68533
4.69595
4.70223
4.70416
4.70767
4.7148
4.72024
4.72529
4.73159
4.7358
4.74421
4.74336
4.75264
4.76206
4.76632
4.76463
4.77592
4.78329
4.7816
4.79238
4.8026
4.80687
4.80729
4.81754
4.81851
4.83038
4.83466
4.84322
4.84537
4.91502
4.91542
4.29249
4.28975
4.29525
4.3072
4.31502
4.31641
4.32009
4.31916
4.34023
4.34393
4.33856
4.34412
4.35694
4.34691
4.35844
4.36474
4.36802
4.37412
4.37789
4.38119
4.38685
4.39253
4.39633
4.40393
4.39003
4.41156
4.41777
4.42111
4.42367
4.42989
4.42736
4.4398
4.43696
4.44079
4.45134
4.45519
4.46291
4.46003
4.46389
4.4769
4.48028
4.48609
4.48454
4.49035
4.51046
4.50003
4.50634
4.51049
4.52312
4.52701
4.52605
4.53676
4.53579
4.54848
4.54554
4.54843
4.55039
4.55234
4.56832
4.56405
4.57535
4.58893
4.57773
4.58359
4.587
4.60462
4.61634
4.62027
4.62617
4.6301
4.63601
4.63995
4.64584
4.64977
4.65566
4.65958
4.6584
4.66231
4.67526
4.67255
4.67891
4.68943
4.6868
4.69073
4.6971
4.71049
4.70841
4.71037
4.71629
4.7333
4.72615
4.7301
4.73604
4.74915
4.74594
4.75997
4.76594
4.7724
4.76678
4.77026
4.77623
4.79284
4.79883
4.78292
4.80216
4.80216
4.80815
4.82285
4.81615
4.82797
4.8218
4.82581
4.83908
4.8378
4.84497
4.8587
4.86472
4.8585
4.86451
4.87054
4.87989
4.88593
4.88363
4.9
4.91143
4.91496
4.92103
4.90779
4.91335
4.9168
4.93327
4.93732
4.93295
4.937
4.95403
4.96709
4.95217
4.95623
4.96078
4.96433
4.97041
4.98202
4.99921
5.0048
5.00912
5.01371
5.01881
5.01733
5.02141
5.03515
5.03466
5.04079
5.04488
5.04897
5.0469
5.0469
5.0469
5.07149
5.07559
5.08174
5.08584
5.09251
5.09662
5.10227
5.10637
5.11149
5.11817
5.12178
5.115
5.12738
5.13355
5.13454
5.13286
5.14798
5.15417
5.14726
5.15138
5.16546
5.17166
5.16786
5.18603
5.1981
5.20431
5.19737
5.2015
5.20771
5.21392
5.22014
5.22428
5.23051
5.24263
5.24678
5.23385
5.24919
5.26394
5.26967
5.26581
5.28055
5.27189
5.27814
5.2823
5.29451
5.30494
5.30755
5.31121
5.31148
5.31357
5.32792
5.32818
5.33027
5.33445
5.34072
5.35304
5.36095
5.36514
5.36302
5.36721
5.38169
5.3859
5.38399
5.39641
5.40272
5.40693
5.41325
5.41958
5.42379
5.42801
5.43435
5.44234
5.43498
5.42897
5.43479
5.4369
5.44325
5.44749
5.45385
5.46021
5.45488
5.45912
5.46546
5.46969
5.47657
5.49201
5.49838
5.50262
5.50057
5.5048
5.50747
5.5117
5.52987
5.53411
5.541
5.53496
5.54131
5.54553
5.54631
5.55265
5.56754
5.56322
5.56797
5.57167
5.60072
5.6055
5.59719
5.60342
5.60116
5.60539
5.63245
5.62463
5.62887
5.63178
5.63815
5.6424
5.66144
5.66517
5.6578
5.67583
5.67057
5.67425
5.68064
5.69363
5.69129
5.69555
5.70195
5.70621
5.71665
5.72251
5.72678
5.72438
5.72651
5.74176
5.74817
5.75245
5.75942
5.76371
5.77012
5.77494
5.78085
5.78729
5.79211
5.79449
5.79879
5.80309
5.82199
5.81382
5.82081
5.82673
5.83104
5.83533
5.83282
5.85183
5.84359
5.85357
5.85787
5.86435
5.86921
5.87569
5.87946
5.88594
9.13291
9.14316
9.13747
9.16109
9.17049
9.16479
9.17162
9.19444
9.19212
9.19897
9.21119
9.22457
9.23143
9.23977
9.23977
9.26358
9.26034
9.2672
9.29108
9.30053
9.30009
9.31126
9.31728
9.32761
9.33449
9.34137
9.35256
9.36205
9.36894
9.37928
9.38618
9.39654
9.42122
9.42122
9.43159
9.43851
9.44147
9.46029
9.46029
9.46808
9.48194
9.48194
9.4984
9.4984
9.52186
9.51575
9.52615
9.54965
9.53943
9.54638
9.57401
9.5713
9.57825
9.59838
9.59914
9.61285
9.63307
9.64355
9.65054
9.65169
9.65868
9.67091
9.67966
9.69365
9.69715
9.70415
9.71466
9.72167
9.73217
9.73918
9.74619
9.76442
9.77144
9.76083
9.78479
9.79182
9.80257
9.80959
9.82789
9.82144
9.8455
9.85254
9.85046
9.87017
9.8672
9.87424
9.89839
9.89892
9.90598
9.9095
9.92008
9.92714
9.93774
9.94482
9.94754
9.96574
9.98448
9.99157
10.0022
9.99115
10.0164
10.0227
10.0298
10.0266
10.0372
10.0661
10.0768
10.07
10.0946
10.0981
10.1088
10.1195
10.1126
10.1292
10.1363
201.724
10.1657
10.1589
10.1836
10.1767
10.1883
10.1946
10.2053
10.2124
10.2232
10.2348
10.2552
10.2518
10.259
10.2616
10.2902
10.2868
10.3082
10.3189
10.3191
10.3263
10.3371
10.3442
10.355
10.3658
10.373
10.3811
10.3883
10.3982
10.4054
10.4162
10.4243
10.4482
10.4409
10.4517
10.4626
10.4698
10.4806
10.4959
10.4922
10.514
10.5103
10.5321
10.543
10.5503
10.5612
10.5537
10.5464
10.5573
10.5792
10.5901
10.5974
10.5936
10.6165
10.6265
10.619
10.6344
10.6649
10.6611
10.6599
10.6856
10.6781
10.689
10.6968
10.7123
10.7151
10.7409
10.7333
10.7443
10.7516
10.7711
10.7821
10.7894
10.7967
10.8022
10.8059
10.8282
10.8205
10.8465
10.8579
10.8501
10.8725
10.8835
10.8794
10.9019
10.8941
10.9212
10.9313
10.9271
10.9354
10.957
10.9529
10.9777
10.9888
10.9961
10.992
11.0027
11.0217
11.024
11.035
11.0308
11.0544
11.0581
11.0845
11.0928
11.0839
11.1104
11.1178
11.1289
11.1363
11.1274
11.1503
11.1614
11.1531
11.1798
11.1872
11.1837
11.1902
11.2169
11.2243
11.2355
11.2467
11.255
11.2459
11.258
11.2682
11.2766
11.3026
11.31
11.3031
11.3302
11.3376
11.3498
11.3563
11.3675
11.3592
11.3612
11.3846
11.3799
11.4124
11.4199
11.4311
11.4424
11.4499
11.4611
11.4686
219.219
11.4895
11.497
11.5082
11.5195
11.5233
11.5355
11.5458
11.5534
11.5647
11.579
11.5743
11.5818
11.6023
11.6108
11.6212
11.6291
11.6395
11.647
11.656
11.6673
11.6749
11.6862
11.6938
11.7051
11.7127
11.7203
11.7316
11.743
11.7544
11.762
11.7734
11.781
11.7923
11.8014
11.8128
11.832
11.8367
11.8434
11.8548
11.8624
11.8644
11.8796
11.8834
11.8948
11.9024
11.9139
11.9215
11.9291
11.9406
11.9616
11.9702
11.9816
11.9882
12.0035
12.0073
12.0102
12.0178
12.0293
12.0302
12.0417
12.059
12.0667
12.0686
12.0859
12.0974
12.1052
12.1167
12.1413
12.149
12.1437
12.155
12.1628
12.1744
12.1915
12.2032
12.2148
12.2226
12.2343
12.2328
12.2328
12.2616
12.2694
12.2811
12.2889
12.3006
12.2922
12.3201
12.328
12.3126
12.3342
12.3592
12.3498
12.3788
12.3906
12.3985
12.4029
12.4207
12.4236
12.4354
12.4423
12.4502
12.462
12.4699
12.4817
12.4896
12.5014
12.509
12.5108
12.5187
12.5506
12.5585
12.5743
251.251
12.5888
12.5967
12.6046
12.6125
12.6419
12.6538
12.6617
12.6706
12.6612
12.6553
12.6636
12.6715
12.6873
12.6952
12.7031
12.7189
12.7307
12.7346
12.763
12.7624
12.7743
12.7822
12.7901
12.8059
12.8138
12.8217
12.834
12.8634
12.8547
12.8616
12.8735
12.8854
12.8933
8.27812
8.28578
8.29344
8.29855
8.30366
8.29303
8.29814
8.35026
8.31589
8.31908
8.35234
8.35745
8.36513
8.37025
8.37793
8.3672
8.37487
8.37998
8.38765
8.39276
8.40043
8.40554
8.43175
8.43688
8.44456
8.45329
8.45779
8.46294
8.47066
8.43662
8.44368
8.47001
8.47772
8.48286
8.49058
8.49572
8.50086
8.53596
8.51436
8.52143
8.52658
8.53429
8.54199
8.54997
8.5444
8.54953
8.57862
8.58119
8.5889
8.59404
8.60175
8.60946
8.57679
8.62295
8.59214
8.5947
8.6295
8.66429
8.67266
8.6778
8.68488
8.6597
8.64011
8.67515
8.65294
8.66064
8.66577
8.67347
8.68182
8.68374
8.69144
8.72664
8.70428
8.71198
8.74467
8.75239
8.76012
10.1686
10.1776
10.1831
10.1928
10.224
10.2329
10.2419
10.2508
10.2567
10.2395
10.2454
10.2543
10.261
10.2662
10.2751
10.281
10.287
10.2959
10.3048
10.3107
10.3578
10.3632
10.3329
10.3388
10.3477
10.3278
10.3626
10.3715
10.3774
10.3833
10.393
10.3989
10.41
10.413
10.4219
10.4308
10.4367
10.4427
255.067
10.4734
10.4793
10.4884
10.4944
10.5033
10.5122
10.5189
10.5278
10.533
10.5419
10.5778
10.5568
10.5627
10.5717
10.5776
10.5836
10.5925
247.925
10.6353
10.5924
10.5924
10.6284
10.6381
10.6462
10.6522
10.6581
10.6677
10.7133
10.7222
10.7282
10.6973
10.743
10.7121
10.7579
10.7697
10.7727
251.385
10.7931
10.7991
10.808
10.8168
10.8228
10.8317
10.8376
10.8524
10.8554
10.8732
10.8732
10.8799
10.8851
10.8918
10.9
10.9097
10.8844
10.9199
10.9289
10.9624
10.9714
10.9773
10.9863
10.9923
10.9602
10.9699
11.0163
10.9975
11.0035
10.9712
10.9772
11.0275
11.0335
11.0402
11.0485
11.0575
11.0914
11.0593
11.0653
11.0743
11.0803
11.0892
11.1262
11.1292
11.1383
11.1473
11.1563
11.163
11.1713
11.1773
11.1833
11.1923
11.1732
11.1791
11.1859
259.377
11.2324
11.2384
11.2162
11.2253
11.2343
11.2403
11.2493
11.2836
11.2926
11.2987
11.3077
11.3137
11.3228
11.3288
11.3348
11.3438
11.3479
11.3539
11.7314
11.3611
11.3611
11.3408
11.3529
11.3559
11.3649
11.3709
11.3799
11.386
11.395
11.4191
11.4191
11.4281
11.4949
11.4979
11.5637
11.5667
11.4924
11.4953
11.5356
11.5385
11.577
11.6234
11.5768
11.5788
11.5975
11.5975
11.6465
11.6746
11.6746
11.6954
11.6954
11.6985
11.7373
11.7589
11.7323
11.7385
11.7446
11.7947
11.8037
11.7664
11.8043
11.8245
11.789
11.8723
11.8069
11.8125
11.8652
11.8266
11.882
11.9175
11.8932
11.9017
11.9073
11.9158
11.9543
11.9607
11.9386
11.9444
11.9502
11.9589
11.9648
11.9693
12.0531
12.059
12.0201
12.0436
12.0827
12.0887
12.0975
12.0585
12.037
12.0429
12.0968
12.0576
12.0664
12.0723
12.0811
12.087
12.0957
12.1016
12.1095
12.1212
12.1241
12.1761
12.1387
12.1475
12.1533
12.1621
12.168
12.2194
12.2282
12.2341
12.2429
12.2517
12.2575
12.2213
12.2725
12.3122
12.318
12.3239
12.3328
12.2965
