0
0
0
0
0
0
0
0
0
0
0
0
0
0
0
0
0
0
0
0
0
0
0
0
0
0
0
0
0
0
0
0
0
0
0
0
0
0
0
0
0
0
0
0
0
0
0
0
0
0
0
0
0
0
0
0
0
0
0
0
0
0
0
0
0
0
0
0
0
0
0
0
0
0
0
0
0
0
0
0
0
0
0
0
0
0
0
0
0
0
0
0
0
0
0
0
0
0
0
0
0
0
0
0
0
0
0
0
0
0
0
0
0
0
0
0
0
0
0
0
0
0
0
0
0
0
0
0
0
0
0
0
0
0
0
0
0
0
0
0
0
0
0
0
0
0
0
0
0
0
0
0
0
0
0
0
0
0
0
0
0
0
0
0
0
0
0
0
0
0
0
0
0
0
0
0
0
0
0
0
0
0
0
0
0
0
0
0
0
0
0
0
0
0
0
0
0
0
0
0
0
0
0
0
0
0
0
0
0
0
0
0
0
0
0
0
0
0
-nan
-nan
-nan
-nan
-nan
-nan
-nan
-nan
-nan
-nan
-nan
-nan
-nan
-nan
-nan
-nan
-nan
-nan
-nan
-nan
-nan
-nan
-nan
-nan
-nan
-nan
-nan
-nan
-nan
-nan
-nan
-nan
-nan
-nan
-nan
-nan
-nan
-nan
-nan
-nan
-nan
-nan
-nan
-nan
-nan
-nan
-nan
-nan
-nan
-nan
-nan
-nan
-nan
-nan
-nan
-nan
-nan
-nan
-nan
-nan
-nan
-nan
-nan
-nan
-nan
-nan
-nan
-nan
-nan
-nan
-nan
-nan
-nan
-nan
-nan
-nan
-nan
-nan
-nan
-nan
-nan
-nan
-nan
-nan
-nan
-nan
-nan
-nan
-nan
-nan
-nan
-nan
-nan
-nan
-nan
-nan
-nan
-nan
-nan
-nan
-nan
-nan
-nan
-nan
-nan
-nan
-nan
-nan
-nan
-nan
-nan
-nan
-nan
-nan
-nan
-nan
-nan
-nan
-nan
-nan
-nan
-nan
-nan
-nan
-nan
-nan
-nan
-nan
-nan
-nan
-nan
-nan
-nan
-nan
-nan
-nan
-nan
-nan
-nan
-nan
-nan
-nan
-nan
-nan
-nan
-nan
-nan
-nan
-nan
-nan
-nan
-nan
-nan
-nan
-nan
-nan
-nan
-nan
-nan
-nan
-nan
-nan
-nan
-nan
-nan
-nan
-nan
-nan
-nan
-nan
-nan
-nan
0.811713
0.811759
0.811791
0.811839
0.81187
0.811918
0.81195
0.811997
0.812045
0.812077
0.812124
0.812156
0.812202
0.812235
0.812266
0.812313
0.812359
0.81239
0.812433
0.812456
0.812495
0.812362
0.812427
0.812439
0.812466
0.812492
0.812531
0.812574
0.812596
0.81265
0.812666
0.812714
0.812745
0.812776
0.812838
0.812869
0.812901
0.812947
0.812978
0.813025
0.813071
0.813215
0.813329
0.813488
0.812632
0.811484
0.808641
0.80634
0.80278
0.799733
0.798277
0.797397
0.797783
0.799946
0.804039
0.805777
0.812864
0.82084
0.82599
0.836284
0.842058
0.85209
0.862012
0.886119
0.886119
0.893883
0.912414
0.912415
0.915634
0.919908
0.922432
0.924731
0.927788
0.929651
0.932199
0.93685
0.937589
0.937603
0.939874
0.942156
0.94379
0.945677
0.948126
0.949982
0.952919
0.956002
0.958167
0.96152
0.96497
0.967351
0.969752
0.973412
0.975867
0.97953
0.983186
0.985648
0.988346
0.99191
0.993999
0.99746
1.00085
1.00307
1.00528
1.00849
1.01166
1.01373
1.0168
1.01881
1.02081
1.02374
1.0266
1.02855
1.03141
1.03353
1.03613
1.03804
1.04084
1.04269
1.04545
1.04825
1.05012
1.05197
1.05472
1.05659
1.06023
1.06116
1.06476
1.06752
1.0684
1.07017
1.07289
1.07469
1.07731
1.07909
1.0817
1.08432
1.08605
1.08782
1.09127
1.09323
1.09494
1.09643
1.09894
1.10166
1.10399
1.10588
1.10735
1.10987
1.11154
1.11401
1.11648
1.1182
1.12165
1.12165
1.12395
1.12632
1.12875
1.13039
1.13272
1.13999
1.13999
1.14151
1.14893
1.1494
1.151
1.15336
1.15574
1.15721
1.15878
1.16111
1.16254
1.16497
1.16632
1.16863
1.17084
1.17221
1.17377
1.17589
1.12341
1.12446
1.12536
1.12703
1.12992
1.13027
1.13149
1.13254
1.13481
1.13539
1.13714
1.13837
1.14002
1.14126
1.14295
1.14435
1.14598
1.14712
1.14902
1.15012
1.1527
1.15499
1.15509
1.15647
1.15829
1.16089
1.16213
1.16399
1.16564
1.16676
1.16892
1.16991
1.1719
1.17319
1.17517
1.17674
1.17849
1.17975
1.18102
1.18322
1.18518
1.18646
1.1885
1.18997
1.19189
1.19331
1.19513
1.19719
1.19913
1.20044
1.20175
1.20388
1.20518
1.20726
1.20858
1.21074
1.21223
1.21403
1.21567
1.21764
1.21947
1.22097
1.22296
1.22567
1.22567
1.22798
1.22982
1.23182
1.234
1.23535
1.2367
1.23873
1.24074
1.24141
1.24361
1.24559
1.247
1.24903
1.25052
1.25241
1.25411
1.25644
1.25746
1.2595
1.26087
1.26294
1.26469
1.26638
1.2681
1.27003
1.27142
1.27365
1.27579
1.27711
1.27837
1.28065
1.34969
1.34969
1.35193
1.35774
1.35847
1.35999
1.36145
1.36363
1.36581
1.36748
1.36893
1.37103
1.37304
1.37486
1.3769
1.37852
1.38058
1.38223
1.38399
1.38624
1.38874
1.39011
1.39247
1.39672
1.39752
1.39975
1.4014
1.4029
1.40497
1.4075
1.4094
1.41173
1.41368
1.41515
1.41755
1.41946
1.42205
1.4249
1.42665
1.42944
1.43208
1.43385
1.43586
1.43852
1.44031
1.44387
1.44565
1.44695
1.44965
1.45144
1.45323
1.45617
1.45866
1.46047
1.46227
1.46614
1.46825
1.48015
1.48107
1.49303
1.49374
1.50446
1.50446
1.51545
1.51617
1.52729
1.52806
1.52842
1.52997
1.53271
1.53505
1.53681
1.53897
1.54114
1.54392
1.54492
1.54946
1.54987
1.54987
1.55374
1.55523
1.55783
1.56046
1.56222
1.5646
1.5673
1.56944
1.57128
1.57406
1.57688
1.57877
1.58067
1.58257
1.58608
1.58921
1.59187
1.5948
1.59699
1.6
1.60196
1.60491
1.60941
1.60941
1.61184
1.61335
1.61634
1.6198
1.62133
1.62478
1.62678
1.62933
1.63181
1.63234
1.63535
1.63888
1.64192
1.64496
1.64701
1.64931
1.65237
1.27517
1.27631
1.27798
1.27969
1.2814
1.28253
1.28423
1.28539
1.28713
1.2877
1.28886
1.29076
1.29293
1.29412
1.29474
1.29711
1.29892
1.30016
1.30139
1.30248
1.30388
1.30563
1.30691
1.30885
1.31079
1.31277
1.31408
1.31541
1.31741
1.31874
1.32077
1.32212
1.32548
1.32617
1.32753
1.32906
1.33093
1.33337
1.3356
1.33551
1.33755
1.33909
1.34115
1.34367
1.34573
1.34649
1.34788
1.34927
1.35135
1.35273
1.35554
1.35641
1.35833
1.36044
1.36249
1.36445
1.36709
1.36852
1.37084
1.37137
1.3735
1.37566
1.37709
1.3787
1.38066
1.38282
1.38427
1.38571
1.38858
1.3893
1.39148
1.39293
1.3951
1.39727
1.39879
1.39918
1.40136
1.40354
1.40433
1.40721
1.4094
1.41017
1.41306
1.41404
1.41692
1.4177
1.4204
1.42262
1.4241
1.42557
1.4278
1.43027
1.43171
1.43249
1.43541
1.43617
1.43908
1.44131
1.44298
1.44502
1.44651
1.44797
1.4495
1.45245
1.45321
1.45541
1.45786
1.45917
1.46215
1.46366
1.46525
1.46751
1.46828
1.47051
1.47278
1.47505
1.47656
1.47808
1.48036
1.48262
1.4849
1.48717
1.48794
1.49022
1.49099
1.49403
1.49574
1.49783
1.49955
3.2039
3.2084
3.21513
3.21963
3.2304
3.23316
3.23766
3.24393
3.24845
3.25523
3.26026
3.26704
3.27158
3.27612
3.28349
3.28745
3.29655
3.30076
3.30531
3.31212
3.31669
3.32354
3.33038
3.33722
3.33951
3.34696
3.35325
3.35783
3.36469
3.36929
3.37676
3.38077
3.38536
3.39225
3.39916
3.40319
3.40779
3.41468
3.41931
3.42624
3.43316
3.43835
3.44473
3.44936
3.45631
3.46614
3.46792
3.47257
3.47954
3.48418
3.49174
3.49816
3.50295
3.50761
3.51459
3.5216
3.52628
3.53796
3.53796
3.54497
3.54967
3.55436
3.56431
3.57075
3.5731
3.57781
3.58486
3.59191
3.59897
3.60133
3.6112
3.61532
3.62003
3.62477
3.63186
3.64132
3.64605
3.6508
3.65791
3.66266
3.67274
3.67453
3.68167
3.68643
3.69415
3.69831
3.70456
3.71171
3.71647
3.72302
3.729
3.73497
3.73975
3.74692
3.75169
3.76491
3.76491
3.76848
3.77566
3.78286
3.78767
3.79248
3.79969
3.80449
3.81334
3.82058
3.82476
3.83139
3.83809
3.84474
3.85199
3.86656
3.86656
3.87868
3.89201
3.89201
3.89201
3.91032
3.91032
3.92477
3.93934
3.93934
3.93934
3.95388
3.955
3.99054
3.99236
3.9959
3.99833
4.00075
4.02012
4.02012
4.03946
4.04429
4.04429
4.04429
4.05045
4.05635
4.06358
4.0684
4.07323
4.08109
4.08835
4.0926
4.09989
4.10476
4.11344
4.11697
4.12187
4.12924
4.13663
4.14122
4.15249
4.15606
4.16103
4.166
4.17345
4.18233
4.18732
4.1934
4.1998
4.20591
4.21342
4.23597
4.23597
4.24302
4.24992
4.25556
4.26103
4.26606
4.27361
4.28115
4.28726
4.2948
4.29982
4.30483
4.31235
4.31987
4.3249
4.33056
4.33748
4.34501
4.3507
4.35827
4.36268
4.37027
4.37534
4.38356
4.38801
4.39564
4.40072
4.40677
4.41124
4.41952
4.42398
4.43648
4.43677
4.4485
4.44955
4.45726
4.46239
4.47265
4.47672
4.48358
4.49066
4.49581
4.50095
4.50868
4.51537
4.52159
4.53085
4.5349
4.54266
4.54784
4.55301
4.55923
4.56442
4.57375
4.58153
4.58672
4.59453
4.60234
4.60754
4.61274
4.62057
4.62644
4.63725
4.64246
4.64508
4.65031
3.24402
3.24785
3.25549
3.25891
3.26405
3.26748
3.2726
3.27774
3.28118
3.28462
3.29354
3.29699
3.30045
3.30398
3.30873
3.31427
3.3199
3.32127
3.32606
3.33228
3.33793
3.34097
3.34621
3.34971
3.35494
3.36019
3.36063
3.36413
3.36982
3.37288
3.37816
3.37955
3.38694
3.39046
3.39619
3.39928
3.40456
3.40809
3.41385
3.41934
3.42332
3.42643
3.43176
3.43708
3.44107
3.44859
3.45171
3.45487
3.46106
3.46378
3.4678
3.47491
3.48027
3.48163
3.48566
3.49059
3.49596
3.50132
3.50339
3.51058
3.51239
3.51732
3.51911
3.5245
3.5299
3.5335
3.53888
3.54429
3.5479
3.55151
3.55691
3.56052
3.56822
3.57184
3.57726
3.58088
3.58405
3.58534
3.59078
3.59439
3.59985
3.60349
3.60894
3.61257
3.6185
3.62169
3.62715
3.63599
3.63965
3.64515
3.65063
3.65246
3.65794
3.66162
3.66755
3.67076
3.6739
3.67756
3.68308
3.6886
3.69227
3.69777
3.70377
3.70883
3.71305
3.72042
3.72172
3.72541
3.72911
3.73464
3.74019
3.74573
3.74758
3.75739
3.75868
3.76602
3.76787
3.77529
3.77714
3.78457
3.79014
3.79444
3.79758
3.80375
3.80981
3.81248
3.81621
3.81994
3.82368
3.83115
3.83863
3.83863
3.84799
3.84799
3.85737
3.85924
3.86675
3.86863
4.39005
3.87536
3.88224
3.88411
3.8935
3.8935
3.90289
3.90289
3.91295
3.9153
3.92424
3.92613
3.95572
3.95376
3.98163
3.98659
3.99231
3.9918
3.98378
3.98651
3.93973
3.9435
3.9435
3.99812
3.99886
3.98932
3.98932
4.00126
4.00357
4.03425
4.03698
4.06535
4.06682
4.08391
4.09231
4.11053
4.10785
4.10785
4.1298
4.13161
4.15061
4.14972
4.17452
4.17631
4.2034
4.20492
4.2122
4.16816
4.17194
4.19336
4.19451
4.21202
4.21356
3.50815
3.50254
3.55061
3.5465
3.54794
3.54794
3.55347
3.52227
3.52673
3.55316
3.55862
3.56399
3.56399
3.55929
3.56659
3.58436
3.59033
3.59112
3.60159
3.60571
3.6046
3.6107
3.6213
3.6213
3.63521
3.63683
3.64009
3.646
3.65573
3.66838
3.66838
3.66838
3.67065
3.67547
3.68317
3.688
3.69561
3.69466
3.69521
3.70927
3.70769
3.71741
3.72339
3.72067
3.7299
3.73798
3.74284
3.74447
3.74447
3.75419
3.75697
3.7651
3.76393
3.77044
3.77207
3.78139
3.78753
3.78802
3.79572
3.79663
3.79788
3.80117
3.81056
3.82042
3.81928
3.82424
3.82544
3.83083
3.84198
3.8387
3.85195
3.85361
4.68729
4.69954
4.70362
4.7077
4.71381
4.71993
4.72859
4.73013
4.73421
4.74034
4.74648
4.75057
4.75467
4.76083
4.76495
4.76488
4.76899
4.78563
4.78926
4.79601
4.80018
4.80383
4.8101
4.81639
4.82058
4.82899
4.82477
4.83109
4.83508
4.84799
4.85222
4.84986
4.86491
4.85554
4.87554
4.87979
4.88405
4.87895
4.89038
4.88524
4.8989
4.89641
4.90663
4.91597
4.91079
4.9172
4.93093
4.92788
4.94433
4.94712
4.95061
4.95785
4.96431
4.96861
4.98162
4.98152
4.98584
4.99662
4.98921
4.99136
5.00795
5.0205
5.01875
5.01345
5.01939
5.0355
5.04171
5.05452
5.04696
5.06102
5.07424
5.06882
5.0686
5.08944
5.09595
5.0905
5.09699
5.11112
5.11085
5.11517
5.12845
5.1308
5.13784
5.14163
5.14813
5.15247
5.14963
5.16333
5.1621
5.1742
5.1708
5.18479
5.18479
5.17917
5.18572
5.19916
5.19663
5.20791
5.21448
5.22222
5.23406
5.22787
5.23445
5.24159
5.25131
5.25992
5.26304
5.26304
5.27977
5.2746
5.27847
5.29523
5.28948
5.2939
5.30051
5.31735
5.31636
5.32024
5.32687
5.3313
5.33794
5.34459
5.34681
5.35346
5.35359
5.36025
5.37179
5.38598
5.39268
5.38736
5.39349
5.40312
5.40981
5.41428
5.41056
5.42545
5.43271
5.43887
5.44558
5.45006
5.44787
5.45178
5.4585
5.47023
5.47752
5.46587
5.48777
5.49282
5.49844
5.51249
5.51699
5.51644
5.5103
5.51705
5.52889
5.52605
5.54407
5.54407
5.54407
5.56155
5.56607
5.57285
5.57738
5.58473
5.58925
5.59549
5.60001
5.60359
5.61095
5.61492
5.61194
5.61874
5.63308
5.63762
5.64444
5.63803
5.64484
5.66036
5.66492
5.67175
5.67859
5.68314
5.69651
5.70107
5.70033
5.7125
5.71707
5.71288
5.71973
5.73767
5.74224
5.74912
5.74605
5.75829
5.75404
5.76976
5.75837
5.76466
5.77695
5.79276
5.78618
5.79307
5.79766
5.81347
5.81375
5.81662
5.82065
5.82985
5.82438
5.83127
5.84828
5.85058
5.86651
5.87344
5.87807
5.885
5.8818
5.89204
5.89667
5.90361
5.90824
5.91519
5.91983
5.92678
5.93143
5.93047
5.93744
5.95002
5.95467
5.96165
5.96864
5.9733
6.02601
6.03251
6.03487
6.04195
6.04668
6.04216
6.06882
6.07592
6.08066
6.08777
6.07285
6.08052
6.08466
6.09175
6.09647
6.10356
6.10828
6.11436
6.11908
6.14604
6.13898
6.15037
6.14504
6.16026
6.16498
6.16971
6.18868
6.18763
6.20052
6.19395
6.18991
6.19936
6.20468
6.22078
6.23152
6.23864
6.24338
6.23848
6.25147
6.26
6.26712
6.27046
6.28728
6.27464
6.2788
6.29626
6.29067
6.31054
6.31468
6.31348
6.31824
6.33375
6.33852
6.34568
6.35046
6.35822
6.36478
6.36956
6.37673
6.36685
6.37788
6.39349
6.39827
6.39897
6.40376
6.39861
6.41632
6.42292
6.43012
6.4355
6.45059
6.4554
6.44782
6.46744
6.47224
6.48006
6.47815
6.4705
6.4753
6.49499
6.50222
6.50705
5.38346
5.38741
5.39333
5.39779
5.40372
5.40717
5.41311
5.41707
5.42302
5.42697
5.44619
5.45166
5.44284
5.44681
5.45275
5.45871
5.45324
5.45721
5.48455
5.47562
5.48359
5.48359
5.503
5.49552
5.48996
5.49644
5.50191
5.50588
5.53496
5.53846
5.53142
5.54847
5.55247
5.54589
5.5514
5.5685
5.57451
5.56887
5.56173
5.58491
5.58491
5.57771
5.58172
5.58774
5.6095
5.6095
5.61402
5.63535
5.63535
5.63161
5.63161
5.63765
5.655
5.63789
5.64392
5.64995
5.65397
5.658
5.67744
5.68148
5.67208
5.69004
6.07671
6.08105
6.08755
6.0919
6.0984
6.10274
6.12387
6.11959
6.12448
6.12666
6.13101
6.13755
6.14191
6.16204
6.1664
6.15715
6.1637
6.16806
6.17459
6.18114
6.1992
6.19827
6.18894
6.19549
6.21358
6.20641
6.21078
6.23164
6.22171
6.24207
6.24645
6.23921
6.24798
6.26621
6.26841
6.26112
6.27938
6.27209
6.29039
6.29698
6.28716
6.29155
6.30992
6.31653
6.32313
6.3303
6.33417
6.33858
6.3452
6.35182
6.35625
6.34879
6.3673
6.36997
6.37218
6.37883
6.38546
6.38752
6.40437
6.39461
6.41547
6.40789
6.42656
6.41897
6.43769
6.4449
6.44879
6.45547
6.45993
6.46661
6.47384
6.46338
6.47409
6.47855
6.49559
6.47793
6.49911
6.48907
6.49574
6.51696
6.51735
6.53862
6.54309
6.53522
6.55653
6.5464
6.55554
6.56001
6.56616
6.57064
6.56269
6.56772
6.59401
6.58373
6.59046
6.61199
6.61648
6.62323
6.62773
6.61965
6.639
6.64575
6.65027
6.64215
6.66155
6.66832
6.6579
6.94604
6.95311
6.97276
6.96491
6.96964
6.97673
6.98204
6.98854
6.99327
7.01541
7.00511
7.02725
7.01693
7.02404
7.02878
7.05099
7.04493
7.05501
7.0568
7.04879
7.06864
7.07576
7.08051
7.07247
7.09474
7.09949
7.10425
7.10089
7.11849
7.12324
7.128
7.13515
7.15532
7.14483
7.14959
7.1459
7.16387
7.16863
7.17339
7.18114
7.20306
7.19485
7.20022
7.2198
7.21158
7.21635
7.22352
7.2283
7.25095
7.22942
7.23181
7.23898
7.26171
7.2689
7.25871
7.28089
7.27249
7.28895
7.30876
7.30034
7.32079
7.31236
7.32172
7.32893
7.31803
7.32524
7.3233
7.34626
7.35107
7.37009
7.35852
7.38155
7.38637
7.39362
7.40088
7.40632
7.41054
7.40251
7.42507
7.4033
7.42587
7.43071
7.43797
7.42471
7.44552
7.46473
7.46897
7.47626
7.48111
7.48838
7.49324
7.50053
7.50539
7.51024
7.50141
7.52483
7.5297
7.52553
7.53039
7.53769
7.55416
7.55902
7.56633
7.56216
7.5646
7.58404
7.59074
7.59563
7.60296
7.60786
7.61519
7.62007
7.62742
7.63293
7.63966
7.64523
7.65197
7.65688
7.66425
7.65511
7.67651
7.68388
7.67227
7.69617
7.70108
7.706
7.72513
7.72077
7.72815
7.73307
7.72382
7.74541
7.75279
7.76301
7.75377
7.77969
7.78278
7.77041
7.79451
7.79946
7.80689
7.81677
7.80737
7.81479
7.81974
7.82715
7.84402
7.84898
7.85643
7.86387
7.86945
7.86001
7.87405
7.88398
7.88646
7.89454
7.89951
7.90698
7.91382
7.92128
7.92626
7.93125
7.93873
7.94373
7.95124
7.95625
7.96379
7.96881
7.97384
7.9814
8.00371
7.99157
8.01638
8.02146
8.01183
8.03671
8.04181
8.04946
8.03007
8.03007
8.05506
8.06017
8.06784
8.08527
8.09296
8.08133
8.1058
8.11094
8.10121
8.11394
8.10669
8.11183
8.11446
8.1397
8.14486
8.15263
8.14025
8.16625
8.17403
8.17858
8.18377
8.19156
8.19676
8.20456
8.20976
8.23009
8.22024
8.22804
8.23325
8.24105
8.24625
8.25667
8.25927
8.26969
8.2749
8.28011
8.28532
8.26775
8.27555
8.28075
8.2866
8.31921
8.32703
8.32966
8.35282
8.36327
8.3685
8.37372
8.36617
8.374
8.37661
8.38183
8.38967
8.3975
8.40273
8.40795
8.4184
8.42362
8.42884
8.43406
8.43994
8.44778
8.45235
8.46019
8.46803
8.47326
8.47849
8.48633
8.49417
8.4994
8.50463
8.51248
8.51771
8.52556
8.54662
8.5499
8.58312
8.58837
8.55949
8.56472
8.57258
8.57781
8.58567
8.59091
8.59876
8.604
8.61186
8.61709
8.662
8.66726
8.67516
8.66245
8.62999
8.63523
8.64311
8.68617
8.69343
8.70135
8.70927
8.71455
8.72247
8.72775
8.70654
8.71509
8.72035
8.72759
8.73285
8.76734
8.77525
8.7725
8.77776
8.80962
8.82019
8.82283
8.83075
8.83603
8.84395
8.85187
8.85715
8.80118
8.84621
8.84885
8.85674
8.86464
8.83525
8.8405
8.8857
9.58982
9.59835
9.60688
9.61256
9.62109
9.62678
9.6353
9.64454
9.64667
9.6552
9.66373
9.70779
9.71635
9.74843
9.75701
9.76559
9.77131
9.77988
9.7177
9.75355
9.79725
9.76707
9.77561
9.78414
9.78983
9.77161
9.77728
9.78578
9.79216
9.79712
9.80562
9.81129
9.84382
9.85234
9.89997
9.90566
9.91421
9.89009
9.89861
9.9043
9.91284
9.91924
9.92706
9.93559
9.94128
9.91975
9.92897
9.9619
9.97257
9.93572
9.94422
9.95272
9.95839
9.96405
9.97255
9.98105
9.98672
10.0229
10.0285
10.0371
10.0456
10.052
10.0605
10.0655
10.074
10.0826
10.0481
10.0814
10.0899
10.0956
10.1013
10.1098
10.0906
10.0963
10.1498
10.1498
10.1583
10.1676
10.1754
10.181
10.1867
10.1959
10.2009
10.2094
10.2555
10.2243
10.2292
10.2663
10.2712
10.2547
10.2575
10.266
9.57432
9.57959
9.58748
9.6241
9.62938
9.63731
9.6426
9.627
9.62964
9.64549
9.64549
9.65144
9.65606
9.66201
9.66929
9.67789
9.67988
9.68782
9.69576
9.70106
9.70901
9.71429
9.72225
9.72756
9.73553
9.77333
9.74882
9.75681
9.76213
9.77013
9.77546
9.82488
9.83025
9.83628
9.84365
9.85169
9.85705
9.84101
9.84636
9.85438
9.85973
9.86775
9.87577
9.87845
9.85697
9.86497
9.87296
9.87897
9.8863
9.89163
9.89696
9.90496
9.94263
9.94798
9.954
9.92012
9.96948
9.97484
10.0099
10.018
10.0261
10.0314
10.0097
10.0151
10.0231
10.0285
10.0365
10.0419
10.0499
10.0553
10.0607
10.0687
9.64515
9.65029
9.6606
9.66898
9.66898
9.67607
9.68638
9.68896
9.6967
9.70185
9.70959
9.71474
9.7532
9.77388
9.77388
9.78164
9.80235
9.80493
9.84871
9.85128
9.83056
9.83303
9.83632
9.83881
9.90315
9.94934
9.9088
9.91053
9.9265
9.92651
9.93111
9.9551
9.9551
10.0047
10.0047
9.97563
10.0277
10.0781
10.0366
10.01
10.0153
10.0648
10.1043
10.0658
10.1171
10.0903
10.0977
10.122
10.1293
10.1341
10.1725
10.1773
10.1868
10.1916
10.1964
10.2035
10.2083
10.2155
10.1914
10.1968
10.2036
10.2085
10.2134
10.2524
10.2574
11.7329
11.7415
11.7473
11.753
11.7617
11.7704
11.8066
11.8153
11.8211
11.8298
11.8356
11.8137
11.8195
11.8281
11.8789
11.8875
11.8482
11.8569
11.8933
11.9282
11.9397
11.9426
11.9491
11.957
11.9656
11.9259
11.9345
11.9402
11.946
12.0002
12.006
12.0146
12.0232
12.029
12.0384
12.029
12.0377
12.0434
12.0492
12.0578
12.0672
