1.77965e-43
1.77965e-43
1.77965e-43
1.77965e-43
1.77965e-43
1.77965e-43
1.77965e-43
1.77965e-43
1.77965e-43
1.77965e-43
1.77965e-43
1.77965e-43
1.77965e-43
1.77965e-43
1.77965e-43
1.77965e-43
1.77965e-43
1.77965e-43
1.77965e-43
1.77965e-43
1.77965e-43
1.77965e-43
1.77965e-43
1.77965e-43
1.77965e-43
1.77965e-43
1.77965e-43
1.77965e-43
1.77965e-43
1.77965e-43
1.77965e-43
1.77965e-43
1.77965e-43
1.77965e-43
1.77965e-43
1.77965e-43
1.77965e-43
1.77965e-43
1.77965e-43
1.77965e-43
1.77965e-43
1.77965e-43
1.77965e-43
1.77965e-43
1.77965e-43
1.77965e-43
1.77965e-43
1.77965e-43
1.77965e-43
1.77965e-43
1.77965e-43
1.77965e-43
1.77965e-43
1.77965e-43
1.77965e-43
1.77965e-43
1.77965e-43
1.77965e-43
1.77965e-43
1.77965e-43
1.77965e-43
1.77965e-43
1.77965e-43
1.77965e-43
1.77965e-43
1.77965e-43
1.77965e-43
1.77965e-43
1.77965e-43
1.77965e-43
1.77965e-43
1.77965e-43
1.77965e-43
1.77965e-43
1.77965e-43
1.77965e-43
1.77965e-43
1.77965e-43
1.77965e-43
1.77965e-43
1.77965e-43
1.77965e-43
1.77965e-43
1.77965e-43
1.77965e-43
1.77965e-43
1.77965e-43
1.77965e-43
1.77965e-43
1.77965e-43
1.77965e-43
1.77965e-43
1.77965e-43
1.77965e-43
1.77965e-43
1.77965e-43
1.77965e-43
1.77965e-43
1.77965e-43
1.77965e-43
1.77965e-43
1.77965e-43
1.77965e-43
1.77965e-43
1.77965e-43
1.77965e-43
1.77965e-43
1.77965e-43
1.77965e-43
1.77965e-43
1.77965e-43
1.77965e-43
1.77965e-43
1.77965e-43
1.77965e-43
1.77965e-43
1.77965e-43
1.77965e-43
1.77965e-43
1.77965e-43
1.77965e-43
1.77965e-43
1.77965e-43
1.77965e-43
1.77965e-43
1.77965e-43
1.77965e-43
1.77965e-43
1.77965e-43
1.77965e-43
1.77965e-43
1.77965e-43
1.77965e-43
1.77965e-43
1.77965e-43
1.77965e-43
1.77965e-43
1.77965e-43
1.77965e-43
1.77965e-43
1.77965e-43
1.77965e-43
1.77965e-43
1.77965e-43
1.77965e-43
1.77965e-43
1.77965e-43
1.77965e-43
1.77965e-43
1.77965e-43
1.77965e-43
1.77965e-43
1.77965e-43
1.77965e-43
1.77965e-43
1.77965e-43
1.77965e-43
1.77965e-43
1.77965e-43
1.77965e-43
1.77965e-43
1.77965e-43
1.77965e-43
1.77965e-43
1.77965e-43
1.77965e-43
1.77965e-43
1.77965e-43
1.77965e-43
1.77965e-43
1.77965e-43
1.77965e-43
1.77965e-43
1.77965e-43
1.77965e-43
1.77965e-43
1.77965e-43
1.77965e-43
1.77965e-43
1.77965e-43
1.77965e-43
1.77965e-43
1.77965e-43
1.77965e-43
1.77965e-43
1.77965e-43
1.77965e-43
1.77965e-43
1.77965e-43
1.77965e-43
1.77965e-43
1.77965e-43
1.77965e-43
1.77965e-43
1.77965e-43
1.77965e-43
1.77965e-43
1.77965e-43
1.77965e-43
1.77965e-43
1.77965e-43
1.77965e-43
1.77965e-43
1.77965e-43
1.77965e-43
1.77965e-43
1.77965e-43
1.77965e-43
1.77965e-43
1.77965e-43
1.77965e-43
1.77965e-43
1.77965e-43
1.77965e-43
1.77965e-43
1.77965e-43
1.77965e-43
1.77965e-43
4.80083e+30
4.80083e+30
4.80083e+30
4.80083e+30
4.80083e+30
4.80083e+30
4.80083e+30
4.80083e+30
4.80083e+30
4.80083e+30
4.80083e+30
4.80083e+30
4.80083e+30
4.80083e+30
4.80083e+30
4.80083e+30
4.80083e+30
4.80083e+30
4.80083e+30
4.80083e+30
4.80083e+30
4.80083e+30
4.80083e+30
4.80083e+30
4.80083e+30
4.80083e+30
4.80083e+30
4.80083e+30
4.80083e+30
4.80083e+30
4.80083e+30
4.80083e+30
4.80083e+30
4.80083e+30
4.80083e+30
4.80083e+30
4.80083e+30
4.80083e+30
4.80083e+30
4.80083e+30
4.80083e+30
4.80083e+30
4.80083e+30
4.80083e+30
4.80083e+30
4.80083e+30
4.80083e+30
4.80083e+30
4.80083e+30
4.80083e+30
4.80083e+30
4.80083e+30
4.80083e+30
4.80083e+30
4.80083e+30
4.80083e+30
4.80083e+30
4.80083e+30
4.80083e+30
4.80083e+30
4.80083e+30
4.80083e+30
4.80083e+30
4.80083e+30
4.80083e+30
4.80083e+30
4.80083e+30
4.80083e+30
4.80083e+30
4.80083e+30
4.80083e+30
4.80083e+30
4.80083e+30
4.80083e+30
4.80083e+30
4.80083e+30
4.80083e+30
4.80083e+30
4.80083e+30
4.80083e+30
4.80083e+30
4.80083e+30
4.80083e+30
4.80083e+30
4.80083e+30
4.80083e+30
4.80083e+30
4.80083e+30
4.80083e+30
4.80083e+30
4.80083e+30
4.80083e+30
4.80083e+30
4.80083e+30
4.80083e+30
4.80083e+30
4.80083e+30
4.80083e+30
4.80083e+30
4.80083e+30
4.80083e+30
4.80083e+30
4.80083e+30
4.80083e+30
4.80083e+30
4.80083e+30
4.80083e+30
4.80083e+30
4.80083e+30
4.80083e+30
4.80083e+30
4.80083e+30
4.80083e+30
4.80083e+30
4.80083e+30
4.80083e+30
4.80083e+30
4.80083e+30
4.80083e+30
4.80083e+30
4.80083e+30
4.80083e+30
4.80083e+30
4.80083e+30
4.80083e+30
4.80083e+30
4.80083e+30
4.80083e+30
4.80083e+30
4.80083e+30
4.80083e+30
4.80083e+30
4.80083e+30
4.80083e+30
4.80083e+30
4.80083e+30
4.80083e+30
4.80083e+30
4.80083e+30
4.80083e+30
4.80083e+30
4.80083e+30
4.80083e+30
4.80083e+30
4.80083e+30
4.80083e+30
4.80083e+30
4.80083e+30
4.80083e+30
4.80083e+30
4.80083e+30
4.80083e+30
4.80083e+30
4.80083e+30
4.80083e+30
4.80083e+30
4.80083e+30
4.80083e+30
4.80083e+30
4.80083e+30
4.80083e+30
4.80083e+30
4.80083e+30
4.80083e+30
4.80083e+30
4.80083e+30
4.80083e+30
4.80083e+30
4.80083e+30
4.80083e+30
4.80083e+30
4.80083e+30
4.80083e+30
4.80083e+30
4.80083e+30
4.80083e+30
4.80083e+30
4.80083e+30
4.80083e+30
4.80083e+30
4.80083e+30
4.80083e+30
4.80083e+30
4.80083e+30
4.80083e+30
4.80083e+30
4.80083e+30
4.80083e+30
4.80083e+30
4.80083e+30
4.80083e+30
4.80083e+30
4.80083e+30
4.80083e+30
4.80083e+30
4.80083e+30
4.80083e+30
4.80083e+30
4.80083e+30
4.80083e+30
4.80083e+30
4.80083e+30
4.80083e+30
4.80083e+30
4.80083e+30
4.80083e+30
4.80083e+30
4.80083e+30
4.80083e+30
4.80083e+30
4.80083e+30
0.267888
0.112854
0.0679087
0.0462288
0.0332123
0.0237955
0.0168219
0.0099995
0.00486591
-0.000575467
-0.00482841
-0.00711343
-0.00852031
-0.00861586
-0.00685986
-0.00336074
-0.00241552
0.00364008
0.0102298
0.0138061
0.0220952
0.0257925
0.033409
0.0406859
0.0611394
0.0581983
0.062794
0.0775583
0.0743536
0.0744056
0.0755442
0.0750753
0.0744809
0.0746954
0.0738318
0.0736917
0.0754906
0.073766
0.0714715
0.0713319
0.0712995
0.0706661
0.0703369
0.0705318
0.070252
0.0709611
0.0718387
0.0718976
0.0730408
0.0742977
0.0745912
0.0749335
0.0763994
0.0768051
0.0783005
0.0797843
0.0801802
0.0808362
0.082237
0.0823292
0.0836414
0.084873
0.0851093
0.08533
0.0864202
0.087441
0.0875577
0.0884912
0.0885664
0.0886328
0.0894886
0.0902932
0.0903209
0.0910872
0.0912799
0.0918498
0.0918626
0.0926136
0.0926065
0.0933204
0.0940265
0.0940219
0.0940253
0.0947373
0.0947459
0.0961427
0.095454
0.0968014
0.0974356
0.0967402
0.0967276
0.0973736
0.0973593
0.0979883
0.0979464
0.0985335
0.0991083
0.099057
0.0990122
0.100185
0.100276
0.100195
0.0999682
0.100472
0.101107
0.101443
0.101489
0.101254
0.101725
0.101632
0.102091
0.102539
0.102433
0.103523
0.102333
0.102596
0.102979
0.103351
0.103207
0.103567
0.106875
0.105677
0.105481
0.108772
0.107913
0.107666
0.107896
0.108104
0.107825
0.10755
0.10772
0.107416
0.107641
0.10723
0.107445
0.107441
0.107129
0.106822
0.106914
0.106979
0.106433
0.105811
0.105699
0.10646
0.105456
0.104965
0.104479
0.104806
0.103945
0.103883
0.103553
0.103422
0.103003
0.103007
0.102707
0.10264
0.102262
0.102324
0.101972
0.102471
0.102966
0.101794
0.101597
0.101608
0.102145
0.101849
0.101972
0.101773
0.101367
0.101621
0.101237
0.10137
0.101082
0.1012
0.101016
0.101054
0.100781
0.100508
0.10073
0.100857
0.100492
0.100627
0.100452
0.10058
0.100326
0.100368
0.100498
0.100628
0.100379
0.100129
0.100268
0.100009
0.100136
0.0998977
0.100045
0.099797
0.0999271
0.0997631
0.0998089
0.0999494
0.0997008
0.0998234
0.100321
0.0993193
0.0995561
0.0995914
0.0997072
0.0998097
0.0995639
0.0993255
0.099449
0.0995596
0.0989469
0.0990492
0.0991666
0.0989269
0.0990399
0.0987902
0.0988855
0.0986482
0.0991178
0.0985204
0.0986211
0.0983761
0.0985011
0.0983535
0.098373
0.0981288
0.0982442
0.0980181
0.0981306
0.09823
0.097986
0.0977672
0.0979708
0.100266
0.0989838
0.0986502
0.100032
0.0990688
0.0984416
0.0978181
0.0975112
0.0971947
0.0965663
0.0959414
0.0956177
0.0952853
0.0946572
0.0943587
0.0937562
0.0934752
0.0928989
0.0924236
0.0921159
0.0919939
0.0914089
0.0912517
0.0918152
0.0909989
0.0909166
0.0904839
0.0900741
0.0896654
0.0896454
0.0893489
0.089244
0.0888767
0.0885102
0.0885204
0.0881735
0.0881951
0.0882263
0.0878895
0.0879221
0.0879743
0.0876463
0.0873178
0.0873781
0.0870683
0.0875053
0.0871807
0.08688
0.0869545
0.0866444
0.0863337
0.0865109
0.0864965
0.0861946
0.0858916
0.0864438
0.086055
0.0898642
0.0891325
0.0928719
0.092074
0.0954577
0.0942454
0.0965114
0.0954375
0.0972916
0.0962141
0.0951573
0.094324
0.0937031
0.0930806
0.0923198
0.0916706
0.0908872
0.0905588
0.089643
0.0898099
0.0888819
0.0877221
0.0874168
0.0867328
0.0864277
0.0861505
0.0856024
0.0850815
0.0848814
0.0847171
0.0842578
0.0841357
0.0840343
0.0836202
0.083219
0.0828259
0.0827888
0.0828431
0.0827244
0.0827129
0.0824331
0.0823519
0.0820046
0.0820061
0.0827149
0.0816812
0.0813473
0.0810148
0.0810465
0.0810818
0.0807666
0.0807904
0.0804754
0.0805301
0.0802323
0.0795953
0.0796418
0.0797183
0.0797825
0.0798458
0.07958
0.0794003
0.0794778
0.0789922
0.0787954
0.0782444
0.0780548
0.0778727
0.0773383
0.0771431
0.0766309
0.0768036
0.075941
0.0754445
0.0753881
0.0751584
0.0746876
0.0742179
0.0741219
0.0740296
0.0736045
0.0731808
0.0731472
0.0728391
0.0727443
0.0723666
0.0723922
0.072416
0.0724658
0.0721205
0.0717951
0.0718674
0.0715421
0.071629
0.0713222
0.0721791
0.0714786
0.071182
0.070982
0.0709713
0.0710535
0.0712537
0.0704713
0.0705646
0.0703603
0.0704646
0.070469
0.0705584
0.0702666
0.0699933
0.0697192
0.0698223
0.0695391
0.0700493
0.0694901
0.0695022
0.0696229
0.0693649
0.0691993
0.0696025
0.069352
0.069574
0.068841
0.0689592
0.0691047
0.0688591
0.0687051
0.0687319
0.068866
0.0686258
0.0683844
0.0688778
0.0682586
0.0684069
0.0681712
0.0683006
0.0684299
0.0685733
0.0679676
0.0681022
0.0682329
0.0680119
0.0681545
0.0682834
0.0680414
0.0681875
0.0680527
0.068183
0.0679446
0.0679751
0.0681164
0.0678864
0.0676551
0.0681216
0.068236
0.0676502
0.0674238
0.0675454
0.0673085
0.0674108
0.0675372
0.0673948
0.0674189
0.0675185
0.0669426
0.0670726
0.067189
0.0669536
0.0667173
0.0669369
0.0666282
0.0670775
0.0668518
0.0666363
0.0667562
0.0665289
0.0662976
0.0664259
0.0665498
0.0663256
0.0664297
0.0665532
0.0663374
0.0664503
0.066551
0.0663326
0.0661212
0.0659081
0.0660197
0.0658756
0.0658933
0.0657676
0.0657925
0.0655569
0.0656377
0.0654086
0.0661599
0.0655952
0.0653552
0.0654523
0.0652285
0.0653229
0.0650861
0.0651682
0.0649485
0.0647262
0.0648965
0.0645826
0.0650007
0.0647749
0.0645456
0.0646265
0.0644082
0.064511
0.0645997
0.0646753
0.0641395
0.0643248
0.0643364
0.0641063
0.0641885
0.0639756
0.0641498
0.0638457
0.0636171
0.0637002
0.0638003
0.0635787
0.0633545
0.0634301
0.0632217
0.0633197
0.0634055
0.0632514
0.0632793
0.0630657
0.0631545
0.0635528
0.0630302
0.0628209
0.0629129
0.0626918
0.0628609
0.0628844
0.0626705
0.0624538
0.0625305
0.0626281
0.0624181
0.0631012
0.0622781
0.0623604
0.0621553
0.0619475
0.0624005
0.062393
0.0618838
0.0616792
0.0617681
0.061843
0.0619236
0.061418
0.061878
0.0615853
0.0613636
0.0611665
0.0612611
0.0616331
0.0614154
0.0612161
0.0613076
0.0610957
0.0615425
0.0609696
0.0610647
0.0608584
0.0610061
0.060714
0.0608091
0.0608946
0.0607523
0.0607458
0.0605361
0.0606251
0.0604154
0.0604851
0.0602632
0.0609284
0.0601434
0.0599347
0.0600027
0.060075
0.0598733
0.0596681
0.0597387
0.059523
0.0596059
0.0596844
0.0595405
0.0595385
0.059413
0.0594223
0.0594921
0.0604312
0.0596544
0.0602809
0.0612112
0.0604247
0.0596488
0.0608303
0.0600509
0.0606371
0.0614535
0.0606663
0.0598896
0.0606692
0.0601446
0.0630291
0.0624108
0.062112
0.0615638
0.06102
0.0621811
0.0613817
0.0624744
0.0621311
0.0613318
0.0605422
0.0602129
0.0601076
0.0599909
0.0596494
0.0593202
0.0592832
0.0591771
0.0588086
0.0587279
0.0584241
0.0583661
0.0580764
0.0578015
0.0577707
0.0577592
0.0574983
0.0577624
0.0575129
0.0572836
0.0570499
0.0570716
0.0571205
0.0568973
0.0569278
0.0567073
0.0567623
0.0568059
0.0584274
0.0576681
0.0575061
0.0574675
0.0572943
0.0572425
0.0570212
0.0570604
0.0570883
0.0568547
0.0568668
0.0566228
0.0563761
0.0563682
0.0563454
0.0561049
0.0559247
0.0558599
0.0558459
0.0556754
0.0556823
0.055378
0.0553972
0.0551725
0.0552451
0.0549653
0.0550029
0.0547808
0.0548822
0.0546147
0.0547231
0.0544452
0.0545737
0.0543097
0.0546122
0.0541524
0.0542267
0.0540336
0.0543422
0.0538851
0.0540276
0.0540294
0.0538345
0.0536353
0.0537044
0.0535218
0.0535874
0.0536391
0.0534495
0.0535265
0.0533395
0.0531509
0.0532104
0.0530374
0.0531118
0.0531731
0.05298
0.0530658
0.0531367
0.0529506
0.0527594
0.0528451
0.0527334
0.0532368
0.0530464
0.0526193
0.0524499
0.0524919
0.0523032
0.0522307
0.0519826
0.0519966
0.0517529
0.0517486
0.0517469
0.0515128
0.0512735
0.0515147
0.0512903
0.0510588
0.051134
0.0510922
0.0508704
0.0509569
0.0507238
0.0507038
0.050489
0.05058
0.0502892
0.0503426
0.0501296
0.0501638
0.0502058
0.0500033
0.0497964
0.0498996
0.049629
0.049692
0.0494913
0.0495351
0.0493344
0.0494664
0.0492046
0.0492545
0.0490634
0.0492007
0.0491974
0.0490604
0.0488144
0.048894
0.0489605
0.0488306
0.048912
0.0486686
0.0487403
0.048613
0.048622
0.0485121
0.0485237
0.0485893
0.0483949
0.0482877
0.0483045
0.0483736
0.0484288
0.0479952
0.0483324
0.048213
0.0482115
0.0477726
0.0478523
0.0479302
0.0477488
0.0478067
0.0478837
0.0477103
0.0475333
0.0475955
0.0474168
0.0475035
0.0473283
0.0473957
0.0472118
0.0473011
0.0471329
0.0472039
0.0470235
0.0471119
0.0469472
0.0470234
0.0468457
0.046996
0.0467694
0.0468491
0.0469174
0.0467572
0.0468464
0.0469261
0.0465102
0.0465768
0.0464226
0.0465721
0.0463421
0.046413
0.0462388
0.0463316
0.0464122
0.0462415
0.0463107
0.0464628
0.0464806
0.0460708
0.0463782
0.0462102
0.0460482
0.0458854
0.0459581
0.0460396
0.0461053
0.0457026
0.0460126
0.0458472
0.0459199
0.0455155
0.0458273
0.0454237
0.0457346
0.0458003
0.0454003
0.0454731
0.0453077
0.0454389
0.0454514
0.0452904
0.045125
0.0449675
0.0452766
0.045584
0.0449529
0.0454984
0.0448682
0.0454145
0.0450172
0.0453289
0.0449324
0.0447732
0.0446183
0.0451437
0.0447447
0.0452665
0.0446416
0.0451591
0.044536
0.0448241
0.0444871
0.0449374
0.0445428
0.0461487
0.0457306
0.0471245
0.0466331
0.0470871
0.0465232
0.0463783
0.0457647
0.0451432
0.0445262
0.0439138
0.0443271
0.0439229
0.0476458
0.0470254
0.0509064
0.0506061
0.0519717
0.0514831
0.051624
0.0510211
0.0511847
0.0506498
0.051571
0.0509096
0.0502544
0.0515042
0.0510312
0.0519348
0.0514235
0.0520467
0.0514839
0.0515988
0.0509935
0.0504614
0.0500679
0.049404
0.0486898
0.0480271
0.0473244
0.0466633
0.0460527
0.045422
0.0460224
0.0453518
0.0447996
0.0441403
0.0436023
0.0439854
0.0434517
0.0443113
0.0438037
0.0442421
0.043582
0.0444451
0.0437798
0.0441775
0.0436552
0.0433239
0.0433377
0.0429757
0.0423192
0.0421856
0.0423658
0.0417145
0.0422346
0.0417925
0.0415691
0.0411392
0.0413873
0.0423805
0.0417319
0.0410911
0.0414185
0.0410252
0.0413699
0.0409793
0.0408361
0.040692
0.0407893
0.0411114
0.0407172
0.0410245
0.040626
0.0406779
0.040723
0.0407558
0.0407851
0.0403796
0.0401894
0.0404225
0.0400162
0.0400377
0.0398457
0.0400789
0.0396813
0.039708
0.03953
0.0395636
0.0393856
0.0394933
0.0394842
0.039321
0.0393799
0.0392272
0.0390787
0.0391403
0.0389919
0.03913
0.0391489
0.0390031
0.0393067
0.0389336
0.0389149
0.0387873
0.0384428
0.0380993
0.0379682
0.0378484
0.0379969
0.0373781
0.0370267
0.0369114
0.0367925
0.0364594
0.0361324
0.0360301
0.0357127
0.0356357
0.0353227
0.0353188
0.0349701
0.0349837
0.0347064
0.0343751
0.0343538
0.0343517
0.0340953
0.0343632
0.0338612
0.03388
0.0339789
0.033679
0.0334558
0.0335668
0.0335473
0.0336027
0.0333881
0.0331771
0.0329765
0.0327672
0.0331012
0.0328919
0.0326913
0.0328215
0.0325548
0.0326293
0.0324287
0.0325067
0.0323114
0.0323877
0.0325353
0.0322773
0.0323623
0.0321705
0.0322641
0.032074
0.0321642
0.0322475
0.0320713
0.032696
0.0322447
0.031797
0.0319464
0.0319757
0.031864
0.0316774
0.0317066
0.0317881
0.0316085
0.0332932
0.0328386
0.0326607
0.0327439
0.0325539
0.0326475
0.0324645
0.0325372
0.0323507
0.0324078
0.0322056
0.0322575
0.0320501
0.0321055
0.0318998
0.0320056
0.0317373
0.0317805
0.0315801
0.0316894
0.0314315
0.0317358
0.03129
0.0313558
0.0319298
0.0312317
0.0310452
0.0311232
0.0311995
0.0310182
0.0308439
0.0309237
0.0310104
0.030897
0.0306618
0.0307468
0.0309066
0.0309846
0.0304954
0.0313634
0.0306793
0.0307712
0.0306683
0.0304418
0.0305268
0.0303595
0.0302026
0.0302824
0.0303778
0.0305202
0.0302938
0.0303753
0.0302149
0.0303017
0.0303971
0.0299775
0.0300643
0.0302258
0.0303195
0.0301609
0.029931
0.0300352
0.0299323
0.0299703
0.0298135
0.0299106
0.0297608
0.0298527
0.0297011
0.0298592
0.0298989
0.0299926
0.0298393
0.0297468
0.0295309
0.0296368
0.0294782
0.0296467
0.0296743
0.0295906
0.0294981
0.0294735
0.0295742
0.0294226
0.0295268
0.02937
0.0294793
0.0293226
0.0291797
0.0305292
0.0298767
0.0292277
0.0293283
0.0291855
0.0292774
0.0291363
0.0292996
0.0291533
0.029193
0.0290415
0.0291508
0.0293124
0.0291121
0.0289658
0.0290752
0.0291706
0.029033
0.0291319
0.0289925
0.0290984
0.0289504
0.028818
0.0289152
0.0290227
0.0288747
0.0289754
0.0288308
0.028928
0.0287886
0.0286406
0.0287447
0.0288367
0.0289408
0.0287911
0.0288917
0.0287454
0.0286009
0.0287015
0.028557
0.028715
0.0287478
0.0286068
0.0287005
0.0285559
0.0286531
0.0285051
0.0283693
0.0289376
0.028614
0.0284121
0.028744
0.0283648
0.0284619
0.0287869
0.0284076
0.0282614
0.0283551
0.0282123
0.0283025
0.0281615
0.0282482
0.028109
0.0281974
0.0280581
0.0281466
0.0280108
0.0281045
0.027967
0.0280641
0.0281595
0.0280238
0.0278828
0.0279851
0.0280788
0.0279448
0.0281358
0.0282452
0.0279495
0.0281144
0.0280534
0.0282149
0.0283816
0.0285414
0.0284752
0.0286314
0.0285617
0.0287702
0.0286431
0.0287924
0.028714
0.0288564
0.0287711
0.02891
0.0288177
0.0289548
0.028859
0.0290396
0.0291038
0.0292253
0.0291226
0.0290233
0.0291327
0.0292385
0.0291358
0.0290818
0.0289269
0.0292326
0.0291786
0.0290151
0.0291174
0.0292111
0.0291015
0.0291934
0.0290872
0.0289793
0.0290713
0.0291632
0.0290518
0.0291942
0.0290306
0.0289731
0.0290095
0.0291536
0.0289831
0.0290733
0.0289619
0.0290486
0.0289373
0.0290223
0.0289143
0.0290445
0.0290687
0.0289504
0.0290406
0.0287328
0.028823
0.0288976
0.028781
0.0288712
0.0287651
0.0288344
0.028763
0.0287994
0.0288896
0.0288147
0.0288406
0.0287258
0.0286179
0.0286977
0.0285759
0.0287008
0.0287406
0.028631
0.0285058
0.0285786
0.0286601
0.0285522
0.0286216
0.0284998
0.0285778
0.0285169
0.0285949
0.0284245
0.0284991
0.0283877
0.0284779
0.0283527
0.0284707
0.0285018
0.0283957
0.0282808
0.0283467
0.028423
0.0283134
0.028209
0.0284608
0.0283478
0.0286239
0.0281303
0.0282518
0.0282742
0.0281594
0.0282896
0.0283172
0.028192
0.0283048
0.0281483
0.0282298
0.0281028
0.0279828
0.0281025
0.0281372
0.0280171
0.0280796
0.0279613
0.0280428
0.0284804
0.0279921
0.0280632
0.0279502
0.0280369
0.028643
0.0281565
0.0280921
0.0283508
0.0278677
0.0282428
0.027758
0.0278343
0.027723
0.0277837
0.0278356
0.0279015
0.0277902
0.0276737
0.0277222
0.0276039
0.0274944
0.0277409
0.0276261
0.0275235
0.0276085
0.0275198
0.0275874
0.0274813
0.0276584
0.0276617
0.0279083
0.027625
0.0275276
0.0276213
0.0275222
0.0275933
0.0274889
0.0273898
0.02748
0.0273704
0.0274381
0.0275161
0.0274187
0.0274915
0.0273837
0.0274566
0.0273574
0.0274355
0.0273242
0.027437
0.0272927
0.0273829
0.0272681
0.027334
0.0275857
0.0274918
0.0272086
0.0272658
0.0271615
0.0272343
0.0271404
0.0271976
0.0272617
0.0271574
0.0270583
0.0271242
0.0271849
0.0273011
0.0271621
0.0270578
0.0271184
0.0271895
0.0270921
0.0271719
0.0270589
0.0271231
0.0268486
0.0269283
0.0269959
0.0268847
0.0269506
0.0268532
0.026926
0.0269797
0.0268754
0.02695
0.0268561
0.0269515
0.0268021
0.0268732
0.0267775
0.0268417
0.026944
0.0267998
0.0268743
0.0267735
0.0268272
0.0267247
0.0267958
0.0267036
0.0267573
0.026818
0.0267207
0.026797
0.0266875
0.0267429
0.0268088
0.0267097
0.0266523
0.0265376
0.0265549
0.0264523
0.0265217
0.0264573
0.0264641
0.0263616
0.0264327
0.0264968
0.0263891
0.0264515
0.0263559
0.0264304
0.026321
0.0263851
0.0262895
0.0263658
0.026258
0.0263152
0.0262179
0.0263098
0.0264035
0.026334
0.0264311
0.0263702
0.0264743
0.0264395
0.0264915
0.0264254
0.026533
0.0264582
0.0265415
0.0264737
0.0265725
0.0265047
0.0265776
0.0265046
0.0267944
0.0265235
0.0265946
0.0265111
0.0265926
0.0265248
0.0265942
0.0266583
0.0265767
0.0264984
0.0268699
0.0266267
0.0265398
0.0264616
0.0265431
0.0265934
0.0265048
0.0264196
0.0264924
0.0265496
0.0264541
0.0263689
0.0264799
0.0265059
0.0265596
0.0265074
0.0263893
0.0264656
0.02637
0.0264324
0.0263455
0.0264253
0.0264843
0.0262463
0.0263053
0.0263816
0.026444
0.0263866
0.0264091
0.0264836
0.026435
0.0263012
0.0263567
0.026275
0.0263443
0.0262436
0.0262921
0.0262052
0.0262676
0.0261807
0.0262258
0.0261302
0.0262326
0.0261179
0.0261647
0.0260709
0.0261333
0.0262044
0.0261453
0.026015
0.0261087
0.0261416
0.0260929
0.0261015
0.0260111
0.0260753
0.0261377
0.0260404
0.0261271
0.0260038
0.0260731
0.0259724
0.0260174
0.0259323
0.0259878
0.0259009
0.0258001
0.0258469
0.0259006
0.025819
0.0258571
0.0257633
0.0258153
0.0258794
0.0257839
0.0258255
0.0258792
0.0256517
0.0257437
0.0257505
0.0256602
0.0257174
0.0256357
0.0256773
0.0255835
0.0256337
0.0255885
0.0256041
0.0255415
0.0255553
0.025472
0.0255413
0.0255829
0.0254908
0.025548
0.0254698
0.0255149
0.0254228
0.0253343
0.0253932
0.0254504
0.0254902
0.0253999
0.0254623
0.0253789
0.0254188
0.0253632
0.0254204
0.0255852
0.025382
0.025257
0.0253055
0.0252239
0.0252759
0.0254476
0.0252184
0.0252722
0.0251905
0.0252269
0.0251314
0.0250411
0.0250948
0.0251451
0.0250808
0.025131
0.0250095
0.0251968
0.0249677
0.0250474
0.0249641
0.0250282
0.0250316
0.0250749
0.0249864
0.0249065
0.0249706
0.0248994
0.0249843
0.0249235
0.0250276
0.0249807
0.0249424
0.025069
0.0252095
0.0251834
0.0253413
0.0253308
0.0255025
0.0256829
0.0256846
0.0258823
0.0262693
0.0259082
0.0261216
0.0261441
0.0263661
0.0263938
0.0266263
0.026713
0.0269038
0.0269471
0.0271952
0.0274502
0.0275039
0.0275593
0.0278265
0.0280936
0.028156
0.0284648
0.0285567
0.0289367
0.0292611
0.0292974
0.0293945
0.0297259
0.0298212
0.0301543
0.0302583
0.0305879
0.030692
0.031025
0.0311273
0.0314604
0.0315679
0.0321369
0.0320067
0.0325879
0.0326902
0.0327959
0.0329
0.0332417
0.0335852
0.0336909
0.0338539
0.0341384
0.0344766
0.0345806
0.0346829
0.0352641
0.0353663
0.0354704
0.0360515
0.0363915
0.0362613
0.0363653
0.036707
0.0370539
0.0371596
0.0372653
0.0378482
0.0379522
0.0380562
0.0384014
0.0385644
0.0389078
0.0389528
0.0392962
0.0396362
0.0397419
0.0398477
0.0401911
0.0405362
0.0406402
0.0407425
0.0410876
0.0411933
0.0415402
0.0421248
0.04205
0.042331
0.0424315
0.0427801
0.0428823
0.0432275
0.0433315
0.0436783
0.0437788
0.0441188
0.0442193
0.0445627
0.0446632
0.0450031
0.0451036
0.045447
0.0458736
0.0459325
0.0460573
0.0464354
0.0466226
0.0469451
0.0473336
0.0477186
0.0478469
0.0482284
0.0483566
0.0484814
0.0489289
0.0490502
0.0493623
0.0494905
0.0498651
0.0502327
0.0505934
0.0507043
0.0508222
0.0514292
0.0512903
0.0516579
0.0517619
0.052126
0.0524832
0.0525906
0.0530138
0.0533051
0.0531627
0.0535129
0.0538667
0.0542829
0.0543868
0.0546711
0.0545496
0.0549415
0.0553334
0.0554755
0.0558674
0.0560095
0.0564014
0.0568557
0.0566891
0.057074
0.057459
0.0575976
0.0579861
0.0581212
0.0585027
0.0588876
0.0590193
0.0593904
0.0595221
0.0599486
0.0600179
0.060382
0.0607496
0.0611137
0.061235
0.0615922
0.0617065
0.0620567
0.06223
0.0622819
0.0626321
0.0627465
0.0628608
0.0632041
0.063537
0.0636444
0.0639772
0.0640812
0.0644314
0.0645388
0.0648855
0.0650519
0.0653327
0.0656794
0.0657868
0.0658942
0.066293
0.0663969
0.0669101
0.0667816
0.0671179
0.0674577
0.0675582
0.0676621
0.0679949
0.0683347
0.0684317
0.068768
0.068865
0.0691978
0.0695272
0.0696797
0.0700229
0.0700644
0.0704041
0.070737
0.0708443
0.0709447
0.071281
0.0713814
0.0714819
0.0718182
0.0721441
0.0722445
0.0737394
0.0733611
0.07368
0.0740614
0.0743214
0.0744045
0.074491
0.0748585
0.0748791
0.0751807
0.0752499
0.0755931
0.0756103
0.07595
0.0759637
0.0764734
0.0763136
0.0765979
0.0766254
0.0766287
0.076847
0.0770618
0.0770581
0.0772868
0.0772901
0.0779662
0.077744
0.0786699
0.0782257
0.0782949
0.078253
0.0783256
0.0785162
0.0788281
0.0785573
0.0788103
0.0790598
0.0790873
0.0793507
0.0793747
0.0796381
0.0796726
0.0799429
0.080286
0.080258
0.0805422
0.0805871
0.0808817
0.0809265
0.0812246
0.0812798
0.0813975
0.0816401
0.0819416
0.0819934
0.0822949
0.0823467
0.0826447
0.0826965
0.0829911
0.0832926
0.0830981
0.0833961
0.0836942
0.0839887
0.0840995
0.0843316
0.0843834
0.0844317
0.0847228
0.0850173
0.0850587
0.0851625
0.0854536
0.0856857
0.0857375
0.0857928
0.0861012
0.0864165
0.0864718
0.0867836
0.0868389
0.0871438
0.0871991
0.087504
0.0875558
0.0878607
0.087909
0.0879608
0.0882657
0.0885602
0.0886154
0.0891909
0.0895756
0.089128
0.0893809
0.0899563
0.0897584
0.0900772
0.0901393
0.0904547
0.0905134
0.0908322
0.0924202
0.0919622
0.092274
0.0938551
0.0936467
0.0962022
0.09598
0.0987362
0.0984863
0.100821
0.100553
0.103148
0.102916
0.105626
0.105268
0.105872
0.10538
0.105196
0.106754
0.106258
0.107847
0.107351
0.107187
0.107711
0.109577
0.109397
0.109497
0.10958
0.109619
0.10984
0.109823
0.109854
0.109688
0.109618
0.109348
0.109126
0.108776
0.10845
0.108044
0.107718
0.107576
0.107437
0.107375
0.107257
0.107222
0.107219
0.107198
0.107299
0.10733
0.107375
0.107583
0.107666
0.10793
0.108224
0.108352
0.108481
0.10881
0.109139
0.109278
0.109611
0.10975
0.110079
0.110221
0.110536
0.110658
0.110966
0.111077
0.111361
0.111469
0.111746
0.111839
0.112103
0.112533
0.112453
0.112584
0.112803
0.113063
0.113153
0.113409
0.113496
0.113582
0.113839
0.113929
0.114178
0.114435
0.114521
0.114819
0.114861
0.11511
0.115193
0.115273
0.115526
0.115817
