0
0
0
0
0
0
0
0
0
0
0
0
0
0
0
0
0
0
0
0
0
0
0
0
0
0
0
0
0
0
0
0
0
0
0
0
0
0
0
0
0
0
0
0
0
0
0
0
0
0
0
0
0
0
0
0
0
0
0
0
0
0
0
0
0
0
0
0
0
0
0
0
0
0
0
0
0
0
0
0
0
0
0
0
0
0
0
0
0
0
0
0
0
0
0
0
0
0
0
0
0
0
0
0
0
0
0
0
0
0
0
0
0
0
0
0
0
0
0
0
0
0
0
0
0
0
0
0
0
0
0
0
0
0
0
0
0
0
0
0
0
0
0
0
0
0
0
0
0
0
0
0
0
0
0
0
0
0
0
0
0
0
0
0
0
0
0
0
0
0
0
0
0
0
0
0
0
0
0
0
0
0
0
0
0
0
0
0
0
0
0
0
0
0
0
0
0
0
0
0
0
0
0
0
0
0
0
0
0
0
0
0
0
0
0
0
0
0
2.81751e+20
2.81751e+20
2.81751e+20
2.81751e+20
2.81751e+20
2.81751e+20
2.81751e+20
2.81751e+20
2.81751e+20
2.81751e+20
2.81751e+20
2.81751e+20
2.81751e+20
2.81751e+20
2.81751e+20
2.81751e+20
2.81751e+20
2.81751e+20
2.81751e+20
2.81751e+20
2.81751e+20
2.81751e+20
2.81751e+20
2.81751e+20
2.81751e+20
2.81751e+20
2.81751e+20
2.81751e+20
2.81751e+20
2.81751e+20
2.81751e+20
2.81751e+20
2.81751e+20
2.81751e+20
2.81751e+20
2.81751e+20
2.81751e+20
2.81751e+20
2.81751e+20
2.81751e+20
2.81751e+20
2.81751e+20
2.81751e+20
2.81751e+20
2.81751e+20
2.81751e+20
2.81751e+20
2.81751e+20
2.81751e+20
2.81751e+20
2.81751e+20
2.81751e+20
2.81751e+20
2.81751e+20
2.81751e+20
2.81751e+20
2.81751e+20
2.81751e+20
2.81751e+20
2.81751e+20
2.81751e+20
2.81751e+20
2.81751e+20
2.81751e+20
2.81751e+20
2.81751e+20
2.81751e+20
2.81751e+20
2.81751e+20
2.81751e+20
2.81751e+20
2.81751e+20
2.81751e+20
2.81751e+20
2.81751e+20
2.81751e+20
2.81751e+20
2.81751e+20
2.81751e+20
2.81751e+20
2.81751e+20
2.81751e+20
2.81751e+20
2.81751e+20
2.81751e+20
2.81751e+20
2.81751e+20
2.81751e+20
2.81751e+20
2.81751e+20
2.81751e+20
2.81751e+20
2.81751e+20
2.81751e+20
2.81751e+20
2.81751e+20
2.81751e+20
2.81751e+20
2.81751e+20
2.81751e+20
2.81751e+20
2.81751e+20
2.81751e+20
2.81751e+20
2.81751e+20
2.81751e+20
2.81751e+20
2.81751e+20
2.81751e+20
2.81751e+20
2.81751e+20
2.81751e+20
2.81751e+20
2.81751e+20
2.81751e+20
2.81751e+20
2.81751e+20
2.81751e+20
2.81751e+20
2.81751e+20
2.81751e+20
2.81751e+20
2.81751e+20
2.81751e+20
2.81751e+20
2.81751e+20
2.81751e+20
2.81751e+20
2.81751e+20
2.81751e+20
2.81751e+20
2.81751e+20
2.81751e+20
2.81751e+20
2.81751e+20
2.81751e+20
2.81751e+20
2.81751e+20
2.81751e+20
2.81751e+20
2.81751e+20
2.81751e+20
2.81751e+20
2.81751e+20
2.81751e+20
2.81751e+20
2.81751e+20
2.81751e+20
2.81751e+20
2.81751e+20
2.81751e+20
2.81751e+20
2.81751e+20
2.81751e+20
2.81751e+20
2.81751e+20
2.81751e+20
2.81751e+20
2.81751e+20
2.81751e+20
2.81751e+20
2.81751e+20
2.81751e+20
2.81751e+20
2.81751e+20
2.81751e+20
2.81751e+20
2.81751e+20
2.81751e+20
2.81751e+20
2.81751e+20
2.81751e+20
2.81751e+20
2.81751e+20
2.81751e+20
2.81751e+20
2.81751e+20
2.81751e+20
2.81751e+20
2.81751e+20
2.81751e+20
2.81751e+20
2.81751e+20
2.81751e+20
2.81751e+20
2.81751e+20
2.81751e+20
2.81751e+20
2.81751e+20
2.81751e+20
2.81751e+20
2.81751e+20
2.81751e+20
2.81751e+20
2.81751e+20
2.81751e+20
2.81751e+20
2.81751e+20
2.81751e+20
2.81751e+20
2.81751e+20
2.81751e+20
2.81751e+20
2.81751e+20
2.81751e+20
2.81751e+20
2.81751e+20
2.81751e+20
2.81751e+20
2.81751e+20
2.81751e+20
-0.0184707
-0.0184707
-0.0185772
-0.0185772
-0.0185772
-0.0185772
-0.0185772
-0.0185772
-0.0185772
-0.0185772
-0.0185772
-0.0185772
-0.0185772
-0.0185772
-0.0185772
-0.0185772
-0.0185772
-0.0185772
-0.0185772
-0.0185772
-0.0185772
-0.0185829
-0.0185829
-0.0185829
-0.0185829
-0.0185829
-0.0185829
-0.0185829
-0.0185829
-0.0185829
-0.0185829
-0.0185829
-0.0185829
-0.0185829
-0.0185829
-0.0185829
-0.0185829
-0.0185829
-0.0185829
-0.0185829
-0.0185185
-0.0185185
-0.0185185
-0.0185185
-0.0185185
-0.0185185
-0.0185185
-0.0185185
-0.0185185
-0.0185185
-0.0185185
-0.0185185
-0.0185185
-0.0185185
-0.0185185
-0.0185185
-0.0185185
-0.0185185
-0.0185185
-0.0185185
-0.0185185
-0.0185276
-0.0185276
-0.0185276
-0.0185276
-0.0185276
-0.0185276
-0.0185276
-0.0185276
-0.0185276
-0.0185276
-0.0185276
-0.0185276
-0.0185276
-0.0185276
-0.0185276
-0.0185276
-0.0185276
-0.0185276
-0.0185276
-0.0185426
-0.0185426
-0.0185426
-0.0185426
-0.0185426
-0.0185426
-0.0185426
-0.0185426
-0.0185426
-0.0185426
-0.0185426
-0.0185426
-0.0185426
-0.0185426
-0.0185426
-0.0185426
-0.0185426
-0.0185426
-0.0185426
-0.0185541
-0.0185541
-0.0185541
-0.0185541
-0.0185541
-0.0185541
-0.0185541
-0.0185541
-0.0185541
-0.0185541
-0.0185541
-0.0185541
-0.0185541
-0.0185541
-0.0185541
-0.0185541
-0.0185541
-0.0185541
-0.0185541
-0.0185725
-0.0185725
-0.0185725
-0.0185725
-0.0185725
-0.0185725
-0.0185725
-0.0185725
-0.0185725
-0.0185725
-0.0185725
-0.0185725
-0.0185725
-0.0185725
-0.0185725
-0.0185725
-0.0185725
-0.0185725
-0.0185725
-0.0185725
-0.0185725
-0.0290111
-0.0290111
-0.0290111
-0.0290111
-0.0290111
-0.0290111
-0.0290111
-0.0290111
-0.0290111
-0.0290111
-0.0290111
-0.0290111
-0.0290111
-0.0290111
-0.0290111
-0.0290111
-0.0290111
-0.0290111
-0.0290111
-0.0288523
-0.0288523
-0.0288523
-0.0288523
-0.0288523
-0.0288523
-0.0288523
-0.0288523
-0.0288523
-0.0288523
-0.0288523
-0.0288523
-0.0288523
-0.0288523
-0.0288523
-0.0288523
-0.0288523
-0.0288523
-0.0288523
-0.0288523
-0.0288523
-0.0289954
-0.0289954
-0.0289954
-0.0289954
-0.0289954
-0.0289954
-0.0289954
-0.0289954
-0.0289954
-0.0289954
-0.0289954
-0.0289954
-0.0289954
-0.0289954
-0.0289954
-0.0289954
-0.0289954
-0.0289954
-0.0289954
-0.0290579
-0.0290579
-0.0290579
-0.0290579
-0.0290579
-0.0290579
-0.0290579
-0.0290579
-0.0290579
-0.0290579
-0.0290579
-0.0290579
-0.0290579
-0.0290579
-0.0290579
-0.0290579
-0.0290579
-0.0290579
-0.0290579
-0.0290579
-0.0290579
-0.0290579
-0.0290391
-0.0290391
-0.0290391
-0.0290391
-0.0290391
-0.0290391
-0.0290391
-0.0290391
-0.0290391
-0.0290391
-0.0290391
-0.0290391
-0.0290391
-0.0290391
-0.0290391
-0.070331
-0.070331
-0.070331
-0.070331
-0.070331
-0.070331
-0.070331
-0.070331
-0.070331
-0.070331
-0.070331
-0.070331
-0.070331
-0.070331
-0.070331
-0.070331
-0.070331
-0.070331
-0.070331
-0.0704629
-0.0704629
-0.0704629
-0.0704629
-0.0704629
-0.0704629
-0.0704629
-0.0704629
-0.0704629
-0.0704629
-0.0704629
-0.0704629
-0.0704629
-0.0704629
-0.0704629
-0.0704629
-0.0704629
-0.0704629
-0.0704629
-0.0704629
-0.0705797
-0.0705797
-0.0705797
-0.0705797
-0.0705797
-0.0705797
-0.0705797
-0.0705797
-0.0705797
-0.0705797
-0.0705797
-0.0705797
-0.0705797
-0.0705797
-0.0705797
-0.0705797
-0.0705797
-0.0707613
-0.0707613
-0.0707613
-0.0707613
-0.0707613
-0.0707613
-0.0707613
-0.0707613
-0.0707613
-0.0707613
-0.0707613
-0.0707613
-0.0707613
-0.0707613
-0.0707613
-0.0707613
-0.0707613
-0.0707613
-0.0707613
-0.0707613
-0.0707613
-0.0707613
-0.0707613
-0.0711248
-0.0711248
-0.0711248
-0.0711248
-0.0711248
-0.0711248
-0.0711248
-0.0711248
-0.0711248
-0.0711248
-0.0711248
-0.0711248
-0.0711248
-0.0711248
-0.0711248
-0.0711248
-0.0711248
-0.0711248
-0.0711248
-0.0708454
-0.0708454
-0.0708454
-0.0708454
-0.0708454
-0.0708454
-0.0708454
-0.0708454
-0.0708454
-0.0708454
-0.0708454
-0.0708454
-0.0708454
-0.0708454
-0.0708454
-0.0708454
-0.0708454
-0.0708454
-0.0708454
-0.0708454
-0.0708454
-0.0708454
-0.0938769
-0.0938769
-0.0938769
-0.0938769
-0.0938769
-0.0938769
-0.0938769
-0.0938769
-0.0938769
-0.0938769
-0.0938769
-0.0938769
-0.0938769
-0.0938769
-0.0938769
-0.0938769
-0.0938769
-0.0938769
-0.0938769
-0.093527
-0.093527
-0.093527
-0.093527
-0.093527
-0.093527
-0.093527
-0.093527
-0.093527
-0.093527
-0.093527
-0.093527
-0.093527
-0.093527
-0.093527
-0.093527
-0.093527
-0.093527
-0.0936239
-0.0936239
-0.0936239
-0.0936239
-0.0936239
-0.0936239
-0.0936239
-0.0936239
-0.0936239
-0.0936239
-0.0936239
-0.0936239
-0.0936239
-0.0936239
-0.0936239
-0.0936239
-0.0936239
-0.0936239
-0.0936697
-0.0936697
-0.0936697
-0.0936697
-0.0936697
-0.0936697
-0.0936697
-0.0936697
-0.0936697
-0.0936697
-0.0936697
-0.0936697
-0.0936697
-0.0936697
-0.0936697
-0.0936697
-0.0936697
-0.0936697
-0.0936697
-0.0936697
-0.0933275
-0.0933275
-0.0933275
-0.0933275
-0.0933275
-0.0933275
-0.0933275
-0.0933275
-0.0933275
-0.0933275
-0.0933275
-0.0933275
-0.0933275
-0.0933275
-0.0933275
-0.0933275
-0.0932353
-0.0932353
-0.0932353
-0.0932353
-0.0932353
-0.0932353
-0.0932353
-0.0932353
-0.0932353
-0.0932353
-0.0932353
-0.0932353
-0.0932353
-0.0932353
-0.0932353
-0.0932353
-0.0932353
-0.0932353
-0.0932353
-0.0935091
-0.0935091
-0.0935091
-0.0935091
-0.0935091
-0.0935091
-0.0935091
-0.0935091
-0.0935091
-0.0935091
-0.0935091
-0.0935091
-0.0935091
-0.0935091
-0.0935091
-0.0935091
-0.0935091
-0.0935091
-0.0935091
-0.133794
-0.133794
-0.133794
-0.133794
-0.133794
-0.133794
-0.133794
-0.133794
-0.133794
-0.133794
-0.133794
-0.133794
-0.133794
-0.133794
-0.133794
-0.133794
-0.133794
-0.134071
-0.134071
-0.134071
-0.134071
-0.134071
-0.134071
-0.134071
-0.134071
-0.134071
-0.134071
-0.134071
-0.134071
-0.134071
-0.134071
-0.134071
-0.134071
-0.134071
-0.134071
-0.133928
-0.133928
-0.133928
-0.133928
-0.133928
-0.133928
-0.133928
-0.133928
-0.133928
-0.133928
-0.133928
-0.133928
-0.133928
-0.133928
-0.133928
-0.133928
-0.133928
-0.133833
-0.133833
-0.133833
-0.133833
-0.133833
-0.133833
-0.133833
-0.133833
-0.133833
-0.133833
-0.133833
-0.133833
-0.133833
-0.133833
-0.133833
-0.133833
-0.133833
-0.133833
-0.1338
-0.1338
-0.1338
-0.1338
-0.1338
-0.1338
-0.1338
-0.1338
-0.1338
-0.1338
-0.1338
-0.1338
-0.1338
-0.1338
-0.1338
-0.1338
-0.13408
-0.13408
-0.13408
-0.13408
-0.13408
-0.13408
-0.13408
-0.13408
-0.13408
-0.13408
-0.13408
-0.13408
-0.13408
-0.13408
-0.13408
-0.13408
-0.13408
-0.13408
-0.134681
-0.134681
-0.134681
-0.134681
-0.134681
-0.134681
-0.134681
-0.134681
-0.134681
-0.134681
-0.134681
-0.134681
-0.134681
-0.134681
-0.134681
-0.134681
-0.134681
-0.134681
-0.134681
-0.134681
-0.134681
-0.134846
-0.134846
-0.134846
-0.134846
-0.134846
-0.134846
-0.134846
-0.134846
-0.134846
-0.134846
-0.134846
-0.134846
-0.134846
-0.134846
-0.134846
-0.134846
-0.134846
-0.134846
-0.134846
-0.134846
-0.134846
-0.134846
-0.134846
-0.134846
-0.134846
-0.134846
-0.134783
-0.134783
-0.134783
-0.134783
-0.134783
-0.134783
-0.134783
-0.134783
-0.134783
-0.134783
-0.134783
-0.134783
-0.134783
-0.134783
-0.134783
-0.134783
-0.134783
-0.134783
-0.134783
-0.134783
-0.134783
-0.13473
-0.13473
-0.13473
-0.13473
-0.13473
-0.13473
-0.13473
-0.13473
-0.13473
-0.13473
-0.13473
-0.13473
-0.13473
-0.13473
-0.13473
-0.13473
-0.13473
-0.13473
-0.13473
-0.1343
-0.1343
-0.1343
-0.1343
-0.1343
-0.1343
-0.1343
-0.1343
-0.1343
-0.1343
-0.1343
-0.1343
-0.1343
-0.1343
-0.1343
-0.1343
-0.1343
-0.1343
-0.1343
-0.1343
-0.134103
-0.134103
-0.134103
-0.134103
-0.134103
-0.134103
-0.134103
-0.134103
-0.134103
-0.134103
-0.134103
-0.134103
-0.134103
-0.134103
-0.134103
-0.134103
-0.134103
-0.134103
-0.134103
-0.135547
-0.135547
-0.135547
-0.135547
-0.135547
-0.135547
-0.135547
-0.135547
-0.135547
-0.135547
-0.135547
-0.135547
-0.135547
-0.135547
-0.135547
-0.135547
-0.135547
-0.135547
-0.135547
-0.136167
-0.136167
-0.136167
-0.136167
-0.136167
-0.136167
-0.136167
-0.136167
-0.136167
-0.136167
-0.136167
-0.136167
-0.136167
-0.136167
-0.136167
-0.136167
-0.136167
-0.136167
-0.136167
-0.136167
-0.135659
-0.135659
-0.135659
-0.135659
-0.135659
-0.135659
-0.135659
-0.135659
-0.135659
-0.135659
-0.135659
-0.135659
-0.135659
-0.135659
-0.135659
-0.135659
-0.135659
-0.135659
-0.135659
-0.135736
-0.135736
-0.135736
-0.135736
-0.135736
-0.135736
-0.135736
-0.135736
-0.135736
-0.135736
-0.135736
-0.135736
-0.135736
-0.135736
-0.135736
-0.135736
-0.135736
-0.135736
-0.135736
-0.135688
-0.135688
-0.135688
-0.135688
-0.135688
-0.135688
-0.135688
-0.135688
-0.135688
-0.135688
-0.135688
-0.135688
-0.135688
-0.135688
-0.135688
-0.135688
-0.135688
-0.135659
-0.135659
-0.135659
-0.135659
-0.135659
-0.135659
-0.135659
-0.135659
-0.135659
-0.135659
-0.135659
-0.135659
-0.135659
-0.135659
-0.135659
-0.135659
-0.135659
-0.135659
-0.135659
-0.135659
-0.135659
-0.135468
-0.135468
-0.135468
-0.135468
-0.135468
-0.135468
-0.135468
-0.135468
-0.135468
-0.135468
-0.135468
-0.135468
-0.135468
-0.135468
-0.135468
-0.135468
-0.135468
-0.135468
-0.135468
-0.135468
-0.135468
-0.135468
-0.135468
-0.135723
-0.135598
-0.135598
-0.135598
-0.135598
-0.135598
-0.135598
-0.135598
-0.135598
-0.135598
-0.135598
-0.135598
-0.135598
-0.135598
-0.135598
-0.135598
-0.135598
-0.135598
-0.135598
-0.135598
-0.134993
-0.134993
-0.134993
-0.134993
-0.134993
-0.134993
-0.134993
-0.134993
-0.134993
-0.134993
-0.134993
-0.134993
-0.134993
-0.134993
-0.134993
-0.134993
-0.134993
-0.134993
-0.134993
-0.134993
-0.134993
-0.134993
-0.134993
-0.134993
-0.134993
-0.134993
-0.134993
-0.134993
-0.134993
-0.134993
-0.134993
-0.134993
-0.134993
-0.132141
-0.132141
-0.132141
-0.132141
-0.132141
-0.132141
-0.132141
-0.132141
-0.132141
-0.132141
-0.132141
-0.132141
-0.132141
-0.132141
-0.132141
-0.132141
-0.132141
-0.132141
-0.132141
-0.132141
-0.132141
-0.132141
-0.132141
-0.132141
-0.132141
-0.132141
-0.132141
-0.132141
-0.132141
-0.132141
-0.132141
-0.132141
-0.132141
-0.132141
-0.132141
-0.132141
-0.132141
-0.132029
-0.132029
-0.132029
-0.132029
-0.132029
-0.132029
-0.132029
-0.132029
-0.132029
-0.132029
-0.132029
-0.132029
-0.132029
-0.132029
-0.132029
-0.132029
-0.132029
-0.132029
-0.132029
-0.132799
-0.132799
-0.132799
-0.132799
-0.132799
-0.132799
-0.132799
-0.132799
-0.132799
-0.132799
-0.132799
-0.132799
-0.132799
-0.132799
-0.132799
-0.132799
-0.190221
-0.190221
-0.190221
-0.190221
-0.190221
-0.190221
-0.190221
-0.190221
-0.190221
-0.190221
-0.190221
-0.190221
-0.190221
-0.190221
-0.190221
-0.190221
-0.190221
-0.19043
-0.19043
-0.19043
-0.19043
-0.19043
-0.19043
-0.19043
-0.19043
-0.19043
-0.19043
-0.19043
-0.19043
-0.19043
-0.19043
-0.19043
-0.189367
-0.189367
-0.189367
-0.189367
-0.189367
-0.189367
-0.189367
-0.189367
-0.189367
-0.189367
-0.189367
-0.189367
-0.189367
-0.189367
-0.189367
-0.189367
-0.189367
-0.190065
-0.190065
-0.190065
-0.190065
-0.190065
-0.190065
-0.190065
-0.190065
-0.190065
-0.190065
-0.190065
-0.190065
-0.190065
-0.190065
-0.190065
-0.190065
-0.190065
-0.189603
-0.189603
-0.189603
-0.189603
-0.189603
-0.189603
-0.189603
-0.189603
-0.189603
-0.189603
-0.189603
-0.189603
-0.189603
-0.189603
-0.189603
-0.190019
-0.190019
-0.190019
-0.190019
-0.190019
-0.190019
-0.190019
-0.190019
-0.190019
-0.190019
-0.190019
-0.190019
-0.190019
-0.190019
-0.190019
-0.190019
-0.190019
-0.190019
-0.190475
-0.190475
-0.190475
-0.190475
-0.190475
-0.190475
-0.190475
-0.190475
-0.190475
-0.190475
-0.190475
-0.190475
-0.190475
-0.190475
-0.190475
-0.190475
-0.190475
-0.191096
-0.191096
-0.191096
-0.191096
-0.191096
-0.191096
-0.191096
-0.191096
-0.191096
-0.191096
-0.191096
-0.191096
-0.191096
-0.191096
-0.191096
-0.190553
-0.190553
-0.190553
-0.190553
-0.190553
-0.190553
-0.190553
-0.190553
-0.190553
-0.190553
-0.190553
-0.190553
-0.190553
-0.190553
-0.190553
-0.190295
-0.190295
-0.190295
-0.190295
-0.190295
-0.190295
-0.190295
-0.190295
-0.190295
-0.190295
-0.190295
-0.190295
-0.190295
-0.190295
-0.190295
-0.190295
-0.190295
-0.190295
-0.190295
-0.190295
-0.190295
-0.189311
-0.189311
-0.189311
-0.189311
-0.189311
-0.189311
-0.189311
-0.189311
-0.189311
-0.189311
-0.189311
-0.189311
-0.189311
-0.189311
-0.189311
-0.19014
-0.19014
-0.19014
-0.19014
-0.19014
-0.19014
-0.19014
-0.19014
-0.19014
-0.19014
-0.19014
-0.19014
-0.19014
-0.19014
-0.19014
-0.19014
-0.19014
-0.190576
-0.190576
-0.190576
-0.190576
-0.190576
-0.190576
-0.190576
-0.190576
-0.190576
-0.190576
-0.190576
-0.190576
-0.190576
-0.190576
-0.190576
-0.190576
-0.190576
-0.190576
-0.190362
-0.190362
-0.190362
-0.190362
-0.190362
-0.190362
-0.190362
-0.190362
-0.190362
-0.190362
-0.190362
-0.190362
-0.190362
-0.190362
-0.190362
-0.16647
-0.16647
-0.16647
-0.16647
-0.16647
-0.16647
-0.16647
-0.16647
-0.16647
-0.16647
-0.16647
-0.16647
-0.16647
-0.16647
-0.16647
-0.16647
-0.16647
-0.166181
-0.166181
-0.166181
-0.166181
-0.166181
-0.166181
-0.166181
-0.166181
-0.166181
-0.166181
-0.166181
-0.166181
-0.166181
-0.166181
-0.166181
-0.166181
-0.166181
-0.166061
-0.166061
-0.166061
-0.166061
-0.166061
-0.166061
-0.166061
-0.166061
-0.166061
-0.166061
-0.166061
-0.166061
-0.166061
-0.166061
-0.166031
-0.166031
-0.166031
-0.166031
-0.166031
-0.166031
-0.166031
-0.166031
-0.166031
-0.166031
-0.166031
-0.166031
-0.166031
-0.166031
-0.166031
-0.166532
-0.166532
-0.166532
-0.166532
-0.166532
-0.166532
-0.166532
-0.166532
-0.166532
-0.166532
-0.166532
-0.166532
-0.166532
-0.166532
-0.166532
-0.166532
-0.166532
-0.166532
-0.166532
-0.164197
-0.164197
-0.164197
-0.164197
-0.164197
-0.164197
-0.164197
-0.164197
-0.164197
-0.164197
-0.164197
-0.164197
-0.164197
-0.164197
-0.164197
-0.164197
-0.164197
-0.164197
-0.163902
-0.163902
-0.163902
-0.163902
-0.163902
-0.163902
-0.163902
-0.163902
-0.163902
-0.163902
-0.163902
-0.163902
-0.163902
-0.163902
-0.163902
-0.163902
-0.163902
-0.163902
-0.163902
-0.163902
-0.163902
-0.163902
-0.163902
-0.163887
-0.163887
-0.163887
-0.163887
-0.163887
-0.163887
-0.163887
-0.163887
-0.163887
-0.163887
-0.163887
-0.163887
-0.163887
-0.163887
-0.163887
-0.163887
-0.163887
-0.163887
-0.163887
-0.163887
-0.163887
-0.159872
-0.159872
-0.159872
-0.159872
-0.159872
-0.159872
-0.159872
-0.159872
-0.159872
-0.159872
-0.159872
-0.159872
-0.159872
-0.159872
-0.159872
-0.159872
-0.159872
-0.159872
-0.159872
-0.159872
-0.159872
-0.160063
-0.160063
-0.160063
-0.160063
-0.160063
-0.160063
-0.160063
-0.160063
-0.160063
-0.160063
-0.160063
-0.160063
-0.160063
-0.160063
-0.160063
-0.160063
-0.160063
-0.160063
-0.160063
-0.159815
-0.159815
-0.159815
-0.159815
-0.159815
-0.159815
-0.159815
-0.159815
-0.159815
-0.159815
-0.159815
-0.159815
-0.159815
-0.159815
-0.159815
-0.159815
-0.159815
-0.159704
-0.159704
-0.159704
-0.159704
-0.159704
-0.159704
-0.159704
-0.159704
-0.159704
-0.159704
-0.159704
-0.159704
-0.159704
-0.159704
-0.159704
-0.159704
-0.159704
-0.159704
-0.158963
-0.158963
-0.158963
-0.158963
-0.158963
-0.158963
-0.158963
-0.158963
-0.158963
-0.158963
-0.158963
-0.158963
-0.158963
-0.158963
-0.158963
-0.158963
-0.158963
-0.158484
-0.158484
-0.158484
-0.158484
-0.158484
-0.158484
-0.158484
-0.158484
-0.158484
-0.158484
-0.158484
-0.158484
-0.158484
-0.158484
-0.158484
-0.144964
-0.144964
-0.144964
-0.144964
-0.144964
-0.144964
-0.144964
-0.144964
-0.144964
-0.144964
-0.144964
-0.144964
-0.144964
-0.144964
-0.144964
-0.144964
-0.145447
-0.145447
-0.145447
-0.145447
-0.145447
-0.145447
-0.145447
-0.145447
-0.145447
-0.145447
-0.145447
-0.145447
-0.145447
-0.145447
-0.145447
-0.145447
-0.145755
-0.145755
-0.145755
-0.145755
-0.145755
-0.145755
-0.145755
-0.145755
-0.145755
-0.145755
-0.145755
-0.145755
-0.145755
-0.145755
-0.145755
-0.145755
-0.145755
-0.145479
-0.145479
-0.145479
-0.145479
-0.145479
-0.145479
-0.145479
-0.145479
-0.145479
-0.145479
-0.145479
-0.145479
-0.145479
-0.145479
-0.145479
-0.145479
-0.145479
-0.145334
-0.145334
-0.145334
-0.145334
-0.145334
-0.145334
-0.145334
-0.145334
-0.145334
-0.145334
-0.145334
-0.145334
-0.145334
-0.145334
-0.145334
-0.145334
-0.145334
-0.145431
-0.145431
-0.145431
-0.145431
-0.145431
-0.145431
-0.145431
-0.145431
-0.145431
-0.145431
-0.145431
-0.145431
-0.145431
-0.145431
-0.145431
-0.145431
-0.145431
-0.145762
-0.145762
-0.145762
-0.145762
-0.145762
-0.145762
-0.145762
-0.145762
-0.145762
-0.145762
-0.145762
-0.145762
-0.145762
-0.145762
-0.145762
-0.145218
-0.145218
-0.145218
-0.145218
-0.145218
-0.145218
-0.145218
-0.145218
-0.145218
-0.145218
-0.145218
-0.145218
-0.145218
-0.145218
-0.145218
-0.145218
-0.145218
-0.145218
-0.145666
-0.145666
-0.145666
-0.145666
-0.145666
-0.145666
-0.145666
-0.145666
-0.145666
-0.145666
-0.145666
-0.145666
-0.145666
-0.145666
-0.145666
-0.145666
-0.145666
-0.145666
-0.145666
-0.145524
-0.145524
-0.145524
-0.145524
-0.145524
-0.145524
-0.145524
-0.145524
-0.145524
-0.145524
-0.145524
-0.145524
-0.145524
-0.145524
-0.145524
-0.145524
-0.145524
-0.145524
-0.145258
-0.145258
-0.145258
-0.145258
-0.145258
-0.145258
-0.145258
-0.145258
-0.145258
-0.145258
-0.145258
-0.145258
-0.145258
-0.145258
-0.145258
-0.145258
-0.145258
-0.145258
-0.145258
-0.145198
-0.145198
-0.145198
-0.145198
-0.145198
-0.145198
-0.145198
-0.145198
-0.145198
-0.145198
-0.145198
-0.145198
-0.145198
-0.145198
-0.145198
-0.145198
-0.145198
-0.144933
-0.144933
-0.144933
-0.144933
-0.144933
-0.144933
-0.144933
-0.144933
-0.144933
-0.144933
-0.144933
-0.144933
-0.144933
-0.144933
-0.144933
-0.144933
-0.144933
-0.145282
-0.145282
-0.145282
-0.145282
-0.145282
-0.145282
-0.145282
-0.145282
-0.145282
-0.145282
-0.145282
-0.145282
-0.145282
-0.145282
-0.145282
-0.145282
-0.145628
-0.145628
-0.145628
-0.145628
-0.145628
-0.145628
-0.145628
-0.145628
-0.145628
-0.145628
-0.145628
-0.145628
-0.145628
-0.145628
-0.145628
-0.145536
-0.145536
-0.145536
-0.145536
-0.145536
-0.145536
-0.145536
-0.145536
-0.145536
-0.145536
-0.145536
-0.145536
-0.145536
-0.145536
-0.145536
-0.145536
-0.145536
-0.145888
-0.145888
-0.145888
-0.145888
-0.145888
-0.145888
-0.145888
-0.145888
-0.145888
-0.145888
-0.145888
-0.145888
-0.145888
-0.145888
-0.145888
-0.145888
-0.145888
-0.145888
-0.146149
-0.146149
-0.146149
-0.146149
-0.146149
-0.146149
-0.146149
-0.146149
-0.146149
-0.146149
-0.146149
-0.146149
-0.146149
-0.146149
-0.146149
-0.146149
-0.146149
-0.146149
-0.125627
-0.125627
-0.125627
-0.125627
-0.125627
-0.125627
-0.125627
-0.125627
-0.125627
-0.125627
-0.125627
-0.125627
-0.125627
-0.125627
-0.125627
-0.125627
-0.125627
-0.125627
-0.125259
-0.125259
-0.125259
-0.125259
-0.125259
-0.125259
-0.125259
-0.125259
-0.125259
-0.125259
-0.125259
-0.125259
-0.125259
-0.125259
-0.125259
-0.125259
-0.125259
-0.125259
-0.125259
-0.124761
-0.124761
-0.124761
-0.124761
-0.124761
-0.124761
-0.124761
-0.124761
-0.124761
-0.124761
-0.124761
-0.124761
-0.124761
-0.124761
-0.124761
-0.124761
-0.124761
-0.124761
-0.124761
-0.124761
-0.124947
-0.124947
-0.124947
-0.124947
-0.124947
-0.124947
-0.124947
-0.124947
-0.124947
-0.124947
-0.124947
-0.124947
-0.124947
-0.124947
-0.124947
-0.124947
-0.124947
-0.125464
-0.125464
-0.125464
-0.125464
-0.125464
-0.125464
-0.125464
-0.125464
-0.125464
-0.125464
-0.125464
-0.125464
-0.125464
-0.125464
-0.125464
-0.125464
-0.125464
-0.125464
-0.159139
-0.159139
-0.159139
-0.159139
-0.159139
-0.159139
-0.159139
-0.159139
-0.159139
-0.159139
-0.159139
-0.159139
-0.159139
-0.159139
-0.159139
-0.159139
-0.159139
-0.159139
-0.159139
-0.159139
-0.159139
-0.159122
-0.159122
-0.159122
-0.159122
-0.159122
-0.159122
-0.159122
-0.159122
-0.159122
-0.159122
-0.159122
-0.159122
-0.159122
-0.159122
-0.159122
-0.159122
-0.159402
-0.159402
-0.159402
-0.159402
-0.159402
-0.159402
-0.159402
-0.159402
-0.159402
-0.159402
-0.159402
-0.159402
-0.159402
-0.159402
-0.159402
-0.159402
-0.159402
-0.159402
-0.159501
-0.159501
-0.159501
-0.159501
-0.159501
-0.159501
-0.159501
-0.159501
-0.159501
-0.159501
-0.159501
-0.159501
-0.159501
-0.159501
-0.159501
-0.159501
-0.159501
-0.15924
-0.15924
-0.15924
-0.15924
-0.15924
-0.15924
-0.15924
-0.15924
-0.15924
-0.15924
-0.15924
-0.15924
-0.15924
-0.15924
-0.15924
-0.15924
-0.159261
-0.159261
-0.159261
-0.159261
-0.159261
-0.159261
-0.159261
-0.159261
-0.159261
-0.159261
-0.159261
-0.159261
-0.159261
-0.159261
-0.159261
-0.159261
-0.159261
-0.159261
-0.159261
-0.159261
-0.159261
-0.159261
-0.159261
-0.159261
-0.159261
-0.159261
-0.159261
-0.159261
-0.159261
-0.159261
-0.159261
-0.162765
-0.162765
-0.162765
-0.162765
-0.162765
-0.162765
-0.162765
-0.162765
-0.162765
-0.162765
-0.162765
-0.162765
-0.162765
-0.162765
-0.162765
-0.162765
-0.162765
-0.162765
-0.153796
-0.153796
-0.153796
-0.153796
-0.153796
-0.153796
-0.153796
-0.153796
-0.153796
-0.153796
-0.153796
-0.153796
-0.153796
-0.153796
-0.153796
-0.153796
-0.153796
-0.153796
-0.153796
-0.152947
-0.152947
-0.152947
-0.152947
-0.152947
-0.152947
-0.152947
-0.152947
-0.152947
-0.152947
-0.152947
-0.152947
-0.152947
-0.152947
-0.152947
-0.152947
-0.153231
-0.153231
-0.153231
-0.153231
-0.153231
-0.153231
