0
0
0
0
0
0
0
0
0
0
0
0
0
0
0
0
0
0
0
0
0
0
0
0
0
0
0
0
0
0
0
0
0
0
0
0
0
0
0
0
0
0
0
0
0
0
0
0
0
0
0
0
0
0
0
0
0
0
0
0
0
0
0
0
0
0
0
0
0
0
0
0
0
0
0
0
0
0
0
0
0
0
0
0
0
0
0
0
0
0
0
0
0
0
0
0
0
0
0
0
0
0
0
0
0
0
0
0
0
0
0
0
0
0
0
0
0
0
0
0
0
0
0
0
0
0
0
0
0
0
0
0
0
0
0
0
0
0
0
0
0
0
0
0
0
0
0
0
0
0
0
0
0
0
0
0
0
0
0
0
0
0
0
0
0
0
0
0
0
0
0
0
0
0
0
0
0
0
0
0
0
0
0
0
0
0
0
0
0
0
0
0
0
0
0
0
0
0
0
0
0
0
0
0
0
0
0
0
0
0
0
0
0
0
0
0
0
0
0
0
0
0
0
0
0
0
0
0
0
0
0
0
0
0
0
0
0
0
0
0
0
0
0
0
0
0
0
0
0
0
0
0
0
0
0
0
0
0
0
0
0
0
0
0
0
0
0
0
0
0
0
0
0
0
0
0
0
0
0
0
0
0
0
0
0
0
0
0
0
0
0
0
0
0
0
0
0
0
0
0
0
0
0
0
0
0
0
0
0
0
0
0
0
0
0
0
0
0
0
0
0
0
0
0
0
0
0
0
0
0
0
0
0
0
0
0
0
0
0
0
0
0
0
0
0
0
0
0
0
0
0
0
0
0
0
0
0
0
0
0
0
0
0
0
0
0
0
0
0
0
0
0
0
0
0
0
0
0
0
0
0
0
0
0
0
0
0
0
0
0
0
0
0
0
0
0
0
0
0
0
0
0
0
0
0
0
0
0
0
0
0
0
0
0
0
0
0
0
0
0
0
0
0
0
0
0
0
0
0
0.74788
0.601539
0.60054
0.600192
0.599936
0.599988
0.600036
0.600037
0.600019
0.599996
0.599973
0.599954
0.599934
0.599923
0.599924
0.599947
0.599955
0.600013
0.600078
0.600112
0.600188
0.600216
0.600276
0.600327
0.600484
0.600436
0.600451
0.600541
0.600486
0.600457
0.600436
0.600405
0.600375
0.60035
0.600319
0.600293
0.600269
0.60024
0.600212
0.60019
0.600168
0.600146
0.600126
0.600107
0.600088
0.600069
0.600051
0.600032
0.600012
0.599993
0.599973
0.599955
0.599933
0.599914
0.599891
0.599869
0.599847
0.599826
0.5998
0.59978
0.599754
0.599729
0.599707
0.599684
0.599657
0.59963
0.599608
0.59958
0.599558
0.599536
0.599509
0.599482
0.599459
0.599432
0.599407
0.599381
0.599358
0.59933
0.599307
0.59928
0.599249
0.599226
0.599204
0.599175
0.599152
0.599114
0.599099
0.599061
0.59903
0.599015
0.598993
0.598962
0.59894
0.598909
0.598887
0.598857
0.598827
0.598804
0.598782
0.598743
0.598718
0.598696
0.598676
0.598646
0.598613
0.598584
0.598561
0.598541
0.598511
0.598489
0.598459
0.598429
0.598407
0.598365
0.598363
0.598335
0.598306
0.598276
0.598255
0.598226
0.598139
0.598136
0.598115
0.598025
0.598016
0.597994
0.597963
0.597932
0.597912
0.597892
0.597863
0.597844
0.597814
0.597797
0.597768
0.597743
0.597725
0.597707
0.597681
0.597654
0.597629
0.597607
0.597574
0.59752
0.597508
0.597485
0.597462
0.597421
0.597408
0.597377
0.597353
0.597324
0.597303
0.597272
0.597248
0.597219
0.597199
0.597167
0.597147
0.597103
0.597059
0.597063
0.59704
0.59701
0.596966
0.596946
0.596914
0.596892
0.596876
0.596841
0.596825
0.596794
0.596775
0.596745
0.596724
0.596697
0.596679
0.596662
0.596629
0.596599
0.596585
0.596555
0.596536
0.596506
0.596489
0.596463
0.596434
0.596405
0.59639
0.596373
0.596345
0.59633
0.596302
0.596286
0.596258
0.596243
0.596216
0.596198
0.596173
0.596146
0.596131
0.596104
0.596063
0.596077
0.596046
0.596022
0.595996
0.59597
0.595958
0.595945
0.595919
0.595893
0.595895
0.59587
0.595844
0.595832
0.595807
0.595796
0.595772
0.595761
0.595722
0.595725
0.595701
0.595691
0.595666
0.595652
0.595631
0.595621
0.595597
0.595587
0.595563
0.59554
0.59553
0.59552
0.595493
0.595371
0.595397
0.595384
0.595298
0.595311
0.595311
0.595311
0.595297
0.595285
0.595286
0.595288
0.595277
0.595266
0.595269
0.595258
0.595261
0.59525
0.595252
0.59525
0.595241
0.595224
0.595228
0.595213
0.595164
0.595179
0.595161
0.59516
0.595157
0.595155
0.595135
0.595128
0.595112
0.595109
0.595106
0.595085
0.595082
0.595061
0.595039
0.595036
0.595015
0.594992
0.594989
0.594986
0.594964
0.59496
0.59492
0.594917
0.594913
0.594891
0.594888
0.594886
0.594859
0.594842
0.594839
0.594837
0.594791
0.594793
0.594579
0.594597
0.594382
0.594402
0.594223
0.594265
0.594121
0.594154
0.594029
0.594063
0.594096
0.594118
0.594129
0.59414
0.594159
0.594173
0.594195
0.594192
0.594222
0.594192
0.594223
0.594268
0.594266
0.594285
0.594283
0.59428
0.594293
0.594304
0.594298
0.594289
0.594298
0.594288
0.594276
0.594283
0.594289
0.594295
0.594281
0.594262
0.594253
0.594237
0.594238
0.594227
0.594231
0.594216
0.594159
0.594204
0.594209
0.594214
0.594198
0.594181
0.594185
0.594169
0.594174
0.594157
0.594161
0.594185
0.594168
0.59415
0.594133
0.594115
0.594118
0.594116
0.594098
0.594105
0.594099
0.594114
0.594107
0.5941
0.594115
0.59411
0.594124
0.594096
0.594132
0.594146
0.594133
0.594131
0.594144
0.594157
0.594147
0.594137
0.594147
0.594159
0.594145
0.594149
0.59414
0.594149
0.594132
0.594116
0.594098
0.594105
0.594111
0.594092
0.594098
0.594078
0.594084
0.594014
0.594045
0.59405
0.594049
0.594036
0.594017
0.59399
0.594028
0.594008
0.594008
0.593987
0.593974
0.593954
0.59396
0.593965
0.593971
0.593951
0.593957
0.59391
0.593934
0.593921
0.5939
0.593904
0.593903
0.593863
0.593868
0.59384
0.593878
0.593857
0.593835
0.59384
0.593838
0.593824
0.593803
0.593808
0.593813
0.593767
0.593798
0.593776
0.593781
0.59376
0.59374
0.593718
0.593749
0.593728
0.593708
0.593712
0.593691
0.59367
0.593677
0.593655
0.593653
0.593633
0.593639
0.593625
0.593605
0.59361
0.593616
0.593572
0.593553
0.593584
0.59359
0.59357
0.593577
0.593559
0.593539
0.593539
0.593527
0.593509
0.593542
0.593522
0.593503
0.59351
0.593517
0.593491
0.593503
0.593461
0.593468
0.593474
0.593455
0.593462
0.593469
0.59345
0.593431
0.593438
0.593421
0.593401
0.593408
0.59339
0.593373
0.59338
0.593387
0.593393
0.593376
0.593377
0.593366
0.593366
0.593355
0.593364
0.59335
0.59336
0.593295
0.593329
0.59334
0.593324
0.593333
0.593318
0.593328
0.593314
0.593322
0.593332
0.593311
0.593327
0.593288
0.593297
0.593306
0.593292
0.593302
0.593286
0.593272
0.593258
0.593292
0.59327
0.593262
0.593272
0.593257
0.593267
0.593246
0.593262
0.593273
0.593258
0.593243
0.593253
0.593264
0.59325
0.593259
0.593244
0.593231
0.593236
0.593226
0.593236
0.593222
0.593184
0.593217
0.593227
0.593213
0.593223
0.593203
0.593193
0.593204
0.593214
0.593201
0.593187
0.593196
0.593135
0.593194
0.59318
0.59319
0.593199
0.593156
0.59315
0.593185
0.593194
0.593182
0.593168
0.593154
0.593188
0.593147
0.593162
0.593174
0.593183
0.593168
0.593133
0.593144
0.593153
0.593139
0.593149
0.593108
0.593148
0.593133
0.593144
0.593125
0.593143
0.593129
0.593116
0.593121
0.593116
0.593126
0.593113
0.593124
0.593112
0.593124
0.593064
0.593121
0.593132
0.593121
0.593109
0.593119
0.593129
0.593118
0.593131
0.593117
0.593105
0.593111
0.593106
0.593108
0.593102
0.593092
0.593008
0.593065
0.593009
0.592927
0.592986
0.593043
0.59294
0.592999
0.592945
0.592872
0.592931
0.592989
0.592919
0.592955
0.592712
0.592756
0.592775
0.592814
0.592854
0.592751
0.59281
0.592714
0.592737
0.592799
0.592858
0.592879
0.592882
0.592887
0.592909
0.592933
0.592929
0.592933
0.592958
0.59296
0.59298
0.59298
0.592998
0.593015
0.593012
0.593008
0.593025
0.592997
0.593013
0.593027
0.593042
0.593036
0.593025
0.593039
0.59303
0.593045
0.593035
0.593025
0.592884
0.592942
0.592952
0.59295
0.592958
0.592958
0.592971
0.592963
0.592957
0.592972
0.592965
0.592981
0.592997
0.592993
0.59299
0.593007
0.593016
0.593016
0.593014
0.593023
0.593017
0.593039
0.593031
0.593047
0.593035
0.593056
0.593047
0.593061
0.593048
0.593068
0.593053
0.593071
0.593057
0.593074
0.593046
0.593078
0.593069
0.593082
0.593051
0.593086
0.593068
0.593062
0.593076
0.593089
0.593079
0.59309
0.593078
0.593069
0.593083
0.593072
0.593083
0.593095
0.593088
0.593099
0.593088
0.593079
0.593091
0.593079
0.593067
0.59308
0.593092
0.593081
0.593087
0.593039
0.59305
0.593083
0.593096
0.593085
0.593095
0.5931
0.593114
0.593112
0.593127
0.593122
0.593117
0.593133
0.593151
0.593124
0.593139
0.593155
0.593147
0.593145
0.59316
0.593147
0.593161
0.59316
0.593173
0.593163
0.593183
0.593174
0.59319
0.593181
0.593174
0.593188
0.593202
0.593189
0.593209
0.5932
0.593212
0.593205
0.593216
0.593201
0.59322
0.593212
0.593227
0.59321
0.593205
0.593214
0.593231
0.593221
0.593211
0.593218
0.593207
0.593226
0.593212
0.59322
0.593218
0.593223
0.593215
0.593208
0.593221
0.593228
0.593221
0.593215
0.593204
0.593237
0.593204
0.593213
0.593208
0.593243
0.593234
0.593223
0.593231
0.593224
0.593211
0.593228
0.59324
0.59323
0.593243
0.59323
0.593245
0.593232
0.593246
0.593234
0.593246
0.593236
0.593247
0.593238
0.59325
0.593238
0.593252
0.593233
0.593247
0.593242
0.593232
0.593242
0.593228
0.593219
0.593255
0.593244
0.593255
0.593238
0.593255
0.593247
0.593259
0.593246
0.593233
0.593247
0.593237
0.59322
0.593215
0.593248
0.593218
0.59323
0.593241
0.593253
0.593241
0.593233
0.593223
0.593259
0.593227
0.59324
0.593226
0.593262
0.593231
0.593263
0.593232
0.593223
0.593255
0.593247
0.593258
0.593244
0.593239
0.593253
0.59326
0.593272
0.59324
0.59321
0.593266
0.593215
0.593265
0.593211
0.593247
0.593214
0.593246
0.593258
0.593273
0.593219
0.593256
0.593207
0.593259
0.593208
0.593265
0.593233
0.593262
0.593215
0.593249
0.593068
0.593103
0.592932
0.592972
0.592941
0.592994
0.593035
0.593092
0.593296
0.593335
0.593388
0.593187
0.593223
0.592962
0.593014
0.592687
0.592708
0.59254
0.592575
0.592534
0.592586
0.592558
0.592605
0.592509
0.592569
0.592627
0.592499
0.592542
0.592445
0.592488
0.592418
0.592464
0.592401
0.592455
0.592493
0.592697
0.592761
0.592779
0.592835
0.592891
0.59295
0.59302
0.593076
0.592967
0.593028
0.593079
0.593134
0.593172
0.593268
0.59331
0.59318
0.593226
0.59319
0.593247
0.593209
0.593266
0.593204
0.593247
0.593268
0.593256
0.59329
0.593342
0.593352
0.593327
0.593381
0.593326
0.59336
0.593376
0.593414
0.593379
0.593281
0.593339
0.59339
0.593353
0.593388
0.593349
0.593379
0.593393
0.593399
0.593386
0.593351
0.593382
0.593345
0.593387
0.593373
0.593366
0.593356
0.593355
0.593387
0.593405
0.593373
0.593412
0.593402
0.593418
0.593398
0.593425
0.593418
0.593438
0.59343
0.593444
0.593428
0.593424
0.59344
0.593429
0.593443
0.593452
0.593438
0.59346
0.593442
0.593436
0.593448
0.593419
0.593448
0.593437
0.593442
0.593474
0.593509
0.593518
0.593523
0.593509
0.593566
0.593591
0.593606
0.593608
0.59364
0.593669
0.593678
0.593705
0.593712
0.593736
0.593736
0.593764
0.593761
0.593779
0.593816
0.593811
0.593813
0.593834
0.593804
0.593852
0.593846
0.593838
0.593859
0.593879
0.593861
0.593865
0.593861
0.593879
0.593894
0.593908
0.593934
0.593891
0.59391
0.593931
0.59392
0.59394
0.593927
0.593949
0.593936
0.593949
0.593947
0.593931
0.593947
0.593938
0.593953
0.593944
0.593966
0.593955
0.593938
0.593952
0.593885
0.593938
0.593973
0.593963
0.593958
0.593962
0.593982
0.593969
0.593959
0.59398
0.593812
0.593853
0.593867
0.593855
0.593876
0.593872
0.593882
0.593873
0.593886
0.593881
0.593899
0.593891
0.593911
0.593902
0.593918
0.593905
0.593932
0.593928
0.593943
0.593933
0.593954
0.593919
0.593965
0.593961
0.5939
0.593967
0.593982
0.593969
0.59395
0.593977
0.593996
0.593977
0.593979
0.593978
0.59401
0.593991
0.593972
0.593961
0.594011
0.593924
0.59398
0.593975
0.593981
0.594006
0.593998
0.594009
0.594022
0.594006
0.593993
0.593984
0.594012
0.593995
0.594018
0.594
0.593983
0.594026
0.594018
0.594005
0.593979
0.594001
0.594016
0.594014
0.594008
0.594014
0.594023
0.594016
0.594023
0.594015
0.594032
0.594013
0.594011
0.593997
0.594006
0.59401
0.594035
0.594027
0.594032
0.594027
0.594012
0.594017
0.594023
0.59403
0.594016
0.594028
0.594014
0.594028
0.594013
0.594035
0.594042
0.593912
0.59397
0.594032
0.594029
0.594028
0.594022
0.594034
0.594017
0.594032
0.594027
0.594043
0.594031
0.593998
0.59403
0.594045
0.594027
0.594011
0.594021
0.594004
0.59402
0.594012
0.594036
0.594044
0.594029
0.594012
0.594022
0.594016
0.594033
0.594019
0.594026
0.594036
0.594029
0.594014
0.594
0.594018
0.594014
0.594023
0.594039
0.594026
0.594046
0.594019
0.594011
0.594022
0.594018
0.594029
0.594017
0.594037
0.59404
0.593979
0.59401
0.594028
0.594002
0.594041
0.594028
0.593978
0.594027
0.594036
0.594025
0.594038
0.594037
0.594043
0.594025
0.594038
0.594038
0.594044
0.594028
0.594036
0.594035
0.594049
0.594032
0.594025
0.594043
0.59405
0.594041
0.59402
0.594041
0.594019
0.594
0.594042
0.594018
0.594019
0.594013
0.593994
0.593972
0.593975
0.593952
0.593964
0.593948
0.593955
0.593935
0.593947
0.593918
0.59393
0.593925
0.593929
0.593909
0.593909
0.593895
0.593894
0.593887
0.593893
0.593899
0.593884
0.593879
0.593869
0.593891
0.593902
0.593868
0.593875
0.59388
0.593871
0.593863
0.593876
0.593855
0.593873
0.593892
0.593871
0.593851
0.593866
0.593861
0.593865
0.593869
0.593874
0.593849
0.593859
0.593863
0.593864
0.593865
0.593875
0.593865
0.593867
0.593849
0.593853
0.593872
0.593845
0.593876
0.593867
0.593861
0.593866
0.59387
0.593861
0.593865
0.593862
0.593859
0.593852
0.593862
0.593861
0.593865
0.593872
0.593851
0.593883
0.593865
0.593856
0.593862
0.593888
0.593863
0.593857
0.593872
0.593857
0.593874
0.593857
0.593875
0.593861
0.593872
0.593868
0.593881
0.593877
0.593894
0.593868
0.593863
0.593876
0.593886
0.593874
0.593871
0.593866
0.593881
0.593849
0.593877
0.593854
0.593889
0.593871
0.593859
0.593884
0.593867
0.593871
0.593885
0.593859
0.593872
0.59388
0.593879
0.593886
0.593872
0.593875
0.593874
0.593885
0.593883
0.593871
0.593834
0.593892
0.593871
0.593881
0.593866
0.59382
0.593867
0.593861
0.593835
0.593882
0.593841
0.59389
0.593878
0.593894
0.593888
0.593881
0.59387
0.59388
0.593903
0.593896
0.593897
0.593908
0.593871
0.593893
0.593907
0.593899
0.593898
0.593895
0.593895
0.593879
0.59388
0.593847
0.59389
0.593902
0.593875
0.593898
0.593884
0.593898
0.593895
0.593892
0.593902
0.593879
0.593885
0.593888
0.593896
0.593899
0.593883
0.593899
0.593883
0.593888
0.593869
0.5939
0.593883
0.5939
0.593883
0.593872
0.593865
0.593902
0.593891
0.593895
0.593892
0.593908
0.593897
0.593897
0.593901
0.593905
0.593904
0.593892
0.593888
0.593897
0.593902
0.593892
0.593888
0.59389
0.593888
0.593905
0.593883
0.593919
0.593908
0.593907
0.59391
0.593904
0.593913
0.593906
0.593896
0.593914
0.593904
0.593908
0.593896
0.59391
0.59391
0.593907
0.59391
0.593899
0.593915
0.593905
0.593902
0.593904
0.593904
0.593898
0.593906
0.593908
0.593902
0.5939
0.59389
0.593912
0.593905
0.593899
0.593907
0.593896
0.593921
0.593913
0.593935
0.59392
0.593928
0.593913
0.593937
0.593918
0.593911
0.593922
0.593905
0.593926
0.59392
0.593932
0.593926
0.593936
0.593924
0.593924
0.593918
0.593929
0.593929
0.593923
0.593914
0.593911
0.593924
0.593919
0.593917
0.593894
0.593907
0.593908
0.593898
0.593891
0.593904
0.593888
0.593889
0.593881
0.593896
0.59386
0.593882
0.593872
0.593886
0.593874
0.59389
0.593877
0.593879
0.593882
0.593887
0.593836
0.593872
0.593876
0.593882
0.593875
0.593873
0.593877
0.593891
0.593881
0.593882
0.593888
0.593895
0.593879
0.593873
0.593877
0.593866
0.593901
0.593877
0.593884
0.593882
0.593889
0.593878
0.593869
0.593905
0.593895
0.593873
0.593861
0.59387
0.593879
0.593857
0.593871
0.593885
0.593877
0.593889
0.593879
0.593895
0.593876
0.593908
0.593873
0.593895
0.593889
0.593911
0.593873
0.593884
0.593892
0.593901
0.593893
0.593873
0.593892
0.593891
0.593894
0.593878
0.5939
0.59388
0.593903
0.593877
0.593885
0.593879
0.593881
0.593882
0.59389
0.593873
0.593896
0.593905
0.5939
0.593891
0.593909
0.593901
0.593896
0.59392
0.593893
0.593914
0.59391
0.593894
0.593905
0.593887
0.593883
0.593909
0.593915
0.593916
0.593921
0.593928
0.593909
0.593931
0.593929
0.5939
0.593906
0.593906
0.59393
0.593933
0.593929
0.593924
0.593897
0.593935
0.593907
0.59392
0.593918
0.593959
0.593946
0.59393
0.593916
0.593917
0.593934
0.593931
0.593903
0.593929
0.593939
0.593911
0.593898
0.593923
0.593966
0.593925
0.593938
0.59391
0.593922
0.593951
0.593909
0.59395
0.593943
0.593958
0.593938
0.593939
0.59394
0.593936
0.593937
0.593955
0.593899
0.593955
0.593953
0.593941
0.59397
0.593936
0.593938
0.593961
0.59395
0.593949
0.593963
0.593945
0.593958
0.593921
0.593917
0.593935
0.593913
0.593932
0.593915
0.59389
0.593899
0.593888
0.593863
0.593862
0.593851
0.593804
0.593849
0.593834
0.593797
0.59378
0.593811
0.593778
0.593749
0.593755
0.593732
0.593698
0.593679
0.593665
0.593667
0.593604
0.593583
0.593612
0.593571
0.593527
0.593494
0.593468
0.593483
0.593455
0.593429
0.593418
0.59338
0.593372
0.593328
0.593325
0.593282
0.59328
0.593209
0.593234
0.593181
0.593176
0.593107
0.593104
0.593085
0.593082
0.593054
0.592982
0.593003
0.592992
0.592932
0.592885
0.59291
0.592907
0.59281
0.592807
0.592788
0.592751
0.59269
0.592684
0.592709
0.59268
0.592637
0.592633
0.592582
0.592528
0.592525
0.59255
0.592477
0.592452
0.592423
0.592427
0.592398
0.592354
0.592322
0.592303
0.592274
0.592229
0.592227
0.592224
0.592179
0.59217
0.592144
0.592085
0.592047
0.592027
0.592008
0.592008
0.591962
0.591933
0.59193
0.591902
0.591883
0.591836
0.591834
0.591806
0.591804
0.591742
0.591744
0.591682
0.591674
0.591642
0.591637
0.591576
0.591564
0.591538
0.591505
0.591474
0.591435
0.591402
0.591409
0.591383
0.591321
0.59133
0.591248
0.591243
0.591246
0.59118
0.59115
0.591146
0.591108
0.59105
0.591073
0.591008
0.59101
0.590955
0.590925
0.590895
0.590888
0.590871
0.59086
0.590831
0.590799
0.590763
0.590696
0.590703
0.590727
0.590665
0.590646
0.590599
0.590573
0.590512
0.590485
0.590454
0.590487
0.590426
0.5904
0.590341
0.590347
0.590282
0.590256
0.590261
0.590226
0.590171
0.59018
0.590101
0.590082
0.590072
0.590012
0.589988
0.58999
0.589932
0.589935
0.589912
0.589843
0.589847
0.589794
0.589828
0.589795
0.589774
0.589734
0.589705
0.589658
0.589662
0.589605
0.589609
0.589552
0.589549
0.589534
0.589446
0.58945
0.589485
0.589427
0.589395
0.589367
0.589371
0.589329
0.589272
0.589283
0.589288
0.589231
0.589211
0.589148
0.589159
0.589164
0.589077
0.589088
0.589087
0.58903
0.589045
0.588971
0.588926
0.588909
0.58892
0.588863
0.5888
0.588836
0.588816
0.588797
0.588734
0.588583
0.588639
0.588588
0.588563
0.588514
0.58852
0.588492
0.588467
0.588481
0.588427
0.588413
0.588373
0.588369
0.58833
0.588346
0.58827
0.588303
0.588288
0.588259
0.588264
0.588246
0.588228
0.588197
0.588213
0.588218
0.588113
0.58818
0.588051
0.588109
0.588069
0.58808
0.588078
0.588063
0.58801
0.588052
0.588014
0.587993
0.588007
0.587986
0.587956
0.587896
0.587937
0.587909
0.587846
0.587855
0.58783
0.587794
0.587769
0.587771
0.587713
0.587747
0.58771
0.587691
0.58767
0.58764
0.587615
0.587616
0.58759
0.587592
0.587537
0.58755
0.587483
0.5875
0.587451
0.58739
0.587423
0.5874
0.587369
0.587371
0.587346
0.587284
0.587325
0.587248
0.587258
0.58726
0.587229
0.587225
0.587204
0.58714
0.587141
0.587116
0.587078
0.587053
0.587055
0.58703
0.586998
0.587016
0.587003
0.586976
0.586975
0.58688
0.586883
0.586863
0.586795
0.586852
0.586834
0.586781
0.586736
0.58671
0.586712
0.586686
0.586648
0.586623
0.58646
0.586517
0.586491
0.586329
0.586359
0.586093
0.58605
0.585905
0.585919
0.585696
0.585647
0.585385
0.5854
0.585232
0.585305
0.585154
0.585275
0.585214
0.585053
0.585101
0.584959
0.584968
0.584996
0.584922
0.584717
0.584718
0.58471
0.584677
0.584671
0.584657
0.584609
0.584639
0.584665
0.584646
0.584669
0.584699
0.584743
0.584784
0.584772
0.584824
0.58485
0.584894
0.584895
0.584871
0.584892
0.584905
0.584908
0.584851
0.584904
0.584869
0.584858
0.58482
0.584779
0.584736
0.584743
0.584733
0.5847
0.584626
0.584602
0.584605
0.584592
0.584501
0.584546
0.584457
0.584434
0.58447
0.584451
0.584411
0.584353
0.584351
0.584302
0.584295
0.584234
0.584311
0.584269
0.584221
0.584193
0.58416
0.584174
0.584186
0.584153
0.584093
0.584063
0.584055
0.584051
0.584023
0.584025
0.583981
0.583957
0.583951
0.583945
0.583923
0.583895
