0
0
0
0
0
0
0
0
0
0
0
0
0
0
0
0
0
0
0
0
0
0
0
0
0
0
0
0
0
0
0
0
0
0
0
0
0
0
0
0
0
0
0
0
0
0
0
0
0
0
0
0
0
0
0
0
0
0
0
0
0
0
0
0
0
0
0
0
0
0
0
0
0
0
0
0
0
0
0
0
0
0
0
0
0
0
0
0
0
0
0
0
0
0
0
0
0
0
0
0
0
0
0
0
0
0
0
0
0
0
0
0
0
0
0
0
0
0
0
0
0
0
0
0
0
0
0
0
0
0
0
0
0
0
0
0
0
0
0
0
0
0
0
0
0
0
0
0
0
0
0
0
0
0
0
0
0
0
0
0
0
0
0
0
0
0
0
0
0
0
0
0
0
0
0
0
0
0
0
0
0
0
0
0
0
0
0
0
0
0
0
0
0
0
0
0
0
0
0
0
0
0
0
0
0
0
0
0
0
0
0
0
0
0
0
0
0
0
0
0
0
0
0
0
0
0
0
0
0
0
0
0
0
0
0
0
0
0
0
0
0
0
0
0
0
0
0
0
0
0
0
0
0
0
0
0
0
0
0
0
0
0
0
0
0
0
0
0
0
0
0
0
0
0
0
0
0
0
0
0
0
0
0
0
0
0
0
0
0
0
0
0
0
0
0
0
0
0
0
0
0
0
0
0
0
0
0
0
0
0
0
0
0
0
0
0
0
0
0
0
0
0
0
0
0
0
0
0
0
0
0
0
0
0
0
0
0
0
0
0
0
0
0
0
0
0
0
0
0
0
0
0
0
0
0
0
0
0
0
0
0
0
0
0
0
0
0
0
0
0
0
0
0
0
0
0
0
0
0
0
0
0
0
0
0
0
0
0
0
0
0
0
0
0
0
0
0
0
0
0
0
0
0
0
0
0
0
0
0
0
0
0
0
0
0
0
0
0
0
0
0
0
0
0
0
0
0
0
0
-0.947821
-0.166573
-0.0894928
-0.0576324
-0.0380554
-0.0274658
-0.0206299
-0.0138702
-0.00836182
-0.00276184
0.00138855
0.00333405
0.0042038
0.00389862
0.00143433
-0.00263977
-0.00364685
-0.00998688
-0.016777
-0.0203094
-0.0286026
-0.0321503
-0.0396881
-0.0468674
-0.0675125
-0.064209
-0.0686188
-0.0834732
-0.0798645
-0.079628
-0.080513
-0.0797577
-0.0788956
-0.0788574
-0.0777283
-0.0773315
-0.0788879
-0.0769043
-0.0743713
-0.0740204
-0.0737762
-0.072937
-0.0724182
-0.0724182
-0.0719604
-0.0724487
-0.0733032
-0.0732422
-0.0739746
-0.0751953
-0.0751953
-0.0754395
-0.0767822
-0.0770264
-0.0783691
-0.0797119
-0.0799255
-0.0804138
-0.0816498
-0.081604
-0.0827637
-0.0838318
-0.0839233
-0.0839691
-0.0849152
-0.0857849
-0.0857391
-0.0865173
-0.0864258
-0.0863571
-0.0870514
-0.0877151
-0.0875854
-0.0881958
-0.0882339
-0.0886688
-0.0885239
-0.0891266
-0.0889664
-0.0895538
-0.0901031
-0.0899506
-0.0898132
-0.0903854
-0.0902405
-0.0914993
-0.0906677
-0.0918732
-0.0923576
-0.0915146
-0.0913696
-0.091877
-0.0917206
-0.0922127
-0.0920372
-0.0924797
-0.0929222
-0.0927315
-0.092556
-0.0935974
-0.093544
-0.0933304
-0.0929718
-0.0933456
-0.0938416
-0.0940399
-0.0939598
-0.0935936
-0.0939293
-0.0937042
-0.0940323
-0.0943527
-0.0941162
-0.0950775
-0.0937614
-0.0938911
-0.0941582
-0.0944023
-0.0941238
-0.0943565
-0.0975304
-0.0961952
-0.0958672
-0.0990143
-0.0980186
-0.0976295
-0.0977287
-0.0977974
-0.0973816
-0.0969734
-0.0970116
-0.0965767
-0.0966702
-0.0961285
-0.0962181
-0.0960808
-0.0956421
-0.0952091
-0.0951786
-0.0952396
-0.0945034
-0.093689
-0.0933971
-0.093977
-0.0927887
-0.0921135
-0.0914516
-0.091608
-0.0905724
-0.0903397
-0.0898399
-0.0895443
-0.0889587
-0.0888023
-0.0883369
-0.0881081
-0.0875721
-0.0874767
-0.0869694
-0.0873184
-0.0876598
-0.0863285
-0.0859814
-0.0858459
-0.086235
-0.0857887
-0.0857677
-0.0854244
-0.0848694
-0.0849857
-0.0844555
-0.0844498
-0.0840225
-0.0840015
-0.0836792
-0.0835857
-0.0831718
-0.0827656
-0.0828552
-0.0828552
-0.0823536
-0.0823574
-0.0820541
-0.0820522
-0.0816669
-0.081583
-0.0815849
-0.0815907
-0.0812168
-0.0808411
-0.0808601
-0.0804787
-0.0804882
-0.0801258
-0.0801563
-0.0797863
-0.0797997
-0.0795174
-0.079443
-0.0794697
-0.0791035
-0.0791149
-0.0794964
-0.0783768
-0.0784988
-0.0784225
-0.0784283
-0.0784206
-0.078064
-0.077713
-0.0777264
-0.0777321
-0.0770054
-0.0770035
-0.077014
-0.0766687
-0.0766792
-0.0763197
-0.076313
-0.0759735
-0.0763445
-0.0756369
-0.0756388
-0.0752916
-0.0753183
-0.0750704
-0.0749884
-0.0746469
-0.0746641
-0.0743389
-0.0743532
-0.0743589
-0.0740147
-0.0737
-0.0738115
-0.0761986
-0.07477
-0.0743008
-0.0755644
-0.0744591
-0.0736933
-0.0729342
-0.0724974
-0.0720539
-0.07129
-0.0705366
-0.0700855
-0.0696287
-0.0688725
-0.0684528
-0.0677233
-0.0673208
-0.0666227
-0.0660267
-0.0656013
-0.0653648
-0.0646582
-0.0643873
-0.0648394
-0.0639057
-0.0637093
-0.0631609
-0.0626345
-0.0621128
-0.0619841
-0.0615778
-0.0613632
-0.0608854
-0.0604095
-0.060317
-0.059864
-0.059782
-0.0597095
-0.0592632
-0.0592003
-0.0591497
-0.0587149
-0.0582838
-0.0582438
-0.0578365
-0.0581732
-0.0577507
-0.0573492
-0.0573273
-0.0569153
-0.056509
-0.0565958
-0.0564861
-0.0560865
-0.0556898
-0.0561533
-0.0556688
-0.0594072
-0.0585756
-0.0622339
-0.0613241
-0.0647297
-0.0633993
-0.0655737
-0.0643826
-0.0661373
-0.0649405
-0.0637617
-0.0628185
-0.0620871
-0.0613537
-0.0604887
-0.0597305
-0.0588408
-0.0584106
-0.0573902
-0.0574579
-0.0564222
-0.0551596
-0.0547581
-0.0539742
-0.0535746
-0.0532055
-0.0525532
-0.05194
-0.0516481
-0.0513945
-0.0508385
-0.0506306
-0.0504389
-0.0499344
-0.0494432
-0.0489664
-0.0488434
-0.0488062
-0.0486069
-0.0485144
-0.0481482
-0.0479794
-0.0475521
-0.047471
-0.0481024
-0.0469809
-0.0465708
-0.0461588
-0.0461121
-0.046072
-0.0456762
-0.0456276
-0.0452366
-0.0452137
-0.0448389
-0.0441275
-0.0440989
-0.0441036
-0.0440922
-0.0440874
-0.0437479
-0.043498
-0.0435057
-0.0430965
-0.0427971
-0.0421457
-0.0418577
-0.0415821
-0.0409498
-0.040659
-0.0400534
-0.0401316
-0.0391684
-0.0385818
-0.038435
-0.0381107
-0.03755
-0.0369911
-0.0368061
-0.0366211
-0.036109
-0.0355978
-0.0354757
-0.0350828
-0.0349016
-0.0344372
-0.0343781
-0.0343218
-0.0342846
-0.0338564
-0.0334482
-0.0334415
-0.0330343
-0.0330372
-0.03265
-0.0334311
-0.0326462
-0.0322723
-0.031991
-0.0319014
-0.031909
-0.0320263
-0.0311661
-0.0311842
-0.0309
-0.0309334
-0.0308619
-0.0308723
-0.0305071
-0.0301561
-0.0298119
-0.0298405
-0.0294828
-0.0299196
-0.0292864
-0.0292292
-0.0292788
-0.0289507
-0.0287132
-0.0290442
-0.0287247
-0.0288763
-0.0280685
-0.0281239
-0.0282011
-0.0278778
-0.0276651
-0.0276232
-0.0276852
-0.027379
-0.0270681
-0.0274982
-0.0268087
-0.0268955
-0.0265894
-0.02666
-0.0267181
-0.0267954
-0.0261259
-0.0261917
-0.0262661
-0.0259724
-0.0260572
-0.0261221
-0.0258112
-0.0259008
-0.0257053
-0.025775
-0.0254679
-0.025445
-0.0255222
-0.0252295
-0.0249376
-0.0253429
-0.0253983
-0.0247545
-0.0244656
-0.0245275
-0.0242357
-0.0242758
-0.0243473
-0.024148
-0.0241156
-0.0241585
-0.0235138
-0.0235901
-0.0236502
-0.0233603
-0.0230646
-0.0232277
-0.0228748
-0.0232573
-0.0229759
-0.0226965
-0.0227633
-0.0224838
-0.0222054
-0.022275
-0.0223484
-0.0220728
-0.0221162
-0.0221939
-0.0219202
-0.0219769
-0.0220313
-0.0217533
-0.0214887
-0.0212283
-0.0212836
-0.0210938
-0.02106
-0.0208864
-0.0208554
-0.0205889
-0.020617
-0.0203395
-0.0210457
-0.0204368
-0.0201488
-0.0202012
-0.0199313
-0.0199904
-0.0197101
-0.0197415
-0.0194879
-0.0192175
-0.0193448
-0.0189857
-0.0193543
-0.0190868
-0.0188227
-0.0188661
-0.0185885
-0.0186563
-0.0186973
-0.018733
-0.0181599
-0.0182977
-0.0182662
-0.017992
-0.0180464
-0.0177846
-0.01791
-0.0175719
-0.0172949
-0.0173507
-0.0174079
-0.0171428
-0.0168734
-0.0169106
-0.0166636
-0.0167227
-0.0167623
-0.0165586
-0.0165548
-0.0163069
-0.0163436
-0.0167112
-0.0161514
-0.0158925
-0.0159502
-0.0156918
-0.015821
-0.0158138
-0.0155454
-0.0152998
-0.0153413
-0.0153904
-0.0151443
-0.0157938
-0.0149274
-0.0149779
-0.0147324
-0.0144887
-0.0149088
-0.0148659
-0.014307
-0.0140738
-0.0141039
-0.0141544
-0.0142088
-0.0136676
-0.0140662
-0.013752
-0.0134892
-0.0132585
-0.0133247
-0.0136533
-0.0133982
-0.0131679
-0.0132322
-0.0129814
-0.0133815
-0.0127687
-0.012836
-0.0125961
-0.0127201
-0.0123816
-0.0124435
-0.0124907
-0.0123167
-0.0122628
-0.0120282
-0.0120835
-0.0118289
-0.0118728
-0.0116105
-0.0122395
-0.0114307
-0.0111809
-0.0112109
-0.0112472
-0.0110183
-0.0107942
-0.0108175
-0.0105624
-0.0106277
-0.0106659
-0.0104818
-0.0104465
-0.0103092
-0.0102797
-0.0103054
-0.0112123
-0.0104194
-0.0109878
-0.0118904
-0.0110698
-0.0102696
-0.0114245
-0.0105968
-0.011157
-0.0119338
-0.0111179
-0.0103164
-0.0110521
-0.0105157
-0.0133452
-0.0127063
-0.0123701
-0.0117908
-0.0112119
-0.0123477
-0.0115256
-0.0125847
-0.0121942
-0.0113444
-0.01054
-0.0101886
-0.0100479
-0.00989532
-0.00953436
-0.00915718
-0.00910854
-0.00896072
-0.008564
-0.0084486
-0.00811958
-0.00801897
-0.0077076
-0.00741625
-0.00735617
-0.00730371
-0.00701618
-0.0072484
-0.00697279
-0.00671434
-0.00643587
-0.00642443
-0.00646305
-0.00619793
-0.00621414
-0.00594568
-0.00597525
-0.00600195
-0.00757694
-0.00680351
-0.00659418
-0.00653124
-0.00634766
-0.00625515
-0.00600767
-0.0060277
-0.00601339
-0.00575161
-0.00574732
-0.00547218
-0.00519514
-0.00515079
-0.00509977
-0.00481987
-0.00463724
-0.00454807
-0.00448418
-0.00429678
-0.00428724
-0.00394392
-0.00394917
-0.00368071
-0.00374413
-0.00341272
-0.00343275
-0.00319433
-0.00325966
-0.00294447
-0.00304461
-0.00274801
-0.00283909
-0.00256681
-0.00281286
-0.00236511
-0.00239611
-0.0021615
-0.00244999
-0.00196123
-0.00209284
-0.00208378
-0.00185013
-0.001616
-0.00166321
-0.00145626
-0.00152063
-0.00155067
-0.00131273
-0.00135469
-0.00115824
-0.000946045
-0.000961781
-0.000763893
-0.000814915
-0.000850677
-0.000632763
-0.000693798
-0.000759125
-0.000540733
-0.000338078
-0.000389576
-0.000244141
-0.000725269
-0.000520706
-7.43866e-05
0.000139236
9.48906e-05
0.000283241
0.000412464
0.000651836
0.000699997
0.000955582
0.000977993
0.00099802
0.00125456
0.00154495
0.00130939
0.0015583
0.00182343
0.0018096
0.00186634
0.00210428
0.00204086
0.00227022
0.00233698
0.00256157
0.00252342
0.00281763
0.0027914
0.00304317
0.0030098
0.00300789
0.00323725
0.00346804
0.00339603
0.00368881
0.00366116
0.00387287
0.00387096
0.00406027
0.00396872
0.004251
0.00422859
0.00446606
0.00435543
0.00436449
0.00453043
0.00479174
0.00475216
0.00470591
0.0048461
0.00479174
0.00508213
0.00498676
0.00514698
0.00519085
0.00530958
0.00528336
0.00526953
0.00548172
0.00563049
0.0056119
0.00561905
0.00556374
0.00599718
0.00568962
0.00586414
0.00587654
0.00632477
0.00628567
0.00622749
0.00638151
0.00636959
0.00629091
0.00654221
0.00674295
0.00668716
0.00689173
0.00680923
0.00703955
0.00695276
0.00717688
0.00710917
0.00730133
0.00725031
0.00743008
0.00739622
0.00758648
0.0075202
0.00772858
0.00758886
0.00779867
0.00779772
0.00774908
0.00792265
0.00782776
0.00778294
0.00824547
0.008183
0.00836325
0.00823498
0.00847197
0.00844765
0.00863409
0.00855255
0.00846148
0.00867367
0.00862169
0.00849581
0.00849581
0.0089221
0.00864983
0.00884199
0.00901604
0.00919533
0.00912094
0.00908852
0.00902653
0.00947475
0.00917912
0.00938749
0.00927877
0.00973225
0.00944519
0.00984812
0.00956678
0.00952959
0.00993299
0.00989628
0.0100732
0.00997448
0.00997782
0.010181
0.010304
0.0104861
0.0102
0.00992393
0.0105848
0.0100827
0.0106773
0.0101399
0.0105872
0.0102859
0.0106816
0.0108581
0.0110736
0.0105348
0.0109854
0.0105066
0.0111146
0.0106173
0.0112848
0.0109892
0.0113559
0.0109148
0.0113249
0.00987577
0.010345
0.00925112
0.00974226
0.00921488
0.00980616
0.00974941
0.0103779
0.0100961
0.0108595
0.0114861
0.0120568
0.0124745
0.00823975
0.00884056
0.00485897
0.00518084
0.00409555
0.00459766
0.00463057
0.00526667
0.00511599
0.0056777
0.00481558
0.00551414
0.00618267
0.0049963
0.00551128
0.00462246
0.00513697
0.00462294
0.00517893
0.0053401
0.00603628
0.00659084
0.00599861
0.00670195
0.00764227
0.00836468
0.00914717
0.00982475
0.0102649
0.0109029
0.010622
0.0113792
0.0119624
0.0125861
0.0131426
0.0121384
0.0126443
0.0120168
0.0125895
0.0120988
0.0127549
0.011694
0.0123763
0.0121136
0.0126567
0.0130229
0.0130701
0.0135217
0.014123
0.0143523
0.0142317
0.014863
0.0144634
0.0148768
0.0151591
0.0156217
0.0153708
0.0145459
0.0152044
0.0157862
0.0155225
0.0159416
0.0156474
0.0160179
0.0162544
0.0163879
0.0163383
0.0160742
0.0164537
0.0161481
0.0166574
0.0165782
0.0165815
0.016562
0.0166283
0.017005
0.0172558
0.0169921
0.0174551
0.0174155
0.0176411
0.0175037
0.017827
0.0178151
0.0180759
0.0180511
0.0182548
0.0181394
0.0181518
0.0183673
0.0183058
0.0184946
0.0186429
0.0185428
0.0188198
0.0186868
0.0186639
0.018837
0.0185781
0.0189166
0.0188498
0.0189576
0.0193486
0.0197668
0.019917
0.0200138
0.0199313
0.0205684
0.0208645
0.0210743
0.0211468
0.0215182
0.0218716
0.0220146
0.0223417
0.022459
0.0227509
0.0228019
0.0231333
0.0231552
0.0233831
0.0238152
0.0237999
0.0238714
0.0241337
0.0238752
0.0244107
0.0243859
0.0243473
0.0245996
0.024848
0.0247068
0.0247855
0.0247898
0.0250072
0.0251985
0.0253849
0.0256886
0.0252857
0.0255198
0.0257807
0.0257039
0.025948
0.0258465
0.0261183
0.0260181
0.026185
0.0262046
0.0260777
0.0262761
0.0262208
0.026413
0.0263577
0.026619
0.0265479
0.0264049
0.0265918
0.0259309
0.0265179
0.0269127
0.0268455
0.0268292
0.0269084
0.0271511
0.0270433
0.0269842
0.0272326
0.0255542
0.0260086
0.0261874
0.0260949
0.0263495
0.0263529
0.0264878
0.0264306
0.0265927
0.0265803
0.0268025
0.0267606
0.0269938
0.0269456
0.027142
0.0270476
0.0273538
0.0273533
0.0275311
0.0274711
0.0277138
0.0273943
0.0278964
0.0278907
0.0273137
0.0280209
0.0282083
0.0281105
0.0279479
0.0282655
0.0284853
0.028326
0.0283871
0.0284028
0.0287657
0.0286098
0.0284495
0.0283694
0.0289068
0.0280671
0.0286636
0.0286498
0.0287366
0.0290241
0.0289741
0.0291209
0.0292807
0.0291533
0.029057
0.0290046
0.0293283
0.0291867
0.0294509
0.0293107
0.0291705
0.0296345
0.0295911
0.0294948
0.029263
0.0295181
0.0296926
0.0297184
0.0296888
0.0297818
0.0299048
0.0298743
0.0299664
0.0299225
0.0301242
0.0299659
0.0299811
0.029871
0.0299883
0.0300679
0.0303469
0.0303097
0.0303884
0.0303655
0.0302515
0.030323
0.030416
0.0305214
0.0304136
0.0305729
0.0304632
0.0306287
0.0305195
0.0307693
0.030869
0.0296016
0.030211
0.0308576
0.0308633
0.0308752
0.0308475
0.0310035
0.0308609
0.0310445
0.0310221
0.0312152
0.0311322
0.0308352
0.0311818
0.0313616
0.0312157
0.0310783
0.0312028
0.0310693
0.0312538
0.0312142
0.0314832
0.03159
0.0314703
0.0313311
0.0314517
0.0314288
0.0316277
0.0315132
0.0316148
0.031745
0.0317073
0.0315847
0.0314736
0.0316882
0.0316782
0.0317984
0.0319839
0.0318794
0.0321016
0.0318584
0.0318093
0.0319533
0.0319471
0.0320768
0.0319896
0.0322237
0.0322757
0.0317063
0.0320396
0.0322394
0.032022
0.0324311
0.0323277
0.0318589
0.032373
0.0324893
0.0324078
0.0325623
0.032589
0.0326643
0.032515
0.0326753
0.032711
0.0327921
0.0326619
0.0327668
0.0327826
0.0329499
0.0328064
0.0327635
0.0329714
0.0330663
0.0330067
0.032825
0.0330563
0.0328655
0.0327015
0.0331469
0.0329342
0.0329647
0.032927
0.0327673
0.0325718
0.0326247
0.0324249
0.0325632
0.0324335
0.0325198
0.032351
0.0324917
0.0322266
0.0323768
0.032352
0.0324092
0.0322375
0.0322504
0.0321445
0.0321574
0.0321145
0.0321894
0.032279
0.0321479
0.0321236
0.0320511
0.0322924
0.0324159
0.032115
0.0321975
0.0322695
0.0322022
0.032145
0.032299
0.0321116
0.0323157
0.0325236
0.0323415
0.0321646
0.032331
0.0323133
0.0323701
0.0324287
0.0325017
0.0322766
0.0323954
0.0324602
0.0324926
0.0325222
0.0326438
0.0325718
0.0326076
0.0324516
0.0325131
0.0327163
0.0324755
0.0327988
0.032733
0.0327015
0.0327673
0.032825
0.0327559
0.0328236
0.0328116
0.032805
0.032764
0.0328836
0.0328898
0.0329471
0.0330386
0.0328469
0.0331798
0.0330272
0.0329566
0.0330334
0.0333104
0.0330844
0.0330486
0.0332208
0.0330915
0.0332766
0.0331368
0.0333376
0.0332189
0.0333481
0.0333281
0.0334721
0.0334592
0.0336404
0.0334048
0.0333819
0.0335236
0.033638
0.0335455
0.033534
0.033504
0.0336742
0.0333824
0.0336781
0.0334778
0.0338345
0.0336776
0.0335765
0.0338397
0.0336976
0.0337572
0.0339098
0.0336723
0.0338192
0.033916
0.0339208
0.0340157
0.0338936
0.0339503
0.0339537
0.034081
0.0340815
0.0339851
0.0336485
0.0342274
0.03405
0.0341578
0.0340357
0.0336113
0.0340796
0.0340395
0.0338044
0.0342755
0.0338998
0.0343914
0.0342989
0.0344744
0.0344286
0.0343738
0.0342913
0.0344043
0.0346422
0.0345969
0.0346227
0.0347428
0.0344095
0.0346379
0.0347915
0.034739
0.0347443
0.03473
0.0347505
0.0346112
0.0346465
0.0343404
0.0347767
0.0349131
0.0346613
0.0349011
0.0347915
0.0349383
0.0349298
0.0349154
0.0350299
0.0348229
0.0348964
0.0349422
0.0350428
0.0350866
0.0349493
0.0351214
0.0349817
0.0350509
0.0348778
0.0351987
0.0350547
0.0352306
0.0350881
0.0350008
0.0349379
0.0353122
0.0352211
0.0352759
0.0352731
0.035439
0.0353532
0.0353656
0.0354238
0.0354767
0.0354905
0.035388
0.0353718
0.0354691
0.0355339
0.0354552
0.0354271
0.0354657
0.0354633
0.0356412
0.03544
0.0358019
0.0357127
0.0357218
0.0357666
0.0357285
0.0358257
0.0357766
0.0356975
0.0358868
0.0358067
0.035862
0.0357666
0.0359092
0.0359297
0.0359159
0.0359616
0.0358701
0.0360384
0.035964
0.0359473
0.0359783
0.0359921
0.035955
0.0360384
0.0360851
0.0360398
0.0360293
0.0359507
0.0361834
0.03613
0.0360928
0.0361738
0.036087
0.0363421
0.0362735
0.0365076
0.0363722
0.0364656
0.0363398
0.0365806
0.0364151
0.0363665
0.0364871
0.0363326
0.0365505
0.0365152
0.0366411
0.0365996
0.0367141
0.0366063
0.0366235
0.0365729
0.036695
0.0367088
0.0366693
0.0365968
0.0365787
0.0367169
0.0366936
0.0366797
0.0364723
0.0366178
0.0366359
0.0365553
0.0364971
0.0366373
0.0364938
0.0365176
0.0364485
0.0366125
0.0362811
0.0365057
0.0364175
0.0365686
0.0364704
0.036633
0.0365257
0.0365572
0.0366011
0.0366626
0.0361876
0.0365372
0.0365901
0.0366583
0.0366039
0.0366035
0.0366516
0.0367928
0.0367122
0.0367379
0.0368037
0.0368838
0.0367489
0.0366969
0.0367517
0.0366635
0.0370045
0.0367951
0.0368686
0.0368638
0.0369473
0.0368524
0.0367785
0.0371308
0.0370541
0.0368533
0.0367465
0.0368466
0.0369444
0.036747
0.0368991
0.0370393
0.0369749
0.0371089
0.0370164
0.0371795
0.0370097
0.0373302
0.0370102
0.03723
0.0371866
0.0374107
0.0370603
0.0371752
0.0372653
0.0373588
0.0373011
0.037117
0.0373173
0.037312
0.0373611
0.0372133
0.0374379
0.0372558
0.0374908
0.0372553
0.037344
0.0372877
0.0373302
0.0373459
0.0374308
0.0372858
0.0375123
0.0376177
0.0375748
0.0374975
0.0376787
0.0376205
0.0375853
0.0378265
0.0375733
0.0377884
0.0377588
0.0376215
0.0377412
0.0375824
0.0375538
0.0378056
0.037879
0.037899
0.0379553
0.0380378
0.037859
0.0380864
0.0380707
0.0378113
0.0378747
0.0378909
0.0381303
0.0381675
0.0381455
0.038105
0.0378637
0.0382357
0.0379772
0.0381131
0.0381117
0.038507
0.0383949
0.0382533
0.0381322
0.0381527
0.0383191
0.0383077
0.0380483
0.0383043
0.0384092
0.0381584
0.0380478
0.0382957
0.0387206
0.0383353
0.0384712
0.038208
0.0383415
0.0386224
0.0382338
0.0386348
0.0385776
0.0387297
0.0385485
0.0385718
0.038589
0.0385671
0.0385838
0.038764
0.03825
0.0387917
0.0387807
0.038681
0.038969
0.0386539
0.038681
0.038908
0.0388098
0.0388188
0.0389605
0.0388045
0.0389361
0.0385895
0.0385637
0.0387478
0.0385509
0.0387459
0.0385933
0.0383711
0.0384622
0.038373
0.0381432
0.0381517
0.0380607
0.0376234
0.0380611
0.0379357
0.0375905
0.0374393
0.0377479
0.0374389
0.0371814
0.0372529
0.0370388
0.0367279
0.0365629
0.0364466
0.036479
0.035893
0.0357118
0.035995
0.0356278
0.0352135
0.0349255
0.0346909
0.0348468
0.0345955
0.034358
0.0342641
0.0339227
0.0338607
0.0334516
0.0334411
0.0330477
0.0330348
0.0323806
0.032629
0.0321531
0.0321088
0.0314746
0.0314603
0.0312915
0.0312781
0.0310311
0.030364
0.0305777
0.0304842
0.0299292
0.0294948
0.029747
0.0297332
0.0288291
0.0288148
0.0286469
0.0283151
0.0277538
0.0277076
0.0279598
0.0277076
0.0273142
0.0272813
0.0268064
0.0263195
0.0263052
0.0265608
0.0258861
0.0256557
0.0254049
0.0254498
0.0251999
0.0247941
0.0245104
0.0243387
0.0240865
0.0236778
0.023665
0.023653
0.023243
0.0231767
0.0229397
0.0223975
0.0220442
0.0218749
0.0217052
0.0217285
0.0213008
0.021049
0.0210371
0.0207877
0.0206184
0.0201955
0.0201859
0.0199409
0.0199327
0.0193648
0.0193992
0.0188317
0.0187783
0.0184855
0.0184536
0.0178933
0.0177979
0.0175705
0.0172796
0.0170035
0.0166459
0.0163569
0.0164304
0.0161963
0.0156312
0.0157232
0.0149703
0.0149374
0.0149798
0.0143824
0.0141106
0.0140882
0.0137415
0.0132232
0.0134521
0.012857
0.0128841
0.012383
0.0121183
0.0118446
0.0118022
0.0116649
0.0115695
0.0113106
0.0110321
0.0107117
0.0100875
0.0101752
0.0104108
0.00984621
0.00968409
0.00924587
0.00902176
0.00845718
0.00822592
0.00795317
0.00827265
0.00771427
0.00748634
0.00693893
0.00701761
0.00641584
0.0061903
0.00625324
0.00594282
0.00544262
0.0055337
0.0048089
0.00463772
0.00455618
0.00401402
0.00380468
0.00383949
0.00331163
0.00335073
0.00315714
0.00251341
0.00256824
0.00208569
0.00241852
0.00212717
0.00194263
0.00158644
0.00132036
0.000898838
0.000951767
0.000430584
0.000481129
-4.14848e-05
-4.72069e-05
-0.000171661
-0.000986576
-0.000933647
-0.00058651
-0.00111818
-0.00140429
-0.00165129
-0.00160265
-0.00198698
-0.00250292
-0.00238705
-0.00232935
-0.0028429
-0.00301504
-0.00359344
-0.00346661
-0.00340652
-0.00421476
-0.00408459
-0.0040803
-0.00459957
-0.00444746
-0.00513124
-0.00553656
-0.00568819
-0.00557041
-0.00608826
-0.00667095
-0.00630856
-0.00647783
-0.00664234
-0.00722361
-0.00859547
-0.00806904
-0.00852585
-0.00874376
-0.00918913
-0.00911522
-0.00936937
-0.00957632
-0.00943661
-0.00992537
-0.0100455
-0.0104036
-0.0104313
-0.0107889
-0.0106192
-0.0113134
-0.0109997
-0.0111217
-0.0113759
-0.0113101
-0.0114613
-0.01161
-0.0118933
-0.0117183
-0.0116558
-0.0126138
-0.0119777
-0.0131564
-0.0126033
-0.01296
-0.0128484
-0.0128493
-0.0129719
-0.0134473
-0.0130482
-0.0133858
-0.0135627
-0.0134158
-0.0135999
-0.0138617
-0.0144076
-0.014008
-0.0142503
-0.0148182
-0.0147219
-0.0149302
-0.0152545
-0.0154672
-0.0154347
-0.0159612
-0.015626
-0.015955
-0.0161142
-0.0162878
-0.016552
-0.0167708
-0.0167446
-0.0169625
-0.016933
-0.0174294
-0.0172834
-0.0179043
-0.0177236
-0.0181694
-0.0187235
-0.0183887
-0.0185843
-0.0188637
-0.018827
-0.0190344
-0.0196042
-0.0192008
-0.0199037
-0.0197892
-0.0197487
-0.0200305
-0.0200496
-0.0202217
-0.0208068
-0.0207748
-0.0209918
-0.0213261
-0.0215416
-0.0215068
-0.0217199
-0.0220041
-0.0218153
-0.0219202
-0.0221686
-0.0221529
-0.0230236
-0.0229836
-0.0231419
-0.0237541
-0.0232182
-0.0233579
-0.0238333
-0.0242424
-0.0244627
-0.0244308
-0.0246496
-0.0249867
-0.0252047
-0.0266814
-0.0261416
-0.0263567
-0.0278296
-0.0275335
-0.029953
-0.0303521
-0.0330691
-0.0329309
-0.0347538
-0.0351944
-0.0373368
-0.0371456
-0.0402288
-0.0395279
-0.0407233
-0.0395532
-0.0400338
-0.0411925
-0.0407262
-0.0418453
-0.0417409
-0.0414362
-0.0420318
-0.0437031
-0.0436678
-0.0436645
-0.0438976
-0.0438676
-0.0439167
-0.0442872
-0.0439291
-0.0436144
-0.0437107
-0.0434451
-0.0431075
-0.0426326
-0.0421886
-0.0422578
-0.0416932
-0.041419
-0.0409651
-0.0409055
-0.0410948
-0.040854
-0.0406804
-0.0406222
-0.0411148
-0.0405908
-0.0408783
-0.040946
-0.0412664
-0.0415993
-0.0419712
-0.0418782
-0.0419369
-0.0422158
-0.0428653
-0.0430584
-0.042995
-0.0430856
-0.0439086
-0.0434599
-0.0442667
-0.0444531
-0.0440855
-0.0442443
-0.044589
-0.045105
-0.0451035
-0.0455403
-0.0455832
-0.0461187
-0.0453911
-0.045764
-0.046196
-0.046432
-0.0467219
-0.046566
-0.0464358
-0.0467253
-0.0472627
-0.0475268
-0.0475836
-0.0476003
-0.0478439
-0.0478058
-0.0482054
-0.0484166
-0.0484619
-0.0485063
-0.0486965
-0.0489473
