0
0
0
0
0
0
0
0
0
0
0
0
0
0
0
0
0
0
0
0
0
0
0
0
0
0
0
0
0
0
0
0
0
0
0
0
0
0
0
0
0
0
0
0
0
0
0
0
0
0
0
0
0
0
0
0
0
0
0
0
0
0
0
0
0
0
0
0
0
0
0
0
0
0
0
0
1.5
1.5
1.5
1.5
1.5
1.5
1.5
1.5
1.5
1.5
1.5
1.5
1.5
1.5
1.5
1.5
1.5
1.5
1.5
1.5
1.5
1.5
1.5
1.5
1.5
1.5
1.5
1.5
1.5
1.5
1.5
1.5
1.5
1.5
1.5
1.5
1.5
1.5
1.5
1.5
1.5
1.5
1.5
1.5
1.5
1.5
1.5
1.5
1.5
1.5
1.5
1.5
1.5
1.5
1.5
1.5
1.5
1.5
1.5
1.5
1.5
1.5
1.5
1.5
1.5
1.49327
1.44124
1.36205
0
0
0
0
0
0
0
0
0
0
0
0
0
0
0
0
0
0
0
0
0
0
0
0
0
0
0
0
0
0
0
0
0
0
0
0
0
0
0
0
0
0
0
0
0
0
0
0
0
0
0
0
0
0
0
0
0
0
0
0
0
0
0
0
0
0
0
0
0
0
0
0
0
0
0
0
0
0
0
0
0
0
0
0
0
0
0
0
0
0
0
0
0
0
0
0
0
0
0
0
0
0
0
0
0
0
0
0
0
0
0
0
0
0
0
0
0
0
0
0
0
0
0
0
0
0
0
0
0
0
0
0
0
0
0
0
0
0
0
0
0
0
0
0
0
0
0
0
0
0
0
0
0
0
0
0
0
0
0
0
0
0
0
0
0
0
0
0
0
0
0
0
0
0
0
0
0
0
0
0
0
0
0
0
0
0
0
0
0
0
0
0
0
0
0
0
0
0
0
0
0
0
0
0
0
0
0
0
0
0
0
0
0
0
0
0
0
0
0
0
0
0
0
0
0
0
0
0
0
0
0
0
0
0
0
0
0
0
0
0
0
0
0
0
0
0
0
0
0
0
0
0
0
0
0
0
0
0
0
0
0
0
0
0
0
0
0
0
0
0
0
0
0
0
0
0
0
0
0
0
0
0
0
0
0
-0.360979
0.22555
0.287273
0.311968
0.325914
0.335262
0.34073
0.341167
0.338995
0.329394
0.314958
0.303732
0.284518
0.271495
0.251818
0.233572
0.228665
0.212851
0.20024
0.194631
0.186231
0.183831
0.180353
0.179088
0.179421
0.182195
0.185621
0.19195
0.194951
0.198505
0.202184
0.205252
0.208003
0.210352
0.212381
0.213695
0.212441
0.213945
0.216091
0.215659
0.214918
0.21491
0.214597
0.213414
0.213055
0.211573
0.209918
0.209439
0.208146
0.206658
0.206462
0.206161
0.205014
0.20491
0.204032
0.203282
0.203405
0.203352
0.202863
0.203304
0.202938
0.202491
0.202987
0.203341
0.203093
0.202877
0.203248
0.203024
0.203377
0.203695
0.20344
0.203175
0.203464
0.203176
0.203292
0.203103
0.203344
0.202995
0.203238
0.202895
0.20256
0.20279
0.20301
0.202671
0.202904
0.202031
0.202809
0.201982
0.201724
0.202523
0.202771
0.202506
0.202771
0.202527
0.2028
0.202584
0.202365
0.202636
0.202895
0.202188
0.202343
0.202629
0.20303
0.202851
0.202577
0.202537
0.20271
0.203112
0.202952
0.203242
0.203088
0.202934
0.203221
0.202534
0.203698
0.203685
0.20357
0.203476
0.203791
0.203686
0.201147
0.20232
0.202664
0.200249
0.20117
0.201619
0.201716
0.201869
0.202386
0.202891
0.203072
0.20359
0.203693
0.204265
0.204317
0.204512
0.204938
0.205346
0.205387
0.205337
0.205945
0.206612
0.206807
0.20619
0.207195
0.207728
0.208252
0.208065
0.208897
0.209022
0.20941
0.209632
0.210025
0.210065
0.210414
0.210508
0.210916
0.210908
0.211302
0.210894
0.210504
0.211687
0.211972
0.212045
0.21168
0.212072
0.212085
0.2124
0.212896
0.212826
0.213311
0.21335
0.213752
0.213801
0.214114
0.214214
0.214598
0.214974
0.214914
0.214925
0.215372
0.215371
0.215655
0.215662
0.216014
0.216088
0.216097
0.216108
0.216491
0.216816
0.216827
0.217195
0.217222
0.217574
0.217582
0.217939
0.217958
0.218242
0.218328
0.218331
0.218682
0.218697
0.218383
0.219408
0.219338
0.219435
0.219476
0.219519
0.219873
0.220222
0.220251
0.220291
0.220972
0.221013
0.221042
0.221385
0.221403
0.221749
0.221778
0.222106
0.221794
0.222454
0.222475
0.222811
0.222817
0.223075
0.223169
0.223502
0.223514
0.223836
0.223851
0.223874
0.224211
0.224525
0.224464
0.222356
0.223635
0.224056
0.223058
0.224076
0.224823
0.225572
0.226078
0.226575
0.227326
0.22805
0.228492
0.228901
0.229558
0.229864
0.230453
0.230688
0.23122
0.23166
0.231862
0.2319
0.232413
0.232473
0.231768
0.232568
0.232601
0.233097
0.233509
0.233872
0.233933
0.234287
0.234437
0.234856
0.235277
0.23534
0.235748
0.235805
0.235852
0.236253
0.236293
0.236328
0.236729
0.237129
0.237175
0.237529
0.237279
0.237686
0.238077
0.238127
0.238532
0.238936
0.238905
0.239032
0.239427
0.239816
0.239429
0.239889
0.236529
0.237317
0.234785
0.235987
0.242826
0.244041
0.239589
0.240231
0.233443
0.234293
0.235147
0.235627
0.235925
0.23645
0.237238
0.238005
0.238919
0.239557
0.240565
0.240832
0.24183
0.242999
0.243491
0.244265
0.244665
0.244973
0.245521
0.246012
0.246132
0.246192
0.246582
0.246574
0.246659
0.246904
0.247249
0.247593
0.247573
0.247507
0.247594
0.247613
0.247936
0.248056
0.248457
0.248548
0.248009
0.249073
0.249495
0.249924
0.250032
0.250129
0.25054
0.250628
0.251026
0.251121
0.251464
0.252158
0.252214
0.252238
0.252269
0.252283
0.252617
0.252878
0.252887
0.253289
0.253563
0.25417
0.254446
0.254715
0.255311
0.255584
0.256148
0.256053
0.256945
0.257477
0.257593
0.257846
0.258337
0.25882
0.258923
0.259021
0.259453
0.259881
0.25992
0.260257
0.260355
0.260756
0.260764
0.260778
0.260788
0.261184
0.261571
0.261588
0.261993
0.262029
0.262428
0.261761
0.262529
0.262926
0.263251
0.263393
0.263455
0.263422
0.264255
0.264301
0.264627
0.264661
0.264772
0.26481
0.265194
0.265567
0.265937
0.265967
0.266353
0.266008
0.266651
0.266745
0.266751
0.267108
0.267389
0.267129
0.267483
0.267415
0.268207
0.268227
0.268234
0.268605
0.268883
0.268988
0.269006
0.269357
0.269711
0.269388
0.270086
0.270078
0.270426
0.270435
0.270453
0.270453
0.271135
0.271145
0.271152
0.271498
0.271501
0.27152
0.271881
0.271883
0.272152
0.272178
0.272541
0.272646
0.272668
0.273024
0.273378
0.273106
0.273148
0.273819
0.274168
0.274202
0.274558
0.27461
0.274629
0.274899
0.274996
0.275029
0.275696
0.275702
0.275724
0.276067
0.276412
0.276343
0.276736
0.276452
0.276782
0.277114
0.277129
0.277467
0.277805
0.277825
0.277844
0.278177
0.278213
0.278223
0.278556
0.278587
0.278652
0.278966
0.279298
0.279629
0.279677
0.279951
0.280067
0.280323
0.280428
0.280757
0.280808
0.281143
0.280566
0.281205
0.281548
0.281583
0.281919
0.281953
0.282296
0.282351
0.282671
0.283004
0.282976
0.283381
0.283115
0.283439
0.283761
0.283797
0.284135
0.284154
0.284196
0.284243
0.284857
0.284822
0.284932
0.285277
0.28532
0.285652
0.285638
0.286032
0.286378
0.286416
0.286454
0.286785
0.287116
0.28716
0.287474
0.2875
0.28754
0.287814
0.287886
0.288197
0.288242
0.287984
0.28859
0.288918
0.288956
0.289292
0.28928
0.289377
0.289719
0.290039
0.290095
0.290144
0.290465
0.289952
0.290843
0.290888
0.291209
0.291533
0.291249
0.291372
0.29198
0.292286
0.292343
0.292387
0.292423
0.293014
0.292725
0.293096
0.293425
0.293728
0.293755
0.293533
0.293855
0.294156
0.294181
0.294505
0.294234
0.294888
0.294926
0.295249
0.295246
0.295649
0.295693
0.295746
0.29601
0.296142
0.296454
0.296497
0.296827
0.29688
0.297215
0.296723
0.297572
0.297899
0.297968
0.298038
0.298348
0.298652
0.298716
0.299041
0.299064
0.299105
0.299366
0.299466
0.299688
0.299788
0.299846
0.299083
0.299919
0.299488
0.298816
0.299676
0.300518
0.299655
0.300521
0.300203
0.299715
0.30057
0.301414
0.300937
0.301552
0.299226
0.299906
0.30034
0.300986
0.301635
0.300876
0.301736
0.301026
0.301525
0.302408
0.303255
0.303725
0.304017
0.304289
0.30472
0.305148
0.30524
0.305387
0.305781
0.305867
0.30619
0.306253
0.306558
0.306849
0.306883
0.306921
0.307221
0.306981
0.307286
0.307585
0.307906
0.307972
0.30801
0.308342
0.30841
0.308751
0.308818
0.30889
0.307509
0.308333
0.30864
0.308808
0.309117
0.30935
0.309725
0.309874
0.310048
0.31043
0.310578
0.310957
0.311334
0.31149
0.311667
0.311995
0.312264
0.312412
0.312532
0.31279
0.312854
0.313238
0.313288
0.31361
0.313617
0.313995
0.31404
0.314343
0.314356
0.314725
0.314715
0.315073
0.315077
0.315421
0.315267
0.315792
0.315855
0.316172
0.315993
0.316554
0.316539
0.316643
0.316966
0.317289
0.317348
0.31765
0.317694
0.317761
0.318083
0.318139
0.318426
0.318728
0.31881
0.319101
0.319153
0.319214
0.319519
0.319559
0.319597
0.319904
0.3202
0.320255
0.320509
0.320153
0.320485
0.320988
0.321301
0.321376
0.321674
0.321893
0.322226
0.32237
0.322712
0.322823
0.322925
0.323257
0.323614
0.323456
0.323778
0.324111
0.324172
0.324296
0.32461
0.324636
0.324944
0.325083
0.32539
0.325444
0.325812
0.32588
0.326213
0.326276
0.326364
0.326679
0.326994
0.327024
0.327393
0.327463
0.327764
0.327853
0.328135
0.328148
0.328506
0.328577
0.3289
0.328901
0.328999
0.329266
0.329609
0.329672
0.329732
0.329981
0.330034
0.330408
0.330431
0.330699
0.330842
0.331081
0.331168
0.331265
0.331579
0.331839
0.33193
0.332045
0.332104
0.332631
0.33245
0.332731
0.33285
0.333389
0.333464
0.333525
0.333792
0.333881
0.333916
0.334257
0.334555
0.334609
0.334913
0.33495
0.335275
0.335306
0.335626
0.335674
0.335966
0.336025
0.336307
0.336379
0.33667
0.336715
0.337022
0.337009
0.337316
0.33742
0.337484
0.337767
0.337798
0.33787
0.338426
0.338488
0.338781
0.338792
0.33913
0.339221
0.339516
0.339555
0.339586
0.339898
0.339958
0.339959
0.340065
0.340588
0.340443
0.340747
0.341039
0.341335
0.341395
0.34149
0.341556
0.342099
0.341935
0.34225
0.342273
0.34282
0.342662
0.343168
0.343017
0.343094
0.343599
0.343674
0.343958
0.343983
0.34409
0.344396
0.344635
0.344922
0.34476
0.344603
0.345354
0.344973
0.34567
0.345283
0.34583
0.345685
0.346192
0.346497
0.346838
0.346477
0.347026
0.346685
0.347393
0.347036
0.347793
0.347641
0.348122
0.347832
0.348428
0.359541
0.362725
0.402501
0.40744
0.449876
0.454493
0.493033
0.496162
0.496795
0.497541
0.498264
0.437613
0.430148
0.355009
0.355708
0.314784
0.313665
0.311039
0.312607
0.327952
0.330414
0.344254
0.34609
0.352978
0.353753
0.354505
0.354084
0.354476
0.350878
0.351119
0.350393
0.351045
0.373239
0.377491
0.385622
0.414352
0.415916
0.403346
0.401105
0.36861
0.366279
0.341396
0.34104
0.358023
0.358839
0.363136
0.363858
0.368331
0.394585
0.395425
0.379692
0.378266
0.367156
0.367906
0.370701
0.371465
0.365237
0.364928
0.362466
0.358053
0.357033
0.357734
0.356062
0.353846
0.354574
0.35324
0.353737
0.354165
0.354797
0.355198
0.355902
0.356652
0.357343
0.358067
0.358803
0.359386
0.360032
0.360663
0.361173
0.361538
0.361643
0.36217
0.362091
0.362666
0.362684
0.36273
0.362731
0.362787
0.363238
0.363517
0.363244
0.363773
0.36377
0.364049
0.363928
0.364354
0.364411
0.364749
0.364816
0.365117
0.365122
0.36524
0.365562
0.365627
0.365935
0.366214
0.366261
0.36665
0.366672
0.366785
0.367087
0.366976
0.367443
0.36752
0.367741
0.368227
0.368733
0.368991
0.369204
0.369225
0.369931
0.370319
0.370595
0.370754
0.371193
0.371611
0.371804
0.372191
0.37235
0.372699
0.372791
0.37317
0.373237
0.373531
0.373995
0.374036
0.374155
0.374486
0.374287
0.3749
0.374958
0.375011
0.375358
0.375703
0.375691
0.375868
0.375984
0.376313
0.376623
0.376932
0.37734
0.377102
0.377453
0.377824
0.377881
0.378237
0.378273
0.378649
0.378681
0.378969
0.379097
0.379104
0.379417
0.379484
0.379793
0.379869
0.380242
0.38031
0.380322
0.380638
0.380163
0.38084
0.38136
0.381449
0.381589
0.381828
0.382198
0.382248
0.382334
0.382702
0.38125
0.381816
0.382128
0.382199
0.382601
0.382794
0.383111
0.383265
0.383609
0.383793
0.384175
0.384317
0.384693
0.384809
0.38514
0.385195
0.385605
0.385722
0.386017
0.386075
0.386418
0.386252
0.386806
0.386901
0.386447
0.387254
0.387555
0.387584
0.387568
0.387985
0.388318
0.388303
0.388477
0.388645
0.389101
0.389094
0.389084
0.389143
0.389779
0.389113
0.389829
0.389954
0.390195
0.390605
0.390712
0.391005
0.391309
0.391344
0.391397
0.391477
0.391899
0.391899
0.392272
0.392276
0.392282
0.392856
0.392944
0.392992
0.392926
0.393296
0.3936
0.39375
0.393888
0.394099
0.394363
0.394472
0.394712
0.394808
0.395139
0.395139
0.395283
0.395322
0.395581
0.395809
0.396205
0.396311
0.396543
0.396662
0.396701
0.396922
0.397159
0.397373
0.397444
0.397707
0.397746
0.398043
0.398084
0.398453
0.3987
0.397639
0.398368
0.399128
0.39927
0.399448
0.399569
0.399865
0.399885
0.4002
0.400315
0.400638
0.400699
0.400611
0.40103
0.40134
0.401348
0.401367
0.401632
0.40165
0.401966
0.402066
0.402455
0.402711
0.402751
0.402777
0.403044
0.403161
0.403489
0.40353
0.40378
0.404053
0.404155
0.404188
0.404228
0.404569
0.404692
0.404956
0.405278
0.40533
0.405683
0.405618
0.405709
0.405989
0.406114
0.406382
0.406444
0.406802
0.407011
0.406614
0.407086
0.407417
0.407345
0.407883
0.407944
0.407673
0.408297
0.408561
0.408632
0.408929
0.40909
0.409318
0.409326
0.409621
0.409777
0.410002
0.410017
0.410262
0.410399
0.410694
0.410701
0.410794
0.411128
0.411368
0.411451
0.411436
0.411792
0.411767
0.411765
0.412332
0.412295
0.412492
0.412608
0.412622
0.412606
0.412823
0.412803
0.413093
0.41314
0.413393
0.413416
0.413719
0.413666
0.413975
0.41412
0.414351
0.414373
0.414567
0.414638
0.414804
0.41492
0.415159
0.41541
0.415455
0.415591
0.415707
0.416082
0.416359
0.416232
0.416473
0.416705
0.41679
0.416885
0.41718
0.417163
0.4175
0.41784
0.41783
0.417823
0.41813
0.418248
0.41846
0.418674
0.418872
0.418851
0.419085
0.419275
0.419466
0.419627
0.419895
0.419975
0.420172
0.42018
0.42037
0.420707
0.420644
0.421109
0.421195
0.421308
0.421531
0.421716
0.421822
0.422012
0.422165
0.422289
0.422387
0.42265
0.422786
0.423
0.423243
0.423222
0.423666
0.423679
0.423757
0.423989
0.424386
0.424334
0.424441
0.424749
0.424772
0.42509
0.425109
0.425439
0.425476
0.425748
0.425869
0.426153
0.426278
0.426594
0.426535
0.426652
0.426935
0.427195
0.427252
0.427379
0.427519
0.427827
0.42769
0.428101
0.428043
0.428566
0.428577
0.428639
0.429033
0.429059
0.42925
0.429548
0.429489
0.429778
0.429996
0.430163
0.430408
0.430439
0.430619
0.430785
0.431021
0.431185
0.431239
0.431031
0.43174
0.431727
0.431984
0.432028
0.431731
0.432347
0.432482
0.432404
0.433023
0.432806
0.433441
0.433517
0.433845
0.43396
0.434058
0.434125
0.43438
0.434738
0.434825
0.435004
0.435262
0.435071
0.435417
0.435701
0.435779
0.435944
0.436063
0.436241
0.436257
0.436419
0.436269
0.436828
0.437111
0.437049
0.437422
0.437479
0.437773
0.43794
0.438072
0.438339
0.438307
0.438505
0.438709
0.438927
0.439128
0.439151
0.43946
0.439479
0.439704
0.439696
0.440129
0.440147
0.440463
0.440489
0.440532
0.440652
0.441162
0.441228
0.441445
0.441588
0.441895
0.441961
0.442108
0.442321
0.442528
0.44267
0.442713
0.442829
0.443073
0.44329
0.443358
0.443472
0.443675
0.443813
0.444133
0.444109
0.444611
0.444682
0.444833
0.445044
0.445152
0.445401
0.445494
0.445561
0.445882
0.445948
0.446157
0.446213
0.446497
0.44665
0.446806
0.446984
0.447049
0.447359
0.447437
0.447593
0.447761
0.447942
0.448052
0.448292
0.448472
0.448576
0.448739
0.448814
0.44918
0.449277
0.44939
0.449632
0.449732
0.450116
0.450201
0.450568
0.450594
0.450839
0.450866
0.451229
0.45122
0.451308
0.45157
0.451569
0.451913
0.452016
0.452288
0.452393
0.452657
0.452707
0.452891
0.45299
0.453259
0.453409
0.453516
0.453626
0.453751
0.454036
0.454158
0.45432
0.454292
0.454586
0.454747
0.454854
0.454955
0.45525
0.455281
0.455478
0.455572
0.455883
0.45573
0.456119
0.456196
0.456498
0.456568
0.45688
0.45694
0.457117
0.457327
0.457552
0.457244
0.457734
0.45795
0.458177
0.458279
0.458426
0.458639
0.458928
0.459
0.459161
0.459384
0.459617
0.459639
0.459728
0.459905
0.459996
0.460444
0.460406
0.460636
0.460773
0.461009
0.461069
0.461147
0.461639
0.461715
0.461688
0.461741
0.461993
0.462212
0.46219
0.462491
0.46278
0.462874
0.463165
0.463237
0.463548
0.463554
0.463991
0.463866
0.464216
0.464317
0.464669
0.46451
0.46477
0.464979
0.465218
0.465308
0.465292
0.465625
0.46579
0.465972
0.46599
0.466349
0.466341
0.466707
0.466657
0.466871
0.466999
0.467176
0.46736
0.467577
0.467632
0.467995
0.468229
0.468338
0.468449
0.468774
0.468865
0.46897
0.469341
0.469264
0.469609
0.469718
0.469736
0.470002
0.470003
0.470115
0.470522
0.470723
0.470883
0.471108
0.471321
0.471348
0.47168
0.471836
0.47176
0.47198
0.472128
0.472495
0.472662
0.472815
0.472921
0.472858
0.473338
0.473259
0.47354
0.473712
0.474184
0.474263
0.474291
0.474334
0.474489
0.474792
0.474919
0.474873
0.475228
0.475487
0.475421
0.475446
0.475856
0.476382
0.476208
0.476499
0.476431
0.476652
0.477086
0.476902
0.477409
0.477503
0.477802
0.477823
0.47798
0.47813
0.478278
0.478426
0.478744
0.478417
0.479071
0.479201
0.47929
0.479675
0.479562
0.479729
0.480091
0.48018
0.480329
0.480619
0.48063
0.480907
0.48076
0.480907
0.481228
0.481201
0.481505
0.481553
0.48151
0.481765
0.481842
0.481804
0.481993
0.482079
0.481859
0.482433
0.482521
0.482426
0.482482
0.482937
0.482855
0.482836
0.483075
0.48309
0.483002
0.483044
0.483139
0.483359
0.483051
0.483087
0.483527
0.483411
0.483275
0.483236
0.48324
0.48358
0.483583
0.483598
0.483739
0.483668
0.483834
0.483705
0.48391
0.483792
0.483996
0.483657
0.484075
0.483881
0.484064
0.48374
0.483942
0.484019
0.484223
0.484235
0.483899
0.484297
0.484435
0.484185
0.484041
0.484463
0.484665
0.484121
0.48432
0.484393
0.484313
0.484054
0.484232
0.484656
0.484657
0.484548
0.484742
0.484562
0.484365
0.484565
0.48499
0.484634
0.484657
0.484659
0.484908
0.484907
0.484776
0.484752
0.484816
0.484812
0.484677
0.484879
0.485081
0.484952
0.485112
0.485127
0.484883
0.484803
0.484865
0.484928
0.485153
0.485011
0.485012
0.485215
0.485217
0.48529
0.485146
0.485349
0.485349
0.485549
0.485281
0.485515
0.485241
0.485389
0.485349
0.485522
0.485254
0.485378
0.485388
0.48535
0.485325
0.485235
0.4852
0.485471
0.485487
0.485232
0.485524
0.485111
0.485292
0.485541
0.485254
0.485242
0.485434
0.485354
0.485137
0.485534
0.485249
0.485481
0.485277
0.485266
0.485248
0.485418
0.485515
0.48564
0.485634
0.485613
0.48555
0.485228
0.485498
0.485893
0.485617
0.485684
0.485516
0.485522
0.485247
0.485244
0.485214
0.485678
0.485414
0.485435
0.485188
0.485464
0.485171
0.485195
0.485461
0.485409
0.485205
0.485492
0.4851
0.485163
0.485304
0.485058
0.485092
0.485325
0.485091
0.485329
0.485377
0.485045
0.485296
0.485101
0.485578
0.485538
0.485589
0.485493
0.485466
0.485304
0.485532
0.48528
0.485504
0.485252
0.485431
0.485512
0.48502
0.485252
0.485732
0.485482
0.485438
0.485435
0.485666
0.485541
0.4853
0.485587
0.48582
0.485577
0.485622
0.485325
0.485612
0.485845
0.485352
0.485649
0.485838
0.485587
0.485903
0.485523
0.485367
0.485424
0.485702
0.485448
0.485147
0.485637
0.485682
0.485738
0.48545
0.48451
0.485133
0.484935
0.484941
0.484775
0.485039
0.485033
0.48508
0.485407
0.48522
0.485329
0.485241
0.485416
0.485314
0.485642
0.485245
0.485688
0.485761
0.485724
0.485954
0.485992
0.486024
0.485951
0.486248
0.486457
0.485776
0.486473
0.485591
0.486232
0.486095
0.486352
0.486522
0.486589
0.486362
0.486868
0.486742
0.486747
0.487028
0.487029
0.486951
0.486634
0.487113
0.487042
0.486703
0.486936
0.486903
0.486785
0.486759
0.486948
0.486667
0.487116
0.487017
0.487057
0.48709
0.487045
0.487037
0.48723
0.487219
0.487417
0.487172
0.487462
0.487115
0.487424
0.487214
0.486908
0.487353
0.487352
0.487287
0.48749
0.487493
0.487188
0.487697
0.487279
0.487538
0.487738
0.487665
0.487814
0.487831
0.487496
0.487682
0.48765
0.487528
0.487503
0.48769
0.487673
0.487599
0.487926
0.488006
0.487967
0.488153
0.487592
0.487788
0.487806
0.487451
0.488066
0.488111
0.487881
0.487711
0.487694
0.487885
0.487864
0.487753
0.487741
0.486681
0.487296
0.487289
0.486283
0.486706
0.485062
0.484917
0.489078
0.489615
0.485784
0.485574
0.48026
0.481013
0.497497
0.498527
0.495858
0.496979
0.495204
0.485809
0.485412
0.47907
0.479307
0.479143
0.477404
0.474818
0.47499
0.475215
0.47535
0.475816
0.476534
0.476845
0.47805
0.478963
0.479758
0.48057
0.481578
0.482438
0.483332
0.4836
0.484399
0.484789
0.485278
0.485341
0.485202
0.485302
0.485305
0.485302
0.48473
0.485121
0.484836
0.484666
0.484391
0.484057
0.483728
0.483868
0.483896
0.483742
0.483322
0.483298
0.483511
0.483601
0.483109
0.483671
0.48321
0.483245
0.483771
0.483827
0.48375
0.483508
0.483701
0.483507
0.48364
0.483377
0.484135
0.483983
0.483786
0.48375
0.483655
0.483925
0.484175
0.484074
0.483763
0.483683
0.483765
0.483877
0.483809
0.483975
0.483783
0.483742
0.483844
0.483949
0.483929
0.483863
