0
0
0
0
0
0
0
0
0
0
0
0
0
0
0
0
0
0
0
0
0
0
0
0
0
0
0
0
0
0
0
0
0
0
0
0
0
0
0
0
0
0
0
0
0
0
0
0
0
0
0
0
0
0
0
0
0
0
0
0
0
0
0
0
0
0
0
0
0
0
0
0
0
0
0
0
-1.41497
-1.41654
-1.41811
-1.41867
-1.40876
-1.36799
-1.32483
-1.24549
-1.14442
-1.07056
-0.954063
-0.876651
-0.763771
-0.689038
-0.596542
-0.539361
-0.464329
-0.422448
-0.37035
-0.338103
-0.311591
-0.296818
-0.281862
-0.276572
-0.26958
-0.270573
-0.278996
-0.284755
-0.287216
-0.288985
-0.296489
-0.29717
-0.3012
-0.299797
-0.299559
-0.29709
-0.291179
-0.28618
-0.276867
-0.265956
-0.258142
-0.245481
-0.236854
-0.223532
-0.214772
-0.206162
-0.193571
-0.181761
-0.174463
-0.162989
-0.157878
-0.14925
-0.141546
-0.137016
-0.131859
-0.127105
-0.123766
-0.119152
-0.116426
-0.111808
-0.11026
-0.106191
-0.103707
-0.101716
-0.0997551
-0.0967964
-0.094891
-0.0919716
0
0
0
0
0
0
0
0
0
0
0
0
0
0
0
0
0
0
0
0
0
0
0
0
0
0
0
0
0
0
0
0
0
0
0
0
0
0
0
0
0
0
0
0
0
0
0
0
0
0
0
0
0
0
0
0
0
0
0
0
0
0
0
0
0
0
0
0
0
0
0
0
0
0
0
0
0
0
0
0
0
0
0
0
0
0
0
0
0
0
0
0
0
0
0
0
0
0
0
0
0
0
0
0
0
0
0
0
0
0
0
0
0
0
0
0
0
0
0
0
0
0
0
0
0
0
0
0
0
0
0
0
0
0
0
0
0
0
0
0
0
0
0
0
0
0
0
0
0
0
0
0
0
0
0
0
0
0
0
0
0
0
0
0
0
0
0
0
0
0
0
0
0
0
0
0
0
0
0
0
0
0
0
0
0
0
0
0
0
0
0
0
0
0
0
0
0
0
0
0
0
0
0
0
0
0
0
0
0
0
0
0
0
0
0
0
0
0
0
0
0
0
0
0
0
0
0
0
0
0
0
0
0
0
0
0
0
0
0
0
0
0
0
0
0
0
0
0
0
0
0
0
0
0
0
0
0
0
0
0
0
0
0
0
0
0
0
0
0
0
0
0
0
0
0
0
0
0
0
0
0
0
0
0
0
-1
-0.711011
-0.688003
-0.678769
-0.665516
-0.642548
-0.60218
-0.556001
-0.524904
-0.481373
-0.443728
-0.422918
-0.398193
-0.386274
-0.374598
-0.369776
-0.36962
-0.372026
-0.378064
-0.383353
-0.393194
-0.39979
-0.410151
-0.4199
-0.440543
-0.440101
-0.445237
-0.452992
-0.452457
-0.452371
-0.451861
-0.450928
-0.449779
-0.447936
-0.446516
-0.444546
-0.44142
-0.440821
-0.440631
-0.439594
-0.438973
-0.438782
-0.438842
-0.43915
-0.439573
-0.440459
-0.441624
-0.442466
-0.443736
-0.445157
-0.446033
-0.446954
-0.448269
-0.449089
-0.450223
-0.451249
-0.451861
-0.452511
-0.453267
-0.453659
-0.45427
-0.454931
-0.455155
-0.455485
-0.455941
-0.456375
-0.456683
-0.457126
-0.457449
-0.457793
-0.458281
-0.458788
-0.459167
-0.459704
-0.46016
-0.460678
-0.461097
-0.461685
-0.462109
-0.4627
-0.463283
-0.463712
-0.464145
-0.464726
-0.46515
-0.46586
-0.466138
-0.466826
-0.467359
-0.467631
-0.468042
-0.468585
-0.46899
-0.469517
-0.469915
-0.470424
-0.470932
-0.471321
-0.471715
-0.472325
-0.472754
-0.473138
-0.473482
-0.473968
-0.474489
-0.474927
-0.475353
-0.475698
-0.476182
-0.476571
-0.477053
-0.477536
-0.477924
-0.478532
-0.478736
-0.47917
-0.479643
-0.480103
-0.480476
-0.480933
-0.481851
-0.48205
-0.482427
-0.483457
-0.483706
-0.484086
-0.484569
-0.485027
-0.485391
-0.485754
-0.486185
-0.486531
-0.486968
-0.48728
-0.487709
-0.488073
-0.488408
-0.488747
-0.489142
-0.489561
-0.489803
-0.490025
-0.490336
-0.490776
-0.490955
-0.491227
-0.49151
-0.491976
-0.492162
-0.49253
-0.492872
-0.49327
-0.493547
-0.493943
-0.494296
-0.49467
-0.495
-0.495406
-0.495743
-0.49622
-0.496689
-0.496891
-0.497266
-0.497653
-0.498119
-0.498458
-0.498857
-0.49922
-0.499523
-0.499949
-0.500257
-0.500645
-0.500977
-0.501357
-0.501714
-0.50207
-0.502403
-0.502738
-0.503144
-0.503525
-0.503835
-0.504222
-0.504587
-0.504974
-0.505318
-0.505684
-0.506073
-0.506465
-0.506873
-0.507163
-0.507561
-0.507908
-0.508298
-0.508648
-0.50904
-0.509386
-0.509771
-0.510139
-0.510498
-0.510884
-0.511227
-0.511606
-0.512021
-0.512292
-0.512703
-0.513068
-0.513451
-0.513831
-0.514181
-0.514532
-0.514919
-0.515302
-0.515615
-0.515992
-0.51637
-0.516716
-0.51709
-0.517429
-0.517796
-0.51814
-0.518537
-0.518853
-0.519226
-0.519574
-0.519955
-0.520327
-0.520677
-0.521025
-0.521401
-0.521754
-0.522129
-0.522503
-0.52285
-0.523205
-0.523607
-0.524152
-0.52434
-0.52461
-0.52509
-0.525315
-0.525586
-0.525866
-0.526187
-0.526547
-0.526784
-0.527066
-0.527385
-0.527698
-0.527977
-0.528295
-0.528576
-0.528893
-0.529178
-0.52949
-0.529793
-0.530141
-0.530418
-0.530752
-0.531161
-0.531428
-0.531779
-0.532147
-0.532467
-0.532732
-0.53309
-0.533431
-0.533758
-0.534077
-0.534395
-0.534748
-0.535069
-0.535419
-0.53577
-0.536088
-0.536439
-0.53679
-0.537111
-0.537435
-0.537797
-0.538064
-0.53852
-0.538847
-0.539179
-0.539548
-0.539879
-0.54021
-0.540602
-0.54094
-0.541268
-0.541597
-0.542004
-0.542306
-0.542946
-0.543242
-0.544781
-0.545902
-0.569705
-0.569931
-0.56009
-0.558876
-0.542519
-0.541976
-0.541495
-0.540498
-0.539562
-0.539453
-0.539833
-0.540681
-0.541567
-0.54346
-0.544169
-0.547204
-0.547885
-0.548131
-0.549649
-0.550624
-0.551785
-0.552742
-0.55334
-0.553857
-0.554354
-0.554698
-0.554942
-0.555099
-0.555334
-0.555312
-0.555432
-0.555554
-0.555608
-0.555708
-0.555804
-0.555967
-0.556213
-0.556434
-0.556715
-0.557028
-0.557434
-0.55772
-0.558074
-0.55844
-0.558852
-0.559263
-0.559632
-0.560035
-0.560397
-0.560846
-0.561148
-0.561478
-0.561851
-0.562217
-0.562569
-0.562918
-0.563251
-0.563605
-0.563945
-0.564258
-0.564516
-0.564764
-0.565026
-0.565293
-0.565548
-0.565819
-0.566087
-0.56639
-0.566646
-0.566932
-0.567268
-0.567563
-0.567863
-0.568165
-0.568499
-0.568835
-0.569148
-0.569462
-0.56981
-0.570151
-0.57048
-0.5708
-0.571153
-0.571505
-0.571859
-0.572182
-0.57251
-0.572865
-0.57319
-0.573545
-0.573874
-0.574271
-0.574567
-0.574895
-0.575247
-0.575576
-0.575925
-0.576294
-0.576573
-0.576918
-0.577263
-0.577609
-0.577928
-0.578266
-0.578589
-0.578916
-0.579246
-0.579597
-0.579925
-0.580298
-0.580632
-0.58096
-0.581314
-0.581648
-0.582002
-0.582345
-0.58268
-0.583056
-0.58335
-0.583704
-0.584063
-0.584399
-0.58476
-0.585093
-0.585447
-0.585786
-0.586124
-0.586493
-0.586814
-0.58717
-0.587507
-0.587859
-0.588205
-0.588557
-0.588881
-0.589228
-0.589578
-0.589915
-0.590267
-0.590615
-0.590951
-0.591308
-0.591672
-0.592026
-0.592365
-0.592697
-0.593049
-0.593388
-0.593728
-0.594085
-0.594435
-0.594769
-0.595114
-0.595473
-0.595816
-0.596166
-0.596521
-0.596886
-0.597216
-0.597564
-0.597897
-0.59825
-0.598597
-0.598934
-0.59927
-0.599636
-0.599958
-0.600295
-0.600634
-0.600974
-0.601323
-0.601666
-0.60201
-0.602359
-0.602709
-0.603051
-0.603392
-0.603744
-0.60409
-0.60444
-0.604863
-0.605135
-0.605484
-0.605836
-0.606187
-0.606553
-0.606879
-0.607247
-0.607572
-0.607918
-0.608255
-0.608598
-0.608942
-0.609285
-0.609628
-0.609982
-0.610329
-0.610679
-0.611024
-0.611366
-0.611716
-0.612063
-0.612427
-0.612752
-0.613093
-0.613436
-0.613782
-0.614127
-0.614469
-0.614816
-0.615156
-0.615496
-0.615847
-0.616214
-0.616542
-0.616891
-0.61724
-0.617591
-0.617957
-0.618288
-0.618633
-0.618979
-0.619322
-0.619666
-0.62001
-0.62035
-0.620702
-0.621047
-0.62139
-0.621751
-0.622081
-0.622433
-0.622774
-0.623118
-0.623472
-0.623821
-0.624171
-0.624523
-0.624885
-0.625217
-0.625565
-0.625918
-0.626261
-0.626606
-0.62696
-0.627294
-0.627655
-0.628002
-0.628357
-0.628713
-0.629067
-0.62939
-0.629745
-0.630099
-0.630438
-0.63078
-0.631123
-0.63148
-0.631823
-0.632156
-0.632501
-0.632853
-0.633196
-0.633522
-0.63387
-0.634222
-0.63457
-0.634922
-0.635271
-0.635616
-0.635967
-0.636326
-0.636692
-0.637023
-0.637369
-0.637712
-0.638078
-0.638397
-0.638751
-0.639094
-0.639443
-0.639783
-0.640128
-0.640451
-0.640825
-0.641176
-0.641519
-0.641862
-0.642215
-0.642572
-0.642911
-0.643259
-0.643602
-0.643939
-0.644302
-0.644624
-0.645
-0.645324
-0.645661
-0.64597
-0.646348
-0.64668
-0.647041
-0.647413
-0.647791
-0.648184
-0.648556
-0.648935
-0.649292
-0.649665
-0.650042
-0.650396
-0.650769
-0.651126
-0.651428
-0.651805
-0.652182
-0.65256
-0.652962
-0.653333
-0.653691
-0.65405
-0.654416
-0.654793
-0.655163
-0.655536
-0.655882
-0.656228
-0.656562
-0.656887
-0.65718
-0.657488
-0.657779
-0.658099
-0.658389
-0.658712
-0.659043
-0.659344
-0.659651
-0.659988
-0.66029
-0.660637
-0.660991
-0.661341
-0.66168
-0.662033
-0.662389
-0.662738
-0.663094
-0.663444
-0.663794
-0.664059
-0.664443
-0.66482
-0.665176
-0.665573
-0.665929
-0.666307
-0.666681
-0.667041
-0.667407
-0.667758
-0.668112
-0.668466
-0.668797
-0.669195
-0.669464
-0.669827
-0.670132
-0.67044
-0.6708
-0.671124
-0.671452
-0.671783
-0.67213
-0.672476
-0.672809
-0.673145
-0.6735
-0.673847
-0.674182
-0.674539
-0.674883
-0.675238
-0.675588
-0.675901
-0.676283
-0.676624
-0.676978
-0.677295
-0.677668
-0.678026
-0.678357
-0.678712
-0.679066
-0.679409
-0.679769
-0.680112
-0.680443
-0.680791
-0.681125
-0.681481
-0.681833
-0.68216
-0.682517
-0.682851
-0.683181
-0.683534
-0.683874
-0.684216
-0.68457
-0.68493
-0.685271
-0.685642
-0.685928
-0.686362
-0.68667
-0.687036
-0.687383
-0.687748
-0.688048
-0.688398
-0.688714
-0.68906
-0.68938
-0.6897
-0.690046
-0.690384
-0.69069
-0.691039
-0.691387
-0.691722
-0.692044
-0.692401
-0.692753
-0.693113
-0.693437
-0.693798
-0.694144
-0.694489
-0.69483
-0.695182
-0.695523
-0.695855
-0.69621
-0.696564
-0.696908
-0.697249
-0.697581
-0.697939
-0.698265
-0.698626
-0.698971
-0.699311
-0.699645
-0.699997
-0.700348
-0.700673
-0.701039
-0.701384
-0.70172
-0.70206
-0.702431
-0.702769
-0.703109
-0.703459
-0.703827
-0.704146
-0.704525
-0.704862
-0.705192
-0.705549
-0.705918
-0.706252
-0.706578
-0.706915
-0.707298
-0.707615
-0.70798
-0.708306
-0.708687
-0.709028
-0.709369
-0.709739
-0.710065
-0.710409
-0.710754
-0.71111
-0.711446
-0.711804
-0.712145
-0.712495
-0.712841
-0.713196
-0.713536
-0.713896
-0.714232
-0.714593
-0.714924
-0.715282
-0.715619
-0.715974
-0.716327
-0.71668
-0.717005
-0.717341
-0.717705
-0.718052
-0.718388
-0.718765
-0.719108
-0.719472
-0.719826
-0.720176
-0.720505
-0.720866
-0.721207
-0.72155
-0.721906
-0.722242
-0.722595
-0.722921
-0.723305
-0.723619
-0.723982
-0.724347
-0.724711
-0.725059
-0.725395
-0.725736
-0.726116
-0.726428
-0.726784
-0.72713
-0.727509
-0.727818
-0.728208
-0.728517
-0.728846
-0.729236
-0.729568
-0.729932
-0.730278
-0.730603
-0.730959
-0.731335
-0.731696
-0.732002
-0.732305
-0.732715
-0.732994
-0.733419
-0.733714
-0.734096
-0.734421
-0.734816
-0.735184
-0.735548
-0.735843
-0.736222
-0.736498
-0.736921
-0.737205
-0.737614
-0.737932
-0.738332
-0.738633
-0.739242
-0.772274
-0.779498
-0.885509
-0.897153
-1
-1
-1
-1
-1
-1
-1
-0.981532
-0.962777
-0.783566
-0.783991
-0.671493
-0.666179
-0.650238
-0.652462
-0.691004
-0.696306
-0.737517
-0.741575
-0.765989
-0.766393
-0.766803
-0.769055
-0.768727
-0.759146
-0.758271
-0.754991
-0.755426
-0.812632
-0.822145
-0.842135
-0.914922
-0.917146
-0.881674
-0.874022
-0.785201
-0.777332
-0.711579
-0.709469
-0.761659
-0.762051
-0.772209
-0.772628
-0.783364
-0.85343
-0.854703
-0.818087
-0.813024
-0.784481
-0.784893
-0.791289
-0.791694
-0.77633
-0.774442
-0.767795
-0.757363
-0.754135
-0.754561
-0.750413
-0.746182
-0.7466
-0.745563
-0.746111
-0.747027
-0.747797
-0.75021
-0.755058
-0.755469
-0.755898
-0.758877
-0.759887
-0.762312
-0.763145
-0.764238
-0.765221
-0.766172
-0.766859
-0.767285
-0.767632
-0.767809
-0.767871
-0.767829
-0.767752
-0.767656
-0.767917
-0.768014
-0.767889
-0.768176
-0.768284
-0.768522
-0.768664
-0.769052
-0.76936
-0.76972
-0.770105
-0.770513
-0.77096
-0.77139
-0.771821
-0.772272
-0.772704
-0.773144
-0.773588
-0.773986
-0.774409
-0.774795
-0.775191
-0.775538
-0.775952
-0.776309
-0.776622
-0.776946
-0.777258
-0.777556
-0.777864
-0.778137
-0.778479
-0.778827
-0.779129
-0.779469
-0.779814
-0.780164
-0.780498
-0.780858
-0.781199
-0.781565
-0.78192
-0.78228
-0.782642
-0.783022
-0.783358
-0.783723
-0.784063
-0.784428
-0.784767
-0.785139
-0.785494
-0.78585
-0.786215
-0.786576
-0.786956
-0.787283
-0.787622
-0.787984
-0.788353
-0.788725
-0.78907
-0.789427
-0.789786
-0.790141
-0.790498
-0.790858
-0.791221
-0.791573
-0.791932
-0.792303
-0.792634
-0.792992
-0.793355
-0.793698
-0.794067
-0.794413
-0.794764
-0.795115
-0.795483
-0.795853
-0.796192
-0.796548
-0.796946
-0.797309
-0.797662
-0.798057
-0.798416
-0.798778
-0.799124
-0.799478
-0.799735
-0.800121
-0.800502
-0.800891
-0.801269
-0.801648
-0.802055
-0.802446
-0.802845
-0.803215
-0.803591
-0.803954
-0.804321
-0.804673
-0.805038
-0.805391
-0.805728
-0.806056
-0.80642
-0.806757
-0.807104
-0.807497
-0.807789
-0.808117
-0.808422
-0.808823
-0.809186
-0.809545
-0.80992
-0.810258
-0.810618
-0.810988
-0.811308
-0.81171
-0.81204
-0.812404
-0.812771
-0.813119
-0.813481
-0.813768
-0.814192
-0.814528
-0.814919
-0.815264
-0.815609
-0.815984
-0.816354
-0.816713
-0.817064
-0.8174
-0.81773
-0.818083
-0.818425
-0.818778
-0.819131
-0.819511
-0.819845
-0.8202
-0.820576
-0.820925
-0.821289
-0.821615
-0.822021
-0.822329
-0.8227
-0.823031
-0.823413
-0.823748
-0.824107
-0.824465
-0.824793
-0.825145
-0.825524
-0.825914
-0.826261
-0.826599
-0.826986
-0.827316
-0.827668
-0.828053
-0.82843
-0.828733
-0.829153
-0.829444
-0.829788
-0.830149
-0.830494
-0.830838
-0.831221
-0.831451
-0.831872
-0.832286
-0.832624
-0.83304
-0.83339
-0.833763
-0.834126
-0.834489
-0.834819
-0.835173
-0.835506
-0.835963
-0.836207
-0.836562
-0.836908
-0.837253
-0.837621
-0.837965
-0.838324
-0.838658
-0.839
-0.839373
-0.839722
-0.840078
-0.840454
-0.840783
-0.841144
-0.841497
-0.841878
-0.84225
-0.842583
-0.842929
-0.843275
-0.843627
-0.843954
-0.84433
-0.844688
-0.845035
-0.845387
-0.845757
-0.846089
-0.846457
-0.846782
-0.847151
-0.847495
-0.847844
-0.848229
-0.848522
-0.848926
-0.849285
-0.849588
-0.849981
-0.850332
-0.850687
-0.851055
-0.851435
-0.851782
-0.852152
-0.852468
-0.852852
-0.853206
-0.853569
-0.853883
-0.85426
-0.854606
-0.854979
-0.855291
-0.85565
-0.856001
-0.856332
-0.856686
-0.857061
-0.857395
-0.857755
-0.858102
-0.858464
-0.858821
-0.859204
-0.859576
-0.859969
-0.860304
-0.86066
-0.861027
-0.861411
-0.861772
-0.86214
-0.862487
-0.862863
-0.863218
-0.863585
-0.863958
-0.864323
-0.864644
-0.865027
-0.865377
-0.865769
-0.866103
-0.866417
-0.866739
-0.867118
-0.867494
-0.867839
-0.868172
-0.868586
-0.868936
-0.86931
-0.869617
-0.869995
-0.87038
-0.870716
-0.871049
-0.871412
-0.871774
-0.872127
-0.872479
-0.872837
-0.873196
-0.873555
-0.873877
-0.87426
-0.874643
-0.874943
-0.875384
-0.875678
-0.875979
-0.876369
-0.876679
-0.877052
-0.877387
-0.877782
-0.878139
-0.878455
-0.878815
-0.879193
-0.879601
-0.879941
-0.880274
-0.880656
-0.880962
-0.88137
-0.881668
-0.88206
-0.882372
-0.882693
-0.883058
-0.88337
-0.883753
-0.88413
-0.884491
-0.88482
-0.885178
-0.885515
-0.885899
-0.886241
-0.886612
-0.886941
-0.887302
-0.887649
-0.888006
-0.888355
-0.88871
-0.88905
-0.889419
-0.889739
-0.890106
-0.890427
-0.890787
-0.891156
-0.891485
-0.891855
-0.892233
-0.892578
-0.892906
-0.893311
-0.893674
-0.893983
-0.894321
-0.894606
-0.89508
-0.895436
-0.895786
-0.89613
-0.896482
-0.89679
-0.897154
-0.897524
-0.897893
-0.898192
-0.898587
-0.898965
-0.899308
-0.899614
-0.900006
-0.900297
-0.900689
-0.901027
-0.901268
-0.901697
-0.902058
-0.902439
-0.902794
-0.902978
-0.903432
-0.903841
-0.904153
-0.904603
-0.904872
-0.905319
-0.905668
-0.906039
-0.906376
-0.906709
-0.907041
-0.907405
-0.907744
-0.908065
-0.908448
-0.908809
-0.909105
-0.909449
-0.909807
-0.910132
-0.910523
-0.910842
-0.911235
-0.911582
-0.911893
-0.9122
-0.912581
-0.912948
-0.913329
-0.913679
-0.914026
-0.914396
-0.914796
-0.915119
-0.915492
-0.915854
-0.916156
-0.916537
-0.916831
-0.917213
-0.917551
-0.91791
-0.918251
-0.918633
-0.918987
-0.919315
-0.919665
-0.920026
-0.920377
-0.920644
-0.921054
-0.92145
-0.921796
-0.922184
-0.922508
-0.922868
-0.923204
-0.923517
-0.923897
-0.924276
-0.924587
-0.924919
-0.925237
-0.925606
-0.925988
-0.926324
-0.926652
-0.927046
-0.92737
-0.927734
-0.928103
-0.928502
-0.928841
-0.92916
-0.929547
-0.929872
-0.930246
-0.930569
-0.930898
-0.931253
-0.931584
-0.931965
-0.932301
-0.932667
-0.932985
-0.933383
-0.933697
-0.93404
-0.934402
-0.934739
-0.935141
-0.935454
-0.935848
-0.936177
-0.936553
-0.936863
-0.937191
-0.937592
-0.937927
-0.938275
-0.938611
-0.938945
-0.939328
-0.939742
-0.940092
-0.940431
-0.940782
-0.941127
-0.941501
-0.941841
-0.942182
-0.942532
-0.942854
-0.943223
-0.943564
-0.943913
-0.944234
-0.944605
-0.944932
-0.945301
-0.945642
-0.946036
-0.946366
-0.946739
-0.947055
-0.947383
-0.947793
-0.948117
-0.948484
-0.948811
-0.949212
-0.949574
-0.949938
-0.950257
-0.950668
-0.951001
-0.951372
-0.95172
-0.952109
-0.95244
-0.952796
-0.953101
-0.953524
-0.953855
-0.954215
-0.95455
-0.954908
-0.955244
-0.95555
-0.955934
-0.956315
-0.956577
-0.956978
-0.957361
-0.957748
-0.958082
-0.958402
-0.95879
-0.959155
-0.959488
-0.959799
-0.960179
-0.960556
-0.960902
-0.961227
-0.961534
-0.961946
-0.962269
-0.96263
-0.963011
-0.963329
-0.963708
-0.964042
-0.964373
-0.964769
-0.965102
-0.965455
-0.965792
-0.966164
-0.96646
-0.966813
-0.967176
-0.96754
-0.967871
-0.968242
-0.968581
-0.968945
-0.969303
-0.969633
-0.970021
-0.970371
-0.9707
-0.971052
-0.971442
-0.971814
-0.972112
-0.972487
-0.972817
-0.973175
-0.973527
-0.973928
-0.974233
-0.974582
-0.974928
-0.975278
-0.975625
-0.975991
-0.976291
-0.976697
-0.977008
-0.977403
-0.977708
-0.978133
-0.978484
-0.978786
-0.979117
-0.979527
-0.979885
-0.980213
-0.980538
-0.980882
-0.981253
-0.981604
-0.981928
-0.982277
-0.982646
-0.982998
-0.98333
-0.983749
-0.98406
-0.984379
-0.984765
-0.985072
-0.985505
-0.98578
-0.986181
-0.986555
-0.986937
-0.987252
-0.9876
-0.98791
-0.98831
-0.988635
-0.989
-0.98932
-0.989691
-0.990057
-0.990454
-0.990695
-0.991114
-0.991466
-0.991806
-0.992123
-0.992481
-0.992805
-0.993255
-0.993524
-0.993902
-0.994274
-0.994542
-0.994964
-0.995276
-0.995676
-0.996048
-0.996421
-0.99664
-0.997054
-0.997456
-0.997769
-0.998102
-0.998469
-0.9989
-0.999217
-0.99953
-0.999927
-1
-1
-1
-1
-1
-1
-1
-1
-1
-1
-1
-1
-1
-1
-1
-1
-1
-1
-1
-1
-1
-1
-1
-1
-1
-1
-1
-1
-1
-1
-1
-1
-1
-1
-1
-1
-1
-1
-1
-1
-1
-1
-1
-1
-1
-1
-1
-1
-1
-1
-1
-1
-1
-1
-1
-1
-1
-1
-1
-1
-1
-1
-1
-1
-1
-1
-1
-1
-1
-1
-1
-1
-1
-1
-1
-1
-1
-1
-1
-1
-1
-1
-1
-1
-1
-1
-1
-1
-1
-1
-1
-1
-1
-1
-1
-1
-1
-1
-1
-1
-1
-1
-1
-1
-1
-1
-1
-1
-1
-1
-1
-1
-1
-1
-1
-1
-1
-1
-1
-1
-1
-1
-1
-1
-1
-1
-1
-1
-1
-1
-1
-1
-1
-1
-1
-1
-1
-1
-1
-1
-1
-1
-1
-1
-1
-1
-1
-1
-1
-1
-1
-1
-1
-1
-1
-1
-1
-1
-1
-1
-1
-1
-1
-1
-1
-1
-1
-1
-1
-1
-1
-1
-1
-1
-1
-1
-1
-1
-1
-1
-1
-1
-1
-1
-1
-1
-1
-1
-1
-1
-1
-1
-1
-1
-1
-1
-1
-1
-1
-1
-1
-1
-1
-1
-1
-1
-1
-1
-1
-1
-1
-1
-1
-1
-1
-1
-1
-1
-1
-1
-1
-1
-1
-1
-1
-1
-1
-1
-1
-1
-1
-1
-1
-1
-1
-1
-1
-1
-1
-1
-1
-1
-1
-1
-1
-1
-1
-1
-1
-1
-1
-1
-1
-1
-1
-1
-1
-1
-1
-1
-1
-1
-1
-1
-1
-1
-1
-1
-1
-1
-1
-1
-1
-1
-1
-1
-1
-1
-1
-1
-1
-1
-1
-1
-1
-1
-1
-1
-1
-1
-1
-1
-1
-1
-1
-1
-1
-1
-1
-1
-1
-1
-1
-1
-1
-1
-1
-1
-1
-1
-1
-1
-1
-1
-1
-1
-1
-1
-1
-1
-1
-1
-1
-1
-1
-1
-1
-1
-1
-1
-1
-1
-1
-1
-1
-1
-1
-1
-1
-1
-1
-1
-1
-1
-1
-1
-1
-1
-1
-1
-1
-1
-1
-1
-1
-1
-1
-1
-1
-1
-1
-1
-1
-1
-1
-1
-1
-1
-1
-1
-1
-1
-1
-1
-1
-1
-1
-1
-1
-1
-1
-1
-1
-1
-1
-1
-1
-1
-1
-1
-1
-1
-1
-1
-1
-1
-1
-1
-1
-1
-1
-1
-1
-1
-1
-1
-1
-1
-1
-1
-1
-1
-1
-1
-1
-1
-1
-1
-1
-1
-1
-1
-1
-1
-1
-1
