0
0
0
0
0
-1.48538e-43
0
0
-1.48538e-43
0
0
-1.48538e-43
0
0
-1.48538e-43
0
0
-1.48538e-43
0
0
-1.48538e-43
0
0
-1.48538e-43
0
0
-1.48538e-43
0
0
-1.48538e-43
0
0
-1.48538e-43
0
0
-1.48538e-43
0
0
-1.48538e-43
0
0
-1.48538e-43
0
0
-1.48538e-43
0
0
-1.48538e-43
0
0
-1.48538e-43
0
0
-1.48538e-43
0
0
-1.48538e-43
0
0
-1.48538e-43
0
0
-1.48538e-43
0
0
-1.48538e-43
0
0
-1.48538e-43
0
0
-1.48538e-43
0
0
-1.48538e-43
0
0
-1.48538e-43
0
0
-1.48538e-43
0
0
-1.48538e-43
0
0
-1.48538e-43
0
0
-1.48538e-43
0
0
-1.48538e-43
0
0
-1.48538e-43
0
0
-1.48538e-43
0
0
-1.48538e-43
0
0
-1.48538e-43
0
0
-1.48538e-43
0
0
-1.48538e-43
0
0
-1.48538e-43
0
0
-1.48538e-43
0
0
-1.48538e-43
0
0
-1.48538e-43
0
0
-1.48538e-43
0
0
-1.48538e-43
0
0
-1.48538e-43
0
0
-1.48538e-43
0
0
-1.48538e-43
0
0
-1.48538e-43
0
0
-1.48538e-43
0
0
-1.48538e-43
0
0
-1.48538e-43
0
0
-1.48538e-43
0
0
-1.48538e-43
0
0
-1.48538e-43
0
0
-1.48538e-43
0
0
-1.48538e-43
0
0
-1.48538e-43
0
0
-1.48538e-43
0
0
-1.48538e-43
0
0
-1.48538e-43
0
0
-1.48538e-43
0
0
-1.48538e-43
0
0
-1.48538e-43
0
0
-1.48538e-43
0
0
-1.48538e-43
0
0
0.00709403
0
0
0.0977031
4.35984e-09
-1.47957e-08
0.249578
5.4143e-08
-1.69347e-07
0.430137
1.42873e-07
-3.02603e-07
0.549598
2.16841e-07
-3.91239e-07
0.639416
2.43283e-07
-4.35489e-07
0.69948
2.25799e-07
-4.42116e-07
0.735838
1.8095e-07
-4.03716e-07
0.740782
1.40706e-07
-3.06792e-07
0.7278
9.95207e-08
-1.80817e-07
0.701996
6.67861e-08
-6.35951e-08
0.668358
4.33952e-08
2.64887e-08
0.631047
1.19876e-08
8.02968e-08
0.594532
-3.37356e-08
1.19822e-07
0.561457
-7.70798e-08
1.28396e-07
0.53339
-1.10899e-07
1.24658e-07
0.511258
-1.25698e-07
1.15721e-07
0.494521
-1.19639e-07
1.08447e-07
0.542161
-8.14614e-08
8.89398e-08
0.641808
-3.09067e-08
6.26739e-08
0.745604
-1.8927e-08
6.39507e-08
0.825177
-2.25894e-08
7.113e-08
0.892676
-2.49021e-08
7.24686e-08
0.954469
-2.43018e-08
6.75951e-08
0.990143
-1.68518e-08
6.80473e-08
1.01325
-3.72978e-09
7.12629e-08
1.02616
2.46924e-08
6.58453e-08
1.03137
5.40164e-08
3.75698e-08
1.03029
5.23542e-08
2.59924e-08
1.02804
3.13847e-08
8.22568e-09
1.02209
1.86835e-09
-1.12299e-08
1.01678
-2.62505e-08
-1.23944e-08
1.0119
-5.1454e-08
1.54617e-08
1.00319
-6.02679e-08
2.63212e-08
0.992411
-5.06709e-08
1.80084e-08
0.967395
-8.90301e-09
2.23789e-08
0.934671
1.73653e-08
4.57707e-08
0.899388
1.71395e-08
6.78021e-08
0.861727
2.40904e-09
8.13571e-08
0.816457
-1.29191e-08
7.07421e-08
0.78048
-2.80405e-08
4.08816e-08
0.747787
-5.32414e-08
8.40389e-09
0.70939
-6.37696e-08
-6.29571e-09
0.685926
-6.68654e-08
-1.73977e-08
0.651652
-6.83367e-08
-3.03928e-08
0.625566
-6.48569e-08
-4.81318e-08
0.597566
-5.49999e-08
-5.59555e-08
0.568938
-3.4244e-08
-5.07286e-08
0.547549
-9.29866e-09
-4.47783e-08
0.523552
8.78077e-09
-4.75191e-08
0.502619
1.96306e-08
-4.50665e-08
0.479643
2.08162e-08
-3.63339e-08
0.461356
2.90763e-08
-1.76127e-08
0.440789
4.04084e-08
-8.25361e-10
0.427171
5.55723e-08
1.73901e-08
0.406715
5.65088e-08
3.769e-08
0.393807
3.13651e-08
6.64596e-08
0.375107
-1.19728e-08
7.84795e-08
0.360431
-4.62694e-08
7.13513e-08
0.347327
-5.68174e-08
3.70998e-08
0.333062
-4.58536e-08
6.06928e-09
0.320616
-1.88577e-08
-1.25327e-08
0.305863
9.42852e-09
-1.32089e-08
0.294937
3.8545e-08
-8.91411e-09
0.282925
7.74486e-08
-2.5525e-08
0.269922
1.17923e-07
-1.67648e-08
0.25944
1.24112e-07
-5.0137e-09
0.249026
8.43649e-08
-1.33185e-08
0.238892
2.8192e-08
-3.29863e-08
0.228045
-5.82065e-09
-4.4279e-08
0.219349
-2.38748e-08
-4.50465e-08
0.209609
-3.15466e-08
-3.28585e-08
0.201536
-3.78628e-08
-1.66963e-08
0.194123
-4.55092e-08
3.15512e-09
0.184941
-5.10425e-08
1.75051e-08
0.179199
-5.41872e-08
3.481e-08
0.170852
-5.65229e-08
5.01626e-08
0.163337
-3.86522e-08
5.70938e-08
0.157427
-2.06839e-08
4.19079e-08
0.150747
-6.56492e-07
9.15102e-07
-7.49513e-05
-6.23152e-07
8.76441e-07
-7.49689e-05
-4.54094e-07
6.67367e-07
0.0148852
-3.30434e-07
3.91426e-07
0.0528198
-2.1912e-07
1.39549e-08
0.0827828
-1.13842e-07
-2.56637e-07
0.099034
-1.51709e-08
-4.74504e-07
0.107865
4.25758e-08
-5.56918e-07
0.107348
7.90998e-08
-5.65796e-07
0.102923
1.22292e-07
-5.18864e-07
0.0945508
1.49757e-07
-4.64824e-07
0.0888196
1.52462e-07
-3.67869e-07
0.0804645
1.39558e-07
-2.6457e-07
0.0745237
1.39129e-07
-1.35808e-07
0.0680441
1.4738e-07
-7.71493e-08
0.0652134
1.35462e-07
-1.44796e-08
0.0616436
9.82436e-08
4.11647e-08
0.0589097
3.63876e-08
8.26005e-08
0.0565792
-1.05711e-08
9.6474e-08
0.0547488
-3.65582e-08
1.14595e-07
0.0529966
-1.5237e-08
1.33704e-07
0.0503842
1.34627e-08
1.29679e-07
0.0486494
6.91025e-08
1.10033e-07
0.0463539
8.53694e-08
9.30304e-08
0.0449213
8.36129e-08
4.70331e-08
0.0429582
6.68695e-08
-1.41762e-08
0.0412315
4.45837e-08
-4.96779e-08
0.0396137
1.01407e-08
-4.55931e-08
0.0380908
-2.76666e-08
-8.42505e-09
0.0363114
-3.13672e-08
2.1116e-08
0.0348412
8.99997e-09
3.32849e-08
0.0334222
5.18136e-08
5.011e-08
0.0320978
5.30578e-08
6.26409e-08
0.0309115
2.48321e-08
6.39031e-08
0.0297537
1.44517e-09
7.48224e-08
0.028406
-2.03247e-08
8.22555e-08
0.0272728
-6.17305e-08
7.18845e-08
0.0259702
-7.77391e-08
7.87666e-08
0.0252603
-8.5588e-08
8.37778e-08
0.0241875
-8.49522e-08
6.25826e-08
0.0232072
-7.36218e-08
2.63588e-08
0.0222916
-4.30558e-08
8.10353e-09
0.0214731
-3.15887e-08
-2.91e-09
0.0205055
-3.33635e-08
-6.06043e-09
0.0198928
-1.60544e-08
-7.74028e-09
0.0189577
6.73954e-09
-2.5895e-08
0.0182183
2.30365e-08
-4.9272e-08
0.0174957
3.43331e-08
-7.31589e-08
0.0167903
3.25674e-08
-8.43097e-08
0.0161597
4.01285e-08
-5.82359e-08
0.0155434
3.94148e-08
-2.42527e-08
0.0149501
2.0967e-08
-2.77191e-08
0.0142571
3.18983e-08
-4.71059e-08
0.0138176
5.45865e-08
-2.53708e-08
0.0131523
6.027e-08
1.10629e-08
0.0127325
5.02065e-08
4.48629e-08
0.0121232
1.63967e-08
7.70881e-08
0.0115584
-9.4284e-09
9.37105e-08
0.0111603
-2.65912e-08
6.91597e-08
0.0106413
-1.86766e-08
3.43983e-08
0.0101386
-1.08961e-08
2.23489e-08
0.00985863
-2.15664e-09
2.05624e-08
0.00935537
-4.85993e-09
2.47748e-08
0.00896987
-2.0179e-08
2.22908e-08
0.00859774
-3.47779e-08
9.36669e-09
0.00825934
-3.94431e-08
-1.85659e-08
0.00786547
-4.53456e-08
-2.97337e-08
0.00755667
-4.75173e-08
-3.33269e-08
0.00726579
-4.33932e-08
-3.17393e-08
0.00699798
-3.01336e-08
-4.54306e-08
0.00666178
-2.55022e-08
-5.38314e-08
0.0063559
-4.84989e-08
-7.74753e-09
0.0057978
-5.23147e-08
-4.32907e-09
0.00577119
-5.7204e-08
9.5478e-09
0.00545927
-1.78553e-08
2.27915e-08
0.00522775
9.02576e-09
3.52947e-08
0.00500346
1.92684e-08
4.03675e-08
0.00472753
1.17543e-08
2.77065e-08
0.00447454
2.3345e-08
-3.50119e-08
0.00404382
2.3345e-08
-3.50119e-08
0.00404382
1.54403e-08
-4.50196e-08
0.00400049
-3.53646e-08
-4.95662e-08
0.00379122
-7.00639e-08
-3.96918e-08
0.0035513
-6.44345e-08
-3.41188e-08
0.00346235
-2.17685e-08
-3.87068e-08
0.00327725
5.54446e-08
-9.11484e-08
0.0030372
3.22311e-07
2.40355e-08
-7.92271e-05
2.52606e-07
3.23884e-08
-7.92274e-05
0.063732
-0.0757034
0.153301
0.063732
-0.0757034
0.153301
0.469605
-0.478836
-0.0294192
0.521655
-0.529373
-0.03813
1.01433
-1.00673
-0.0524513
1.01433
-1.00673
-0.0524513
1.2406
-1.23792
0.0279128
1.25785
-1.25667
0.016771
1.42142
-1.42468
-0.0268268
1.43886
-1.44164
-0.0288247
1.56155
-1.55489
-0.0286097
1.56155
-1.55489
-0.0286097
1.47993
-1.47897
0.0439107
1.47525
-1.47587
0.0330368
1.48719
-1.49142
-0.017014
1.48719
-1.49142
-0.017014
1.52675
-1.52019
-0.0232754
1.52675
-1.52019
-0.0232754
1.41856
-1.41759
0.0452842
1.41856
-1.41759
0.0452842
1.40722
-1.41262
0.00601018
1.42566
-1.43088
-0.0150082
1.46075
-1.46156
-0.0248169
1.50118
-1.4966
-0.0254038
1.54624
-1.53696
-0.0199699
1.57653
-1.56566
-0.0133904
1.59522
-1.58444
-0.00811263
1.61201
-1.60253
-0.00238148
1.624
-1.61693
0.00269109
1.62872
-1.6238
0.00532793
1.63001
-1.62703
0.00660994
1.62892
-1.62754
0.00699337
1.62633
-1.62617
0.00669859
1.62288
-1.62359
0.00604514
1.61906
-1.62034
0.00525289
1.61445
-1.61611
0.00433466
1.61082
-1.6126
0.00369502
1.6075
-1.6093
0.0032025
1.60452
-1.60626
0.00284601
1.60139
-1.60302
0.0025703
1.59912
-1.60063
0.0024316
1.59673
-1.5981
0.00233248
1.59529
-1.59659
0.00228696
1.59333
-1.59453
0.00222381
1.59182
-1.59295
0.0021711
1.59038
-1.59146
0.00211056
1.589
-1.59005
0.00204059
1.58766
-1.58868
0.00196536
1.58634
-1.58733
0.00188701
1.58504
-1.58601
0.00180774
1.58375
-1.5847
0.00173442
1.58221
-1.58315
0.00164525
1.58094
-1.58186
0.00157434
1.57968
-1.58059
0.00150383
1.57843
-1.57932
0.00143533
1.57719
-1.57807
0.00137038
1.57596
-1.57683
0.00130959
1.57475
-1.57561
0.00125231
1.57356
-1.57441
0.00119819
1.57238
-1.57322
0.0011458
1.57122
-1.57205
0.00109596
1.57008
-1.57091
0.00105171
1.56873
-1.56955
0.000998605
1.56763
-1.56844
0.000958071
1.56633
-1.56714
0.000907682
1.56548
-1.56628
0.000875336
1.56422
-1.56502
0.000826629
1.5634
-1.56418
0.000795178
1.56219
-1.56296
0.000749083
1.5612
-1.56195
0.000713478
1.56023
-1.56095
0.000681909
1.55908
-1.55978
0.000643241
1.55814
-1.55882
0.000611776
1.55722
-1.55788
0.000583273
1.55631
-1.55695
0.000553872
1.55542
-1.55603
0.000526706
1.55404
-1.5551
0.000730382
1.54699
-1.55412
0.000930529
1.5104
-1.55275
-0.00118669
1.45898
-1.55216
-0.00172234
1.36303
-1.55178
-0.00217801
1.23308
-1.55176
-0.00241398
1.08049
-1.55211
-0.00102938
0.850912
-1.55266
0.0007819
0.723134
-1.55299
0.00225935
0.576195
-1.55318
0.0032135
0.447603
-1.55316
0.00354394
0.343295
-1.55294
0.00348836
0.25338
-1.55228
0.00146494
0.204577
-1.55178
-0.00111186
0.176295
-1.55124
-0.00150567
0.164066
-1.5506
-0.000583923
0.1627
-1.5499
0.000814746
0.167414
-1.54913
0.00173533
0.173721
-1.54831
0.00193564
0.178173
-1.54752
0.00172727
0.178664
-1.5468
0.00132629
0.171262
-1.54587
0.000685938
0.160881
-1.54525
0.000326432
0.147015
-1.5446
6.40413e-05
0.130183
-1.54385
-0.000114898
0.111348
-1.54309
-0.000199838
0.0923314
-1.5423
-0.000213734
0.0677268
-1.54114
-0.000179975
0.0529287
-1.5403
-0.00012501
0.0410662
-1.53946
-7.71128e-05
0.0308745
-1.53849
-3.33231e-05
0.0255481
-1.53774
-1.29568e-05
0.0226584
-1.53704
-4.12926e-06
0.0216421
-1.5364
-7.32789e-06
0.0218829
-1.53581
-1.29079e-05
0.0230195
-1.53518
-2.68152e-05
0.0240734
-1.53469
-3.82087e-05
0.0248024
-1.53422
-4.88383e-05
0.024883
-1.53366
-6.06101e-05
0.0240233
-1.5331
-7.38541e-05
0.0226712
-1.53262
-7.79271e-05
0.0207991
-1.53212
-8.37018e-05
0.0180684
-1.53151
-8.97508e-05
0.0156446
-1.53098
-9.40742e-05
0.0132682
-1.53045
-9.84285e-05
0.0110863
-1.52992
-0.000102
0.00889856
-1.52929
-0.000103671
0.00728256
-1.52868
-0.000103462
0.00638088
-1.52819
-0.000101378
0.00577337
-1.52763
-9.85079e-05
0.00558165
-1.52717
-9.56046e-05
0.00558035
-1.52673
-9.23932e-05
0.00568403
-1.52631
-8.99391e-05
0.00582885
-1.52589
-8.99705e-05
0.00594547
-1.52549
-9.28009e-05
0.00598922
-1.52501
-9.89507e-05
0.00591632
-1.52461
-0.000104913
0.0057356
-1.52422
-0.000110706
0.00544717
-1.52383
-0.000114193
0.00507908
-1.52345
-0.000115053
0.00466962
-1.52307
-0.000114849
0.00425725
-1.52269
-0.000113802
0.00378658
-1.52225
-0.000112258
0.00344949
-1.52188
-0.000109736
0.00316261
-1.52153
-0.000107125
0.0029276
-1.52118
-0.000104753
0.00274328
-1.52083
-0.000102162
0.0026042
-1.5205
-0.000100054
0.0025011
-1.52017
-9.87313e-05
0.00243065
-1.51984
-9.78718e-05
0.00238819
-1.51952
-9.62658e-05
0.00235785
-1.51921
-9.45048e-05
0.00232084
-1.51884
-9.2943e-05
0.00227876
-1.51854
-9.33394e-05
0.00221877
-1.51824
-9.57015e-05
0.00211255
-1.51788
-0.000100139
0.00203223
-1.51765
-0.000104521
0.0019251
-1.51737
-0.000107968
0.00180634
-1.51708
-0.000108504
0.00168043
-1.51681
-0.000109234
0.00156248
-1.51654
-0.000108707
0.00143096
-1.51622
-0.000106317
0.0013327
-1.51595
-0.000104291
0.00124426
-1.5157
-0.000101728
0.00113923
-1.51534
-9.83587e-05
0.00109157
-1.51509
-9.68235e-05
0.00106086
-1.51485
-9.48545e-05
0.00103489
-1.51456
-9.22732e-05
0.00102108
-1.51438
-9.12703e-05
0.000997135
-1.51414
-9.09433e-05
0.000953765
-1.51387
-9.36369e-05
0.000905519
-1.51365
-9.83021e-05
0.00267682
-0.0141009
0.000469688
0.00267682
-0.0141009
0.000469688
0.00266711
-0.0139416
-0.000714005
0.00262245
-0.0135922
-0.00590376
0.00261754
-0.0135605
-0.00591806
0.00248737
-0.0128898
-0.00355088
0.00248737
-0.0128898
-0.00355088
0.00216594
-0.0110496
0.000259995
0.00216594
-0.0110496
0.000259995
0.00216594
-0.0110496
0.000259995
0.00216594
-0.0110496
0.000259995
0.00216594
-0.0110496
0.000259995
0.00216594
-0.0110496
0.000259995
0.00216594
-0.0110496
0.000259995
0.00216594
-0.0110496
0.000259995
0.00216594
-0.0110496
0.000259995
0.00216594
-0.0110496
0.000259995
0.00212373
-0.0108365
8.66922e-05
0.00209592
-0.0106862
-0.00224036
0.00206177
-0.0105398
-0.00502023
0.00202715
-0.0103954
-0.00528057
0.00199432
-0.0102514
-0.00432679
0.00196422
-0.0101071
-0.0030626
0.00193179
-0.0099373
-0.00230498
0.00190723
-0.0097995
-0.00215963
0.00188409
-0.00966417
-0.00225332
0.00186153
-0.00952956
-0.00243506
0.00183428
-0.00936719
-0.00265707
0.00181078
-0.0092339
-0.00278648
0.00178613
-0.00910405
-0.00284185
0.00176003
-0.00897727
-0.00284306
0.00172662
-0.00882715
-0.0027711
0.00169699
-0.00870155
-0.00267473
0.00166727
-0.00857582
-0.00256509
0.00163971
-0.00845294
-0.00244179
0.00161067
-0.00831031
-0.00229895
0.00158973
-0.00819461
-0.00219404
0.00157117
-0.00808013
-0.00209157
0.00155425
-0.00796511
-0.00200372
0.0015383
-0.00784912
-0.00192352
0.00152268
-0.00773521
-0.00184732
0.00150668
-0.00762495
-0.0017826
0.00148627
-0.00749715
-0.0017097
0.0014679
-0.00739284
-0.00165326
0.00144816
-0.00728859
-0.00159689
