0
7.68895e-05
7.68711e-05
7.6872e-05
7.68727e-05
7.68674e-05
7.68621e-05
7.68626e-05
7.68628e-05
7.68456e-05
7.68677e-05
7.68682e-05
7.68764e-05
7.68763e-05
7.68763e-05
7.68763e-05
7.68744e-05
7.68723e-05
7.68718e-05
7.68714e-05
7.6881e-05
7.69104e-05
7.69108e-05
7.71256e-05
7.71256e-05
0.0607076
0.259239
0.557885
0.680862
0.937333
0.937333
1.01522
1.02266
1.03431
1.0352
1.03047
1.02238
1.01552
1.00976
1.00482
1.0017
1.00018
0.999431
0.999289
0.999169
0.999137
0.999132
0.999151
0.999224
0.999248
0.999326
0.999384
0.999354
0.993966
0.988293
0.979652
0.963091
0.946049
0.934372
0.92092
0.900173
0.878642
0.864951
0.851649
0.82983
0.808324
0.795021
0.781266
0.761462
0.742287
0.73048
0.718236
0.700748
0.68383
0.67341
0.657544
0.00395483
0.00395483
0.00410052
0.0695502
0.176708
0.237756
0.25071
0.276272
0.306546
0.327212
0.355397
0.371292
0.389771
0.398797
0.406534
0.40886
0.407674
0.404984
0.397824
0.392182
0.382067
0.375203
0.364296
0.357152
0.346514
0.339682
0.326586
0.317543
0.3147
0.309126
0.299926
0.294493
0.286944
0.282005
0.274917
0.27032
0.263943
0.259598
0.253361
0.247289
0.243479
0.237927
0.234256
0.22912
0.22559
0.22204
0.216738
0.211797
0.20867
0.203879
0.200656
0.196229
0.191807
0.188963
0.186124
0.181709
0.178965
0.175008
0.172396
0.168531
0.165994
0.162254
0.158554
0.156198
0.153833
0.150157
0.147855
0.144556
0.141375
0.00051661
0.00051661
0.00047437
0.00611547
0.033187
0.0468365
0.0629375
0.0749513
0.0783507
0.0872165
0.0947022
0.0975069
0.0999881
0.0999838
0.0974161
0.0974161
0.0951667
0.093037
0.0895975
0.0884327
0.0837934
0.0750487
0.0750487
0.0691623
0.0691623
0.0691623
0.0684124
0.066197
0.064164
0.0624278
0.0618315
0.0602302
0.0592208
0.0578913
0.0566278
0.0558461
0.0547352
0.0535624
0.0531911
0.0520616
0.0508708
0.0498502
0.0491643
0.0480734
0.0473458
0.0462355
0.0455073
0.0441575
0.0428691
0.0428691
0.0420486
0.0413394
0.0403366
0.0393874
0.0387825
0.0381774
0.0372431
0.0366597
0.0357924
0.034681
0.0344318
0.0339524
0.0328225
0.0325745
0.0318847
0.0311248
0.030205
0.0299871
0.0293607
0.0286548
0.0280464
0.0276436
-0.000686679
-0.000149671
-0.000149601
-0.000149543
0.00309535
0.00696687
0.0111952
0.0133265
0.0173707
0.0185692
0.0190968
0.0201285
0.020454
0.0207803
0.0207453
0.0206884
0.0205182
0.0199663
0.0193672
0.0189474
0.0185013
0.0178046
0.0173506
0.0167081
0.0162819
0.0156802
0.0141181
0.0140104
0.0136813
0.0127188
0.0127188
0.0124792
0.0122435
0.0119238
0.0117299
0.0114495
0.0112686
0.0109217
0.010757
0.0105984
0.0104247
0.0101714
0.0100153
0.00979088
0.00964261
0.00943417
0.00922067
0.00908596
0.00887788
0.00867545
0.00861067
0.00841254
0.00820518
0.00801937
0.00789638
0.00770605
0.0076408
0.00745992
0.00727959
0.00711635
0.00700811
0.0068479
0.00674071
0.00663326
0.00647138
0.00632374
0.00623067
0.00608732
0.00599176
0.00585234
0.00571454
0.00558783
0.00550551
0.00537032
0.00528071
0.00519617
0.00510981
0.00498458
0.00487044
0.00479782
0.00464913
0.00454528
0.00451308
0.00445109
0.00433385
0.00422854
0.00416308
0.00406573
0.00396787
0.00390564
0.00381316
0.0037516
0.00366201
0.00360345
0.00351718
0.00345978
0.00337669
0.00332283
0.0032439
0.00319183
0.00308983
0.00301726
0.00297252
0.00294903
0.00287407
0.00277967
0.00275628
0.00269137
0.00262298
0.00258173
0.00252098
0.00245929
0.00241984
0.0023798
0.00231835
0.0022616
0.00222609
0.00217141
0.00213496
0.00208174
0.00202925
0.00189885
0.00189885
0.00188861
0.00186272
0.00172479
0.00172479
0.00167813
0.00164228
0.00159655
0.00156722
0.00153943
0.00149812
0.00147219
0.00143469
0.00140996
0.00137337
0.00132475
0.0013135
0.00129211
0.00125636
0.00122178
0.0012009
0.00113206
0.00112437
0.00112437
0.00110116
0.00106833
0.0010424
0.00102519
0.000997621
0.00097917
0.000942247
0.000933029
0.000906612
0.000887779
0.000869851
0.000845679
0.000822648
0.000801165
0.000780159
0.000773264
0.000753358
0.000739232
0.000720097
0.000707142
0.000687733
0.000668808
0.000656593
0.000637435
0.000624485
0.000605091
0.000585375
0.000572558
0.000553245
0.00054016
0.000521099
0.000509603
0.00049373
0.000483974
0.000470691
0.000457904
0.000449938
0.000438134
0.000430414
0.000418986
0.00041148
0.000403732
0.000392037
0.000381766
0.000374596
0.000363432
0.000355931
0.000344568
0.000336895
0.000317687
0.000314067
0.000307244
0.00029989
0.000287677
0.000275855
0.000268284
0.000253172
0.000249171
0.000237754
0.000229436
0.000221576
0.000205591
0.000197691
0.000189961
0.000177609
0.000169637
0.000158854
0.000149776
0.00014456
0.0217409
0.0756836
0.0952472
0.0495794
0.0145682
-0.00160047
-0.0181508
-0.0263213
-0.0296042
-0.0314445
-0.0312118
-0.0293397
-0.0262512
-0.0250467
-0.0211521
-0.0171106
-0.0144604
-0.0106846
-0.00842082
-0.00544152
-0.00294575
0.00166565
0.00166565
0.00281107
0.00349261
0.00349261
0.00347611
0.00317376
0.00295316
0.00269296
0.00231433
0.00205896
0.00169521
0.00106858
0.000977412
0.000977412
0.00074242
0.000578142
0.000483013
0.000403677
0.000323847
0.00028417
0.000246435
0.000231039
0.000227281
0.000232481
0.000242084
0.000251488
0.000259956
0.000273479
0.000280283
0.00029035
0.000295474
0.00029885
0.000298666
0.000296924
0.000293555
0.000287739
0.000281673
0.000272265
0.000264506
0.000252093
0.000239131
0.000230366
0.000217377
0.000207926
0.000199576
0.000185503
0.000172272
0.000163525
0.000151965
0.000144825
0.000136608
0.000131629
0.000125775
0.000122093
0.000118045
0.000113839
0.000112159
0.000109808
0.000107458
0.000104948
0.000102066
0.000100706
9.71839e-05
9.50743e-05
9.31867e-05
9.27312e-05
8.81579e-05
8.63181e-05
8.29701e-05
8.05662e-05
7.69875e-05
7.33602e-05
7.09848e-05
6.8616e-05
6.3881e-05
6.19208e-05
5.90856e-05
5.69415e-05
5.312e-05
4.99172e-05
4.56305e-05
4.39711e-05
4.11465e-05
3.78513e-05
3.49773e-05
3.1878e-05
2.86083e-05
2.6111e-05
2.22227e-05
2.22227e-05
1.8719e-05
1.49588e-05
1.02458e-05
9.05106e-06
4.72878e-06
-4.20574e-06
-4.20574e-06
-5.70466e-06
-1.37024e-05
-1.45196e-05
-1.54268e-05
-1.9418e-05
-2.13335e-05
-2.33744e-05
-2.50839e-05
-2.72914e-05
-2.97491e-05
-3.2317e-05
-3.4709e-05
-3.75504e-05
-4.13844e-05
-4.32023e-05
-4.49831e-05
-4.91861e-05
-5.39328e-05
-5.57347e-05
-5.86701e-05
-6.19113e-05
-6.85633e-05
-6.91312e-05
-7.1641e-05
-7.43733e-05
-7.85136e-05
-8.08222e-05
-8.41723e-05
-8.63054e-05
-8.89815e-05
-9.18743e-05
-9.5066e-05
-9.7789e-05
-0.000101427
-0.000103343
-0.000107309
-0.000109546
-0.000114626
-0.00011933
-0.00011933
-0.000120372
-0.000125143
-0.000129299
-0.000131716
-0.000135108
-0.000136617
-0.000139677
-0.000142611
-0.000145567
-0.000148614
-0.000150947
-0.000154644
-0.000156503
-0.000160191
-0.000162413
-0.000165391
-0.000168404
-0.000172323
-0.000174906
-0.000177961
-0.000180841
-0.000184319
-0.000186742
-0.000190187
-0.000193649
-0.000197321
-0.000198127
-0.000199126
-0.000198145
-0.00019751
-0.000194271
-0.00019257
-0.00018837
-0.000185692
-0.000180802
-0.000178569
-0.000176135
-0.000175961
-0.000175638
-0.000176698
-0.000179993
-0.000179993
-0.000180899
-0.000185331
-0.000189223
-0.000192767
-0.000194909
-0.000196967
-0.000199953
-0.000201871
-0.000201794
-0.000200643
-0.000197918
-0.000196247
-0.000192563
-0.000188982
-0.000185191
-0.0001811
-0.000177087
-0.000176936
-0.0001764
-0.000176494
-0.000178664
-0.000179103
-0.000181919
-0.00018362
-0.000186895
-0.000189419
-0.000193039
-0.0001975
-0.000199684
-0.000201356
-0.000201818
-0.000196949
-0.000196949
-0.000196055
-0.000177997
-0.000176507
-0.000173073
-0.00017133
-0.000167268
-0.000166054
-0.000164258
-0.000163158
-0.000164691
-0.00016566
-0.000167797
-0.000170051
-0.000172795
-0.00017623
-0.000179125
-0.000182256
-0.00018611
-0.000190319
-0.000193729
-0.000197518
-0.000203545
-0.000203684
-0.000205225
-0.000204837
-0.000201988
-0.000199481
-0.000195307
-0.000192501
-0.000187755
-0.000184613
-0.000181434
-0.000176642
-0.000175184
-0.000173251
-0.000173611
-0.00017379
-0.000175937
-0.000177309
-0.000180425
-0.000181513
-0.000185782
-0.000189423
-0.00019393
-0.000195823
-0.000198113
-0.000201687
-0.000202987
-0.000202611
-0.000201843
-0.000198598
-0.000196782
-0.000194381
-0.000188369
-0.000184527
-0.000167282
-0.000166537
-0.00010725
-0.000135773
-0.00094679
-0.00094679
9.03844e-05
0.000121756
5.24885e-05
3.62633e-05
2.01592e-05
1.12186e-05
-4.76565e-05
-9.09219e-05
-0.000125395
-0.000154011
-0.000170766
-0.00018869
-0.000192337
-0.000196134
-0.000191406
-0.000191406
-0.00019107
-0.000194995
-0.000183143
-0.000182152
-0.000179892
-0.000181085
-0.000181935
-0.000184966
-0.000187418
-0.000192651
-0.000195553
-0.000201998
-0.00020538
-0.000208901
-0.000211245
-0.000213058
-0.000213261
-0.000211176
-0.000209497
-0.000205328
-0.000201686
-0.000197522
-0.000187325
-0.000187325
-0.00018257
-0.000179566
-0.000174022
-0.000168956
-0.000167432
-0.000166363
-0.000165731
-0.000166929
-0.000167956
-0.000169164
-0.000172168
-0.000175204
-0.000179644
-0.000183729
-0.00018596
-0.000189209
-0.000193157
-0.000196777
-0.000201087
-0.000203251
-0.000205106
-0.000203718
-0.000203703
-0.000200095
-0.000197144
-0.000191187
-0.000189886
-0.000185973
-0.000181302
-0.000177193
-0.000174251
-0.000173372
-0.000172478
-0.000174144
-0.00017437
-0.000175842
-0.000177956
-0.000180793
-0.000183879
-0.000186597
-0.0001903
-0.000194193
-0.000198743
-0.000200104
-0.00020148
-0.000200255
-0.000200251
-0.000198364
-0.000196362
-0.000188474
-0.000186437
-0.000183837
-0.000182476
-0.000178581
-0.000177292
-0.000175377
-0.000175988
-0.000176341
-0.000177774
-0.000180175
-0.000183009
-0.000185391
-0.000187977
-0.000190302
-0.00019232
-0.000197288
-0.000200007
-0.000202155
-0.000202673
-0.000202651
-0.000199701
-0.000198478
-0.000195829
-0.00018955
-0.000187166
-0.000183239
-0.000181442
-0.000176397
-0.000173085
-0.000173611
-0.000171679
-0.000172994
-0.00017423
-0.000175955
-0.000176843
-0.000181755
-0.000183311
-0.000186903
-0.000189
-0.000193812
-0.000196421
-0.000201036
-0.000201498
-0.000202556
-0.000200784
-0.000201276
-0.000197642
-0.000194529
-0.000192561
-0.000187311
-0.000184382
-0.000178867
-0.000176113
-0.000173845
-0.000172289
-0.000172539
-0.000172735
-0.000174986
-0.00017671
-0.000178398
-0.000178945
-0.000183661
-0.000186317
-0.000189948
-0.000193333
-0.00019673
-0.000199915
-0.000202397
-0.000203015
-0.000202406
-0.000200366
-0.000199002
-0.000196651
-0.000192151
-0.000190061
-0.000183272
-0.000180351
-0.000177207
-0.000175081
-0.000175273
-0.000175403
-0.000175408
-0.000177731
-0.000178328
-0.000180801
-0.000183582
-0.000186298
-0.000189674
-0.000191903
-0.000195938
-0.00019822
-0.000199906
-0.000200592
-0.000200589
-0.000198736
-0.000197345
-0.000194305
-0.00019181
-0.00018741
-0.00018436
-0.000177433
-0.000175838
-0.000173505
-0.000175197
-0.000174991
-0.000176197
-0.000177096
-0.000179527
-0.000181445
-0.00018422
-0.000187051
-0.000190028
-0.000194189
-0.000196933
-0.000198932
-0.000201312
-0.00020152
-0.000201305
-0.000199101
-0.000195097
-0.000194521
-0.000190094
-0.000184776
-0.000182682
-0.00017658
-0.000175094
-0.000173605
-0.00017266
-0.000173412
-0.000173633
-0.000176643
-0.000177449
-0.000179548
-0.00018248
-0.000185571
-0.000189099
-0.000192725
-0.000195366
-0.000199
-0.000200858
-0.000201982
-0.000201283
-0.000200089
-0.00019831
-0.000193769
-0.000192262
-0.000186955
-0.000182197
-0.00017933
-0.00017681
-0.000174409
-0.000173497
-0.000174128
-0.000176115
-0.000176115
-0.000177833
-0.000180449
-0.000183456
-0.0001876
-0.000190601
-0.000192646
-0.000194177
-0.000198413
-0.000201013
-0.000202279
-0.000201838
-0.000199117
-0.000196155
-0.000195366
-0.000191546
-0.000187702
-0.00018061
-0.000178036
-0.000175733
-0.000173906
-0.000174782
-0.000174845
-0.000175824
-0.000176555
-0.000179755
-0.000182776
-0.000183917
-0.000187756
-0.000191626
-0.000193739
-0.000197926
-0.000199111
-0.00020131
-0.000199881
-0.000199545
-0.000196887
-0.000191679
-0.000191679
-0.000188389
-0.000183695
-0.000180435
-0.000176981
-0.000175042
-0.000174801
-0.000175712
-0.000176292
-0.000178176
-0.00018014
-0.000182498
-0.000184966
-0.000188277
-0.000192466
-0.000198646
-0.000198646
-0.000201476
-0.000197472
-0.000197472
-0.000197472
-0.000187569
-0.000187569
-0.000179262
-0.000166427
-0.000166427
-0.000166427
-0.000164613
-0.000162743
-0.00016843
-0.000169723
-0.000171924
-0.000173431
-0.000172571
-0.000182338
-0.000182338
-0.000188978
-0.000190448
-0.000190448
-0.000190448
-0.000191861
-0.00020093
-0.000199853
-0.000200107
-0.000199332
-0.000196258
-0.000194609
-0.000192604
-0.000188597
-0.000186333
-0.000182196
-0.000179333
-0.000178498
-0.000176707
-0.000177249
-0.000177927
-0.000179386
-0.000181258
-0.000183424
-0.000184934
-0.000188454
-0.000191756
-0.00019427
-0.000197119
-0.000199086
-0.000199663
-0.000199108
-0.000190314
-0.000190314
-0.000188685
-0.000182308
-0.000179506
-0.000171938
-0.000169604
-0.000165934
-0.000164969
-0.000163769
-0.000164704
-0.000164603
-0.000165346
-0.000168304
-0.000170953
-0.000173627
-0.00017645
-0.000179863
-0.000183897
-0.000186859
-0.000190469
-0.000193307
-0.000197067
-0.000199564
-0.000202671
-0.000201708
-0.000201136
-0.000199131
-0.000196357
-0.000193824
-0.00019019
-0.000186925
-0.000182259
-0.000178665
-0.000173701
-0.00017352
-0.000172902
-0.000172645
-0.000173876
-0.000174838
-0.000176148
-0.000179371
-0.000182905
-0.000183703
-0.000188226
-0.000190841
-0.000194056
-0.000197625
-0.00020056
-0.000201523
-0.000200846
-0.00020083
-0.000198405
-0.000197165
-0.000192955
-0.000188533
-0.000186099
-0.000180242
-0.000176461
-0.000173693
-0.000172526
-0.000171448
-0.000172537
-0.000174318
-0.00017463
-0.000174572
-0.00017823
-0.000180851
-0.00018378
-0.000186537
-0.000189182
-0.000192933
-0.000195565
-0.000199049
-0.00020172
-0.000203326
-0.000203143
-0.00020102
-0.000198683
-0.000197363
-0.000191407
-0.000187613
-0.000184694
-0.0001786
-0.000176205
-0.000172904
-0.00017209
-0.000171538
-0.000172086
-0.000173261
-0.00017477
-0.0001771
-0.000180551
-0.000182054
-0.000184446
-0.000187359
-0.000190707
-0.000193781
-0.000196545
-0.000200197
-0.000201494
-0.000201448
-0.000200771
-0.00019916
-0.000196978
-0.00019293
-0.000188375
-0.000185147
-0.00018142
-0.000176845
-0.00017482
-0.000173383
-0.000172729
-0.000173153
-0.000174431
-0.00017582
-0.000178474
-0.000180353
-0.000183273
-0.000187035
-0.000188744
-0.000190345
-0.000194486
-0.000199248
-0.000200191
-0.000201109
-0.000199759
-0.000197212
-0.000196237
-0.000193967
-0.000190768
-0.000185134
-0.000182065
-0.000176947
-0.00017461
-0.00017322
-0.000173053
-0.000173238
-0.000175061
-0.000176267
-0.000178102
-0.000180363
-0.000184002
-0.000186637
-0.000188607
-0.000192463
-0.000194873
-0.000198527
-0.000200257
-0.000200883
-0.00020051
-0.000198443
-0.000196684
-0.000193859
-0.00018871
-0.000186749
-0.000180881
-0.000174885
-0.000173982
-0.0001724
-0.000172012
-0.000172084
-0.000172283
-0.000173867
-0.000175302
-0.000178139
-0.000180165
-0.000183466
-0.000186171
-0.000190306
-0.000192768
-0.000194047
-0.000199197
-0.000199905
-0.000201693
-0.00020029
-0.000199239
-0.000195253
-0.000192264
-0.000190441
-0.000183435
-0.000178748
-0.000176015
-0.000174306
-0.000173537
-0.000173815
-0.000174322
-0.000174508
-0.000176571
-0.000176334
-0.000180395
-0.000182992
-0.000185908
-0.00018885
-0.000191213
-0.000193783
-0.000199232
-0.000202259
-0.000202259
-0.000200476
-0.000200476
-0.000195214
-0.000191573
-0.000187767
-0.000184851
-0.000179141
-0.000180055
-0.000174393
-0.000173356
-0.000172964
-0.000172964
-0.000175413
-0.000175413
-0.000179881
-0.000180428
-0.000138283
-0.000101513
-0.000633906
-0.000735746
-0.00105228
-0.000989875
5.85345e-05
0.000167307
0.000970363
0.000987364
0.088434
0.088434
0.088434
-0.013224
-0.0188929
-0.0362565
-0.0362565
-0.0261301
-0.0243142
-0.0100038
-0.00840651
0.00191293
0.00261158
0.00521277
0.00534334
0.00443856
0.00443856
0.00443856
0.00245153
0.00225228
0.000924542
0.000811022
1.38953e-05
1.38953e-05
-0.00123739
-0.00131723
-0.00141931
0.0477375
0.0404389
-0.00763145
-0.0100437
-0.0166998
-0.0165698
-0.00841948
-0.00758105
-0.00244254
-0.00244254
-0.00228822
-0.00228822
-0.00213401
0.0136166
0.0111831
-0.00579209
-0.00633612
-0.00668211
-0.00668211
0.00272175
0.00272175
-0.0036028
-0.00386915
-0.0043951
-0.00382891
-0.00350223
-0.00350223
-0.00287757
-0.00185441
-0.00185441
-0.000658297
-0.000502779
-0.000193912
-5.38246e-05
0.000387403
0.00095421
0.00095421
0.00095421
0.00111424
0.00111244
0.00113645
0.00113719
0.00113914
0.00109635
0.0010565
0.000970358
0.000943886
0.0008769
0.000821283
0.000753287
0.000687981
0.000630518
0.000580075
0.000564934
0.000537112
0.00048809
0.00047617
0.000450352
0.0004375
0.000415005
0.00041091
0.000399147
0.000393725
0.000384738
0.000380909
0.000374396
0.000367308
0.000364059
0.00035763
0.000352798
0.000346719
0.000339479
0.00033282
0.000324412
0.000315056
0.000307967
0.000292974
0.000289838
0.000278423
0.000267275
0.000259217
0.000252062
0.000240229
0.000227051
0.00021271
0.000209435
0.000204447
0.000190168
0.000178675
0.000171761
0.000164326
0.000156518
0.000150791
0.000145381
0.000141716
0.000137168
0.000134539
0.000131146
0.000129632
0.000126915
0.000125504
0.000123237
0.000120909
0.000118192
0.000117256
0.000114791
0.000113902
0.000110102
0.000110313
0.000106902
0.000103191
0.000102117
9.98145e-05
9.78811e-05
9.55241e-05
9.45377e-05
9.01615e-05
8.74287e-05
8.65696e-05
8.31803e-05
8.04208e-05
7.76168e-05
7.55763e-05
7.2923e-05
7.11704e-05
6.8231e-05
6.46192e-05
6.32955e-05
6.03794e-05
5.85169e-05
5.5441e-05
5.33811e-05
5.05439e-05
4.68987e-05
4.56711e-05
4.11067e-05
4.04054e-05
4.04201e-05
3.53835e-05
3.2245e-05
3.08012e-05
2.93709e-05
2.6997e-05
2.39328e-05
2.16068e-05
1.48834e-05
1.40235e-05
1.28083e-05
9.73661e-06
5.72463e-06
3.65804e-06
1.68406e-06
-6.5275e-07
-1.98111e-06
-3.73038e-06
-5.17748e-06
-7.19386e-06
-9.15234e-06
-1.13582e-05
-1.35754e-05
-1.62785e-05
-1.85919e-05
-2.19144e-05
-2.40844e-05
-2.70755e-05
-2.90223e-05
-3.21524e-05
-3.43637e-05
-3.78863e-05
-4.35086e-05
-4.35086e-05
-4.3488e-05
-4.78561e-05
-5.23341e-05
-5.26606e-05
-5.48237e-05
-5.70541e-05
-6.00551e-05
-6.25255e-05
-6.42458e-05
-6.71023e-05
-6.95944e-05
-7.36389e-05
-7.41567e-05
-7.91064e-05
-7.91064e-05
-8.1912e-05
-8.46886e-05
-8.76316e-05
-8.91425e-05
-9.21601e-05
-9.24094e-05
-9.61936e-05
-9.86676e-05
-0.000102161
-0.00010272
-0.000106594
-0.000107715
-0.000111749
-0.000115112
-0.000116631
-0.000117628
-0.000122273
-0.000124306
-0.000126307
-0.000128388
-0.000131521
-0.00013339
-0.00013695
-0.000137621
-0.000141094
-0.000142868
-0.000145739
-0.000147907
-0.000150616
-0.000153486
-0.000157149
-0.000157851
-0.00016063
-0.000162667
-0.000165488
-0.000167754
-0.000170098
-0.000173613
-0.000174706
-0.000176927
-0.000179394
-0.000182326
-0.000184766
-0.000188682
-0.000189797
-0.000192976
-0.000194769
-0.000196162
-0.000194194
-0.000194194
-0.000194194
-0.000194282
-0.0001935
-0.000186966
-0.000182774
-0.000176452
-0.000173832
-0.000170877
-0.000170164
-0.000169686
-0.000170345
-0.000171606
-0.000173411
-0.000175133
-0.000178886
-0.000180102
-0.000183473
-0.000185636
-0.000189911
-0.000191193
-0.000194787
-0.000197381
-0.000199411
-0.000200367
-0.00019789
-0.00019693
-0.000194401
-0.000190382
-0.000187775
-0.000180985
-0.000177264
-0.000174977
-0.000172673
-0.000173259
-0.000172493
-0.000174158
-0.000175456
-0.000177004
-0.000179472
-0.00018258
-0.000184037
-0.000187661
-0.000189013
-0.000193839
-0.000194776
-0.000198328
-0.000199878
-0.000199318
-0.000197945
-0.000192899
-0.000193817
-0.000189548
-0.00018353
-0.000181209
-0.000176689
-0.000174504
-0.00017544
-0.000173365
-0.000174116
-0.000175075
-0.000176303
-0.000178063
-0.000179586
-0.000182456
-0.000184746
-0.000187796
-0.000190319
-0.000194127
-0.000197805
-0.000199263
-0.000199258
-0.00019739
-0.000196836
-0.000193746
-0.000190043
-0.000185256
-0.000183602
-0.000179715
-0.000177186
-0.000175626
-0.000172673
-0.00017399
-0.000173107
-0.000174709
-0.000176108
-0.000179275
-0.000180386
-0.000184594
-0.000186372
-0.000189825
-0.000191865
-0.000195206
-0.000197383
-0.000199088
-0.00019926
-0.000197543
-0.000195244
-0.000191024
-0.00018835
-0.000185408
-0.000179187
-0.000177018
-0.000173986
-0.000172811
-0.000172834
-0.000172289
-0.00017346
-0.000173109
-0.000175733
-0.00018021
-0.00018076
-0.000184618
-0.000185686
-0.000187645
-0.000191601
-0.000196749
-0.000197538
-0.000199562
-0.00019812
-0.000198664
-0.000194843
-0.000194055
-0.000189574
-0.000185322
-0.000182137
-0.000176877
-0.00017543
-0.000173536
-0.00017327
-0.000173559
-0.000173235
-0.000175461
-0.000176137
-0.00017692
-0.000181264
-0.00018312
-0.000186951
-0.000189289
-0.000191438
-0.000195518
-0.000197166
-0.000200187
-0.000201219
-0.000200018
-0.000197953
-0.000195704
-0.000194024
-0.000188883
-0.000186219
-0.000180864
-0.000175181
-0.00017464
-0.000172824
-0.000171712
-0.000172523
-0.000172658
-0.000173785
-0.00017544
-0.000178783
-0.000179953
-0.000183794
-0.000185639
-0.000189164
-0.000191455
-0.000194655
-0.000197126
-0.000200212
-0.000198983
-0.00019937
-0.000197451
-0.000194217
-0.000189235
-0.000186975
-0.000183521
-0.000177752
-0.000174784
-0.00017168
-0.00017168
-0.000170621
-0.000174018
-0.000175241
-0.000175426
-0.000178213
-0.000180508
-0.000182638
-0.000185406
-0.000188215
-0.000190356
-0.00019368
-0.000195977
-0.000199038
-0.000200302
-0.000198723
-0.000198089
-0.000195617
-0.000189038
-0.000189038
-0.00018313
-0.00018095
-0.000177378
-0.000170063
-0.000170063
-0.000168779
-0.000172925
-0.000172925
-0.000175286
-0.000175286
-0.000174184
-0.000179461
-0.000181152
-0.000184663
-0.000186269
-0.000188989
-0.000191188
-0.000195148
-0.000197276
-0.000199791
-0.000200844
-0.000199767
-0.000199585
-0.000194469
-0.000193773
-0.0001897
-0.000185323
-0.00018028
-0.000175846
-0.000171203
-0.000170397
-0.000168435
-0.000170336
-0.000171025
-0.000172041
-0.000172754
-0.000175507
-0.000176747
-0.000179818
-0.000182602
-0.000186011
-0.000188084
-0.000191716
-0.00019314
-0.000197112
-0.000198677
-0.00019972
-0.000199492
-0.00019755
-0.000195777
-0.000192894
-0.000189886
-0.000185817
-0.000177354
-0.000175018
-0.000172925
-0.000171572
-0.000171542
-0.000171171
-0.000171166
-0.000172072
-0.000174821
-0.000175488
-0.000177482
-0.000179825
-0.000184539
-0.000186409
-0.00018919
-0.000190321
-0.000194659
-0.000198541
-0.000200235
-0.000199841
-0.000199553
-0.000196963
-0.000195674
-0.000192081
-0.000185802
-0.000184684
-0.000177377
-0.000175836
-0.000172868
-0.000172817
-0.000171948
-0.00017359
-0.000173449
-0.000176212
-0.000177022
-0.000179877
-0.000181936
-0.000185329
-0.000188444
-0.000190338
-0.000193966
-0.000195008
-0.000199045
-0.000197932
-0.000198674
-0.000195952
-0.000194279
-0.00019102
-0.00018751
-0.000182666
-0.000178865
-0.000174594
-0.00017317
-0.000171466
-0.000171258
-0.000170407
-0.000172514
-0.000173487
-0.000175035
-0.000176898
-0.000179284
-0.000181369
-0.000184861
-0.000188048
-0.000190273
-0.000193085
-0.000195519
-0.000198812
-0.000199755
-0.000199436
-0.000198459
-0.000195369
-0.000193162
-0.00018858
-0.000185524
-0.000179759
-0.000176462
-0.000173679
-0.000171986
-0.000171572
-0.000172457
-0.000172357
-0.000174779
-0.000175475
-0.000177822
-0.000179662
-0.000183103
-0.000185262
-0.00018787
-0.000190056
-0.000193201
-0.000195467
-0.000198288
-0.000199444
-0.000199818
-0.000197555
-0.000195449
-0.000192354
-0.000189053
-0.000182917
-0.0001809
-0.000177455
-0.000173509
-0.000171923
-0.000170481
-0.000172274
-0.000173897
-0.000173611
-0.000176137
-0.000177113
-0.000179528
-0.000181916
-0.000184889
-0.000185553
-0.000190169
-0.00019296
-0.000196384
-0.000198147
-0.000199619
-0.000198988
-0.000198329
-0.000195128
-0.000192406
-0.00018804
-0.000183397
-0.000182042
-0.000176663
-0.000173153
-0.00017338
-0.0001709
-0.000172232
-0.000172403
-0.000174189
-0.000175271
-0.000177079
-0.000180325
-0.000182279
-0.000184742
-0.000187485
-0.000189799
-0.000192671
-0.000194909
-0.000197892
-0.000198489
-0.000197996
-0.000197024
-0.00019413
-0.000191657
-0.000188421
-0.000182488
-0.000180385
-0.000177435
-0.000174357
-0.000174598
-0.000172985
-0.0001735
-0.000174184
-0.000176082
-0.000179052
-0.000180034
-0.000182591
-0.000184817
-0.000188481
-0.000189722
-0.000192792
-0.000195125
-0.00019838
-0.000198317
-0.000198209
-0.000195341
-0.000193401
-0.000191817
-0.000186518
-0.000184085
-0.000178499
-0.000175106
-0.00017248
-0.00017065
-0.000170863
-0.000171522
-0.000171217
-0.00017226
-0.00017542
-0.000175958
-0.000178674
-0.000180882
-0.000183359
-0.000185932
-0.000188788
-0.00019174
-0.000193784
-0.000197544
-0.000199218
-0.000199926
-0.000198481
-0.000197822
-0.000193554
-0.000191312
-0.000187872
-0.000183857
-0.000180556
-0.000175536
-0.000172042
-0.000171667
-0.000169962
-0.000171052
-0.000171873
-0.000173575
-0.000175014
-0.000177149
-0.000182717
-0.000182131
-0.000183223
-0.000186574
-0.000190774
-0.000192574
-0.000196121
-0.000198302
-0.000199121
-0.000198421
-0.000196569
-0.000193739
-0.000192769
-0.000187122
-0.00018235
-0.000177873
-0.000174971
-0.00017253
-0.000170632
-0.000170537
-0.000171368
-0.000171289
-0.000175816
-0.000177264
-0.000180893
-0.000183068
-0.00018428
-0.000187961
-0.000190471
-0.000192942
-0.000195201
-0.000196698
-0.000196348
-0.000196437
-0.00019299
-0.000189778
-0.000186926
-0.000182196
-0.000179985
-0.000175689
-0.000174048
-0.000173749
-0.000173163
-0.00017437
-0.000175097
-0.0001756
-0.000176823
-0.000180911
-0.00018197
-0.000184894
-0.000187306
-0.000191205
-0.000192278
-0.000195701
-0.000198937
-0.000199535
-0.000199305
-0.00019738
-0.000194865
-0.000193162
-0.000187955
-0.000185372
-0.000180581
-0.000175363
-0.000173135
-0.000171953
-0.000171509
-0.000172318
-0.000172202
-0.000173125
-0.000174922
-0.000175908
-0.000178813
-0.000180019
-0.000183757
-0.000185042
-0.000189366
-0.000189842
-0.000195324
-0.000196409
-0.000198917
-0.000197417
-0.000197395
-0.000194757
-0.000193352
-0.000190271
-0.000184422
-0.000180647
-0.000177272
-0.000174541
-0.000172546
-0.000172637
-0.000172126
-0.000171899
-0.000174286
-0.000174909
-0.000176338
-0.000178227
-0.000182651
-0.000184724
-0.000186103
-0.000190213
-0.000192405
-0.00019367
-0.000196805
-0.000198702
-0.000199308
-0.000196841
-0.00019513
-0.000191542
-0.000189083
-0.000185922
-0.000179882
-0.000175851
-0.000174128
-0.000172649
-0.00017203
-0.000172859
-0.000173477
-0.000175489
-0.000176027
-0.000177627
-0.000178561
-0.000181954
-0.00018403
-0.0001875
-0.000189635
-0.000192039
-0.000194154
-0.000197393
-0.000198082
-0.00019782
-0.000196344
-0.000194772
-0.000192198
-0.000188522
-0.000183044
-0.000180813
-0.000176723
-0.000174862
-0.000173066
-0.000172651
-0.000172125
-0.000173237
-0.000174103
-0.000175931
-0.000177568
-0.000179029
-0.000181924
-0.000184532
-0.000186868
-0.000188281
-0.000192275
-0.000194204
-0.000197791
-0.000199446
-0.000198472
-0.000196636
-0.000195689
-0.000192003
-0.000188527
-0.000185093
-0.000179283
-0.000176932
-0.000172917
-0.000171842
-0.000171477
-0.00017179
-0.000172388
-0.000173707
-0.000174555
-0.000176717
-0.000177499
-0.000179648
-0.000184368
-0.00018623
-0.000188444
-0.000191164
-0.000193911
-0.000197301
-0.000197946
-0.000199914
-0.000198136
-0.00019807
-0.00019332
-0.000191179
-0.000185673
-0.000181151
-0.000176352
-0.000173143
-0.000171872
-0.000169829
-0.00016917
-0.000170235
-0.00017021
-0.000172687
-0.000174252
-0.000175699
-0.000178029
-0.000180988
-0.000182327
-0.000184835
-0.000187508
-0.000189288
-0.000192593
-0.000194852
-0.000199025
-0.000199568
-0.000199827
-0.000198338
-0.000195872
-0.000193146
-0.000189701
-0.000185399
-0.000181376
-0.000175809
-0.000174094
-0.000172172
-0.000169931
-0.000171062
-0.000171557
-0.000170841
-0.000172474
-0.000174541
-0.000176382
-0.000177357
-0.00018014
-0.000184265
-0.000186029
-0.000188306
-0.000190672
-0.000192885
-0.000196679
-0.000198164
-0.000197523
-0.000198242
-0.000195936
-0.000190982
-0.000189172
-0.000185391
-0.000179944
-0.000177599
-0.00017631
-0.000173253
-0.000172848
-0.000174418
-0.000176108
-0.000176108
-0.000177198
-0.000177104
-0.000182708
-0.000183095
-0.000185496
-0.000187973
-0.000190771
-0.000192854
-0.000194895
-0.000197879
-0.000197276
-0.000197172
-0.000195276
-0.000191193
-0.000189624
-0.000186477
-0.000181121
-0.000179616
-0.000175125
-0.00017314
-0.000172952
-0.000172394
-0.000172882
-0.000175558
-0.000175917
-0.000179426
-0.000179426
-0.000181043
-0.000182507
-0.000185416
-0.000188203
-0.000192187
-0.000192971
-0.000195661
-0.000197145
-0.000199811
-0.00019824
-0.000196423
-0.000193565
-0.00019024
-0.000185966
-0.000180907
-0.000178556
-0.000174099
-0.000171884
-0.000171979
-0.000171114
-0.000171894
-0.000172906
-0.000174434
-0.00017562
-0.00017907
-0.000179589
-0.000182727
-0.000184467
-0.000187145
-0.000189088
-0.000192342
-0.000193862
-0.000196391
-0.00019765
-0.000198138
-0.000196677
-0.000196541
-0.000191244
-0.000187946
-0.000185579
-0.000180165
-0.000175814
-0.000173811
-0.000172017
-0.00017078
-0.000171334
-0.00017034
-0.000172591
-0.000174089
-0.000176093
-0.000177921
-0.000180257
-0.000181316
-0.000185391
-0.00018676
-0.000189656
-0.000191825
-0.000194337
-0.000196837
-0.000197825
-0.000198763
-0.000196054
-0.000194325
-0.000188647
-0.000184239
-0.000184239
-0.000179646
-0.000175901
-0.000176158
-0.000172987
-0.000172312
-0.000172646
-0.000173442
-0.000175366
-0.00018061
-0.00018061
-0.000182503
-0.000188879
-0.000189672
-0.000196037
-0.000196359
0.00390599
0.00257888
-0.00795895
-0.00795895
-0.00546702
-0.0053515
0.00410867
0.00301838
-0.0036599
-0.0036599
-0.00493056
-0.00618931
-0.00614259
-0.0047052
-0.0047052
-0.00443567
-0.00364136
-0.00193826
-0.00171455
-0.00128485
-0.000955455
-0.000699903
-0.000364034
-0.000179936
3.91626e-05
0.000141881
0.00024097
0.000277364
0.00030405
0.000306995
0.0002814
0.000254821
0.000190234
0.000153355
0.000117678
6.30551e-05
3.02364e-05
-1.73573e-05
-5.44816e-05
-7.67384e-05
-0.00010412
-0.00011839
-0.000130723
-0.00014392
-0.000152995
-0.000159396
-0.000164154
-0.000166219
-0.000167167
-0.000168021
-0.000168983
-0.000168617
-0.000167889
-0.000166832
-0.000167337
-0.000167522
-0.000167399
-0.000166453
-0.000169316
-0.000167808
-0.000171154
-0.000172376
-0.000173546
-0.000174507
-0.000175544
-0.000179712
-0.000180585
-0.000182699
-0.000184639
-0.000188729
-0.000188898
-0.000191487
-0.000193432
-0.000194869
-0.000197803
-0.000198141
-0.000196648
-0.000194018
-0.000192452
-0.000188477
-0.000185005
-0.000180183
-0.000177542
-0.000174641
-0.000172784
-0.000172044
