0
14.1709
0
0
0
0
0
0
0
0
0
0
0
0
0
0
0
0
0
0
0
0
0
0
0
0
0
0
0
0
0
0
0
0
0
0
0
0
0
0
0
0
0
0
0
0
0
0
0
0
0
0
0
0
0
0
0
0
0
0
0
0
0
0
0
0
0
0
0
0
0
0
0
0
0
0
0
0
0
-5.72195e-06
-0.000240326
-0.00294876
-0.00992584
-0.0187178
-0.039012
-0.0577059
-0.0936976
-0.122812
-0.173436
-0.21613
-0.272697
-0.316121
-0.383585
-0.429346
-0.497966
-0.54865
-0.608852
-0.651004
-0.711081
-0.748767
-0.805646
-0.837873
-0.89261
-0.931253
-0.94317
-0.96833
-0.996197
-1.01689
-1.03992
-1.05719
-1.07669
-1.08994
-1.10867
-1.12056
-1.13771
-1.15432
-1.16518
-1.18129
-1.19194
-1.20785
-1.21842
-1.22896
-1.24468
-1.26025
-1.27051
-1.2869
-1.29556
-1.31009
-1.32414
-1.33321
-1.34312
-1.35479
-1.36295
-1.37468
-1.38215
-1.3937
-1.39963
-1.4101
-1.41846
-1.42426
-1.42983
-1.43781
-1.44288
-1.45014
-1.45704
-1.47962
-1.47962
-1.47967
-1.4797
-1.47975
-1.47979
-1.47986
-1.47993
-1.47995
-1.48002
-1.48011
-1.48016
-1.48025
-1.48027
-1.48041
-1.48041
-1.48048
-1.48052
-1.48059
-1.48061
-1.48073
-1.48091
-1.48091
-1.48107
-1.48107
-1.48107
-1.48109
-1.48122
-1.48128
-1.48138
-1.4814
-1.48149
-1.48155
-1.48164
-1.48174
-1.4818
-1.48189
-1.48198
-1.48201
-1.4821
-1.48219
-1.48229
-1.48235
-1.48245
-1.4825
-1.4826
-1.48265
-1.48277
-1.4829
-1.4829
-1.48299
-1.48306
-1.48314
-1.48324
-1.48329
-1.48335
-1.48345
-1.48351
-1.4836
-1.48372
-1.48375
-1.48382
-1.48393
-1.48396
-1.48406
-1.48415
-1.48428
-1.4843
-1.48439
-1.48449
-1.48457
-1.48464
-1.48847
-1.49086
-1.49088
-1.4909
-1.49095
-1.49098
-1.49103
-1.49106
-1.49113
-1.49116
-1.49118
-1.4912
-1.49122
-1.49124
-1.49127
-1.49128
-1.49129
-1.49132
-1.49134
-1.49135
-1.49137
-1.49139
-1.49141
-1.49143
-1.49145
-1.49147
-1.49154
-1.49155
-1.49157
-1.49164
-1.49164
-1.49166
-1.49167
-1.4917
-1.49171
-1.49174
-1.49175
-1.49178
-1.4918
-1.49181
-1.49183
-1.49185
-1.49187
-1.49189
-1.4919
-1.49193
-1.49195
-1.49196
-1.49199
-1.49201
-1.49202
-1.49204
-1.49206
-1.49209
-1.4921
-1.49213
-1.49213
-1.49215
-1.49218
-1.4922
-1.49222
-1.49224
-1.49225
-1.49227
-1.49229
-1.49232
-1.49233
-1.49235
-1.49237
-1.49239
-1.49241
-1.49244
-1.49245
-1.49248
-1.49249
-1.49251
-1.49252
-1.49254
-1.49257
-1.49258
-1.49261
-1.49264
-1.49264
-1.49266
-1.49268
-1.49271
-1.49272
-1.49274
-1.49277
-1.49278
-1.4928
-1.49282
-1.49284
-1.49286
-1.49288
-1.4929
-1.49292
-1.49293
-1.49296
-1.49297
-1.493
-1.49302
-1.49304
-1.49306
-1.49307
-1.4931
-1.49311
-1.49313
-1.49315
-1.49317
-1.49319
-1.49322
-1.49323
-1.49325
-1.49327
-1.49329
-1.49331
-1.49333
-1.49334
-1.49337
-1.49339
-1.49346
-1.49346
-1.49347
-1.49348
-1.49355
-1.49355
-1.49358
-1.4936
-1.49362
-1.49363
-1.49365
-1.49367
-1.49369
-1.49371
-1.49371
-1.49371
-1.49371
-1.49371
-1.49371
-1.49371
-1.49371
-1.49371
-1.49371
-1.49371
-1.49371
-1.49371
-1.49371
-1.49371
-1.49371
-1.49371
-1.49371
-1.49374
-1.49375
-1.49378
-1.49379
-1.49381
-1.49383
-1.49385
-1.49387
-1.4939
-1.4939
-1.49393
-1.49394
-1.49397
-1.49398
-1.49401
-1.49401
-1.49401
-1.49401
-1.49401
-1.49401
-1.49401
-1.49401
-1.49401
-1.49401
-1.49401
-1.49401
-1.49401
-1.49401
-1.49401
-1.49401
-1.49401
-1.49401
-1.49401
-1.49401
-1.49401
-1.49401
-1.49401
-1.49401
-1.49401
-1.49404
-1.49405
-1.49407
-1.49409
-1.49413
-1.49413
-1.49415
-1.49417
-1.49419
-1.49421
-1.49423
-1.49425
-1.49425
-1.49425
-1.49425
-1.49425
-1.49425
-1.49425
-1.49425
-1.49425
-1.49425
-1.49425
-1.49425
-1.49425
-1.49425
-1.49434
-1.49654
-1.49954
-1.50828
-1.51682
-1.53366
-1.55497
-1.57134
-1.59856
-1.61813
-1.64904
-1.68116
-1.69201
-1.72746
-1.76004
-1.77885
-1.8132
-1.83133
-1.86177
-1.89141
-1.96716
-1.96716
-1.99466
-2.07575
-2.07575
-2.09373
-2.12079
-2.13892
-2.15714
-2.18468
-2.20319
-2.23117
-2.28789
-2.29743
-2.29743
-2.32617
-2.35507
-2.37439
-2.39618
-2.42284
-2.44225
-2.47136
-2.50045
-2.51982
-2.54883
-2.57779
-2.59707
-2.61633
-2.64518
-2.6644
-2.6932
-2.72199
-2.74119
-2.76278
-2.79159
-2.8084
-2.83725
-2.86614
-2.88541
-2.90471
-2.93369
-2.96272
-2.98209
-3.01119
-3.03061
-3.05004
-3.07923
-3.10844
-3.12793
-3.15719
-3.17915
-3.20601
-3.22555
-3.25489
-3.27445
-3.30381
-3.33319
-3.35278
-3.37239
-3.4018
-3.42143
-3.46069
-3.47052
-3.50983
-3.53934
-3.54918
-3.56887
-3.59841
-3.61813
-3.64771
-3.66744
-3.69706
-3.7267
-3.74647
-3.76625
-3.80585
-3.82813
-3.84796
-3.86531
-3.89507
-3.92734
-3.95466
-3.97703
-3.99444
-4.0243
-4.04421
-4.0741
-4.10401
-4.12396
-4.16639
-4.16639
-4.19386
-4.22385
-4.25386
-4.27388
-4.30393
-4.39418
-4.39418
-4.41426
-4.50723
-4.51477
-4.5349
-4.56509
-4.5953
-4.61545
-4.63561
-4.66585
-4.68603
-4.71883
-4.73649
-4.76932
-4.79712
-4.81735
-4.83758
-4.86795
-4.90087
-4.92114
-4.93889
-4.96932
-5.02262
-5.03024
-5.05056
-5.07089
-5.11157
-5.12175
-5.15228
-5.17519
-5.2032
-5.22358
-5.25416
-5.27711
-5.30516
-5.32557
-5.35619
-5.37663
-5.4175
-5.4584
-5.4584
-5.48142
-5.50956
-5.55053
-5.57102
-5.60177
-5.62485
-5.64281
-5.67617
-5.69414
-5.72497
-5.74553
-5.77639
-5.79955
-5.82787
-5.84847
-5.86909
-5.90261
-5.93357
-5.95164
-5.98263
-6.00589
-6.03692
-6.05761
-6.08608
-6.11716
-6.14826
-6.169
-6.18975
-6.22089
-6.24167
-6.27284
-6.29363
-6.32484
-6.34566
-6.3769
-6.40034
-6.42901
-6.46031
-6.48118
-6.51251
-6.55432
-6.55432
-6.58831
-6.61709
-6.64851
-6.67995
-6.70092
-6.7219
-6.75339
-6.78489
-6.7954
-6.82693
-6.85849
-6.87953
-6.91112
-6.93219
-6.96382
-6.98492
-7.02714
-7.0377
-7.0694
-7.09054
-7.12228
-7.14609
-7.17521
-7.1964
-7.22821
-7.24942
-7.28126
-7.31313
-7.33438
-7.35564
-7.39021
-7.49675
-7.49675
-7.52608
-7.61151
-7.62219
-7.64357
-7.66496
-7.69704
-7.72915
-7.75055
-7.77197
-7.8041
-7.83625
-7.85769
-7.88986
-7.91132
-7.94351
-7.96499
-7.98915
-8.0187
-8.05364
-8.07246
-8.10473
-8.15856
-8.16934
-8.20167
-8.22323
-8.2448
-8.26638
-8.29876
-8.32305
-8.35277
-8.37439
-8.39601
-8.42847
-8.45012
-8.48262
-8.51513
-8.53682
-8.56937
-8.60194
-8.62366
-8.6454
-8.67802
-8.69978
-8.74332
-8.76511
-8.7869
-8.81961
-8.84143
-8.86326
-8.89874
-8.92879
-8.95066
-8.97253
-9.01905
-9.03821
-9.18083
-9.19181
-9.33479
-9.34579
-9.49565
-9.49565
-9.63919
-9.64709
-9.79984
-9.81106
-9.82231
-9.84489
-9.87893
-9.91308
-9.93872
-9.97004
-9.99279
-10.0382
-10.0523
-10.117
-10.1282
-10.1282
-10.1645
-10.184
-10.2174
-10.2507
-10.2728
-10.295
-10.3282
-10.3614
-10.3836
-10.4168
-10.4501
-10.4724
-10.4946
-10.5169
-10.5504
-10.5867
-10.6174
-10.651
-10.6762
-10.7071
-10.7295
-10.7633
-10.8195
-10.8195
-10.842
-10.8645
-10.8983
-10.9321
-10.9547
-10.9885
-11.011
-11.0449
-11.0675
-11.0788
-11.1127
-11.1466
-11.1805
-11.2145
-11.2371
-11.2626
-11.2966
-11.3165
-11.3505
-11.3732
-11.4073
-11.4415
-11.4642
-11.4984
-11.5212
-11.5668
-11.5782
-11.601
-11.6381
-11.6695
-11.6923
-11.7152
-11.7495
-11.7838
-11.8067
-11.8297
-11.864
-11.8898
-11.9214
-11.9443
-11.9788
-12.0132
-12.0477
-12.0707
-12.0937
-12.1282
-12.1513
-12.1858
-12.2089
-12.2666
-12.2781
-12.3012
-12.3272
-12.359
-12.3937
-12.4313
-12.44
-12.4748
-12.5009
-12.5357
-12.5676
-12.6024
-12.6257
-12.6489
-12.6722
-12.7071
-12.7304
-12.777
-12.7916
-12.8236
-12.8587
-12.882
-12.9083
-12.9522
-12.9756
-13.0136
-13.0224
-13.0575
-13.0927
-13.1162
-13.1426
-13.1749
-13.2101
-13.2336
-13.2572
-13.3042
-13.316
-13.3514
-13.3749
-13.4103
-13.4457
-13.4812
-13.493
-13.5285
-13.5639
-13.5876
-13.6232
-13.6587
-13.6824
-13.718
-13.7447
-13.7804
-13.8042
-13.8369
-13.8726
-13.8964
-13.9202
-13.9679
-14.0037
-14.0156
-14.0395
-14.0753
-14.0992
-14.1351
-14.171
-14.1979
-14.2309
-14.2668
-14.2788
-14.3148
-14.3509
-14.3749
-14.3989
-14.438
-14.4591
-14.5072
-14.5313
-14.5554
-14.5916
-14.6158
-14.6399
-14.6761
-14.7124
-14.7366
-14.7729
-14.8092
-14.8335
-14.8698
-14.9062
-14.9305
-14.9548
-14.9791
-15.0156
-15.0429
-15.0764
-15.1038
-15.1373
-15.1617
-15.1983
-15.2227
-15.2837
-15.296
-15.3204
-15.3571
-15.3816
-15.4183
-15.4428
-15.4796
-15.5041
-15.5287
-15.5686
-15.5901
-15.6392
-15.6638
-15.6884
-15.7254
-15.75
-15.787
-15.824
-15.861
-15.8734
-15.9135
-15.9475
-15.9723
-16.0094
-16.0341
-16.0744
-16.0961
-16.1209
-16.1581
-16.1954
-16.2202
-16.2451
-16.2824
-16.3073
-16.3446
-16.382
-16.41
-16.4443
-16.4693
-16.5067
-16.5567
-16.5692
-16.5942
-16.6317
-16.6568
-16.6975
-16.7319
-16.757
-16.7821
-16.8198
-16.8574
-16.8826
-16.9455
-16.9455
-16.9832
-17.0084
-17.0336
-17.0872
-17.1219
-17.1345
-17.1598
-17.1976
-17.2356
-17.2735
-17.2862
-17.34
-17.3622
-17.3875
-17.4129
-17.4509
-17.5017
-17.5271
-17.5526
-17.5907
-17.6162
-17.6703
-17.6798
-17.7181
-17.7436
-17.785
-17.8074
-17.8457
-17.884
-17.9128
-17.948
-17.9736
-18.012
-18.0376
-18.0761
-18.1018
-18.1659
-18.1659
-18.1916
-18.2302
-18.2688
-18.2945
-18.3203
-18.3589
-18.3847
-18.4234
-18.4621
-18.4911
-18.5266
-18.5557
-18.5913
-18.6301
-18.7078
-18.7078
-18.7726
-18.8505
-18.8505
-18.8505
-18.9415
-18.9415
-19.0065
-19.0846
-19.0846
-19.0846
-19.1628
-19.1759
-19.362
-19.3718
-19.3979
-19.411
-19.4241
-19.5288
-19.5288
-19.6337
-19.6599
-19.6599
-19.6599
-19.6862
-19.7255
-19.7649
-19.7912
-19.8175
-19.8602
-19.8997
-19.9227
-19.9622
-19.9886
-20.0281
-20.0545
-20.0809
-20.1205
-20.1602
-20.1866
-20.2396
-20.266
-20.2925
-20.319
-20.3588
-20.3986
-20.4251
-20.4649
-20.4915
-20.5314
-20.5713
-20.6911
-20.6911
-20.7211
-20.7577
-20.7877
-20.8244
-20.8511
-20.8912
-20.9313
-20.958
-20.9981
-21.0249
-21.0516
-21.0918
-21.132
-21.1588
-21.189
-21.2259
-21.2662
-21.2964
-21.3367
-21.3603
-21.4006
-21.4275
-21.4713
-21.4949
-21.5353
-21.5623
-21.6062
-21.6298
-21.6737
-21.6974
-21.7413
-21.765
-21.8191
-21.8327
-21.8733
-21.9004
-21.9547
-21.9682
-22.0124
-22.0497
-22.0769
-22.1041
-22.1449
-22.1721
-22.213
-22.2538
-22.2811
-22.322
-22.3493
-22.3766
-22.4176
-22.4449
-22.4859
-22.527
-22.5544
-22.5954
-22.6366
-22.664
-22.6914
-22.7326
-22.7635
-22.8287
-22.8562
-22.87
-22.8975
-22.9388
-22.9698
-23.0076
-23.0352
-23.0766
-23.1042
-23.1456
-23.187
-23.2147
-23.2423
-23.2976
-23.3253
-23.353
-23.398
-23.4362
-23.4639
-23.509
-23.5368
-23.575
-23.6027
-23.6479
-23.6723
-23.714
-23.7418
-23.7836
-23.8254
-23.8533
-23.8812
-23.9266
-23.951
-23.9929
-24.0209
-24.0628
-24.0908
-24.1363
-24.1608
-24.2028
-24.2308
-24.2764
-24.315
-24.3466
-24.3712
-24.4133
-24.4555
-24.4871
-24.5293
-24.554
-24.5962
-24.628
-24.6667
-24.6985
-24.7373
-24.7796
-24.8079
-24.8397
-24.8786
-24.921
-24.9635
-24.9777
-25.0344
-25.0663
-25.1053
-25.1195
-25.162
-25.2046
-25.2331
-25.2757
-25.3184
-25.3469
-25.3753
-25.4181
-25.4466
-25.4894
-25.5179
-25.5607
-25.5893
-25.6321
-25.6607
-25.7036
-25.7322
-25.7752
-25.8038
-25.8468
-25.8755
-25.9221
-25.9472
-25.9903
-26.0334
-26.0621
-26.1052
-26.1484
-26.1628
-26.206
-26.2348
-26.2816
-26.3068
-26.3501
-26.379
-26.4223
-26.4656
-26.4946
-26.5379
-26.585
-26.6248
-26.6393
-26.6972
-26.7262
-26.7552
-26.7842
-26.8278
-26.8714
-26.9149
-26.9295
-26.9877
-27.0168
-27.0604
-27.075
-27.1333
-27.1479
-27.2062
-27.25
-27.2646
-27.3084
-27.3377
-27.3852
-27.4254
-27.4547
-27.484
-27.5133
-27.5719
-27.6305
-27.6305
-27.7039
-27.7039
-27.7774
-27.7921
-27.8509
-27.8657
-27.8951
-27.9245
-27.9982
-28.0129
-28.0867
-28.0867
-28.1605
-28.1605
-28.2196
-28.2381
-28.3083
-28.3231
-28.4679
-28.4816
-28.6118
-28.6215
-28.6955
-28.7007
-28.7374
-28.7386
-28.7425
-28.7425
-28.7425
-28.7707
-28.7753
-28.8739
-28.8739
-29.0294
-29.047
-29.2114
-29.2344
-29.4127
-29.4255
-29.5709
-29.5863
-29.734
-29.734
-29.734
-29.8768
-29.8911
-30.0214
-30.0361
-30.1852
-30.2001
-30.3273
-30.3402
-30.368
-30.4493
-30.4585
-30.5433
-30.5537
-30.6747
-30.6886
-30.8748
-30.8914
-31.1553
-31.1553
-31.1703
-31.1703
-31.1848
-31.3118
-31.3263
-31.4671
-31.4801
-31.5756
-31.5756
-31.731
-31.731
-31.873
-31.8912
-31.9318
-32.0072
-32.0378
-32.0378
-32.0883
-32.1629
-32.1629
-32.2579
-32.2738
-32.3055
-32.3213
-32.3846
-32.4945
-32.4945
-32.4945
-32.5569
-32.5724
-32.6344
-32.6499
-32.6807
-32.7115
-32.7577
-32.8192
-32.8346
-32.8962
-32.9116
-32.9578
-33.004
-33.0504
-33.0968
-33.1123
-33.1433
-33.2054
-33.2209
-33.2675
-33.2987
-33.361
-33.3765
-33.4233
-33.4545
-33.5013
-33.5325
-33.5833
-33.6262
-33.6575
-33.7043
-33.7356
-33.7668
-33.8138
-33.845
-33.8959
-33.9389
-33.9702
-34.0329
-34.0485
-34.0956
-34.1426
-34.174
-34.2053
-34.2524
-34.2996
-34.3664
-34.3781
-34.4096
-34.4568
-34.504
-34.5355
-34.567
-34.6143
-34.6458
-34.6931
-34.7246
-34.7759
-34.8035
-34.8549
-34.8864
-34.9141
-34.9615
-35.0089
-35.0406
-35.1039
-35.1197
-35.1672
-35.2187
-35.2464
-35.2781
-35.3297
-35.3733
-35.4209
-35.4527
-35.4845
-35.5163
-35.5481
-35.6117
-35.6435
-35.6753
-35.7271
-35.755
-35.8027
-35.8346
-35.8825
-35.9144
-35.9623
-36.0142
-36.0421
-36.0901
-36.122
-36.17
-36.202
-36.2501
-36.2981
-36.3301
-36.4103
-36.4263
-36.4424
-36.4945
-36.5387
-36.5748
-36.6069
-36.6511
-36.6994
-36.7315
-36.8764
-36.8925
-36.9248
-36.9731
-37.0054
-37.0538
-37.086
-37.1345
-37.1668
-37.2152
-37.2475
-37.296
-37.3284
-37.3769
-37.4093
-37.4619
-37.4902
-37.5388
-37.5712
-37.6239
-37.6523
-37.7173
-37.7335
-37.7822
-37.8635
-37.8635
-37.896
-37.9448
-37.9937
-38.0262
-38.0588
-38.1077
-38.1566
-38.1933
-38.2218
-38.2708
-38.3239
-38.3729
-38.3851
-38.4832
-38.4832
-38.5323
-38.5692
-38.5978
-38.647
-38.6797
-38.7125
-38.7617
-38.8109
-38.8643
-38.893
-38.9423
-38.9752
-39.0245
-39.0739
-39.0903
-39.1397
-39.1932
-39.2427
-39.2756
-39.3045
-39.354
-39.3911
-39.4365
-39.4696
-39.5191
-39.5522
-39.6018
-39.6349
-39.6887
-39.7342
-39.7839
-39.817
-39.8543
-39.8834
-39.9331
-39.9663
-40.0203
-40.066
-40.1034
-40.1408
-40.1823
-40.2323
-40.2656
-40.3155
-40.3488
-40.3988
-40.4322
-40.4655
-40.599
-40.599
-40.599
-40.6492
-40.6826
-40.7327
-40.7662
-40.8206
-40.854
-40.9001
-40.9336
-40.9839
-41.0384
-41.0677
-41.1013
-41.1516
-41.202
-41.2356
-41.286
-41.3197
-41.3701
-41.4038
-41.4375
-41.488
-41.5385
-41.5722
-41.6228
-41.6566
-41.7072
-41.741
-41.7747
-41.8254
-41.8761
-41.9269
-41.9607
-42.0115
-42.0453
-42.0792
-42.1301
-42.164
-42.2191
-42.2657
-42.2997
-42.3506
-42.3846
-42.4356
-42.4696
-42.5036
-42.5886
-42.6099
-42.6397
-42.7079
-42.7249
-42.776
-42.8443
-42.8613
-42.8955
-42.9467
-42.9809
-43.0321
-43.0663
-43.1176
-43.1518
-43.2032
-43.2374
-43.2888
-43.3231
-43.3745
-43.4088
-43.4603
-43.5118
-43.5461
-43.5805
-43.632
-43.6836
-43.718
-43.7739
-43.8212
-43.8384
-43.8901
-43.9246
-43.9763
-44.028
-44.0798
-44.1143
-44.1661
-44.2007
-44.2569
-44.2871
-44.339
-44.3736
-44.4255
-44.4602
-44.5121
-44.5468
-44.5988
-44.6335
-44.6899
-44.7376
-44.7897
-44.8245
-44.8593
-44.9114
-44.9636
-44.9984
-45.0376
-45.0681
-45.1378
-45.177
-45.2075
-45.2598
-45.3122
-45.3471
-45.3995
-45.4344
-45.4694
-45.5219
-45.5743
-45.6093
-45.6662
-45.6969
-45.7363
-45.7845
-45.8415
-45.8722
-45.9248
-45.9599
-46.0126
-46.0478
-46.1005
-46.1357
-46.1928
-46.2413
-46.2765
-46.3293
-46.3469
-46.3998
-46.4527
-46.488
-46.5409
-46.5762
-46.6292
-46.6689
-46.7175
-46.7705
-46.8104
-46.859
-46.8944
-46.9298
-46.983
-47.0185
-47.0761
-47.1248
-47.1603
-47.1958
-47.2491
-47.3024
-47.3379
-47.3913
-47.4269
-47.4802
-47.5203
-47.5737
-47.6049
-47.6583
-47.694
-47.7474
-47.7832
-47.8412
-47.8903
-47.926
-47.9617
-48.0154
-48.069
-48.1048
-48.1405
-48.2122
-48.248
-48.3197
-48.3197
-48.3779
-48.4273
-48.4632
-48.5215
-48.5709
-48.6068
-48.6653
-48.6967
-48.7506
-48.7867
-48.8227
-48.8812
-48.9307
-48.9668
-49.0209
-49.0569
-49.111
-49.2013
-49.2013
-49.2555
-49.2917
-49.3459
-49.4544
-49.4544
-49.4952
-49.5676
-49.5676
-49.6537
-49.6537
-49.7081
-49.7443
-49.7988
-49.8532
-49.9077
-49.944
-49.9804
-50.0349
-50.0713
-50.1077
-50.1805
-50.2169
-50.2534
-50.308
-50.3445
-50.3992
-50.4357
-50.4996
-50.5452
-50.6183
-50.6366
-50.6732
-50.728
-50.7646
-50.8195
-50.8561
-50.8928
-50.9477
-50.9844
-51.0394
-51.0944
-51.1311
-51.1862
-51.2229
-51.278
-51.3148
-51.3699
-51.4067
-51.4665
-51.4987
-51.5539
-51.5908
-51.6461
-51.7198
-51.7567
-51.7752
-51.8305
-51.8675
-51.9229
-51.9598
-52.0153
-52.0707
-52.1077
-52.1447
-52.2003
-52.2558
-52.316
-52.3484
-52.3855
-52.4412
-52.4969
-52.534
-52.5897
-52.6268
-52.6826
-52.7012
-52.7569
-52.8127
-52.85
-52.9058
-52.943
-52.9989
-53.0549
-53.0921
-53.1481
-53.1854
-53.2461
-53.2788
-53.3348
-53.3721
-53.4282
-53.489
-53.5218
-53.5779
-53.6153
-53.6715
-53.709
-53.7652
-53.8027
-53.859
-53.9153
-53.9528
-54.0092
-54.0467
-54.1031
-54.1595
-54.1971
-54.2395
-54.2771
-54.3289
-54.3665
-54.423
-54.4654
-54.5173
-54.555
-54.6116
-54.6682
-54.706
-54.7627
-54.8005
-54.8572
-54.895
-54.9518
-54.9896
-55.0464
-55.0843
-55.1411
-55.179
-55.2359
-55.2928
-55.3308
-55.3877
-55.4257
-55.4826
-55.5254
-55.5777
-55.6157
-55.6728
-55.7108
-55.768
-55.806
-55.8632
-55.9013
-55.9585
-55.9966
-56.0777
-56.092
-56.1493
-56.1875
-56.2448
-56.2831
-56.3404
-56.3978
-56.4361
-56.4744
-56.5701
-56.5893
-56.6276
-56.666
-56.7235
-56.781
-56.8194
-56.8578
-56.9154
-56.9731
-57.0115
-57.05
-57.1125
-57.1654
-57.2231
-57.2665
-57.3002
-57.3579
-57.3965
-57.4544
-57.493
-57.5508
-57.6087
-57.6281
-57.686
-57.744
-57.802
-57.8455
-57.8987
-57.9568
-58.0003
-58.0342
-58.0924
-58.1311
-58.1893
-58.2281
-58.2863
-58.3251
-58.3834
-58.4222
-58.4805
-58.5194
-58.5826
-58.6166
-58.675
-58.7139
-58.7723
-58.8308
-58.8746
-58.9087
-58.9721
-59.0258
-59.0697
-59.1234
-59.1624
-59.221
-59.2797
-59.3188
-59.3823
-59.4166
-59.4753
-59.5144
-59.5732
-59.6124
-59.6712
-59.7104
-59.7496
-59.8085
-59.8674
-59.9066
-59.9656
-60.0049
-60.0638
-60.1228
-60.1622
-60.2212
-60.2803
-60.2999
-60.3639
-60.4181
-60.4576
-60.5167
-60.5561
-60.6154
-60.6549
-60.7141
-60.7585
-60.8129
-60.8573
-60.9117
-60.9513
-61.0106
-61.07
-61.1096
-61.1691
-61.2087
-61.2682
-61.3078
-61.3475
-61.407
-61.4666
-61.5262
-61.5659
-61.6255
-61.6652
-61.7249
-61.7697
-61.8294
-61.904
-61.929
-61.9638
-62.0236
-62.0635
-62.1233
-62.2031
-62.2231
-62.2829
-62.3229
-62.3828
-62.4228
-62.4628
-62.5227
-62.5828
-62.6278
-62.6879
-62.7229
-62.803
-62.8231
-62.8882
-62.9283
-62.9885
-63.0437
-63.1039
-63.1441
-63.1843
-63.2445
-63.2847
-63.3449
-63.3851
-63.4453
-63.4855
-63.5256
-63.5859
-63.6461
-63.6863
-63.7465
-63.7867
-63.8469
-63.9072
-63.9473
-64.0076
-64.0879
-64.0879
-64.1481
-64.1883
-64.2485
-64.2887
-64.3489
-64.3941
-64.4493
-64.4895
-64.5497
-64.61
-64.6501
-64.6903
-64.7506
-64.8108
-64.851
-64.9111
-64.9512
-65.0164
-65.0765
-65.1116
-65.1517
-65.2119
-65.252
-65.3121
-65.3522
-65.4124
-65.4525
-65.5126
-65.5527
-65.6129
-65.653
-65.7332
-65.7532
-65.8334
-65.8735
-65.9136
-65.9537
-66.0139
-66.074
-66.1141
-66.1592
-66.2144
-66.2745
-66.3146
-66.3547
-66.4349
-66.475
-66.5151
-66.5953
-66.6555
-66.6755
-66.7156
-66.7758
-66.8359
-66.876
-66.9161
-66.9963
-67.0364
-67.0765
-67.1367
-67.1818
-67.2419
-67.277
-67.3372
-67.3973
-67.4374
-67.4775
-67.5377
-67.5978
-67.6379
-67.678
-67.7382
-67.7783
-67.8384
-67.9186
-67.9437
-67.9988
-68.0389
-68.0991
-68.1392
-68.1993
-68.2394
-68.2996
-68.3397
-68.3998
-68.4399
-68.5001
-68.5402
-68.6003
-68.6404
-68.7006
-68.7657
-68.8007
-68.8408
-68.9008
-68.9459
-69.0009
-69.061
-69.121
-69.1611
-69.2211
-69.2612
-69.3012
-69.3663
-69.4063
-69.4614
-69.5014
-69.5615
-69.6215
-69.6816
-69.7216
-69.7617
-69.8417
-69.8618
-69.9218
-69.9619
-70.0219
-70.082
-70.122
-70.1871
-70.2421
-70.2622
-70.3222
-70.3823
-70.4473
-70.4874
-70.5424
-70.5624
-70.6225
-70.6826
-70.7226
-70.7827
-70.8227
-70.8828
-70.9478
-70.9628
-71.0229
-71.083
-71.123
-71.1831
-71.2231
-71.2831
-71.3432
-71.3832
-71.4433
-71.4833
-71.5484
-71.5834
-71.6435
-71.7036
-71.7636
-71.8037
-71.8637
-71.9038
-71.9638
-72.0089
-72.0439
-72.1039
-72.144
-72.184
-72.2441
-72.3041
-72.3442
-72.4042
-72.4443
-72.5043
-72.5444
-72.6044
-72.6495
-72.7045
-72.7646
-72.8046
-72.8447
-72.9097
-72.9498
-73.0248
-73.0449
-73.1049
-73.165
-73.205
-73.2451
-73.3051
-73.3652
-73.4052
-73.4653
-73.5053
-73.5654
-73.6254
-73.6705
-73.7305
-73.7656
-73.8256
-73.8857
-73.9257
-73.9658
-74.0258
-74.0659
-74.1059
-74.166
-74.226
-74.2661
-74.4262
-74.4262
-74.4863
-74.5513
-74.6064
-74.6464
-74.6865
-74.7515
-74.7866
-74.8466
-74.8867
-74.9517
-74.9868
-75.0518
-75.0869
-75.1669
-75.187
-75.247
-75.2871
-75.3271
-75.3871
-75.4472
-75.4872
-75.5473
-75.5873
-75.6874
-75.7075
-75.8276
-75.8276
-75.8726
-75.9077
-75.9527
-76.0078
-76.0728
-76.0878
-76.1479
-76.2079
-76.248
-76.308
-76.3481
-76.4081
-76.4482
-76.5082
-76.5733
-76.6083
-76.6684
-76.7084
-76.7685
-76.8085
-76.8686
-76.9086
-76.9537
-77.0087
-77.0688
-77.1088
-77.1689
-77.2089
-77.269
-77.309
-77.3691
-77.4291
-77.4492
-77.5092
-77.5693
-77.6293
-77.6744
-77.7294
-77.7695
-77.8095
-77.8696
-77.9296
-77.9697
-78.0147
-78.0748
-78.1298
-78.1699
-78.2099
-78.27
-78.33
-78.37
-78.4301
-78.4701
-78.5302
-78.5702
-78.6303
-78.6703
-78.7304
-78.7704
-78.8105
-78.8705
-78.9306
-78.9706
-79.0507
-79.1158
-79.1158
-79.1708
-79.2509
-79.2709
-79.331
-79.371
-79.4311
-79.4711
-79.5312
-79.6913
-79.6913
-79.7514
-79.9116
-79.9316
-80.1768
-80.1968
-80.4695
-80.489
-80.763
-80.7827
-81.0413
-81.0613
-81.3336
-81.3473
-81.4763
-81.4763
-81.5135
-81.7031
-81.7031
-81.8395
-81.8395
-81.8592
-81.9185
-82.058
-82.078
-82.1182
-82.1583
-82.1986
-82.259
-82.3043
-82.3597
-82.4
-82.4604
-82.5007
-82.5611
-82.6014
-82.6618
-82.7021
-82.7826
-82.8228
-82.8629
-82.9232
-82.9633
-83.0236
-83.0838
-83.129
-83.184
-83.2241
-83.2641
-83.3242
-83.3642
-83.4243
-83.4843
-83.5244
-83.5644
-83.6245
-83.6845
-83.7246
-83.7846
-83.8247
-83.8847
-83.9248
-83.9848
-84.0248
-84.0849
-84.1249
-84.185
-84.225
-84.2851
-84.3251
-84.3852
-84.4653
-84.4853
-84.5303
-84.5854
-84.6455
-84.6855
-84.7455
-84.7856
-84.8256
-84.8857
-84.9257
-84.9858
-85.0458
-85.0859
-85.1509
-85.186
-85.246
-85.2861
-85.3261
-85.3862
-85.4512
