0
0
0
0
0
0
0
0
0
0
0
0
0
0
0
0
0
0
0
0
0
0
0
0
0
0
0
0
0
0
0
0
0
0
0
0
0
0
0
0
0
0
0
0
0
0
0
0
0
0
0
0
0
0
0
0
0
0
0
0
0
0
0
0
0
0
0
0
0
0
0
0
0
0
0
0
0
0
0
0
0
0
0
0
0
0
0
0
0
0
0
0
0
0
0
0
0
0
0
0
0
0
0
0
0
0
0
0
0
0
0
0
0
0
0
0
0
0
0
0
0
0
0
0
0
0
0
0
0
0
0
0
0
0
0
0
0
0
0
0
0
0
0
0
0
0
0
0
0
0
0
0
0
0
0
0
0
0
0
0
0
0
0
0
0
0
0
0
0
0
0
0
0
0
0
0
0
0
0
0
0
0
0
0
0
0
0
0
0
0
0
0
0
0
0
0
0
0
0
0
0
0
0
0
0
0
0
0
0
0
0
0
0
0
0
0
0
-1.48847
-1.45704
-1.45704
-1.45704
-1.45704
-1.45704
-1.45704
-1.45704
-1.45704
-1.45704
-1.45704
-1.45704
-1.45704
-1.45704
-1.45704
-1.45704
-1.45704
-1.45704
-1.45704
-1.45704
-1.45704
-1.45704
-1.45704
-1.45704
-1.45704
-1.45704
-1.45704
-1.45704
-1.45704
-1.45704
-1.45704
-1.45704
-1.45704
-1.45704
-1.45704
-1.45704
-1.45704
-1.45704
-1.45704
-1.45704
-1.45704
-1.45704
-1.45704
-1.45704
-1.45704
-1.45704
-1.45704
-1.45704
-1.45704
-1.45704
-1.45704
-1.45704
-1.45704
-1.45704
-1.45704
-1.45704
-1.45704
-1.45704
-1.45704
-1.45704
-1.45704
-1.45704
-1.45704
-1.45704
-1.45704
-1.45704
-1.45704
-1.45704
-1.45704
-1.45704
-1.45704
-1.45704
-1.45704
-1.45704
-1.45704
-1.45704
-1.45704
-1.45704
-1.45704
-1.45704
-1.45704
-1.45704
-1.45704
-1.45704
-1.45704
-1.45704
-1.45704
-1.45704
-1.45704
-1.45704
-1.45704
-1.45704
-1.45704
-1.45704
-1.45704
-1.45704
-1.45704
-1.45704
-1.45704
-1.45704
-1.45704
-1.45704
-1.45704
-1.45704
-1.45704
-1.45704
-1.45704
-1.45704
-1.45704
-1.45704
-1.45704
-1.45704
-1.45704
-1.45704
-1.45704
-1.45704
-1.45704
-1.45704
-1.45704
-1.45704
-1.45704
-1.45704
-1.45704
-1.45704
-1.45704
-1.45704
-1.45704
-1.45704
-1.45704
-1.45704
-1.45704
-1.45704
-1.45704
-1.45704
-1.45704
-1.45704
-1.45704
-1.45704
-1.45704
-1.45704
-1.45704
-1.45704
-1.45704
-1.45704
-1.45704
-1.45704
-1.45704
-1.45704
-1.45704
-1.45704
-1.45704
-1.45704
-1.45704
-1.45704
-1.45704
-1.45704
-1.45704
-1.45704
-1.45704
-1.45704
-1.45704
-1.45704
-1.45704
-1.45704
-1.45704
-1.45704
-1.45704
-1.45704
-1.45704
-1.45704
-1.45704
-1.45704
-1.45704
-1.45704
-1.45704
-1.45704
-1.45704
-1.45704
-1.45704
-1.45704
-1.45704
-1.45704
-1.45704
-1.45704
-1.45704
-1.45704
-1.45704
-1.45704
-1.45704
-1.45704
-1.45704
-1.45704
-1.45704
-1.45704
-1.45704
-1.45704
-1.45704
-1.45704
-1.45704
-1.45704
-1.45704
-1.45704
-1.45704
-1.45704
-1.45704
-1.45704
-1.45704
-1.45704
-1.45704
-1.45704
-1.45704
-1.45704
-2.51169
-2.11714
-2.09091
-2.08041
-2.07469
-2.07349
-2.07403
-2.08036
-2.08705
-2.10197
-2.12177
-2.1373
-2.16399
-2.18346
-2.21491
-2.24817
-2.25928
-2.29677
-2.3316
-2.35158
-2.38874
-2.40807
-2.44108
-2.47316
-2.55591
-2.55476
-2.58374
-2.66985
-2.66859
-2.68647
-2.7138
-2.73165
-2.74956
-2.77707
-2.79518
-2.82301
-2.88024
-2.88909
-2.88823
-2.91684
-2.94564
-2.96467
-2.98627
-3.01293
-3.03217
-3.06143
-3.09079
-3.11013
-3.13938
-3.16873
-3.188
-3.20733
-3.23661
-3.2559
-3.28513
-3.31436
-3.33361
-3.35535
-3.38455
-3.40134
-3.43055
-3.45977
-3.47906
-3.49836
-3.52764
-3.55693
-3.57628
-3.60561
-3.62498
-3.64438
-3.67378
-3.70319
-3.72262
-3.75207
-3.77402
-3.801
-3.82048
-3.84999
-3.86948
-3.89902
-3.92856
-3.94808
-3.96763
-3.99721
-4.01677
-4.05643
-4.06596
-4.10565
-4.13529
-4.14484
-4.16446
-4.19415
-4.2138
-4.24352
-4.26317
-4.29291
-4.32268
-4.34237
-4.36208
-4.40198
-4.42423
-4.44397
-4.46119
-4.49105
-4.52345
-4.55082
-4.57314
-4.59041
-4.62036
-4.64018
-4.67015
-4.70014
-4.72
-4.76271
-4.76228
-4.78977
-4.81982
-4.84989
-4.8698
-4.8999
-4.99112
-4.99068
-5.01064
-5.10457
-5.11177
-5.13175
-5.16195
-5.19216
-5.21215
-5.23216
-5.26239
-5.28241
-5.31521
-5.33269
-5.36553
-5.39326
-5.41333
-5.4334
-5.46374
-5.49666
-5.51666
-5.53412
-5.56443
-5.61787
-5.62509
-5.64517
-5.66526
-5.70596
-5.71578
-5.74621
-5.76894
-5.79683
-5.817
-5.8475
-5.87027
-5.89822
-5.91844
-5.94901
-5.96925
-6.0102
-6.05117
-6.05074
-6.07363
-6.1017
-6.14275
-6.16308
-6.1938
-6.21675
-6.23451
-6.26788
-6.28566
-6.31646
-6.33687
-6.36769
-6.39072
-6.41899
-6.43944
-6.45991
-6.49343
-6.52436
-6.54226
-6.57322
-6.59637
-6.62737
-6.64792
-6.67634
-6.70739
-6.73847
-6.75907
-6.77969
-6.81081
-6.83144
-6.8626
-6.88326
-6.91445
-6.93513
-6.96635
-6.98969
-7.01831
-7.04959
-7.07033
-7.10164
-7.14353
-7.14318
-7.17718
-7.20592
-7.23732
-7.26873
-7.28957
-7.31042
-7.34189
-7.37338
-7.38365
-7.41516
-7.44669
-7.46761
-7.49919
-7.52013
-7.55173
-7.5727
-7.61501
-7.62534
-7.65702
-7.67804
-7.70976
-7.73348
-7.76256
-7.78363
-7.81542
-7.83652
-7.86834
-7.90019
-7.92132
-7.94247
-7.97705
-8.08425
-8.08381
-8.11298
-8.19874
-8.20907
-8.2302
-8.25134
-8.28327
-8.31522
-8.33638
-8.35755
-8.38952
-8.42151
-8.44271
-8.47473
-8.49595
-8.52801
-8.54925
-8.57322
-8.60262
-8.63746
-8.65606
-8.68823
-8.74217
-8.75265
-8.78489
-8.80628
-8.82767
-8.84908
-8.8814
-8.90556
-8.93519
-8.95665
-8.97812
-9.01053
-9.03202
-9.06447
-9.09694
-9.11848
-9.15099
-9.18352
-9.2051
-9.22669
-9.25928
-9.2809
-9.32452
-9.34616
-9.36782
-9.40051
-9.42218
-9.44388
-9.47937
-9.50936
-9.53109
-9.55284
-9.59946
-9.61847
-9.7621
-9.77284
-9.91681
-9.92753
-10.0783
-10.0779
-10.222
-10.2296
-10.3828
-10.3937
-10.4046
-10.4268
-10.4607
-10.4946
-10.5199
-10.551
-10.5735
-10.6187
-10.6326
-10.6973
-10.7082
-10.7078
-10.744
-10.7632
-10.7965
-10.8296
-10.8516
-10.8736
-10.9067
-10.9398
-10.9618
-10.995
-11.0282
-11.0503
-11.0724
-11.0945
-11.1279
-11.1642
-11.1949
-11.2284
-11.2535
-11.2843
-11.3066
-11.3403
-11.3967
-11.3964
-11.4187
-11.4411
-11.4749
-11.5087
-11.5311
-11.5649
-11.5873
-11.6211
-11.6436
-11.6547
-11.6886
-11.7224
-11.7564
-11.7903
-11.8128
-11.8383
-11.8723
-11.892
-11.9259
-11.9484
-11.9824
-12.0165
-12.039
-12.0731
-12.0957
-12.1413
-12.1524
-12.175
-12.2121
-12.2434
-12.2661
-12.2888
-12.323
-12.3573
-12.38
-12.4027
-12.4371
-12.4627
-12.4942
-12.517
-12.5514
-12.5859
-12.6203
-12.6432
-12.6661
-12.7006
-12.7235
-12.758
-12.781
-12.8388
-12.8502
-12.8731
-12.899
-12.9308
-12.9655
-13.0031
-13.0115
-13.0463
-13.0723
-13.1071
-13.139
-13.1738
-13.1969
-13.2201
-13.2432
-13.2781
-13.3013
-13.348
-13.3624
-13.3944
-13.4294
-13.4527
-13.4789
-13.5228
-13.5461
-13.5842
-13.5928
-13.6279
-13.6631
-13.6864
-13.7128
-13.745
-13.7803
-13.8037
-13.8271
-13.8743
-13.8859
-13.9212
-13.9447
-13.9801
-14.0155
-14.051
-14.0626
-14.0981
-14.1336
-14.1571
-14.1927
-14.2282
-14.2519
-14.2875
-14.3141
-14.3498
-14.3734
-14.4061
-14.4418
-14.4656
-14.4893
-14.5371
-14.5729
-14.5846
-14.6084
-14.6442
-14.6681
-14.7039
-14.7398
-14.7667
-14.7996
-14.8356
-14.8474
-14.8834
-14.9194
-14.9434
-14.9673
-15.0064
-15.0274
-15.0756
-15.0996
-15.1237
-15.1598
-15.1839
-15.208
-15.2442
-15.2805
-15.3046
-15.3409
-15.3772
-15.4014
-15.4378
-15.4742
-15.4983
-15.5226
-15.5468
-15.5832
-15.6105
-15.644
-15.6713
-15.7048
-15.7291
-15.7657
-15.79
-15.8513
-15.8633
-15.8877
-15.9244
-15.9488
-15.9855
-16.0099
-16.0467
-16.0711
-16.0956
-16.1355
-16.1569
-16.2062
-16.2307
-16.2552
-16.2922
-16.3167
-16.3537
-16.3907
-16.4278
-16.4399
-16.4801
-16.5141
-16.5388
-16.5759
-16.6006
-16.6409
-16.6625
-16.6872
-16.7244
-16.7617
-16.7864
-16.8112
-16.8485
-16.8733
-16.9107
-16.948
-16.976
-17.0103
-17.0352
-17.0726
-17.1227
-17.135
-17.16
-17.1975
-17.2225
-17.2632
-17.2977
-17.3227
-17.3477
-17.3853
-17.423
-17.4481
-17.5111
-17.5109
-17.5486
-17.5738
-17.5989
-17.6526
-17.6872
-17.6997
-17.7249
-17.7628
-17.8007
-17.8387
-17.8512
-17.9051
-17.9272
-17.9524
-17.9777
-18.0158
-18.0667
-18.092
-18.1174
-18.1555
-18.1809
-18.2351
-18.2445
-18.2827
-18.3082
-18.3497
-18.3719
-18.4102
-18.4486
-18.4773
-18.5125
-18.538
-18.5764
-18.602
-18.6404
-18.666
-18.7304
-18.7301
-18.7558
-18.7943
-18.8329
-18.8586
-18.8843
-18.9229
-18.9486
-18.9873
-19.026
-19.055
-19.0905
-19.1196
-19.1551
-19.1939
-19.2718
-19.2716
-19.3366
-19.4147
-19.4145
-19.4143
-19.5055
-19.5053
-19.5705
-19.6488
-19.6486
-19.6483
-19.7267
-19.7396
-19.9264
-19.936
-19.9621
-19.975
-19.988
-20.093
-20.0928
-20.1979
-20.224
-20.2238
-20.2236
-20.2497
-20.2891
-20.3284
-20.3546
-20.3808
-20.4235
-20.4629
-20.4858
-20.5253
-20.5516
-20.5911
-20.6174
-20.6437
-20.6833
-20.7229
-20.7493
-20.8023
-20.8287
-20.8551
-20.8815
-20.9213
-20.9611
-20.9875
-21.0274
-21.0538
-21.0937
-21.1336
-21.2538
-21.2536
-21.2835
-21.3202
-21.3501
-21.3868
-21.4134
-21.4535
-21.4935
-21.5202
-21.5603
-21.587
-21.6137
-21.6538
-21.694
-21.7208
-21.7509
-21.7878
-21.828
-21.8582
-21.8985
-21.9219
-21.9623
-21.9891
-22.0329
-22.0564
-22.0969
-22.1238
-22.1676
-22.1912
-22.2351
-22.2587
-22.3026
-22.3262
-22.3804
-22.3939
-22.4345
-22.4616
-22.5159
-22.5293
-22.5735
-22.6108
-22.6379
-22.6651
-22.7059
-22.733
-22.7739
-22.8148
-22.842
-22.8829
-22.9101
-22.9374
-22.9783
-23.0056
-23.0466
-23.0877
-23.115
-23.1561
-23.1972
-23.2246
-23.2519
-23.2931
-23.324
-23.3893
-23.4168
-23.4304
-23.4579
-23.4992
-23.5301
-23.5679
-23.5955
-23.6368
-23.6643
-23.7057
-23.7472
-23.7747
-23.8023
-23.8577
-23.8853
-23.9129
-23.9579
-23.996
-24.0237
-24.0688
-24.0965
-24.1347
-24.1624
-24.2076
-24.2319
-24.2736
-24.3014
-24.3432
-24.385
-24.4128
-24.4406
-24.486
-24.5103
-24.5522
-24.5801
-24.6221
-24.65
-24.6955
-24.7199
-24.762
-24.7899
-24.8355
-24.8741
-24.9056
-24.9301
-24.9723
-25.0145
-25.0461
-25.0883
-25.1129
-25.1552
-25.1868
-25.2256
-25.2573
-25.2961
-25.3385
-25.3667
-25.3984
-25.4373
-25.4797
-25.5222
-25.5363
-25.593
-25.6249
-25.6639
-25.6779
-25.7205
-25.7632
-25.7915
-25.8342
-25.8769
-25.9053
-25.9337
-25.9764
-26.0049
-26.0477
-26.0762
-26.119
-26.1475
-26.1904
-26.2189
-26.2618
-26.2904
-26.3333
-26.3619
-26.4049
-26.4335
-26.4802
-26.5052
-26.5483
-26.5914
-26.6201
-26.6632
-26.7064
-26.7207
-26.7639
-26.7926
-26.8395
-26.8647
-26.9079
-26.9367
-26.9801
-27.0234
-27.0523
-27.0957
-27.1427
-27.1825
-27.1969
-27.2549
-27.2839
-27.3128
-27.3418
-27.3854
-27.4289
-27.4725
-27.487
-27.5452
-27.5743
-27.618
-27.6324
-27.6908
-27.7052
-27.7636
-27.8074
-27.8219
-27.8658
-27.8949
-27.9425
-27.9827
-28.0119
-28.0412
-28.0704
-28.1291
-28.1878
-28.1877
-28.2612
-28.261
-28.3346
-28.3492
-28.4081
-28.4227
-28.4521
-28.4815
-28.5553
-28.5699
-28.6438
-28.6436
-28.7176
-28.7174
-28.7766
-28.795
-28.8653
-28.88
-29.0251
-29.0387
-29.1692
-29.1787
-29.2528
-29.2579
-29.2946
-29.2957
-29.2996
-29.2994
-29.2993
-29.3273
-29.3319
-29.4314
-29.4312
-29.5877
-29.6052
-29.7699
-29.7928
-29.9711
-29.9837
-30.1292
-30.1444
-30.2923
-30.2921
-30.2919
-30.435
-30.4492
-30.5797
-30.5943
-30.7435
-30.7583
-30.8855
-30.8982
-30.9259
-31.0072
-31.0163
-31.1009
-31.1111
-31.2319
-31.2456
-31.4317
-31.4482
-31.7122
-31.712
-31.7268
-31.7266
-31.7411
-31.8682
-31.8826
-32.0236
-32.0364
-32.132
-32.1319
-32.2875
-32.2873
-32.4294
-32.4474
-32.4879
-32.5633
-32.5939
-32.5937
-32.6441
-32.7187
-32.7186
-32.8137
-32.8294
-32.8611
-32.8768
-32.9401
-33.0503
-33.0501
-33.05
-33.1124
-33.1279
-33.1899
-33.2052
-33.2361
-33.2668
-33.313
-33.3746
-33.3899
-33.4515
-33.4668
-33.513
-33.5593
-33.6056
-33.652
-33.6674
-33.6984
-33.7605
-33.7759
-33.8226
-33.8536
-33.9159
-33.9314
-33.9782
-34.0093
-34.0562
-34.0873
-34.1381
-34.181
-34.2122
-34.2591
-34.2903
-34.3215
-34.3685
-34.3997
-34.4505
-34.4936
-34.5249
-34.5876
-34.6031
-34.6502
-34.6972
-34.7285
-34.7597
-34.8068
-34.8539
-34.9207
-34.9323
-34.9637
-35.0108
-35.058
-35.0894
-35.1208
-35.1681
-35.1995
-35.2468
-35.2783
-35.3295
-35.3571
-35.4084
-35.4399
-35.4674
-35.5149
-35.5623
-35.5938
-35.6572
-35.6729
-35.7204
-35.7719
-35.7996
-35.8312
-35.8828
-35.9264
-35.974
-36.0057
-36.0374
-36.0692
-36.1009
-36.1646
-36.1964
-36.2281
-36.2799
-36.3077
-36.3555
-36.3874
-36.4352
-36.4671
-36.5149
-36.5669
-36.5948
-36.6427
-36.6747
-36.7226
-36.7546
-36.8026
-36.8507
-36.8827
-36.963
-36.9789
-36.9948
-37.047
-37.0911
-37.1273
-37.1593
-37.2035
-37.2518
-37.2839
-37.4292
-37.4452
-37.4773
-37.5257
-37.5579
-37.6063
-37.6385
-37.687
-37.7192
-37.7677
-37.8
-37.8484
-37.8807
-37.9293
-37.9616
-38.0142
-38.0425
-38.0911
-38.1235
-38.1762
-38.2045
-38.2695
-38.2856
-38.3343
-38.4157
-38.4156
-38.448
-38.4969
-38.5457
-38.5782
-38.6107
-38.6597
-38.7085
-38.7452
-38.7737
-38.8227
-38.8758
-38.9248
-38.937
-39.0353
-39.0351
-39.0842
-39.121
-39.1496
-39.1987
-39.2315
-39.2642
-39.3135
-39.3627
-39.4161
-39.4447
-39.494
-39.5268
-39.5762
-39.6256
-39.6419
-39.6913
-39.7449
-39.7943
-39.8272
-39.8561
-39.9055
-39.9427
-39.9881
-40.021
-40.0706
-40.1037
-40.1533
-40.1863
-40.2401
-40.2857
-40.3354
-40.3685
-40.4058
-40.4347
-40.4845
-40.5177
-40.5716
-40.6173
-40.6547
-40.6921
-40.7336
-40.7836
-40.8168
-40.8668
-40.9001
-40.9501
-40.9834
-41.0167
-41.1505
-41.1504
-41.1502
-41.2004
-41.2338
-41.2839
-41.3173
-41.3717
-41.4052
-41.4512
-41.4847
-41.535
-41.5895
-41.6188
-41.6523
-41.7027
-41.7531
-41.7867
-41.8371
-41.8707
-41.9212
-41.9548
-41.9884
-42.039
-42.0895
-42.1232
-42.1738
-42.2075
-42.2582
-42.2919
-42.3256
-42.3763
-42.4271
-42.4778
-42.5116
-42.5624
-42.5962
-42.63
-42.6809
-42.7147
-42.7699
-42.8166
-42.8505
-42.9014
-42.9354
-42.9864
-43.0203
-43.0543
-43.1395
-43.1607
-43.1905
-43.2586
-43.2756
-43.3267
-43.3951
-43.412
-43.4461
-43.4974
-43.5315
-43.5827
-43.6169
-43.6682
-43.7024
-43.7538
-43.788
-43.8394
-43.8736
-43.925
-43.9593
-44.0108
-44.0623
-44.0966
-44.1309
-44.1825
-44.2341
-44.2684
-44.3244
-44.3718
-44.3889
-44.4406
-44.4751
-44.5268
-44.5786
-44.6304
-44.6649
-44.7167
-44.7512
-44.8074
-44.8377
-44.8896
-44.9242
-44.9762
-45.0108
-45.0627
-45.0974
-45.1494
-45.1841
-45.2405
-45.2883
-45.3404
-45.3751
-45.4098
-45.462
-45.5142
-45.5491
-45.5882
-45.6186
-45.6884
-45.7276
-45.7581
-45.8104
-45.8628
-45.8977
-45.9501
-45.985
-46.0199
-46.0724
-46.1249
-46.1599
-46.2168
-46.2474
-46.2868
-46.335
-46.392
-46.4227
-46.4753
-46.5104
-46.5631
-46.5982
-46.651
-46.6861
-46.7433
-46.7917
-46.8269
-46.8798
-46.8973
-46.9502
-47.0031
-47.0384
-47.0913
-47.1266
-47.1796
-47.2193
-47.2679
-47.3209
-47.3607
-47.4094
-47.4448
-47.4802
-47.5333
-47.5687
-47.6264
-47.6752
-47.7106
-47.7461
-47.7994
-47.8527
-47.8882
-47.9415
-47.9771
-48.0305
-48.0705
-48.1239
-48.1551
-48.2085
-48.2442
-48.2976
-48.3333
-48.3914
-48.4405
-48.4761
-48.5118
-48.5655
-48.6192
-48.6549
-48.6907
-48.7624
-48.7981
-48.8698
-48.8697
-48.928
-48.9774
-49.0132
-49.0716
-49.121
-49.1569
-49.2153
-49.2468
-49.3007
-49.3367
-49.3727
-49.4312
-49.4807
-49.5168
-49.5708
-49.6069
-49.661
-49.7514
-49.7513
-49.8055
-49.8416
-49.8958
-50.0045
-50.0044
-50.0451
-50.1176
-50.1175
-50.2037
-50.2036
-50.258
-50.2942
-50.3486
-50.4031
-50.4576
-50.4939
-50.5302
-50.5848
-50.6211
-50.6575
-50.7303
-50.7667
-50.8031
-50.8578
-50.8942
-50.949
-50.9855
-51.0494
-51.095
-51.1682
-51.1864
-51.2229
-51.2778
-51.3143
-51.3693
-51.4058
-51.4425
-51.4974
-51.534
-51.5891
-51.6441
-51.6808
-51.7358
-51.7726
-51.8277
-51.8644
-51.9196
-51.9564
-52.0162
-52.0484
-52.1036
-52.1404
-52.1957
-52.2695
-52.3064
-52.3247
-52.3801
-52.4171
-52.4724
-52.5093
-52.5648
-52.6203
-52.6573
-52.6942
-52.7498
-52.8054
-52.8656
-52.898
-52.935
-52.9907
-53.0464
-53.0835
-53.1392
-53.1763
-53.2321
-53.2506
-53.3064
-53.3622
-53.3994
-53.4553
-53.4925
-53.5483
-53.6043
-53.6416
-53.6975
-53.7348
-53.7955
-53.8282
-53.8842
-53.9215
-53.9776
-54.0384
-54.0711
-54.1273
-54.1647
-54.2209
-54.2584
-54.3146
-54.3521
-54.4083
-54.4647
-54.5022
-54.5585
-54.596
-54.6525
-54.7089
-54.7464
-54.7888
-54.8264
-54.8782
-54.9158
-54.9723
-55.0147
-55.0666
-55.1042
-55.1609
-55.2175
-55.2552
-55.3119
-55.3497
-55.4064
-55.4442
-55.501
-55.5388
-55.5956
-55.6334
-55.6903
-55.7282
-55.785
-55.8419
-55.8799
-55.9369
-55.9748
-56.0318
-56.0746
-56.1269
-56.1649
-56.2219
-56.26
-56.3171
-56.3552
-56.4124
-56.4505
-56.5077
-56.5458
-56.6269
-56.6412
-56.6985
-56.7367
-56.794
-56.8322
-56.8896
-56.947
-56.9852
-57.0235
-57.1194
-57.1385
-57.1768
-57.2151
-57.2726
-57.3302
-57.3686
-57.4069
-57.4645
-57.5222
-57.5606
-57.599
-57.6615
-57.7145
-57.7722
-57.8156
-57.8492
-57.907
-57.9456
-58.0034
-58.042
-58.0999
-58.1578
-58.177
-58.235
-58.293
-58.351
-58.3946
-58.4477
-58.5058
-58.5494
-58.5832
-58.6414
-58.6801
-58.7383
-58.777
-58.8353
-58.874
-58.9323
-58.9711
-59.0295
-59.0683
-59.1315
-59.1655
-59.2239
-59.2628
-59.3213
-59.3797
-59.4235
-59.4577
-59.521
-59.5747
-59.6185
-59.6723
-59.7113
-59.7699
-59.8285
-59.8677
-59.9312
-59.9655
-60.0241
-60.0633
-60.1221
-60.1612
-60.22
-60.2592
-60.2984
-60.3573
-60.4162
-60.4554
-60.5144
-60.5536
-60.6126
-60.6716
-60.7109
-60.77
-60.8291
-60.8487
-60.9127
-60.9669
-61.0063
-61.0654
-61.1049
-61.1641
-61.2035
-61.2628
-61.3073
-61.3616
-61.406
-61.4604
-61.5
-61.5593
-61.6188
-61.6583
-61.7178
-61.7573
-61.8168
-61.8564
-61.8961
-61.9557
-62.0152
-62.0748
-62.1145
-62.1741
-62.2139
-62.2736
-62.3183
-62.378
-62.4527
-62.4776
-62.5123
-62.5722
-62.612
-62.6719
-62.7517
-62.7716
-62.8316
-62.8714
-62.9314
-62.9713
-63.0113
-63.0713
-63.1313
-63.1763
-63.2364
-63.2714
-63.3516
-63.3716
-63.4367
-63.4768
-63.5369
-63.5922
-63.6524
-63.6926
-63.7327
-63.793
-63.8331
-63.8934
-63.9335
-63.9938
-64.034
-64.0741
-64.1344
-64.1946
-64.2348
-64.2951
-64.3352
-64.3955
-64.4558
-64.4959
-64.5562
-64.6366
-64.6365
-64.6968
-64.737
-64.7973
-64.8374
-64.8977
-64.9429
-64.9981
-65.0383
-65.0987
-65.1589
-65.1991
-65.2393
-65.2996
-65.3599
-65.4
-65.4603
-65.5005
-65.5657
-65.6259
-65.661
-65.7011
-65.7613
-65.8014
-65.8617
-65.9018
-65.962
-66.0021
-66.0624
-66.1025
-66.1628
-66.2028
-66.2831
-66.3032
-66.3835
-66.4236
-66.4637
-66.5038
-66.564
-66.6244
-66.6644
-66.7095
-66.7648
-66.825
-66.8651
-66.9052
-66.9856
-67.0257
-67.0658
-67.1461
-67.2064
-67.2264
-67.2665
-67.3267
-67.3869
-67.427
-67.4672
-67.5475
-67.5876
-67.6277
-67.688
-67.7332
-67.7934
-67.8284
-67.8886
-67.9489
-67.989
-68.0292
-68.0894
-68.1496
-68.1897
-68.2298
-68.2901
-68.3302
-68.3904
-68.4707
-68.4958
-68.551
-68.5912
-68.6513
-68.6915
-68.7517
-68.7918
-68.852
-68.8922
-68.9524
-68.9925
-69.0527
-69.0928
-69.1531
-69.1932
-69.2534
-69.3186
-69.3537
-69.3937
-69.4539
-69.499
-69.5541
-69.6142
-69.6743
-69.7144
-69.7745
-69.8146
-69.8547
-69.9198
-69.9599
-70.0151
-70.0551
-70.1152
-70.1754
-70.2355
-70.2755
-70.3157
-70.3958
-70.4158
-70.476
-70.516
-70.5762
-70.6363
-70.6764
-70.7415
-70.7966
-70.8166
-70.8767
-70.9369
-71.002
-71.0422
-71.0972
-71.1172
-71.1774
-71.2374
-71.2776
-71.3377
-71.3779
-71.438
-71.5031
-71.518
-71.5782
-71.6383
-71.6785
-71.7385
-71.7787
-71.8388
-71.8988
-71.9389
-71.9991
-72.0391
-72.1044
-72.1394
-72.1995
-72.2597
-72.3198
-72.3598
-72.42
-72.46
-72.5201
-72.5653
-72.6003
-72.6605
-72.7005
-72.7406
-72.8007
-72.8608
-72.9009
-72.9611
-73.0011
-73.0613
-73.1013
-73.1615
-73.2065
-73.2616
-73.3218
-73.3619
-73.4018
-73.467
-73.5071
-73.5822
-73.6022
-73.6624
-73.7226
-73.7626
-73.8026
-73.8628
-73.9229
-73.963
-74.0231
-74.0631
-74.1233
-74.1833
-74.2284
-74.2886
-74.3236
-74.3838
-74.4439
-74.484
-74.524
-74.5842
-74.6243
-74.6643
-74.7244
-74.7845
-74.8247
-74.9851
-74.985
-75.0452
-75.1103
-75.1654
-75.2055
-75.2456
-75.3107
-75.3457
-75.4058
-75.4459
-75.511
-75.5461
-75.6112
-75.6462
-75.7264
-75.7464
-75.8065
-75.8466
-75.8866
-75.9467
-76.0068
-76.0469
-76.1069
-76.1469
-76.2472
-76.2671
-76.3875
-76.3874
-76.4325
-76.4675
-76.5125
-76.5676
-76.6328
-76.6477
-76.7078
-76.7679
-76.8079
-76.868
-76.9081
-76.9683
-77.0083
-77.0684
-77.1336
-77.1686
-77.2287
-77.2688
-77.3289
-77.3689
-77.4291
-77.4691
-77.5142
-77.5693
-77.6294
-77.6694
-77.7296
-77.7696
-77.8297
-77.8697
-77.9299
-77.9899
-78.0101
-78.0701
-78.1303
-78.1904
-78.2354
-78.2905
-78.3306
-78.3706
-78.4307
-78.4909
-78.5309
-78.5761
-78.6361
-78.6911
-78.7312
-78.7713
-78.8314
-78.8916
-78.9316
-78.9917
-79.0318
-79.0919
-79.1319
-79.192
-79.2321
-79.2922
-79.3322
-79.3723
-79.4324
-79.4926
-79.5327
-79.6128
-79.678
-79.6778
-79.7329
-79.8131
-79.8332
-79.8933
-79.9334
-79.9935
-80.0336
-80.0937
-80.2542
-80.254
-80.3141
-80.4746
-80.4946
-80.7404
-80.7605
-81.0338
-81.0533
-81.3277
-81.3475
-81.6065
-81.6265
-81.8995
-81.9131
-82.0423
-82.042
-82.0793
-82.2692
-82.2691
-82.4058
-82.4057
-82.4254
-82.4848
-82.6247
-82.6447
-82.6848
-82.725
-82.7652
-82.8257
-82.8711
-82.9264
-82.9666
-83.027
-83.0672
-83.1276
-83.1678
-83.2281
-83.2684
-83.3488
-83.3889
-83.4289
-83.4892
-83.5294
-83.5895
-83.6497
-83.6949
-83.75
-83.79
-83.8301
-83.8901
-83.9302
-83.9904
-84.0505
-84.0905
-84.1306
-84.1907
-84.2509
-84.291
-84.351
-84.3911
-84.4513
-84.4913
-84.5515
-84.5916
-84.6516
-84.6916
-84.7518
-84.7919
-84.852
-84.8921
-84.9522
-85.0324
-85.0522
-85.0974
-85.1525
-85.2126
-85.2527
-85.3127
-85.3527
-85.3928
-85.453
-85.4931
-85.5532
-85.6133
-85.6533
-85.7184
-85.7535
-85.8136
-85.8537
-85.8937
-85.9538
-86.0189
