0
0
-0.000179959
0.000707832
-0.000179846
0.000708089
-0.000180076
0.000707162
-0.000180348
0.000706229
-0.000180643
0.000705201
-0.000180585
0.000705352
-0.000180221
0.000706932
-0.000180067
0.000707765
-0.00018003
0.000708268
-0.000180266
0.000707507
-0.000180606
0.000706155
-0.0001809
0.000705254
-0.000180856
0.000705596
-0.000180554
0.000706675
-0.000180143
0.000707842
-0.000179795
0.000708415
-0.000179705
0.000708031
-0.000179982
0.000706515
-0.000180379
0.000705065
-0.000180609
0.000704272
-0.000180492
0.000704733
-0.000180148
0.000706366
-0.000180857
0.00070658
-0.000180857
0.00070658
-0.000180032
0.000708078
-0.000179627
0.000708235
-0.000179393
0.0007066
-0.000179433
0.000705392
-0.000179497
0.00070202
-0.000179497
0.00070202
-0.000179342
0.000700695
-0.000179301
0.000700538
-0.000179209
0.00070027
-0.000179143
0.000700231
-0.000179089
0.000700351
-0.000179054
0.0007006
-0.000179048
0.000700848
-0.000179063
0.000701107
-0.0001791
0.000701408
-0.000179162
0.000701675
-0.000179205
0.000701881
-0.00017924
0.000702063
-0.000179241
0.000702124
-0.000179251
0.000702213
-0.000179259
0.000702267
-0.000179258
0.000702342
-0.000179259
0.000702384
-0.000179269
0.000702442
-0.000179271
0.000702452
-0.00017928
0.000702477
-0.000179289
0.00070249
-0.000179298
0.000702514
-0.000179305
0.000702534
-0.000179312
0.000702542
-0.000179319
0.000702548
-0.000179325
0.000702572
-0.00017933
0.000702622
-0.000179336
0.000702668
-0.000179342
0.000702719
-0.000179348
0.000702818
-0.000179353
0.000702939
-0.000179358
0.000703025
-0.000179366
0.000703114
-0.000179387
0.000703244
-0.000179419
0.000703374
-0.000179446
0.000703466
-0.000179474
0.00070356
-0.000179516
0.000703708
-0.000179561
0.000703863
-0.000179596
0.000703971
-0.000179631
0.000704081
-0.000179671
0.000704248
-0.000179697
0.000704415
-0.000179713
0.000704525
-0.000179735
0.000704685
-0.000180668
0.000708382
-0.000180668
0.000708382
-0.00018071
0.000708471
-0.00200563
0.00395745
-0.0224932
0.035914
-0.0950514
0.125947
-0.164933
0.203867
-0.297622
0.344862
-0.45097
0.50323
-0.557413
0.612803
-0.71302
0.775833
-0.808759
0.880411
-0.933696
1.02728
-1.00217
1.11726
-1.08014
1.23871
-1.11533
1.31065
-1.14352
1.40495
-1.14686
1.45927
-1.13125
1.52855
-1.1088
1.56732
-1.06024
1.61521
-1.01979
1.64102
-0.950239
1.67142
-0.899684
1.68683
-0.820711
1.70356
-0.767504
1.71103
-0.663852
1.71865
-0.59131
1.71924
-0.568475
1.71866
-0.525184
1.71653
-0.466982
1.71137
-0.432896
1.70693
-0.388835
1.69922
-0.36406
1.69362
-0.333494
1.68488
-0.317166
1.67898
-0.298104
1.67026
-0.288567
1.66464
-0.278207
1.65662
-0.271637
1.64921
-0.268801
1.64465
-0.266175
1.6384
-0.26511
1.63464
-0.263956
1.6296
-0.263231
1.62662
-0.262263
1.62392
-0.26002
1.62039
-0.256584
1.61741
-0.253613
1.6157
-0.248161
1.61351
-0.243779
1.61225
-0.236178
1.61063
-0.227643
1.60928
-0.221467
1.6085
-0.215035
1.6078
-0.204979
1.60686
-0.198066
1.60629
-0.187622
1.60551
-0.180696
1.60502
-0.170515
1.60432
-0.163944
1.60386
-0.154487
1.60317
-0.145598
1.60248
-0.139998
1.60201
-0.134701
1.60154
-0.127278
1.60081
-0.122677
1.60031
-0.116314
1.59954
-0.110572
1.59867
-0.000871014
0.0183474
-0.000871014
0.0183474
-0.000914207
0.0173944
-0.000943409
0.0167249
-0.0009697
0.0156769
-0.000982772
0.0149899
-0.000997977
0.0139916
-0.00100983
0.0130469
-0.00101336
0.0127458
-0.00102356
0.0118889
-0.00103769
0.0108648
-0.00104555
0.0104048
-0.00106353
0.00959253
-0.00106851
0.0094116
-0.00110259
0.00850087
-0.00110259
0.00850087
-0.00112213
0.00815044
-0.00113599
0.00795232
-0.00115789
0.00770344
-0.00116548
0.00763244
-0.00119711
0.0074024
-0.00127413
0.00713425
-0.00127413
0.00713425
-0.00133797
0.00708619
-0.00133797
0.00708619
-0.00133797
0.00708619
-0.00134726
0.00708688
-0.00137514
0.00709696
-0.00140263
0.0071161
-0.00142888
0.00714106
-0.00143731
0.00715018
-0.00146135
0.00717862
-0.00147625
0.0071977
-0.00149693
0.00722516
-0.00151545
0.00724992
-0.0015266
0.00726434
-0.00154158
0.00728165
-0.00155452
0.00729209
-0.00155839
0.00729383
-0.00156889
0.00729334
-0.0015778
0.00728394
-0.00158529
0.00726547
-0.00158951
0.00724821
-0.00159485
0.00721517
-0.0015978
0.00718889
-0.00160139
0.00714453
-0.00160329
0.00711232
-0.00160579
0.00704335
-0.00160671
0.00697023
-0.00160671
0.00697023
-0.00160643
0.00691362
-0.00160569
0.00687536
-0.00160413
0.00681727
-0.00160183
0.00675853
-0.00159997
0.00671902
-0.00159781
0.00667925
-0.00159413
0.00661909
-0.0015914
0.0065786
-0.00158688
0.00651724
-0.00158018
0.00643404
-0.0015784
0.00641299
-0.00157469
0.00637086
-0.00156675
0.00628768
-0.00156466
0.00626724
-0.00155807
0.00620709
-0.00155097
0.00614881
-0.00154077
0.00607397
-0.00153808
0.00605573
-0.00152966
0.00600201
-0.00152073
0.00594949
-0.00151132
0.00589777
-0.00150478
0.00586352
-0.000973655
0.00375905
-0.000643513
0.00238622
-0.000640198
0.00238205
-0.000633516
0.00237392
-0.000623592
0.00236191
-0.000616665
0.00235401
-0.000606125
0.00234219
-0.000598965
0.00233424
-0.000580842
0.00231366
-0.000573485
0.00230505
-0.000569779
0.00230064
-0.000558596
0.00228702
-0.00055134
0.00227758
-0.000541167
0.00226281
-0.000529506
0.00224189
-0.000526987
0.00223643
-0.000522449
0.00222521
-0.00051692
0.00220765
-0.00051291
0.00218923
-0.000511041
0.00217647
-0.000509766
0.00216334
-0.000508852
0.00214297
-0.000508832
0.00212894
-0.000509547
0.00210725
-0.000510449
0.00209237
-0.000512322
0.00206943
-0.000521245
0.00198785
-0.000522245
0.00197928
-0.000525244
0.00195315
-0.000532932
0.00188043
-0.000532932
0.00188043
-0.000535583
0.00185266
-0.000537248
0.00183481
-0.000539577
0.00180967
-0.000540991
0.00179427
-0.000542894
0.00177348
-0.000544005
0.00176123
-0.000545832
0.00174058
-0.000546548
0.00173206
-0.000547141
0.00172463
-0.000547617
0.00171821
-0.000548127
0.0017102
-0.000548342
0.00170578
-0.000548495
0.00170027
-0.000548493
0.00169718
-0.000548342
0.00169319
-0.000548008
0.00168972
-0.000547695
0.00168756
-0.000547101
0.00168438
-0.000546377
0.0016811
-0.000546107
0.00167995
-0.000545212
0.0016763
-0.000544187
0.00167225
-0.000543023
0.00166774
-0.000542178
0.00166443
-0.000540795
0.00165899
-0.000540305
0.00165704
-0.000538742
0.00165079
-0.000537041
0.00164389
-0.000535207
0.00163634
-0.000533912
0.00163094
-0.000531866
0.0016223
-0.000530434
0.00161619
-0.000528944
0.00160979
-0.00052661
0.00159966
-0.000524149
0.00158892
-0.000522445
0.00158141
-0.000519784
0.00156966
-0.000517946
0.00156152
-0.000515089
0.00154885
-0.000512116
0.00153567
-0.000509028
0.00152196
-0.000506905
0.00151255
-0.000503626
0.00149804
-0.000501379
0.0014881
-0.00049908
0.00147796
-0.000496731
0.00146762
-0.000493118
0.00145175
-0.000489404
0.00143545
-0.000486873
0.00142435
-0.000481673
0.0014016
-0.000477645
0.00138408
-0.00047628
0.00137815
-0.000473521
0.00136616
-0.0004693
0.00134786
-0.00046498
0.00132918
-0.000462045
0.00131652
-0.000457564
0.00129723
-0.000452989
0.00127756
-0.000449885
0.00126424
-0.000445152
0.00124397
-0.000441949
0.00123025
-0.000437071
0.00120937
-0.000433767
0.00119524
-0.000428729
0.00117377
-0.000425313
0.00115926
-0.000420105
0.00113719
-0.00041658
0.00112229
-0.000411262
0.00110031
-0.000407681
0.00108647
-0.000400393
0.00106189
-0.000394793
0.00104679
-0.000390991
0.00103845
-0.000389069
0.00103481
-0.000383219
0.00102598
-0.000375227
0.00101879
-0.000373198
0.00101773
-0.000367054
0.00101615
-0.000360828
0.00101663
-0.000356641
0.00101791
-0.000350298
0.00102101
-0.000343888
0.00102521
-0.000339585
0.00102848
-0.000335255
0.00103201
-0.000328723
0.00103766
-0.000322144
0.00104354
-0.000317724
0.00104748
-0.000311043
0.00105333
-0.000306556
0.00105713
-0.00029977
0.00106261
-0.0002929
0.00106775
-0.000271718
0.00108069
-0.000271718
0.00108069
-0.000269315
0.00108187
-0.000264485
0.00108407
-0.000242395
0.00109134
-0.000242395
0.00109134
-0.000232386
0.00109329
-0.000227329
0.00109397
-0.000219677
0.00109463
-0.00021454
0.00109484
-0.000209383
0.00109487
-0.000201598
0.00109458
-0.000196368
0.00109418
-0.000188459
0.00109328
-0.000183155
0.00109249
-0.000175491
0.00109106
-0.000166752
0.0010887
-0.000164928
0.00108803
-0.000161776
0.0010866
-0.000158373
0.00108419
-0.000156611
0.00108148
-0.000156334
0.0010795
-0.000160544
0.00107156
-0.000161733
0.00107031
-0.000161733
0.00107031
-0.000166038
0.00106637
-0.000171322
0.00106218
-0.000177407
0.00105775
-0.000181824
0.00105467
-0.000188874
0.00104988
-0.000193801
0.00104657
-0.0002038
0.00103965
-0.000206161
0.00103785
-0.000212577
0.00103235
-0.000216124
0.00102856
-0.000218979
0.00102467
-0.000221825
0.00101867
-0.000222872
0.00101247
-0.000222157
0.00100608
-0.000219769
0.000999483
-0.000218623
0.000997236
-0.000214215
0.000990346
-0.000210528
0.000985626
-0.000204005
0.000978351
-0.000199073
0.000973369
-0.000190925
0.000965698
-0.000182026
0.000957804
-0.00017591
0.000952441
-0.000167066
0.000944229
-0.00016161
0.00093863
-0.000154388
0.000930035
-0.00014855
0.00092121
-0.000145507
0.000915201
-0.000142243
0.000906009
-0.000140925
0.000899759
-0.000140181
0.000890202
-0.00014045
0.000883721
-0.00014189
0.000873851
-0.00014347
0.000867174
-0.000146653
0.000857013
-0.000150671
0.000846678
-0.000153735
0.000839693
-0.000158802
0.000829076
-0.000162436
0.000821905
-0.000168183
0.000811013
-0.000172169
0.000803659
-0.000176241
0.000796227
-0.000182452
0.000784946
-0.000188723
0.000773509
-0.000192914
0.000765793
-0.000199109
0.000754068
-0.000202876
0.000746138
-0.000207569
0.000734089
-0.000209893
0.00072595
-0.000212368
0.000705287
-0.000212257
0.000701105
-0.000211423
0.000692697
-0.000209784
0.000684219
-0.000205874
0.000671376
-0.000200351
0.000658392
-0.000195865
0.000649658
-0.000185211
0.000632
-0.000182246
0.000627544
-0.000173091
0.000614098
-0.000167049
0.000605051
-0.000161257
0.00059592
-0.000150923
0.000577404
-0.000146558
0.000568025
-0.000142797
0.000558565
-0.000138336
0.000544231
-0.000136146
0.000534584
-0.000133996
0.00051999
-0.000133119
0.00050525
-0.000133183
0.000495346
-0.000800774
0.000399254
-0.0164374
-0.00107837
-0.0536851
-0.00221542
-0.12411
0.000165335
-0.205164
0.013039
-0.259716
0.0283668
-0.336749
0.0605933
-0.403761
0.101249
-0.441257
0.131091
-0.486358
0.17703
-0.508896
0.206873
-0.532033
0.248115
-0.543704
0.283057
-0.545437
0.293071
-0.545449
0.317981
-0.539168
0.334826
-0.532513
0.341616
-0.520271
0.346033
-0.511295
0.345466
-0.497704
0.340164
-0.485025
0.330558
-0.460027
0.293506
-0.460027
0.293506
-0.454177
0.278375
-0.449358
0.238315
-0.449358
0.238315
-0.450419
0.231097
-0.452875
0.221605
-0.455192
0.216375
-0.457848
0.212034
-0.462223
0.207103
-0.465229
0.204818
-0.469642
0.202804
-0.477238
0.202941
-0.478281
0.203385
-0.478281
0.203385
-0.481028
0.205187
-0.483076
0.207474
-0.484018
0.209207
-0.484678
0.21106
-0.485174
0.213901
-0.485209
0.21575
-0.484919
0.218381
-0.484324
0.220753
-0.483814
0.222143
-0.482961
0.223915
-0.482095
0.225258
-0.48156
0.225902
-0.481072
0.226361
-0.480465
0.22671
-0.480162
0.226727
-0.479883
0.226475
-0.4798
0.225961
-0.479859
0.225492
-0.479995
0.224951
-0.480343
0.224017
-0.48066
0.223328
-0.48123
0.222256
-0.481659
0.221538
-0.482354
0.220475
-0.482834
0.2198
-0.483568
0.218839
-0.4843
0.217941
-0.484769
0.217399
-0.485437
0.216681
-0.485853
0.216258
-0.486246
0.215875
-0.486784
0.215376
-0.487271
0.214965
-0.487566
0.214741
-0.487969
0.214477
-0.488215
0.214336
-0.488559
0.214161
-0.488772
0.214069
-0.489079
0.213952
-0.489275
0.213885
-0.489566
0.213794
-0.489851
0.213716
-0.490044
0.213663
-0.490237
0.213613
-0.490536
0.213527
-0.490742
0.213454
-0.491168
0.213305
-0.491275
0.213268
-0.491713
0.213111
-0.492051
0.212977
-0.492165
0.212924
-0.492394
0.212826
-0.492726
0.212683
-0.492959
0.212568
-0.493313
0.212404
-0.493549
0.212305
-0.493907
0.212166
-0.494267
0.212044
-0.494511
0.211969
-0.494755
0.211904
-0.495241
0.211777
-0.495485
0.211712
-0.495726
0.211652
-0.495965
0.211597
-0.496327
0.211502
-0.496689
0.2114
-0.497046
0.21131
-0.497281
0.211263
-0.497514
0.21122
-0.497859
0.211153
-0.498086
0.211106
-0.49843
0.211042
-0.498768
0.210997
-0.498991
0.210971
-0.499432
0.210938
-0.499432
0.210938
-0.499759
0.210914
-0.500087
0.210884
-0.500427
0.210839
-0.500655
0.210828
-0.500994
0.210829
-0.502001
0.210878
-0.502001
0.210878
-0.502196
0.210896
-0.50298
0.210712
-0.503063
0.210659
-0.503219
0.210545
-0.503437
0.210336
-0.503684
0.210044
-0.503856
0.20984
-0.504034
0.209638
-0.504314
0.209351
-0.50451
0.209177
-0.50481
0.208964
-0.505011
0.208862
-0.505323
0.208776
-0.505638
0.208772
-0.505851
0.20881
-0.506063
0.208883
-0.506375
0.209038
-0.506691
0.209238
-0.506902
0.209398
-0.507111
0.209576
-0.507425
0.209859
-0.507942
0.210356
-0.508043
0.210466
-0.508234
0.210691
-0.508414
0.21092
-0.508672
0.21125
-0.508839
0.211468
-0.50908
0.211814
-0.509236
0.212056
-0.509391
0.212302
-0.509622
0.212689
-0.509852
0.213089
-0.510005
0.213361
-0.51024
0.213769
-0.5104
0.214042
-0.510644
0.214439
-0.510808
0.214696
-0.511142
0.215182
-0.511487
0.215635
-0.511487
0.215635
-0.511663
0.215848
-0.511922
0.216144
-0.512296
0.216464
-0.512488
0.216619
-0.512781
0.216844
-0.512981
0.216983
-0.513186
0.217105
-0.513496
0.217273
-0.513705
0.217374
-0.514027
0.217521
-0.514243
0.217625
-0.514571
0.217781
-0.514795
0.217894
-0.515131
0.218068
-0.515354
0.218191
-0.515576
0.218317
-0.515912
0.218515
-0.516249
0.218719
-0.51647
0.218861
-0.5168
0.219084
-0.517018
0.219232
-0.517346
0.21945
-0.517562
0.219597
-0.517886
0.219812
-0.51821
0.220022
-0.518532
0.220221
-0.51864
0.220287
-0.518961
0.22048
-0.519277
0.220659
-0.519492
0.220768
-0.519819
0.22093
-0.520038
0.221041
-0.520371
0.221207
-0.520594
0.221321
-0.520932
0.221495
-0.521158
0.221615
-0.5215
0.221795
-0.521844
0.221982
-0.522075
0.222106
-0.522423
0.222294
-0.522882
0.222534
-0.522882
0.222534
-0.523225
0.222709
-0.523557
0.222873
-0.523895
0.223016
-0.524231
0.223177
-0.524456
0.223285
-0.524681
0.223393
-0.525014
0.223549
-0.525354
0.223698
-0.525468
0.223749
-0.525814
0.223911
-0.526163
0.224076
-0.526401
0.22419
-0.52676
0.224381
-0.527002
0.224512
-0.527365
0.224712
-0.52761
0.22485
-0.528096
0.225124
-0.528217
0.225194
-0.528573
0.225398
-0.528807
0.225533
-0.529159
0.225724
-0.529398
0.225856
-0.529755
0.226052
-0.529993
0.226185
-0.530349
0.226382
-0.530586
0.226513
-0.530943
0.226709
-0.531298
0.226906
-0.531537
0.227037
-0.531775
0.227168
-0.53213
0.227359
-0.533301
0.227966
-0.533301
0.227966
-0.533607
0.228134
-0.534348
0.228305
-0.534434
0.2283
-0.534598
0.228281
-0.534748
0.228248
-0.534977
0.228172
-0.535131
0.228129
-0.53536
0.228104
-0.535511
0.228125
-0.535737
0.228219
-0.535971
0.228404
-0.53613
0.228581
-0.536373
0.228929
-0.536539
0.229209
-0.536793
0.229687
-0.536966
0.230042
-0.537142
0.230417
-0.537411
0.231014
-0.537687
0.231631
-0.537873
0.232051
-0.538157
0.232684
-0.538644
0.233703
-0.538744
0.233899
-0.539033
0.23446
-0.539127
0.234635
-0.53932
0.234955
-0.539617
0.235377
-0.539926
0.235757
-0.540138
0.235993
-0.540462
0.236333
-0.540681
0.236554
-0.540902
0.236769
-0.541239
0.237084
-0.541465
0.237289
-0.541811
0.237599
-0.542159
0.237914
-0.542395
0.238125
-0.542749
0.238441
-0.543107
0.238745
-0.543342
0.238936
-0.543575
0.239122
-0.54392
0.239387
-0.544266
0.239633
-0.544613
0.239871
-0.544845
0.240029
-0.545077
0.240184
-0.545417
0.240411
-0.545646
0.240556
-0.545877
0.240696
-0.546225
0.240909
-0.546581
0.241125
-0.546822
0.241275
-0.547064
0.241431
-0.547555
0.24175
-0.547804
0.24191
-0.549369
0.242879
-0.54947
0.242933
-0.549359
0.242181
-0.547923
0.241445
-0.50722
0.220521
-0.50722
0.220521
-0.52712
0.226713
-0.529798
0.227727
-0.561352
0.239864
-0.562811
0.240428
-0.564164
0.240951
-0.566565
0.241877
-0.568949
0.242823
-0.569829
0.243271
-0.569763
0.243377
-0.568894
0.243335
-0.567897
0.243212
-0.565277
0.242865
-0.564542
0.242773
-0.560072
0.242343
-0.559382
0.242305
-0.559382
0.242305
-0.557456
0.24224
-0.556349
0.242247
-0.555074
0.242385
-0.554186
0.242672
-0.553823
0.242945
-0.553623
0.243274
-0.553606
0.243845
-0.553885
0.24448
-0.554209
0.244933
-0.554849
0.245637
-0.555354
0.246106
-0.556184
0.246789
-0.556764
0.247229
-0.557347
0.247647
-0.558212
0.248228
-0.559031
0.248754
-0.559787
0.249237
-0.560468
0.249679
-0.560874
0.249946
-0.561415
0.250299
-0.561731
0.250505
-0.562145
0.250769
-0.562706
0.251131
-0.562706
0.251131
-0.562898
0.251262
-0.56307
0.251384
-0.563317
0.25155
-0.563571
0.251731
-0.563743
0.251863
-0.564008
0.252082
-0.564195
0.252235
-0.564389
0.252392
-0.564692
0.252637
-0.564796
0.25272
-0.565124
0.252976
-0.565479
0.253242
-0.565853
0.253523
-0.566237
0.253828
-0.566499
0.254035
-0.566765
0.25424
-0.567169
0.254535
-0.567439
0.254719
-0.567845
0.254982
-0.568116
0.25515
-0.568521
0.25539
-0.568924
0.255626
-0.569188
0.255784
-0.569577
0.256039
-0.569831
0.256224
-0.570324
0.256625
-0.570443
0.256734
-0.570675
0.256958
-0.571008
0.257305
-0.571337
0.257674
-0.571554
0.257944
-0.571769
0.258233
-0.572089
0.258682
-0.572408
0.259144
-0.572623
0.259461
-0.572836
0.259784
-0.57316
0.260266
-0.573379
0.260577
-0.573711
0.261038
-0.573935
0.261341
-0.574276
0.261779
-0.574623
0.262198
-0.574972
0.26259
-0.575208
0.26284
-0.575444
0.263075
-0.575804
0.263398
-0.576046
0.263591
-0.576412
0.263858
-0.576656
0.264027
-0.577284
0.264433
-0.577412
0.264512
-0.577666
0.264664
-0.577911
0.264807
-0.578283
0.265011
-0.578664
0.265211
-0.579053
0.265422
-0.579183
0.265495
-0.579574
0.265718
-0.579834
0.265866
-0.580231
0.266086
-0.580629
0.266326
-0.581029
0.266577
-0.581295
0.266748
-0.581559
0.266917
-0.58182
0.267083
-0.582206
0.267321
-0.582464
0.267476
-0.582986
0.267803
-0.583116
0.267889
-0.583505
0.268144
-0.583894
0.268401
-0.584156
0.268567
-0.584419
0.268736
-0.584948
0.269068
-0.585213
0.269228
-0.585604
0.269463
-0.585733
0.26954
-0.586124
0.269757
-0.586516
0.269962
-0.586778
0.27009
-0.58704
0.270224
-0.587429
0.270433
-0.587822
0.270642
-0.588085
0.270785
-0.588348
0.270932
-0.588872
0.271229
-0.589005
0.271302
-0.589404
0.271525
-0.589671
0.271678
-0.590075
0.271895
-0.590481
0.272117
-0.590886
0.27234
-0.591022
0.272416
-0.591429
0.272641
-0.591836
0.272855
-0.592108
0.272989
-0.592516
0.273197
-0.592921
0.273403
-0.59319
0.273536
-0.59359
0.273735
-0.593856
0.273863
-0.594254
0.274048
-0.594518
0.27417
-0.594916
0.274348
-0.59532
0.274524
-0.595591
0.274639
-0.59586
0.274757
-0.596393
0.274989
-0.596792
0.275161
-0.596923
0.27522
-0.597185
0.275342
-0.597571
0.275526
-0.597833
0.275641
-0.598227
0.275823
-0.598623
0.276021
-0.598888
0.276158
-0.599284
0.276373
-0.59968
0.276593
-0.599813
0.276665
-0.600216
0.276884
-0.600622
0.277097
-0.600897
0.27724
-0.601173
0.277391
-0.601589
0.277617
-0.601867
0.277766
-0.602426
0.27807
-0.602703
0.278225
-0.602979
0.278376
-0.603384
0.278595
-0.603653
0.278732
-0.603922
0.278866
-0.604329
0.279071
-0.604736
0.279272
-0.60501
0.279411
-0.605419
0.279628
-0.605824
0.279842
-0.606091
0.279979
-0.60649
0.280184
-0.606756
0.280316
-0.607156
0.280505
-0.607422
0.28063
-0.607685
0.280749
-0.608081
0.280922
-0.608348
0.281038
-0.608751
0.281221
-0.609022
0.281351
-0.60943
0.281553
-0.609703
0.281692
-0.610115
0.281907
-0.61039
0.282054
-0.611073
0.282423
-0.61121
0.282498
-0.611479
0.282646
-0.611872
0.282855
-0.61214
0.282985
-0.612543
0.283182
-0.612813
0.283317
-0.613217
0.28352
-0.613487
0.283659
-0.613757
0.283798
-0.614164
0.284011
-0.614435
0.284153
-0.614985
0.284453
-0.615261
0.284608
-0.615535
0.28476
-0.615941
0.284985
-0.616216
0.285131
-0.616628
0.285348
-0.617038
0.285565
-0.617449
0.285782
-0.617585
0.285854
-0.61799
0.286065
-0.618392
0.286264
-0.618659
0.286388
-0.61906
0.286581
-0.619326
0.286708
-0.619727
0.286897
-0.619997
0.287028
-0.620268
0.287158
-0.620677
0.287358
-0.621089
0.287557
-0.621365
0.287698
-0.621641
0.287845
-0.622052
0.288068
-0.622324
0.288214
-0.622733
0.288437
-0.62314
0.288666
-0.623413
0.288821
-0.623823
0.289057
-0.624095
0.289211
-0.624502
0.289435
-0.625044
0.289723
-0.625181
0.289793
-0.625451
0.289934
-0.625852
0.290133
-0.62612
0.290252
-0.626526
0.290434
-0.626933
0.290623
-0.627203
0.29075
-0.627472
0.290879
-0.627877
0.291075
-0.628282
0.291267
-0.628552
0.291399
-0.629225
0.291741
-0.629225
0.291741
-0.629628
0.291944
-0.629892
0.292074
-0.630159
0.292196
-0.630699
0.292451
-0.631109
0.292651
-0.631245
0.29272
-0.631518
0.292863
-0.631926
0.293076
-0.632338
0.293282
-0.632752
0.293499
-0.63289
0.293575
-0.633444
0.29388
-0.633722
0.294031
-0.633999
0.294177
-0.634276
0.294327
-0.634693
0.294543
-0.635248
0.294831
-0.635524
0.294979
-0.635799
0.295131
-0.636207
0.295355
-0.636477
0.295493
-0.637018
0.295761
-0.637152
0.295827
-0.637553
0.29602
-0.637814
0.296142
-0.638213
0.296319
-0.638483
0.296443
-0.638892
0.296632
-0.639302
0.296828
-0.639577
0.296961
-0.639986
0.297167
-0.640259
0.297304
-0.640669
0.297506
-0.640944
0.297642
-0.641356
0.297845
-0.641632
0.297982
-0.642316
0.29832
-0.642316
0.29832
-0.642589
0.298456
-0.642989
0.29865
-0.643394
0.29883
-0.643668
0.298962
-0.643941
0.299103
-0.644348
0.299321
-0.644622
0.29947
-0.645036
0.299702
-0.645452
0.299945
-0.645727
0.300107
-0.646139
0.300354
-0.646412
0.300516
-0.646823
0.300752
-0.647232
0.300981
-0.648053
0.301416
-0.648053
0.301416
-0.648696
0.301735
-0.649417
0.301972
-0.649417
0.301972
-0.649417
0.301972
-0.650186
0.302173
-0.650186
0.302173
-0.650734
0.302254
-0.651415
0.302317
-0.651415
0.302317
-0.651415
0.302317
-0.652082
0.302429
-0.6522
0.302451
-0.653713
0.302826
-0.653919
0.302885
-0.654109
0.302939
-0.654198
0.302966
-0.654287
0.30299
-0.655031
0.302991
-0.655031
0.302991
-0.655825
0.303024
-0.656026
0.303032
-0.656026
0.303032
-0.656026
0.303032
-0.656219
0.303038
-0.656498
0.303052
-0.656819
0.303138
-0.657055
0.30325
-0.657305
0.303402
-0.657705
0.303694
-0.658126
0.304047
-0.658413
0.304311
-0.65885
0.304738
-0.659145
0.305036
-0.659587
0.305488
-0.659884
0.305793
-0.660178
0.306094
-0.660617
0.306538
-0.661048
0.306962
-0.66133
0.307234
-0.661883
0.307752
-0.662152
0.307991
-0.662417
0.308215
-0.662677
0.308427
-0.663066
0.308713
-0.663452
0.308972
-0.663708
0.309133
-0.664091
0.309367
-0.664346
0.309516
-0.66473
0.309727
-0.665117
0.309932
-0.666283
0.310519
-0.666283
0.310519
-0.666524
0.310634
-0.666859
0.310788
-0.667075
0.310854
-0.667403
0.31092
-0.667624
0.310955
-0.667963
0.311004
-0.668313
0.311061
-0.668554
0.31111
-0.668923
0.311206
-0.669178
0.311283
-0.669435
0.311371
-0.669825
0.311521
-0.670092
0.311638
-0.670501
0.31184
-0.670777
0.311994
-0.671197
0.312246
-0.671621
0.312515
-0.671902
0.312704
-0.672319
0.312996
-0.672593
0.313193
-0.673004
0.31349
-0.673277
0.313687
-0.673681
0.313974
-0.673952
0.314164
-0.674359
0.314445
-0.67463
0.314631
-0.675036
0.314902
-0.675306
0.315082
-0.675708
0.315342
-0.675974
0.315512
-0.676374
0.315757
-0.676639
0.315917
-0.677179
0.316232
-0.677314
0.316311
-0.677719
0.316539
-0.677989
0.316688
-0.678536
0.316978
-0.678674
0.317051
-0.679084
0.317266
-0.679489
0.317476
-0.67976
0.317609
-0.680031
0.317746
-0.680436
0.317951
-0.680708
0.318086
-0.681123
0.318294
-0.681542
0.318513
-0.681821
0.318659
-0.682241
0.318882
-0.682524
0.31903
-0.682807
0.319176
-0.68323
0.319394
-0.68351
0.319538
-0.683934
0.319756
-0.684357
0.31998
-0.684637
0.320129
-0.685055
0.320354
-0.685469
0.320575
-0.685745
0.320719
-0.68602
0.320863
-0.686431
0.321072
-0.686704
0.321204
-0.687389
0.321533
-0.687525
0.3216
-0.687796
0.321729
-0.688057
0.321854
-0.688452
0.322033
-0.688721
0.322148
-0.68913
0.322329
-0.689406
0.322459
-0.68982
0.32266
-0.690096
0.322799
-0.690514
0.323022
-0.690933
0.323261
-0.69121
0.323426
-0.691485
0.323595
-0.692031
0.323943
-0.692303
0.324118
-0.692572
0.324295
-0.692976
0.324565
-0.693375
0.324825
-0.693639
0.324997
-0.694033
0.325254
-0.694294
0.325423
-0.694686
0.32567
-0.694947
0.325834
-0.69534
0.326074
-0.695603
0.326232
-0.696
0.326467
-0.696266
0.326625
-0.696668
0.326859
-0.697071
0.327095
-0.697342
0.327253
-0.697613
0.327412
-0.698022
0.327648
-0.698294
0.327801
-0.698705
0.328031
-0.69898
0.328187
-0.699394
0.328421
-0.699669
0.328579
-0.700084
0.328817
-0.70036
0.328977
-0.700771
0.329213
-0.701043
0.32937
-0.701455
0.329603
-0.701867
0.329836
-0.702142
0.32999
-0.702417
0.330145
-0.702828
0.330371
-0.703237
0.330587
-0.703513
0.330732
-0.703926
0.330952
-0.7042
0.331096
-0.70461
0.331307
-0.704884
0.331445
-0.705291
0.331645
-0.70556
0.331777
-0.705968
0.331975
-0.706377
0.332174
-0.706652
0.332308
-0.706926
0.332444
-0.707334
0.332645
-0.707745
0.332843
-0.708161
0.333048
-0.708299
0.333117
-0.70885
0.333393
-0.709125
0.333529
-0.709533
0.333727
-0.709669
0.333796
-0.710073
0.333997
-0.71048
0.334195
-0.710755
0.334331
-0.711172
0.334548
-0.711587
0.334768
-0.711865
0.334916
-0.712143
0.335065
-0.71256
0.335284
-0.712837
0.335425
-0.713254
0.335639
-0.713532
0.335784
-0.713945
0.336
-0.714216
0.336141
-0.714631
0.336356
-0.714908
0.336503
-0.715324
0.336722
-0.715602
0.33687
-0.71602
0.337091
-0.716299
0.337239
-0.716718
0.337459
-0.716998
0.337606
-0.717418
0.337825
-0.717697
0.337971
-0.718113
0.338184
-0.718527
0.338395
-0.718802
0.338532
-0.719214
0.338735
-0.719629
0.338936
-0.719766
0.339001
-0.720173
0.339192
-0.720445
0.339317
-0.720858
0.339504
-0.721136
0.339635
-0.721552
0.339835
-0.721829
0.339972
-0.722246
0.340179
-0.722663
0.340391
-0.722941
0.340533
-0.723356
0.34075
-0.723768
0.340964
-0.724183
0.341175
-0.72432
0.341244
-0.724863
0.341511
-0.725135
0.341636
-0.725407
0.341755
-0.725679
0.341876
-0.726082
0.342056
-0.726491
0.342236
-0.726901
0.342424
-0.727039
0.34249
-0.727592
0.342757
-0.727871
0.34289
-0.728288
0.343089
-0.728428
0.343158
-0.728984
0.343427
-0.729121
0.343493
-0.729677
0.34376
-0.730097
0.343968
-0.730236
0.344037
-0.730654
0.344253
-0.730926
0.344397
-0.73134
0.344608
-0.731756
0.344827
-0.732032
0.344971
-0.732309
0.345117
-0.732587
0.345263
-0.733146
0.345548
-0.73371
0.345839
-0.73371
0.345839
-0.734405
0.346209
-0.734405
0.346209
-0.735084
0.346527
-0.735221
0.346588
-0.735752
0.346805
-0.735884
0.346856
-0.736151
0.346956
-0.736411
0.34705
-0.737091
0.347314
-0.73723
0.347375
-0.73792
0.347704
-0.73792
0.347704
-0.738603
0.34803
-0.738603
0.34803
-0.739144
0.348275
-0.739279
0.348335
-0.739911
0.348609
-0.739647
0.348493
-0.681187
0.321278
-0.668877
0.315491
-0.477595
0.225075
-0.45724
0.215437
-0.257029
0.120777
-0.238573
0.112073
-0.0578729
0.0271437
-0.0465085
0.0218235
-0.0479803
0.0220687
-0.0479803
0.0220687
-0.0479803
0.0220687
-0.310946
0.156516
-0.345887
0.174333
-0.674306
0.334981
-0.674306
0.334981
-0.88139
0.419383
-0.891935
0.422873
-0.922382
0.426706
-0.919153
0.424537
-0.850088
0.390659
-0.841206
0.386786
-0.767345
0.356125
-0.760757
0.353512
-0.717717
0.336988
-0.717717
0.336988
-0.717717
0.336988
-0.715097
0.336099
-0.716499
0.336613
-0.735277
0.34335
-0.737674
0.344195
-0.744853
0.345187
-0.744853
0.345187
-0.641818
0.296094
-0.625262
0.288316
-0.589713
0.271644
-0.458491
0.209019
-0.455174
0.207299
-0.520339
0.236944
-0.534982
0.243649
-0.697179
0.317658
-0.712227
0.324534
-0.832595
0.381329
-0.837187
0.383753
-0.743453
0.345381
-0.743453
0.345381
-0.725762
0.337359
-0.725762
0.337359
-0.707039
0.328835
-0.580923
0.270526
-0.579415
0.270037
-0.647282
0.303814
-0.657268
0.30847
-0.710351
0.332815
-0.710351
0.332815
-0.700103
0.325587
-0.700103
0.325587
-0.729162
0.339157
-0.733391
0.341274
-0.746342
0.347808
-0.766305
0.358072
-0.772999
0.361602
-0.772999
0.361602
-0.781458
0.366152
-0.790206
0.371243
-0.790206
0.371243
-0.793262
0.373833
-0.793108
0.373944
-0.792337
0.373932
-0.791762
0.373828
-0.788479
0.372884
-0.781001
0.370152
-0.781001
0.370152
-0.781001
0.370152
-0.776694
0.368465
-0.775697
0.368061
-0.77241
0.366637
-0.771759
0.366334
-0.770682
0.365802
-0.769851
0.365358
-0.769144
0.364889
-0.769005
0.364591
-0.76909
0.364571
-0.769583
0.364622
-0.770066
0.36473
-0.770992
0.364987
-0.772067
0.36533
-0.773221
0.365731
-0.774381
0.366171
-0.774759
0.366319
-0.775493
0.366615
-0.776827
0.367179
-0.777127
0.367312
-0.777951
0.367701
-0.778434
0.367949
-0.779239
0.368407
-0.77941
0.368516
-0.779856
0.368822
-0.780106
0.369012
-0.78042
0.369274
-0.780601
0.369439
-0.780839
0.369671
-0.781054
0.36989
-0.781193
0.370029
-0.7814
0.370231
-0.781542
0.370356
-0.781689
0.370475
-0.781927
0.370647
-0.782098
0.370757
-0.782381
0.370924
-0.782691
0.371094
-0.78291
0.371206
-0.783378
0.371437
-0.783502
0.371495
-0.783881
0.371665
-0.784267
0.371832
-0.784531
0.371942
-0.784799
0.372054
-0.785205
0.372224
-0.785609
0.372398
-0.786144
0.372671
-0.786275
0.372747
-0.786531
0.372905
-0.786895
0.373149
-0.787251
0.373405
-0.787481
0.373589
-0.787708
0.373784
-0.788045
0.374098
-0.788268
0.374315
-0.788601
0.374656
-0.788823
0.374895
-0.789154
0.375259
-0.789374
0.375505
-0.789705
0.375875
-0.789926
0.37612
-0.790149
0.376363
-0.790493
0.376724
-0.790842
0.377074
-0.79108
0.3773
-0.791557
0.377745
-0.791677
0.377852
-0.792039
0.378161
-0.792402
0.378453
-0.792644
0.378631
-0.792888
0.378805
-0.793254
0.379057
-0.793627
0.379293
-0.794007
0.379528
-0.794261
0.379683
-0.794515
0.379832
-0.794768
0.379976
-0.795022
0.380116
-0.795528
0.380388
-0.795781
0.380526
-0.796034
0.380667
-0.796409
0.380888
-0.79666
0.381035
-0.797039
0.381256
-0.797292
0.381408
-0.797677
0.381639
-0.797935
0.381798
-0.798326
0.382035
-0.798717
0.382276
-0.798981
0.382435
-0.799374
0.382672
-0.799635
0.382825
-0.800023
0.383045
-0.80028
0.383187
-0.800665
0.383392
-0.801048
0.383592
-0.801305
0.383723
-0.801938
0.384051
-0.802064
0.384114
-0.802188
0.384174
-0.802548
0.384344
-0.802912
0.384493
-0.803161
0.384598
-0.803413
0.384712
-0.803797
0.384893
-0.804186
0.385082
-0.804446
0.385213
-0.80562
0.38584
-0.805744
0.385906
-0.805979
0.386031
-0.806306
0.386189
-0.806517
0.386253
-0.806827
0.386318
-0.807032
0.386349
-0.807344
0.386386
-0.807555
0.386412
-0.807884
0.386467
-0.808112
0.386517
-0.808465
0.386613
-0.808709
0.386693
-0.809085
0.386838
-0.809342
0.386952
-0.809736
0.387145
-0.810003
0.387289
-0.810404
0.387518
-0.810672
0.387679
-0.811079
0.387931
-0.811352
0.388107
-0.811761
0.388376
-0.812034
0.38856
-0.812438
0.388831
-0.813104
0.389268
-0.813104
0.389268
-0.813367
0.389436
-0.813749
0.389683
-0.81413
0.389908
-0.814388
0.390061
-0.814647
0.390217
-0.815035
0.390447
-0.815425
0.390668
-0.815686
0.390815
-0.815946
0.390964
-0.81634
0.391185
-0.816734
0.391401
-0.817129
0.391614
-0.817261
0.391687
-0.818057
0.39211
-0.818057
0.39211
-0.818451
0.392298
-0.818706
0.392416
-0.818963
0.392527
-0.819351
0.392692
-0.81961
0.392804
-0.819873
0.392919
-0.820266
0.3931
-0.820667
0.393299
-0.821072
0.393513
-0.821345
0.393665
-0.821755
0.393894
-0.82203
0.394045
-0.822442
0.394266
-0.822848
0.394487
-0.822982
0.394559
-0.823384
0.394778
-0.823776
0.39499
-0.824176
0.3952
-0.824443
0.395343
-0.824708
0.395486
-0.825106
0.395692
-0.825375
0.395822
-0.825779
0.396018
-0.826051
0.39615
-0.826459
0.396348
-0.826729
0.396478
-0.827134
0.396676
-0.827402
0.39681
-0.827804
0.397013
-0.828204
0.397217
-0.828599
0.397419
-0.828862
0.397555
-0.829124
0.397688
-0.829384
0.397818
-0.829778
0.398008
-0.830043
0.398132
-0.830445
0.398321
-0.830849
0.39852
-0.831121
0.398657
-0.831393
0.398797
-0.831802
0.399007
-0.832074
0.399145
-0.832485
0.39935
-0.832897
0.399556
-0.833174
0.399693
-0.833587
0.399897
-0.83386
0.400032
-0.83413
0.400164
-0.835189
0.400681
-0.835189
0.400681
-0.835189
0.400681
-0.835564
0.400872
-0.835803
0.400995
-0.836175
0.401171
-0.836431
0.401294
-0.836823
0.401485
-0.83709
0.401615
-0.8375
0.401815
-0.837777
0.401952
-0.838198
0.402158
-0.838481
0.402298
-0.838904
0.402506
-0.839183
0.402646
-0.839605
0.402857
-0.84003
0.403057
-0.840313
0.403193
-0.840731
0.403402
-0.841004
0.403539
-0.841412
0.403737
-0.841686
0.403867
-0.841959
0.403992
-0.842368
0.404178
-0.842773
0.404363
-0.843042
0.40449
-0.843444
0.404689
-0.843712
0.404823
-0.84411
0.405017
-0.844378
0.405147
-0.844648
0.405276
-0.845056
0.405475
-0.845467
0.405674
-0.845877
0.405875
-0.846153
0.406013
-0.84656
0.406217
-0.84683
0.406349
-0.847101
0.406475
-0.847508
0.406665
-0.847782
0.406793
-0.848195
0.406989
-0.848606
0.407193
-0.848881
0.407331
-0.849291
0.407543
-0.849565
0.407682
-0.849973
0.407883
-0.850247
0.408016
-0.850519
0.408147
-0.8512
0.408474
-0.851336
0.408539
-0.851604
0.408672
-0.852132
0.408927
-0.852264
0.408985
-0.852659
0.40916
-0.853185
0.409397
-0.853318
0.409459
-0.853585
0.409587
-0.85398
0.409779
-0.854248
0.409899
-0.854654
0.41009
-0.854928
0.410224
-0.855338
0.410428
-0.855611
0.410568
-0.856025
0.410787
-0.856303
0.410937
-0.856722
0.411161
-0.857002
0.411311
-0.857422
0.411538
-0.857702
0.41169
-0.858119
0.411909
-0.85853
0.412122
-0.858804
0.412263
-0.859079
0.412405
-0.859492
0.412612
-0.859903
0.412812
-0.86018
0.412947
-0.860593
0.413151
-0.861001
0.41335
-0.861136
0.413414
-0.861537
0.413601
-0.861805
0.413723
-0.862208
0.413895
-0.862615
0.41407
-0.863025
0.414244
-0.863302
0.414362
-0.863717
0.414535
-0.863993
0.414645
-0.864407
0.414799
-0.864687
0.414897
-0.865105
0.415032
-0.865382
0.415118
-0.8658
0.415246
-0.86608
0.415333
-0.866501
0.415463
-0.866782
0.415553
-0.867206
0.415689
-0.867489
0.415783
-0.867914
0.41593
-0.868338
0.416085
-0.868763
0.416242
-0.869045
0.416348
-0.869325
0.416453
-0.869742
0.41661
-0.870149
0.416763
-0.870419
0.416869
-0.87069
0.416978
-0.87096
0.417089
-0.87151
0.417315
-0.871787
0.41743
-0.872063
0.41755
-0.872473
0.417734
-0.872885
0.417918
-0.873162
0.418044
-0.873578
0.418236
-0.873857
0.418364
-0.874134
0.418489
-0.874545
0.418675
-0.87496
0.418859
-0.87524
0.418988
-0.875658
0.419189
-0.875938
0.419323
-0.876218
0.419453
-0.87664
0.419648
-0.87692
0.419778
-0.877343
0.419974
-0.877766
0.420174
-0.878045
0.420308
-0.878463
0.420503
-0.878741
0.420632
-0.87915
0.420823
-0.879421
0.42095
-0.879824
0.42114
-0.880225
0.421334
-0.88049
0.421463
-0.880892
0.421657
-0.881026
0.42172
-0.881428
0.421907
-0.881836
0.422098
-0.882111
0.422223
-0.882529
0.422419
-0.882813
0.422553
-0.883243
0.422756
-0.883531
0.422895
-0.883963
0.423105
-0.884394
0.423313
-0.884681
0.423451
-0.885108
0.423657
-0.885388
0.42379
-0.885665
0.423921
-0.886078
0.424115
-0.88635
0.424243
-0.886757
0.424437
-0.887164
0.424633
-0.887435
0.42476
-0.887707
0.424892
-0.888115
0.425091
-0.888523
0.425287
-0.8888
0.425421
-0.889216
0.42563
-0.889493
0.425766
-0.889909
0.425968
-0.890189
0.426104
-0.89061
0.426304
-0.890889
0.426438
-0.891307
0.426636
-0.891585
0.42677
-0.892002
0.426969
-0.892279
0.427102
-0.892691
0.4273
-0.893099
0.427501
-0.89337
0.427635
-0.893639
0.427773
-0.894044
0.427976
-0.894449
0.428175
-0.894719
0.428308
-0.89499
0.428442
-0.895535
0.428709
-0.89581
0.42884
-0.896361
0.4291
-0.896361
0.4291
-0.896771
0.42929
-0.897171
0.429464
-0.897441
0.42958
-0.897851
0.429764
-0.898266
0.429952
-0.898544
0.430076
-0.898958
0.43027
-0.899231
0.4304
-0.899645
0.430599
-0.89992
0.430735
-0.900196
0.43087
-0.900616
0.431075
-0.901037
0.431285
-0.901317
0.431425
-0.901739
0.431638
-0.90202
0.431777
-0.902437
0.431983
-0.903126
0.432322
-0.903126
0.432322
-0.903532
0.432523
-0.903796
0.432653
-0.904195
0.432836
-0.90501
0.433216
-0.90501
0.433216
-0.905279
0.433343
-0.905795
0.433583
-0.905795
0.433583
-0.906443
0.433872
-0.906443
0.433872
-0.906839
0.434036
-0.907097
0.434137
-0.907496
0.4343
-0.90791
0.434486
-0.908338
0.434691
-0.908626
0.434836
-0.908915
0.434986
-0.90935
0.435213
-0.909642
0.435364
-0.909935
0.435517
-0.910515
0.43583
-0.910803
0.435987
-0.91109
0.436143
-0.911518
0.436377
-0.9118
0.436523
-0.912219
0.436738
-0.912498
0.436881
-0.912917
0.437094
-0.913334
0.437303
-0.91389
0.437576
-0.914028
0.437642
-0.914303
0.437769
-0.914705
0.437948
-0.914974
0.438063
-0.915381
0.43824
-0.915652
0.438361
-0.915923
0.438481
-0.916336
0.438667
-0.916613
0.438792
-0.91703
0.438985
-0.917449
0.439184
-0.917732
0.43932
-0.918159
0.439528
-0.918446
0.439664
-0.918874
0.439867
-0.919159
0.440002
-0.919582
0.440204
-0.919863
0.44034
-0.920282
0.440541
-0.920561
0.440676
-0.920974
0.440873
-0.921248
0.441002
-0.921659
0.441188
-0.922206
0.441439
-0.922477
0.441563
-0.922613
0.441627
-0.923016
0.441817
-0.923285
0.44194
-0.923695
0.442124
-0.923971
0.442253
-0.924391
0.442452
-0.924815
0.442656
-0.9251
0.442796
-0.925386
0.442939
-0.925814
0.443156
-0.92624
0.443372
-0.926669
0.44359
-0.926953
0.443736
-0.927234
0.443879
-0.927646
0.444087
-0.928056
0.444287
-0.928327
0.444418
-0.928731
0.444611
-0.929
0.444737
-0.929403
0.444922
-0.929538
0.444983
-0.929948
0.445167
-0.930361
0.445353
-0.930638
0.445477
-0.931059
0.445673
-0.93134
0.445807
-0.931765
0.446014
-0.93219
0.446225
-0.932475
0.446367
-0.932898
0.446582
-0.933179
0.446723
-0.933599
0.446931
-0.933877
0.44707
-0.934291
0.447275
-0.934567
0.44741
-0.934976
0.447605
-0.935383
0.447799
-0.935656
0.447929
-0.936067
0.448124
-0.936342
0.448254
-0.936753
0.448446
-0.93703
0.448577
-0.937443
0.448771
-0.937721
0.4489
-0.938138
0.449094
-0.938553
0.449285
-0.93883
0.449412
-0.939244
0.449604
-0.939517
0.449731
-0.939924
0.44992
-0.940329
0.450107
-0.9406
0.45023
-0.94087
0.450357
-0.941139
0.450483
-0.941542
0.450673
-0.941815
0.450803
-0.942231
0.451001
-0.942512
0.451138
-0.942937
0.45135
-0.943222
0.451497
-0.943648
0.451719
-0.944073
0.451942
-0.944359
0.452091
-0.944787
0.452317
-0.94507
0.452463
-0.945491
0.452674
-0.945771
0.452813
-0.94619
0.453012
-0.946467
0.453145
-0.946882
0.453342
-0.947158
0.453474
-0.947571
0.453673
-0.947846
0.453807
-0.948259
0.454008
-0.948673
0.454206
-0.948952
0.454337
-0.949368
0.454534
-0.949643
0.454664
-0.950054
0.454856
-0.950331
0.454982
-0.950745
0.455167
-0.95102
0.45529
-0.951433
0.455475
-0.951709
0.455597
-0.952121
0.455773
-0.952395
0.455888
-0.952811
0.456063
-0.95309
0.456179
-0.953512
0.456352
-0.953795
0.45647
-0.954365
0.456705
-0.954508
0.456764
-0.954935
0.456938
-0.955218
0.457054
-0.955644
0.457225
-0.95593
0.457342
-0.956356
0.457515
-0.95678
0.457693
-0.957061
0.457812
-0.957342
0.457935
-0.958039
0.458249
-0.958179
0.458314
-0.958455
0.458443
-0.958726
0.458572
-0.959135
0.458754
-0.959546
0.458938
-0.959821
0.459063
-0.960099
0.459192
-0.960519
0.45939
-0.96094
0.45959
-0.961222
0.459726
-0.961504
0.459865
-0.961923
0.460075
-0.962344
0.460288
-0.962766
0.460503
-0.963047
0.460648
-0.963326
0.460791
-0.963743
0.460998
-0.964019
0.461131
-0.964438
0.461329
-0.964718
0.461464
-0.965139
0.461665
-0.965562
0.461865
-0.965703
0.461932
-0.966127
0.462132
-0.966552
0.462329
-0.966975
0.462522
-0.96726
0.462657
-0.967684
0.462859
-0.968109
0.463053
-0.968391
0.463177
-0.968671
0.4633
-0.969087
0.463481
-0.969362
0.463597
-0.969774
0.463773
-0.970048
0.463894
-0.970459
0.46408
-0.970732
0.464209
-0.971144
0.464406
-0.971418
0.464543
-0.971832
0.464749
-0.972108
0.464893
-0.972524
0.465106
-0.972802
0.465249
-0.97322
0.465465
-0.973499
0.465612
-0.973916
0.465822
-0.974333
0.466026
-0.97461
0.46616
-0.974886
0.466294
-0.975304
0.466495
-0.975724
0.466686
-0.976006
0.466816
-0.976431
0.46701
-0.976711
0.46714
-0.977131
0.46733
-0.977547
0.467523
-0.977825
0.467652
-0.978239
0.467847
-0.978513
0.467973
-0.978921
0.468159
-0.979195
0.468282
-0.979469
0.468404
-0.979879
0.468588
-0.980289
0.468772
-0.980567
0.468896
-0.980846
0.469026
-0.981265
0.469227
-0.981685
0.469434
-0.981964
0.469571
-0.982382
0.469783
-0.98266
0.469924
-0.983076
0.470137
-0.98349
0.470354
-0.983767
0.470496
-0.98418
0.470712
-0.984589
0.470921
-0.984724
0.470989
-0.985132
0.471191
-0.985538
0.471382
-0.985808
0.471504
-0.986218
0.471689
-0.986491
0.471816
-0.986902
0.472011
-0.987177
0.472145
-0.987589
0.472351
-0.987866
0.472487
-0.988281
0.472698
-0.988558
0.47284
-0.988973
0.473046
-0.98925
0.473178
-0.98967
0.473377
-0.990092
0.473581
-0.99037
0.473719
-0.990787
0.473926
-0.991064
0.474063
-0.99134
0.474193
-0.991749
0.474385
-0.992023
0.474512
-0.992437
0.474703
-0.992854
0.474898
-0.993269
0.475107
-0.993548
0.47525
-0.993963
0.475461
-0.994235
0.475596
-0.994645
0.475794
-0.994917
0.475926
-0.995327
0.476121
-0.995874
0.476367
-0.996013
0.47643
-0.996287
0.476557
-0.996694
0.476742
-0.996966
0.47686
-0.997379
0.477043
-0.997929
0.47731
-0.998067
0.477376
-0.998478
0.477577
-0.998752
0.477707
-0.999162
0.477902
-0.999436
0.478037
-0.999712
0.478169
-1.00013
0.478372
-1.00054
0.478582
-1.00083
0.478726
-1.00125
0.478941
-1.00154
0.479084
-1.00211
0.479366
-1.00226
0.479435
-1.00267
0.479637
-1.00292
0.47977
-1.00327
0.479954
-1.00358
0.480139
-1.00383
0.480329
-1.00397
0.480459
-1.00409
0.480595
-1.00423
0.480795
-1.0043
0.480927
-1.00437
0.481128
-1.0044
0.481263
-1.00442
0.481468
-1.00442
0.481607
-1.00441
0.481745
-1.00438
0.481954
-1.00434
0.482151
-1.0043
0.482279
-1.00424
0.482467
-1.0042
0.482587
-1.00413
0.482763
-1.00406
0.482932
-1.00402
0.483039
-1.00395
0.483194
-1.00386
0.483384
-1.00384
0.483428
-1.0038
0.483513
-1.00376
0.483593
-1.0037
0.483703
-1.00366
0.483781
-1.00361
0.483899
-1.00357
0.483975
-1.00352
0.484088
-1.00349
0.48417
-1.00345
0.484292
-1.00341
0.484409
-1.00338
0.484488
-1.00336
0.484564
-1.00332
0.484669
-1.00328
0.484762
-1.00326
0.484819
-1.00323
0.4849
-1.00321
0.484943
-1.00317
0.484999
-1.00314
0.485059
-1.00312
0.485096
-1.0031
0.485128
-1.00307
0.485163
-1.00306
0.48518
-1.00303
0.485208
-1.00301
0.485229
-1.00298
0.485261
-1.00296
0.485286
-1.00293
0.485322
-1.00291
0.485348
-1.00288
0.485386
-1.00287
0.485413
-1.00283
0.485466
-1.00282
0.48548
-1.00278
0.485518
-1.00277
0.485538
-1.00275
0.485554
-1.00273
0.485571
-1.0027
0.485585
-1.00268
0.485596
-1.00266
0.485603
-1.00264
0.485615
-1.00262
0.485637
-1.00259
0.485653
-1.00257
0.485669
-1.00256
0.485689
-1.00253
0.485717
-1.00251
0.485739
-1.00249
0.485759
-1.00246
0.485812
-1.00243
0.485839
-1.00243
0.485847
-1.00241
0.485863
-1.00239
0.48588
-1.00236
0.485881
-1.00235
0.485881
-1.00233
0.485889
-1.0023
0.485912
-1.00229
0.485926
-1.00227
0.485945
-1.00225
0.485967
-1.00223
0.485975
-1.00221
0.485988
-1.0022
0.486006
-1.00218
0.486031
-1.00215
0.48605
-1.00214
0.486063
-1.00213
0.486079
-1.00211
0.486105
-1.00208
0.486126
-1.00207
0.486137
-1.00206
0.486146
-1.00204
0.486156
-1.00202
0.486157
-1.002
0.486162
-1.00198
0.486182
-1.00197
0.486188
-1.00195
0.486211
-1.00194
0.486229
-1.00192
0.486247
-1.00191
0.486252
-1.00189
0.486254
-1.00187
0.486255
-1.00186
0.486262
-1.00184
0.486264
-1.00183
0.486269
-1.00181
0.486276
-1.0018
0.486291
-1.00178
0.486304
-1.00177
0.486322
-1.00176
0.486338
-1.00174
0.486366
-1.00172
0.486402
-1.00171
0.486423
-1.0017
0.486444
-1.00168
0.48647
-1.00167
0.486485
-1.00165
0.486505
-1.00164
0.486524
-1.00162
0.486533
-1.00161
0.486538
-1.0016
0.48654
-1.00159
0.486539
-1.00158
0.486535
-1.00156
0.486523
-1.00155
0.486511
-1.00153
0.486497
-1.00152
0.486491
-1.00151
0.48648
-1.00149
0.486472
-1.00148
0.486454
-1.00147
0.486444
-1.00146
0.486439
-1.00144
0.48642
-1.00144
0.486415
-1.00142
0.486404
-1.00141
0.486395
-1.0014
0.486375
-1.00138
0.486365
-1.00138
0.486356
-1.00136
0.486351
-1.00135
0.486342
-1.00134
0.486337
-1.00133
0.486322
-1.00132
0.486311
-1.00131
0.486309
-1.0013
0.486314
-1.00129
0.48633
-1.00128
0.486336
-1.00127
0.486354
-1.00126
0.486361
-1.00125
0.486369
-1.00124
0.486393
-1.00123
0.486408
-1.00122
0.486429
-1.0012
0.486442
-1.0012
0.486444
-1.00119
0.486441
-1.00118
0.48642
-1.00117
0.486399
-1.00116
0.486375
-1.00115
0.486358
-1.00114
0.486331
-1.00113
0.486297
-1.00112
0.486277
-1.00111
0.486242
-1.0011
0.486217
-1.00109
0.486187
-1.00108
0.48617
-1.00107
0.486145
-1.00106
0.486128
-1.00105
0.486102
-1.00104
0.486084
-1.00103
0.48606
-1.00103
0.486042
-1.00102
0.486011
-1.00101
0.485993
-1.001
0.485972
-1.00099
0.485946
-1.00099
0.485932
-1.00098
0.485915
-1.00097
0.485894
-1.00096
0.485877
-1.00096
0.485878
-1.00095
0.485892
-1.00094
0.485909
-1.00093
0.485938
-1.00093
0.485957
-1.00092
0.485982
-1.00091
0.485999
-1.0009
0.486016
-1.00089
0.486031
-1.00089
0.486036
-1.00088
0.48604
-1.00087
0.486043
-1.00087
0.486032
-1.00086
0.48601
-1.00085
0.486008
-1.00085
0.486007
-1.00084
0.486006
-1.00083
0.486009
-1.00083
0.486018
-1.00082
0.486029
-1.00081
0.486033
-1.00081
0.486042
-1.0008
0.486063
-1.00079
0.486076
-1.00078
0.486094
-1.00078
0.486098
-1.00077
0.486103
-1.00076
0.486115
-1.00076
0.486115
-1.00075
0.486116
-1.00074
0.486131
-1.00074
0.486141
-1.00073
0.486157
-1.00073
0.486177
-1.00072
0.48618
-1.00072
0.486178
-1.00071
0.486176
-1.0007
0.486163
-1.0007
0.486143
-1.00068
0.486099
-1.00068
0.486099
-1.00068
0.4861
-1.00067
0.486095
-1.00066
0.486043
-1.00066
0.486004
-1.00065
0.485958
-1.00064
0.485878
-1.00064
0.485817
-1.00063
0.485732
-1.00063
0.48568
-1.00063
0.485615
-1.00062
0.485588
-1.00062
0.48556
-1.00061
0.48555
-1.0006
0.485548
-1.0006
0.485551
-1.0006
0.485565
-1.00059
0.485581
-1.00059
0.485599
-1.00058
0.485637
-1.00058
0.485688
-1.00057
0.485727
-1.00057
0.485798
-1.00057
0.485852
-1.00056
0.485993
-1.00056
0.486023
-1.00054
0.486201
-1.00054
0.486201
-1.00054
0.486243
-1.00054
0.486276
-1.00053
0.486297
-1.00053
0.486322
-1.00052
0.486352
-1.00052
0.486366
-1.00052
0.486418
-1.00051
0.486484
-1.00051
0.486529
-1.00051
0.486582
-1.0005
0.48667
-1.0005
0.486763
-1.00049
0.486832
-1.00049
0.486938
-1.00048
0.487035
-1.00048
0.487092
-1.00047
0.487179
-1.00047
0.487232
-1.00046
0.487293
-1.00046
0.487327
-1.00045
0.487367
-1.00045
0.487384
-1.00045
0.487394
-1.00044
0.487402
-1.00044
0.487399
-1.00044
0.487403
-1.00043
0.48741
-1.00043
0.487417
-1.00043
0.48743
-1.00042
0.487439
-1.00042
0.487453
-1.00042
0.487467
-1.00041
0.487483
-1.00041
0.487517
-1.0004
0.487551
-1.0004
0.487591
-1.0004
0.48761
-1.00039
0.487641
-1.00039
0.487653
-1.00039
0.487655
-1.00038
0.487655
-1.00038
0.48766
-1.00038
0.487666
-1.00037
0.487676
-1.00037
0.487696
-1.00037
0.487717
-1.00036
0.487739
-1.00036
0.487758
-1.00036
0.487789
-1.00035
0.487828
-1.00035
0.487858
-1.00035
0.487907
-1.00035
0.487942
-1.00034
0.487984
-1.00034
0.488008
-1.00034
0.488038
-1.00033
0.488052
-1.00033
0.488059
-1.00033
0.488069
-1.00033
0.488074
-1.00032
0.488077
-1.00032
0.48809
-1.00032
0.488106
-1.00032
0.48815
-1.00031
0.488183
-1.00031
0.488183
-1.00031
0.488202
-1.0003
0.488211
-1.0003
0.488208
-1.0003
0.488212
-1.0003
0.488221
-1.00029
0.488232
-1.00029
0.488234
-1.00029
0.48823
-1.00028
0.488219
-1.00028
0.488219
-1.00028
0.488209
-1.00027
0.488085
-1.00027
0.488062
-1.00026
0.487599
-1.00026
0.487543
-0.976521
0.474437
-0.975679
0.473862
-0.986252
0.479227
-0.986252
0.479227
-0.999119
0.487283
-0.996942
0.486287
-0.919357
0.445158
-0.918681
0.444512
-0.928525
0.448465
-0.928525
0.448465
-0.934249
0.451817
-0.963353
0.470722
-0.966403
0.472803
-0.984705
0.485073
-0.984705
0.485073
-0.986838
0.486328
-0.992502
0.489381
-1.00176
0.492255
-1.00269
0.492266
-1.00428
0.492078
-1.00556
0.491651
-1.00655
0.490965
-1.00757
0.489574
-1.00799
0.488501
-1.0083
0.486788
-1.00833
0.48564
-1.00816
0.483995
-1.00794
0.482993
-1.00748
0.48169
-1.00712
0.480968
-1.00652
0.480112
-1.0061
0.479705
-1.00526
0.479279
-1.00485
0.479248
-1.00445
0.479324
-1.00388
0.479603
-1.00353
0.479889
-1.00305
0.480428
-1.00263
0.48106
-1.00238
0.481507
-1.00205
0.482181
-1.00187
0.48262
-1.0017
0.483041
-1.00149
0.483624
-1.00138
0.483963
-1.00125
0.484412
-1.00115
0.484776
-1.00109
0.48497
-1.00105
0.485124
-1.00101
0.485277
-1.00099
0.48533
-1.00098
0.485351
-1.00098
0.485321
-1.00098
0.485276
-1.00099
0.485168
-1.001
0.485075
-1.00101
0.484928
-1.00102
0.484829
-1.00103
0.484672
-1.00104
0.484576
-1.00106
0.484431
-1.00106
0.484342
-1.00108
0.484237
-1.00108
0.484183
-1.00108
0.484138
-1.00109
0.484048
-1.00109
0.484034
-1.00109
0.484007
-1.00109
0.48397
-1.00109
0.483938
-1.00109
0.483936
-1.00108
0.483945
-1.00108
0.483955
-1.00107
0.483966
-1.00106
0.48398
-1.00106
0.483994
-1.00105
0.484029
-1.00104
0.48407
-1.00103
0.484092
-1.00102
0.484115
-1.00102
0.484128
-1.00101
0.484146
-1.001
0.484156
-1.00099
0.484169
-1.00098
0.484181
-1.00097
0.484186
