0
-32.9577
0
0
0
0
0
0
0
0
0
0
0
0
0
0
0
0
0
0
0
0
0
0
0
0
0
0
0
0
0
0
0
0
0
0
0
0
0
0
0
0
0
0
0
0
0
0
0
0
0
0
0
0
0
0
0
0
0
0
0
0
0
0
0
0
0
0
0
0
0
0
0
0
0
0
0
0
0
1.52602e-05
0.000431061
0.00437546
0.0132675
0.0237846
0.0470009
0.0677948
0.107197
0.138859
0.194061
0.241138
0.304676
0.354626
0.434769
0.491264
0.579926
0.649044
0.73605
0.800777
0.8997
0.966614
1.07656
1.14476
1.27328
1.37637
1.41075
1.48804
1.58233
1.65927
1.75299
1.82938
1.92236
1.9897
2.09028
2.15705
2.25678
2.35604
2.42197
2.52054
2.58605
2.68404
2.7492
2.81424
2.91161
3.00878
3.07347
3.17844
3.23491
3.33161
3.42823
3.49259
3.56497
3.65338
3.71765
3.81402
3.87823
3.98254
4.0387
4.14293
4.2311
4.29519
4.35927
4.45535
4.51938
4.61539
4.71135
5.45048
5.45048
5.45156
5.45226
5.45332
5.45386
5.45475
5.45557
5.45583
5.45658
5.45751
5.45799
5.45875
5.45895
5.46003
5.46003
5.46054
5.46087
5.46133
5.46148
5.46228
5.4634
5.4634
5.46437
5.46437
5.46437
5.4645
5.46505
5.46533
5.46577
5.46588
5.46629
5.46656
5.46697
5.46739
5.46769
5.46815
5.46861
5.46876
5.46922
5.46967
5.47017
5.47047
5.4709
5.47114
5.47158
5.47182
5.47237
5.47292
5.47292
5.47333
5.47364
5.47402
5.47447
5.47471
5.47498
5.47543
5.47567
5.47608
5.4766
5.47673
5.477
5.47746
5.47758
5.47795
5.47831
5.47883
5.47892
5.47929
5.47969
5.48002
5.48027
5.49484
5.50419
5.50425
5.50433
5.50446
5.50457
5.50469
5.50478
5.50501
5.5051
5.50515
5.50529
5.50538
5.50552
5.5057
5.50574
5.50584
5.50597
5.50611
5.5062
5.50631
5.50643
5.50652
5.50666
5.50676
5.50689
5.50735
5.50739
5.50753
5.50786
5.50786
5.50796
5.50802
5.50811
5.50817
5.50826
5.50832
5.50844
5.5085
5.50857
5.50863
5.50872
5.50879
5.50887
5.50893
5.50903
5.50912
5.50918
5.50928
5.50936
5.50939
5.50948
5.50957
5.50966
5.50973
5.50982
5.50985
5.50994
5.51003
5.51013
5.51018
5.51027
5.51034
5.5104
5.51049
5.51059
5.51064
5.51073
5.51079
5.51089
5.51098
5.51107
5.51113
5.51122
5.51128
5.51135
5.5114
5.5115
5.51159
5.51166
5.51177
5.51186
5.51189
5.51196
5.51205
5.51214
5.5122
5.51229
5.51238
5.51244
5.51253
5.51259
5.51269
5.51275
5.51284
5.51291
5.51299
5.51302
5.51306
5.5131
5.51315
5.5132
5.51324
5.51326
5.51329
5.51335
5.51337
5.51342
5.51346
5.51349
5.51354
5.51358
5.51361
5.51364
5.51369
5.51373
5.51377
5.51381
5.51384
5.51389
5.51393
5.51407
5.51407
5.51409
5.51412
5.51425
5.51425
5.51431
5.51435
5.51439
5.51442
5.51446
5.5145
5.51453
5.51457
5.51461
5.51465
5.51471
5.51473
5.51476
5.5148
5.51485
5.51488
5.51499
5.515
5.515
5.51505
5.51509
5.51514
5.51517
5.51521
5.51525
5.51531
5.51532
5.51537
5.5154
5.51543
5.51547
5.51552
5.51557
5.51561
5.51563
5.51568
5.5157
5.51575
5.51578
5.51583
5.51587
5.5159
5.51595
5.51598
5.51602
5.51607
5.5161
5.51615
5.51618
5.51622
5.51625
5.5163
5.51633
5.51637
5.51642
5.51645
5.5165
5.51653
5.51657
5.5166
5.51663
5.51668
5.51673
5.51676
5.51681
5.51683
5.51688
5.51691
5.51698
5.517
5.51703
5.51706
5.51711
5.51716
5.51718
5.51724
5.51726
5.51731
5.51734
5.51737
5.51743
5.51746
5.51749
5.51753
5.51756
5.51761
5.51766
5.51769
5.51773
5.51774
5.51763
5.51756
5.51773
5.51834
5.52052
5.52478
5.52901
5.5376
5.54486
5.55793
5.57339
5.579
5.59855
5.618
5.62976
5.65205
5.66415
5.68479
5.70504
5.75557
5.75557
5.77293
5.81981
5.81981
5.8293
5.84301
5.85184
5.86047
5.87311
5.88138
5.89364
5.91793
5.92199
5.92199
5.93423
5.94658
5.95489
5.96432
5.97598
5.98455
5.99754
6.01068
6.01952
6.03288
6.04634
6.05535
6.06438
6.07798
6.08704
6.10064
6.11423
6.12326
6.1334
6.14688
6.15471
6.1681
6.18141
6.19026
6.19907
6.21224
6.22536
6.23407
6.24711
6.25577
6.26442
6.27737
6.29028
6.29889
6.31176
6.3214
6.33319
6.34177
6.35463
6.36317
6.37599
6.38881
6.39735
6.4059
6.41871
6.42726
6.44435
6.44862
6.46567
6.47844
6.4827
6.49121
6.50399
6.5125
6.52526
6.53375
6.54647
6.5592
6.56768
6.57617
6.59313
6.60268
6.61114
6.61853
6.63121
6.64495
6.65657
6.66608
6.67348
6.68616
6.69461
6.70729
6.71997
6.72843
6.74637
6.74637
6.75795
6.77059
6.78322
6.79165
6.80428
6.84218
6.84218
6.85061
6.88956
6.89272
6.90114
6.91378
6.9264
6.93479
6.94318
6.95577
6.96413
6.97772
6.98504
6.99862
7.01012
7.01848
7.02685
7.03939
7.05298
7.06134
7.06867
7.08126
7.10331
7.10646
7.11489
7.12331
7.1402
7.14443
7.15711
7.16665
7.17832
7.18682
7.19959
7.20917
7.22092
7.22947
7.24232
7.2509
7.26809
7.28531
7.28531
7.29502
7.3069
7.32419
7.33286
7.34586
7.35561
7.36319
7.37733
7.38494
7.39798
7.40668
7.41973
7.42952
7.44152
7.45025
7.45898
7.47316
7.48628
7.49394
7.50708
7.51693
7.53008
7.53887
7.55096
7.56414
7.57734
7.58616
7.59498
7.60821
7.61703
7.63026
7.63911
7.65239
7.66124
7.67451
7.68447
7.69667
7.70999
7.71887
7.73219
7.74998
7.74998
7.76446
7.77671
7.79008
7.80344
7.81238
7.82132
7.83473
7.84814
7.85262
7.86603
7.87947
7.88844
7.9019
7.91087
7.92433
7.93333
7.95133
7.95584
7.96934
7.97835
7.9919
8.00206
8.01448
8.02352
8.03709
8.04616
8.05975
8.07335
8.08241
8.09151
8.10629
8.15181
8.15181
8.16435
8.20085
8.20542
8.21454
8.22367
8.23735
8.25104
8.26016
8.26929
8.28298
8.29666
8.30579
8.31952
8.32868
8.34244
8.35163
8.36198
8.37466
8.38969
8.3978
8.41174
8.43504
8.43971
8.45376
8.46313
8.47253
8.48193
8.49607
8.50668
8.51966
8.52912
8.53858
8.55279
8.56228
8.57651
8.59077
8.6003
8.61458
8.6289
8.63845
8.648
8.66235
8.67193
8.6911
8.70069
8.7103
8.72472
8.73433
8.74394
8.7596
8.77286
8.78251
8.79215
8.81269
8.82115
8.88416
8.88901
8.95221
8.95706
9.02278
9.02278
9.08483
9.08823
9.15369
9.15848
9.16329
9.17293
9.18746
9.20204
9.21299
9.22638
9.23611
9.25557
9.26163
9.28954
9.29439
9.29439
9.31016
9.31863
9.33319
9.34775
9.35745
9.36717
9.38177
9.39642
9.4062
9.42091
9.43565
9.44551
9.45539
9.46527
9.48014
9.49629
9.50997
9.52494
9.53617
9.54993
9.55994
9.57497
9.60007
9.60007
9.61011
9.62015
9.63524
9.65035
9.66042
9.67553
9.6856
9.70076
9.71086
9.71591
9.73106
9.74626
9.76146
9.77666
9.78683
9.79826
9.81351
9.82243
9.83772
9.84791
9.86323
9.87856
9.88878
9.90412
9.91438
9.93488
9.94001
9.95028
9.967
9.98115
9.99146
10.0018
10.0173
10.0328
10.0432
10.0536
10.0692
10.0809
10.0952
10.1056
10.1213
10.137
10.1528
10.1633
10.1738
10.1896
10.2001
10.216
10.2265
10.2529
10.2582
10.2688
10.2807
10.2953
10.3112
10.3284
10.3324
10.3483
10.3603
10.3763
10.3909
10.4069
10.4175
10.4282
10.4389
10.4549
10.4656
10.487
10.4937
10.5084
10.5245
10.5353
10.5474
10.5675
10.5783
10.5958
10.5998
10.616
10.6322
10.643
10.6552
10.67
10.6863
10.6971
10.7079
10.7296
10.735
10.7513
10.7622
10.7785
10.7948
10.8111
10.8166
10.8329
10.8493
10.8602
10.8766
10.893
10.9039
10.9203
10.9326
10.9491
10.96
10.9751
10.9916
11.0026
11.0136
11.0355
11.052
11.0575
11.0686
11.0851
11.0961
11.1126
11.1292
11.1416
11.1568
11.1734
11.1789
11.1955
11.2121
11.2232
11.2343
11.2524
11.2621
11.2843
11.2954
11.3066
11.3233
11.3344
11.3455
11.3623
11.379
11.3902
11.407
11.4238
11.435
11.4518
11.4686
11.4798
11.491
11.5022
11.5191
11.5317
11.5472
11.5598
11.5753
11.5866
11.6035
11.6147
11.643
11.6486
11.6599
11.6769
11.6882
11.7052
11.7165
11.7335
11.7449
11.7562
11.7747
11.7846
11.8073
11.8187
11.8301
11.8472
11.8586
11.8757
11.8928
11.9099
11.9157
11.9343
11.95
11.9614
11.9786
11.9901
12.0087
12.0188
12.0302
12.0475
12.0647
12.0762
12.0877
12.105
12.1165
12.1338
12.1511
12.1641
12.18
12.1916
12.2089
12.2321
12.2379
12.2495
12.2669
12.2785
12.2974
12.3133
12.325
12.3366
12.354
12.3715
12.3832
12.4123
12.4123
12.4298
12.4415
12.4532
12.478
12.4941
12.5
12.5117
12.5293
12.5468
12.5644
12.5703
12.5953
12.6056
12.6173
12.6291
12.6468
12.6703
12.6821
12.6939
12.7116
12.7234
12.7486
12.753
12.7708
12.7826
12.8018
12.8122
12.83
12.8478
12.8612
12.8775
12.8894
12.9072
12.9191
12.937
12.9489
12.9787
12.9787
12.9906
13.0085
13.0265
13.0384
13.0504
13.0683
13.0803
13.0983
13.1163
13.1298
13.1463
13.1598
13.1763
13.1944
13.2305
13.2305
13.2606
13.2969
13.2969
13.2969
13.3392
13.3392
13.3694
13.4056
13.4056
13.4056
13.4419
13.4479
13.5342
13.5388
13.5509
13.5569
13.563
13.6115
13.6115
13.6599
13.672
13.672
13.672
13.6841
13.7023
13.7205
13.7326
13.7447
13.7645
13.7827
13.7933
13.8116
13.8238
13.8421
13.8543
13.8666
13.8849
13.9033
13.9156
13.9402
13.9525
13.9648
13.9772
13.9957
14.0142
14.0266
14.0451
14.0575
14.0761
14.0946
14.1505
14.1505
14.1645
14.1815
14.1955
14.2126
14.225
14.2437
14.2624
14.2748
14.2935
14.306
14.3184
14.3371
14.3558
14.3682
14.3823
14.3995
14.4182
14.4323
14.451
14.462
14.4808
14.4933
14.5137
14.5247
14.5436
14.5561
14.5766
14.5876
14.6081
14.6191
14.6396
14.6507
14.676
14.6823
14.7013
14.7139
14.7393
14.7456
14.7662
14.7837
14.7964
14.8091
14.8282
14.8409
14.86
14.8791
14.8918
14.9109
14.9237
14.9364
14.9556
14.9684
14.9876
15.0067
15.0195
15.0387
15.058
15.0708
15.0836
15.1029
15.1173
15.1478
15.1607
15.1671
15.18
15.1993
15.2138
15.2315
15.2444
15.2638
15.2767
15.2961
15.3154
15.3284
15.3413
15.3672
15.3802
15.3931
15.4142
15.4321
15.4451
15.4662
15.4792
15.4971
15.5101
15.5313
15.5427
15.5623
15.5754
15.595
15.6146
15.6277
15.6408
15.662
15.6735
15.6932
15.7063
15.726
15.7391
15.7605
15.772
15.7917
15.8049
15.8263
15.8445
15.8593
15.8709
15.8907
15.9105
15.9254
15.9452
15.9568
15.9767
15.9916
16.0098
16.0247
16.043
16.0629
16.0762
16.0912
16.1094
16.1294
16.1494
16.156
16.1827
16.1977
16.216
16.2227
16.2427
16.2628
16.2762
16.2962
16.3163
16.3297
16.3431
16.3632
16.3766
16.3967
16.4102
16.4303
16.4437
16.4639
16.4774
16.4976
16.511
16.5313
16.5447
16.565
16.5785
16.6004
16.6122
16.6325
16.6528
16.6663
16.6867
16.707
16.7138
16.7341
16.7477
16.7697
16.7816
16.802
16.8156
16.836
16.8564
16.87
16.8905
16.9126
16.9314
16.9382
16.9655
16.9791
16.9928
17.0065
17.027
17.0475
17.0681
17.0749
17.1023
17.116
17.1366
17.1435
17.1709
17.1778
17.2053
17.2259
17.2328
17.2534
17.2672
17.2896
17.3085
17.3223
17.3361
17.3499
17.3776
17.4052
17.4052
17.4398
17.4398
17.4745
17.4814
17.5091
17.5161
17.5299
17.5438
17.5785
17.5855
17.6202
17.6202
17.655
17.655
17.6828
17.6915
17.7246
17.7316
17.7999
17.8063
17.8677
17.8723
17.9071
17.9096
17.9268
17.9274
17.9292
17.9292
17.9292
17.9431
17.9454
17.995
17.995
18.0707
18.0791
18.1561
18.1668
18.2488
18.2546
18.3218
18.3289
18.3979
18.3979
18.3979
18.465
18.4717
18.5328
18.5396
18.609
18.6159
18.6748
18.6807
18.6935
18.7309
18.7351
18.7737
18.7784
18.8335
18.8398
18.9248
18.9324
19.0542
19.0542
19.0611
19.0611
19.0679
19.1269
19.1337
19.1996
19.2057
19.2505
19.2505
19.3231
19.3231
19.3891
19.3976
19.4165
19.4516
19.466
19.466
19.4896
19.5245
19.5245
19.5692
19.5767
19.5917
19.5991
19.629
19.6811
19.6811
19.6811
19.7106
19.718
19.7474
19.7548
19.7694
19.784
19.806
19.8351
19.8424
19.8716
19.8789
19.9008
19.9227
19.9446
19.9666
19.9739
19.9885
20.0179
20.0252
20.0473
20.062
20.0914
20.0988
20.1209
20.1357
20.1578
20.1726
20.1966
20.2169
20.2317
20.2539
20.2687
20.2836
20.3058
20.3206
20.3447
20.3651
20.38
20.4097
20.4171
20.4394
20.4617
20.4766
20.4914
20.5138
20.5361
20.5678
20.5734
20.5883
20.6106
20.633
20.648
20.6629
20.6854
20.7003
20.7228
20.7378
20.7621
20.7753
20.7997
20.8147
20.8279
20.8505
20.8731
20.8882
20.9184
20.9259
20.9486
20.9732
20.9864
21.0016
21.0262
21.0471
21.0698
21.085
21.1002
21.1154
21.1306
21.161
21.1762
21.1914
21.2162
21.2295
21.2524
21.2676
21.2905
21.3058
21.3287
21.3535
21.3669
21.3899
21.4052
21.4282
21.4435
21.4665
21.4895
21.5048
21.5432
21.5509
21.5586
21.5835
21.6047
21.622
21.6374
21.6585
21.6816
21.697
21.7664
21.7741
21.7896
21.8127
21.8282
21.8514
21.8668
21.89
21.9055
21.9287
21.9441
21.9673
21.9828
22.006
22.0214
22.0466
22.0602
22.0834
22.0989
22.1241
22.1377
22.1687
22.1765
22.1998
22.2387
22.2387
22.2543
22.2777
22.301
22.3166
22.3322
22.3557
22.3791
22.3967
22.4104
22.4338
22.4593
22.4827
22.4886
22.5356
22.5356
22.5592
22.5768
22.5906
22.6141
22.6298
22.6455
22.6691
22.6927
22.7183
22.732
22.7557
22.7714
22.7951
22.8187
22.8266
22.8503
22.876
22.8997
22.9155
22.9293
22.953
22.9708
22.9926
23.0085
23.0322
23.0481
23.0719
23.0877
23.1135
23.1354
23.1592
23.1751
23.193
23.2069
23.2308
23.2467
23.2726
23.2945
23.3124
23.3304
23.3503
23.3743
23.3902
23.4142
23.4302
23.4542
23.4702
23.4862
23.5502
23.5502
23.5502
23.5743
23.5903
23.6144
23.6304
23.6565
23.6726
23.6947
23.7107
23.7348
23.761
23.7751
23.7912
23.8153
23.8395
23.8556
23.8798
23.896
23.9202
23.9363
23.9525
23.9767
24.001
24.0172
24.0414
24.0576
24.0819
24.0981
24.1143
24.1386
24.163
24.1873
24.2035
24.2279
24.2442
24.2604
24.2848
24.3011
24.3275
24.3499
24.3662
24.3906
24.4069
24.4314
24.4477
24.464
24.5049
24.5151
24.5294
24.5621
24.5702
24.5948
24.6275
24.6357
24.6521
24.6767
24.6931
24.7177
24.7341
24.7587
24.7751
24.7997
24.8162
24.8408
24.8573
24.8819
24.8984
24.9231
24.9478
24.9643
24.9808
25.0056
25.0303
25.0468
25.0737
25.0964
25.1047
25.1295
25.146
25.1708
25.1957
25.2205
25.2371
25.262
25.2785
25.3055
25.32
25.3449
25.3615
25.3864
25.403
25.4279
25.4446
25.4695
25.4861
25.5132
25.536
25.561
25.5776
25.5943
25.6193
25.6443
25.661
25.6797
25.6943
25.7277
25.7465
25.7611
25.7861
25.8112
25.8279
25.853
25.8697
25.8865
25.9116
25.9367
25.9535
25.9807
25.9954
26.0142
26.0373
26.0646
26.0793
26.1045
26.1213
26.1465
26.1633
26.1886
26.2054
26.2328
26.2559
26.2728
26.2981
26.3065
26.3318
26.3571
26.374
26.3993
26.4162
26.4416
26.4606
26.4839
26.5093
26.5283
26.5516
26.5686
26.5855
26.611
26.6279
26.6555
26.6788
26.6958
26.7128
26.7383
26.7638
26.7808
26.8064
26.8234
26.8489
26.8681
26.8937
26.9086
26.9342
26.9513
26.9769
26.9939
27.0217
27.0452
27.0623
27.0794
27.1051
27.1308
27.1479
27.165
27.1993
27.2165
27.2508
27.2508
27.2787
27.3023
27.3195
27.3474
27.371
27.3882
27.4162
27.4312
27.4571
27.4743
27.4915
27.5195
27.5432
27.5605
27.5864
27.6036
27.6296
27.6728
27.6728
27.6987
27.716
27.742
27.7939
27.7939
27.8134
27.8481
27.8481
27.8893
27.8893
27.9153
27.9327
27.9587
27.9848
28.0109
28.0283
28.0457
28.0718
28.0892
28.1066
28.1414
28.1589
28.1763
28.2025
28.2199
28.2461
28.2636
28.2942
28.316
28.351
28.3598
28.3773
28.4035
28.4211
28.4474
28.4649
28.4824
28.5087
28.5263
28.5526
28.5789
28.5965
28.6229
28.6405
28.6668
28.6844
28.7108
28.7284
28.7571
28.7725
28.7989
28.8166
28.843
28.8783
28.896
28.9048
28.9313
28.949
28.9755
28.9932
29.0197
29.0463
29.064
29.0817
29.1083
29.1349
29.1637
29.1792
29.197
29.2236
29.2503
29.268
29.2947
29.3125
29.3392
29.3481
29.3748
29.4015
29.4193
29.446
29.4638
29.4906
29.5174
29.5352
29.562
29.5799
29.6089
29.6245
29.6514
29.6693
29.6961
29.7252
29.7409
29.7678
29.7857
29.8126
29.8305
29.8574
29.8754
29.9023
29.9293
29.9472
29.9742
29.9922
30.0192
30.0462
30.0642
30.0844
30.1025
30.1272
30.1453
30.1723
30.1926
30.2174
30.2355
30.2626
30.2897
30.3078
30.3349
30.353
30.3801
30.3982
30.4254
30.4435
30.4707
30.4888
30.5161
30.5342
30.5614
30.5887
30.6068
30.6341
30.6523
30.6796
30.7
30.7251
30.7433
30.7706
30.7888
30.8162
30.8344
30.8617
30.88
30.9074
30.9256
30.9644
30.9713
30.9987
31.0169
31.0444
31.0627
31.0901
31.1176
31.1359
31.1542
31.2
31.2091
31.2275
31.2458
31.2733
31.3009
31.3192
31.3376
31.3651
31.3927
31.4111
31.4295
31.4594
31.4847
31.5123
31.533
31.5491
31.5768
31.5952
31.6229
31.6414
31.669
31.6967
31.706
31.7337
31.7614
31.7892
31.81
31.8354
31.8632
31.8841
31.9003
31.9281
31.9466
31.9744
31.993
32.0208
32.0394
32.0672
32.0858
32.1137
32.1323
32.1625
32.1788
32.2067
32.2253
32.2532
32.2812
32.3022
32.3185
32.3488
32.3745
32.3955
32.4211
32.4398
32.4678
32.4959
32.5146
32.545
32.5614
32.5894
32.6082
32.6363
32.655
32.6831
32.7019
32.7206
32.7488
32.7769
32.7957
32.8239
32.8427
32.8709
32.8991
32.9179
32.9461
32.9744
32.9838
33.0144
33.0403
33.0592
33.0875
33.1063
33.1347
33.1535
33.1819
33.2031
33.2291
33.2504
33.2764
33.2953
33.3237
33.3521
33.3711
33.3995
33.4184
33.4469
33.4659
33.4848
33.5133
33.5418
33.5703
33.5893
33.6178
33.6368
33.6654
33.6868
33.7153
33.7511
33.763
33.7796
33.8082
33.8273
33.8559
33.8941
33.9036
33.9323
33.9514
33.98
33.9992
34.0183
34.047
34.0757
34.0972
34.1259
34.1427
34.181
34.1906
34.2218
34.241
34.2698
34.2962
34.325
34.3442
34.3634
34.3922
34.4115
34.4403
34.4596
34.4885
34.5077
34.527
34.5559
34.5848
34.6041
34.633
34.6523
34.6813
34.7103
34.7296
34.7586
34.7972
34.7972
34.8262
34.8456
34.8746
34.8939
34.923
34.9447
34.9713
34.9907
35.0198
35.0488
35.0682
35.0876
35.1167
35.1457
35.1651
35.1942
35.2136
35.2451
35.2742
35.2912
35.3106
35.3397
35.3591
35.3882
35.4076
35.4368
35.4562
35.4853
35.5047
35.5338
35.5532
35.5921
35.6018
35.6406
35.66
35.6795
35.6989
35.728
35.7571
35.7766
35.7984
35.8251
35.8543
35.8737
35.8931
35.932
35.9514
35.9708
36.0097
36.0388
36.0486
36.068
36.0971
36.1263
36.1457
36.1652
36.204
36.2235
36.2429
36.2721
36.2939
36.3231
36.3401
36.3693
36.3984
36.4179
36.4373
36.4665
36.4956
36.5151
36.5345
36.5637
36.5831
36.6123
36.6512
36.6634
36.6901
36.7095
36.7387
36.7582
36.7874
36.8068
36.836
36.8554
36.8846
36.9041
36.9332
36.9527
36.9819
37.0013
37.0305
37.0621
37.0791
37.0986
37.1278
37.1497
37.1764
37.2056
37.2348
37.2543
37.2835
37.3029
37.3224
37.354
37.3735
37.4002
37.4197
37.4489
37.4781
37.5073
37.5267
37.5462
37.5851
37.5948
37.624
37.6435
37.6726
37.7018
37.7213
37.7529
37.7796
37.7894
37.8185
37.8477
37.8793
37.8988
37.9256
37.9353
37.9645
37.9936
38.0131
38.0423
38.0617
38.0909
38.1225
38.1298
38.159
38.1882
38.2076
38.2368
38.2563
38.2855
38.3146
38.3341
38.3633
38.3827
38.4143
38.4313
38.4605
38.4897
38.5189
38.5383
38.5675
38.5869
38.6161
38.6379
38.6549
38.6841
38.7035
38.723
38.7521
38.7813
38.8007
38.8299
38.8493
38.8784
38.8979
38.927
38.9489
38.9756
39.0048
39.0242
39.0437
39.0753
39.0947
39.1312
39.1409
39.17
39.1992
39.2186
39.2381
39.2672
39.2964
39.3158
39.345
39.3644
39.3936
39.4228
39.4446
39.4738
39.4908
39.52
39.5492
39.5686
39.588
39.6172
39.6367
39.6561
39.6853
39.7145
39.7339
39.8117
39.8117
39.8409
39.8724
39.8992
39.9186
39.9381
39.9696
39.9866
40.0158
40.0352
40.0668
40.0838
40.1154
40.1323
40.1712
40.1809
40.21
40.2295
40.2489
40.278
40.3072
40.3266
40.3557
40.3752
40.4238
40.4335
40.4918
40.4918
40.5137
40.5307
40.5526
40.5793
40.6109
40.6182
40.6474
40.6766
40.6961
40.7253
40.7447
40.7739
40.7934
40.8226
40.8543
40.8713
40.9005
40.92
40.9493
40.9687
40.998
41.0175
41.0394
41.0662
41.0955
41.115
41.1442
41.1637
41.193
41.2125
41.2417
41.271
41.2807
41.31
41.3392
41.3685
41.3904
41.4172
41.4367
41.4562
41.4855
41.5147
41.5342
41.5562
41.5854
41.6123
41.6318
41.6513
41.6805
41.7098
41.7293
41.7586
41.7781
41.8074
41.8269
41.8562
41.8757
41.905
41.9245
41.944
41.9733
42.0026
42.0221
42.0611
42.0929
42.0929
42.1197
42.1588
42.1686
42.1979
42.2174
42.2467
42.2662
42.2955
42.3736
42.3736
42.4029
42.4811
42.4908
42.6103
42.6201
42.7528
42.7623
42.8953
42.9048
43.0308
43.0405
43.1731
43.1798
43.2421
43.2421
43.26
43.3522
43.3522
43.4191
43.4191
43.4288
43.458
43.5268
43.5366
43.5563
43.576
43.5956
43.6251
43.6471
43.6739
43.6934
43.7225
43.7419
43.7708
43.7901
43.8189
43.8381
43.8765
43.8957
43.9148
43.9436
43.9628
43.9916
44.0204
44.0421
44.0686
44.0878
44.1072
44.1361
44.1555
44.1845
44.2136
44.233
44.2524
44.2815
44.3106
44.33
44.3592
44.3786
44.4077
44.4271
44.4562
44.4756
44.5047
44.5241
44.5531
44.5725
44.6016
44.6209
44.65
44.6887
44.6984
44.7202
44.7468
44.7758
44.7952
44.8242
44.8436
44.863
44.892
44.9114
44.9404
44.9695
44.9888
45.0203
45.0372
45.0663
45.0857
45.105
45.1341
45.1655
