0
0
0
0
0
0
0
0
0
0
0
0
0
0
0
0
0
0
0
0
0
0
0
0
0
0
0
0
0
0
0
0
0
0
0
0
0
0
0
0
0
0
0
0
0
0
0
0
0
0
0
0
0
0
0
0
0
0
0
0
0
0
0
0
0
0
0
0
0
0
0
0
0
0
0
0
0
0
0
0
0
0
0
0
0
0
0
0
0
0
0
0
0
0
0
0
0
0
0
0
0
0
0
0
0
0
0
0
0
0
0
0
0
0
0
0
0
0
0
0
0
0
0
0
0
0
0
0
0
0
0
0
0
0
0
0
0
0
0
0
0
0
0
0
0
0
0
0
0
0
0
0
0
0
0
0
0
0
0
0
0
0
0
0
0
0
0
0
0
0
0
0
0
0
0
0
0
0
0
0
0
0
0
0
0
0
0
0
0
0
0
0
0
0
0
0
0
0
0
0
0
0
0
0
0
0
0
0
0
0
0
0
0
0
0
0
0
5.49484
4.71135
4.71135
4.71135
4.71135
4.71135
4.71135
4.71135
4.71135
4.71135
4.71135
4.71135
4.71135
4.71135
4.71135
4.71135
4.71135
4.71135
4.71135
4.71135
4.71135
4.71135
4.71135
4.71135
4.71135
4.71135
4.71135
4.71135
4.71135
4.71135
4.71135
4.71135
4.71135
4.71135
4.71135
4.71135
4.71135
4.71135
4.71135
4.71135
4.71135
4.71135
4.71135
4.71135
4.71135
4.71135
4.71135
4.71135
4.71135
4.71135
4.71135
4.71135
4.71135
4.71135
4.71135
4.71135
4.71135
4.71135
4.71135
4.71135
4.71135
4.71135
4.71135
4.71135
4.71135
4.71135
4.71135
4.71135
4.71135
4.71135
4.71135
4.71135
4.71135
4.71135
4.71135
4.71135
4.71135
4.71135
4.71135
4.71135
4.71135
4.71135
4.71135
4.71135
4.71135
4.71135
4.71135
4.71135
4.71135
4.71135
4.71135
4.71135
4.71135
4.71135
4.71135
4.71135
4.71135
4.71135
4.71135
4.71135
4.71135
4.71135
4.71135
4.71135
4.71135
4.71135
4.71135
4.71135
4.71135
4.71135
4.71135
4.71135
4.71135
4.71135
4.71135
4.71135
4.71135
4.71135
4.71135
4.71135
4.71135
4.71135
4.71135
4.71135
4.71135
4.71135
4.71135
4.71135
4.71135
4.71135
4.71135
4.71135
4.71135
4.71135
4.71135
4.71135
4.71135
4.71135
4.71135
4.71135
4.71135
4.71135
4.71135
4.71135
4.71135
4.71135
4.71135
4.71135
4.71135
4.71135
4.71135
4.71135
4.71135
4.71135
4.71135
4.71135
4.71135
4.71135
4.71135
4.71135
4.71135
4.71135
4.71135
4.71135
4.71135
4.71135
4.71135
4.71135
4.71135
4.71135
4.71135
4.71135
4.71135
4.71135
4.71135
4.71135
4.71135
4.71135
4.71135
4.71135
4.71135
4.71135
4.71135
4.71135
4.71135
4.71135
4.71135
4.71135
4.71135
4.71135
4.71135
4.71135
4.71135
4.71135
4.71135
4.71135
4.71135
4.71135
4.71135
4.71135
4.71135
4.71135
4.71135
4.71135
4.71135
4.71135
4.71135
4.71135
4.71135
4.71135
4.71135
4.71135
4.86761
5.55764
5.63015
5.65903
5.67448
5.68457
5.69199
5.69927
5.70522
5.71294
5.72151
5.7281
5.73817
5.74566
5.75719
5.76944
5.77436
5.78827
5.80158
5.81013
5.82468
5.83345
5.847
5.86049
5.89164
5.89474
5.90795
5.94094
5.94432
5.95402
5.96689
5.97642
5.98583
5.99848
6.00778
6.02037
6.04311
6.04903
6.0514
6.06392
6.07646
6.08553
6.09542
6.10704
6.11601
6.12849
6.14079
6.14965
6.16227
6.17454
6.18351
6.19228
6.20457
6.21337
6.22565
6.23794
6.24672
6.25637
6.26863
6.27648
6.28873
6.30099
6.30972
6.31845
6.33068
6.34293
6.35166
6.36391
6.37263
6.38131
6.39356
6.4058
6.41449
6.42675
6.43632
6.44767
6.45634
6.46859
6.47725
6.48948
6.50173
6.51039
6.51903
6.53127
6.53992
6.55577
6.56081
6.57667
6.58894
6.59398
6.6026
6.61486
6.62349
6.63575
6.64437
6.65664
6.66892
6.67755
6.68617
6.70211
6.71168
6.72031
6.72802
6.74031
6.75355
6.76495
6.77451
6.78223
6.79456
6.8032
6.81554
6.82789
6.83654
6.85353
6.85477
6.8662
6.87855
6.89092
6.89959
6.91197
6.94679
6.94804
6.95676
6.99265
6.99674
7.00551
7.01803
7.03055
7.03932
7.04808
7.0606
7.06936
7.08283
7.09064
7.10412
7.11572
7.12448
7.13324
7.14578
7.15929
7.16833
7.17641
7.18925
7.21071
7.21498
7.22402
7.23306
7.24977
7.25496
7.26785
7.27784
7.28977
7.2988
7.3117
7.32171
7.33365
7.34269
7.35561
7.36465
7.38149
7.39835
7.39961
7.40964
7.42162
7.43852
7.44759
7.46059
7.47065
7.47875
7.49275
7.50085
7.51389
7.52297
7.53602
7.54611
7.55818
7.56729
7.57639
7.59047
7.60357
7.61169
7.62481
7.63494
7.64807
7.65721
7.66936
7.68253
7.6957
7.70487
7.71403
7.72723
7.7364
7.74961
7.75879
7.77203
7.78122
7.79446
7.80468
7.81693
7.83021
7.83943
7.85273
7.87013
7.87119
7.88554
7.89785
7.9112
7.92456
7.93383
7.94309
7.95648
7.96987
7.97503
7.98843
8.00185
8.01114
8.02458
8.03388
8.04734
8.05665
8.07429
8.07945
8.09295
8.10228
8.11579
8.12618
8.13867
8.14802
8.16157
8.17093
8.1845
8.19808
8.20747
8.21685
8.23151
8.27473
8.27609
8.28907
8.32434
8.32995
8.3398
8.34964
8.36373
8.37783
8.38768
8.39752
8.41162
8.42574
8.43558
8.4497
8.45954
8.47368
8.48352
8.49444
8.50752
8.52276
8.53154
8.54572
8.56858
8.57414
8.58836
8.59826
8.60815
8.61804
8.63229
8.64328
8.65646
8.66636
8.67627
8.69056
8.70047
8.71478
8.7291
8.73904
8.75337
8.76773
8.77769
8.78765
8.80203
8.81199
8.83083
8.84081
8.8508
8.86523
8.87523
8.88523
8.9008
8.91416
8.92418
8.93419
8.95428
8.9632
9.02261
9.02825
9.08791
9.09362
9.15615
9.15742
9.21737
9.2219
9.28564
9.29158
9.29751
9.30805
9.32327
9.33854
9.35031
9.36442
9.375
9.39486
9.4019
9.42972
9.43556
9.43677
9.45291
9.46213
9.47706
9.49197
9.50229
9.51259
9.52746
9.54234
9.55265
9.56755
9.58247
9.59281
9.60315
9.61349
9.62847
9.64464
9.6585
9.67355
9.68513
9.69905
9.70946
9.72456
9.74904
9.75012
9.76055
9.77098
9.78611
9.80125
9.81169
9.82684
9.83729
9.85246
9.86291
9.86864
9.88382
9.899
9.91421
9.92941
9.9399
9.95157
9.96681
9.97611
9.99168
10.0025
10.0181
10.0337
10.0445
10.0601
10.0709
10.0914
10.0974
10.1082
10.1251
10.1396
10.1504
10.1612
10.1769
10.1926
10.2035
10.2143
10.2301
10.2421
10.2566
10.2675
10.2833
10.299
10.3148
10.3257
10.3366
10.3524
10.3633
10.3791
10.3901
10.4157
10.4218
10.4327
10.4449
10.4595
10.4754
10.4925
10.4973
10.5133
10.5255
10.5414
10.5561
10.5721
10.5831
10.5941
10.6051
10.6211
10.6321
10.6531
10.6604
10.6752
10.6912
10.7023
10.7146
10.7344
10.7455
10.7628
10.7677
10.7838
10.7999
10.811
10.8233
10.8382
10.8544
10.8655
10.8767
10.8979
10.904
10.9202
10.9313
10.9476
10.9638
10.9801
10.9862
11.0024
11.0187
11.0299
11.0462
11.0625
11.0738
11.0901
11.1026
11.119
11.1302
11.1453
11.1617
11.173
11.1842
11.2058
11.2223
11.2284
11.2397
11.2561
11.2674
11.2839
11.3004
11.313
11.3282
11.3448
11.3509
11.3675
11.384
11.3954
11.4067
11.4246
11.4347
11.4565
11.4679
11.4793
11.4959
11.5074
11.5188
11.5354
11.5521
11.5635
11.5802
11.597
11.6084
11.6252
11.6419
11.6534
11.6649
11.6763
11.6931
11.7059
11.7214
11.7343
11.7498
11.7613
11.7781
11.7897
11.8172
11.8235
11.835
11.8519
11.8635
11.8804
11.892
11.909
11.9206
11.9322
11.9505
11.9608
11.9832
11.9948
12.0065
12.0235
12.0352
12.0522
12.0693
12.0864
12.0926
12.1111
12.1269
12.1386
12.1557
12.1674
12.1859
12.1963
12.208
12.2252
12.2424
12.2542
12.2659
12.2831
12.2949
12.3122
12.3294
12.3426
12.3585
12.3703
12.3876
12.4104
12.4167
12.4286
12.4459
12.4578
12.4765
12.4925
12.5044
12.5163
12.5337
12.5511
12.563
12.5915
12.5923
12.6098
12.6217
12.6336
12.658
12.6742
12.6806
12.6925
12.71
12.7276
12.7451
12.7515
12.7761
12.7867
12.7987
12.8107
12.8283
12.8515
12.8635
12.8756
12.8932
12.9053
12.93
12.935
12.9527
12.9648
12.9839
12.9946
13.0123
13.0301
13.0436
13.06
13.0721
13.0899
13.102
13.1198
13.132
13.1612
13.162
13.1742
13.192
13.2099
13.2221
13.2343
13.2522
13.2644
13.2823
13.3003
13.3139
13.3305
13.3441
13.3607
13.3787
13.414
13.4147
13.4443
13.4797
13.4805
13.4812
13.5224
13.5232
13.5529
13.5884
13.5892
13.5899
13.6255
13.632
13.7156
13.7207
13.7332
13.7398
13.7464
13.7938
13.7945
13.842
13.8545
13.8553
13.8561
13.8685
13.8868
13.9052
13.9176
13.9301
13.9499
13.9683
13.9793
13.9977
14.0102
14.0286
14.0411
14.0536
14.072
14.0905
14.103
14.1274
14.14
14.1526
14.1652
14.1837
14.2022
14.2148
14.2333
14.2459
14.2645
14.283
14.3373
14.3381
14.3523
14.3694
14.3836
14.4007
14.4134
14.4321
14.4507
14.4635
14.4821
14.4948
14.5076
14.5263
14.545
14.5578
14.572
14.5892
14.608
14.6223
14.641
14.6523
14.6711
14.6839
14.7042
14.7155
14.7344
14.7472
14.7676
14.7789
14.7993
14.8106
14.831
14.8424
14.8674
14.8741
14.8931
14.906
14.931
14.9378
14.9583
14.9758
14.9887
15.0017
15.0207
15.0336
15.0526
15.0717
15.0846
15.1037
15.1167
15.1296
15.1488
15.1618
15.1809
15.2
15.213
15.2322
15.2514
15.2644
15.2774
15.2966
15.3112
15.3412
15.3543
15.3612
15.3743
15.3935
15.4082
15.426
15.4391
15.4586
15.4717
15.4911
15.5105
15.5237
15.5369
15.5625
15.5758
15.589
15.61
15.628
15.6412
15.6622
15.6755
15.6934
15.7067
15.7278
15.7395
15.7591
15.7724
15.7919
15.8116
15.8249
15.8382
15.8594
15.8711
15.8908
15.9041
15.9238
15.9371
15.9584
15.9702
15.9899
16.0033
16.0246
16.0427
16.0577
16.0695
16.0893
16.1091
16.1241
16.1439
16.1558
16.1755
16.1906
16.2089
16.2239
16.2421
16.262
16.2755
16.2906
16.3089
16.3289
16.3488
16.3559
16.3822
16.3974
16.4157
16.4228
16.4428
16.4628
16.4764
16.4964
16.5164
16.53
16.5436
16.5637
16.5773
16.5973
16.611
16.631
16.6447
16.6648
16.6784
16.6986
16.7122
16.7324
16.7461
16.7662
16.7799
16.8018
16.8138
16.8341
16.8543
16.868
16.8882
16.9085
16.9157
16.936
16.9498
16.9717
16.9838
17.0042
17.0179
17.0383
17.0586
17.0724
17.0928
17.1148
17.1336
17.1408
17.1678
17.1817
17.1955
17.2094
17.2298
17.2503
17.2708
17.278
17.3052
17.3191
17.3395
17.3468
17.374
17.3813
17.4085
17.4291
17.4364
17.457
17.4709
17.4932
17.5122
17.5261
17.5401
17.554
17.5814
17.6088
17.6094
17.6435
17.6441
17.6782
17.6856
17.713
17.7203
17.7344
17.7485
17.7826
17.79
17.8243
17.8249
17.8592
17.8598
17.8874
17.8965
17.9291
17.9365
18.0032
18.01
18.0702
18.0752
18.1096
18.1126
18.13
18.1312
18.1336
18.1343
18.1349
18.1484
18.1511
18.1971
18.1977
18.2697
18.2784
18.3541
18.3652
18.4471
18.4536
18.5205
18.5282
18.5963
18.597
18.5976
18.6636
18.6708
18.7309
18.7383
18.8071
18.8146
18.8733
18.8799
18.8932
18.931
18.9359
18.9751
18.9805
19.0364
19.0433
19.1289
19.1371
19.2583
19.259
19.2665
19.2671
19.2744
19.3332
19.3405
19.4055
19.4121
19.4565
19.4572
19.529
19.5296
19.5952
19.6042
19.6234
19.6586
19.6734
19.6739
19.6977
19.7326
19.7332
19.7774
19.7853
19.8005
19.8084
19.838
19.8892
19.8899
19.8904
19.9197
19.9275
19.9566
19.9643
19.9791
19.9939
20.0157
20.0446
20.0523
20.0811
20.0889
20.1107
20.1326
20.1545
20.1765
20.1842
20.1991
20.2282
20.2359
20.2579
20.2729
20.3022
20.3098
20.3319
20.3469
20.3691
20.384
20.4079
20.4283
20.4433
20.4654
20.4804
20.4953
20.5175
20.5326
20.5565
20.5769
20.5919
20.6214
20.6291
20.6513
20.6737
20.689
20.7043
20.7268
20.7492
20.7808
20.787
20.8022
20.8248
20.8472
20.8625
20.8778
20.9004
20.9157
20.9382
20.9535
20.9779
20.9914
21.0158
21.0311
21.0447
21.0672
21.0899
21.1052
21.1352
21.1433
21.1659
21.1905
21.204
21.2193
21.2438
21.2648
21.2875
21.3029
21.3183
21.3337
21.3492
21.3792
21.3946
21.4101
21.4348
21.4484
21.4711
21.4866
21.5094
21.5249
21.5478
21.5725
21.5861
21.609
21.6245
21.6474
21.663
21.6859
21.7088
21.7243
21.762
21.7703
21.7784
21.8033
21.8244
21.8418
21.8574
21.8785
21.9015
21.9172
21.9849
21.9931
22.0087
22.0318
22.0474
22.0706
22.0862
22.1094
22.125
22.1481
22.1638
22.187
22.2027
22.2258
22.2415
22.2665
22.2804
22.3036
22.3193
22.3445
22.3583
22.389
22.3973
22.4206
22.4589
22.4596
22.4754
22.4986
22.5219
22.5378
22.5536
22.5769
22.6003
22.6179
22.632
22.6553
22.6806
22.704
22.7104
22.7566
22.7572
22.7807
22.7984
22.8124
22.8359
22.8518
22.8677
22.8911
22.9146
22.9401
22.9542
22.9777
22.9937
23.0172
23.0407
23.0491
23.0727
23.0983
23.1218
23.1378
23.1518
23.1756
23.1934
23.2152
23.2312
23.2549
23.2709
23.2946
23.3107
23.3363
23.3582
23.3819
23.3979
23.4159
23.4301
23.4539
23.4699
23.4958
23.5176
23.5356
23.5536
23.5736
23.5975
23.6136
23.6375
23.6536
23.6775
23.6937
23.7098
23.7726
23.7732
23.7739
23.7979
23.814
23.838
23.8542
23.8801
23.8964
23.9184
23.9347
23.9587
23.9846
23.999
24.0153
24.0393
24.0634
24.0796
24.1037
24.12
24.1442
24.1606
24.1768
24.2009
24.2251
24.2414
24.2656
24.282
24.3062
24.3225
24.3388
24.3631
24.3873
24.4115
24.428
24.4523
24.4687
24.4851
24.5094
24.5259
24.5521
24.5744
24.5909
24.6153
24.6317
24.6561
24.6727
24.689
24.7293
24.7398
24.7543
24.7868
24.7954
24.8198
24.8521
24.8608
24.8773
24.9018
24.9183
24.9429
24.9594
24.9839
25.0005
25.0251
25.0417
25.0662
25.0827
25.1074
25.1241
25.1486
25.1733
25.19
25.2066
25.2312
25.2558
25.2726
25.2992
25.3218
25.3305
25.3551
25.3717
25.3964
25.4211
25.4458
25.4624
25.4871
25.5038
25.5306
25.5452
25.5699
25.5867
25.6113
25.6281
25.653
25.6697
25.6944
25.7111
25.738
25.7609
25.7858
25.8025
25.8193
25.8441
25.8691
25.8857
25.9047
25.9194
25.9525
25.9713
25.986
26.011
26.036
26.0529
26.0778
26.0947
26.1117
26.1366
26.1615
26.1785
26.2057
26.2204
26.2393
26.2625
26.2895
26.3043
26.3296
26.3464
26.3717
26.3886
26.4138
26.4307
26.4579
26.4811
26.4982
26.5232
26.532
26.5572
26.5825
26.5994
26.6248
26.6417
26.6671
26.6861
26.7093
26.7347
26.7539
26.7772
26.7942
26.8112
26.8365
26.8537
26.8812
26.9045
26.9215
26.9388
26.964
26.9895
27.0067
27.0321
27.0493
27.0747
27.0941
27.1195
27.1346
27.1601
27.1774
27.2029
27.2202
27.2477
27.2712
27.2885
27.3057
27.3313
27.3569
27.374
27.3913
27.4253
27.4428
27.4769
27.4772
27.505
27.5285
27.5459
27.5737
27.5974
27.6147
27.6425
27.6577
27.6836
27.7008
27.7181
27.746
27.7698
27.7871
27.8131
27.8303
27.8561
27.899
27.8996
27.9254
27.9428
27.9686
28.0201
28.0206
28.0401
28.0745
28.075
28.1158
28.1163
28.1422
28.1597
28.1858
28.2118
28.2378
28.2553
28.2729
28.2989
28.3164
28.3339
28.3684
28.3861
28.4037
28.4298
28.4472
28.4734
28.4909
28.5214
28.5433
28.5779
28.5871
28.6048
28.6308
28.6485
28.6747
28.6924
28.7099
28.7362
28.7539
28.78
28.8064
28.824
28.8505
28.8681
28.8944
28.9121
28.9384
28.9561
28.9845
29.0002
29.0265
29.0443
29.0707
29.1059
29.1235
29.1327
29.1591
29.1768
29.2033
29.2212
29.2476
29.2742
29.292
29.3097
29.3363
29.3628
29.3916
29.4072
29.425
29.4516
29.4782
29.496
29.5227
29.5407
29.5671
29.5764
29.603
29.6297
29.6476
29.6743
29.6922
29.7189
29.7456
29.7636
29.7903
29.8082
29.8372
29.853
29.8798
29.8977
29.9246
29.9536
29.9694
29.9962
30.0141
30.0411
30.059
30.0859
30.1039
30.1309
30.1578
30.1758
30.2027
30.2209
30.2478
30.2748
30.2929
30.313
30.3313
30.356
30.3743
30.4012
30.4216
30.4463
30.4646
30.4915
30.5185
30.5367
30.5637
30.582
30.6091
30.6274
30.6545
30.6727
30.6998
30.718
30.7451
30.7634
30.7906
30.8178
30.8359
30.8632
30.8815
30.9088
30.9292
30.954
30.9724
30.9997
31.0179
31.0451
31.0635
31.0907
31.109
31.1363
31.1547
31.1932
31.2003
31.2276
31.246
31.2733
31.2918
31.3191
31.3466
31.365
31.3833
31.4287
31.4382
31.4566
31.475
31.5024
31.53
31.5484
31.5669
31.5943
31.6219
31.6404
31.6588
31.6886
31.7139
31.7415
31.7622
31.7786
31.8061
31.8246
31.8522
31.8708
31.8984
31.926
31.9356
31.9632
31.9908
32.0184
32.0393
32.0649
32.0924
32.1134
32.1298
32.1575
32.1762
32.2039
32.2226
32.2503
32.2692
32.2967
32.3155
32.3433
32.3621
32.392
32.4084
32.4364
32.4551
32.483
32.5108
32.5319
32.5483
32.5786
32.6041
32.6254
32.6509
32.6698
32.6976
32.7257
32.7443
32.7748
32.7912
32.8193
32.8379
32.8662
32.8851
32.9132
32.9318
32.9508
32.9789
33.007
33.026
33.0539
33.0729
33.1011
33.1292
33.1481
33.1762
33.2044
33.214
33.2447
33.2707
33.2896
33.318
33.3367
33.3652
33.384
33.4121
33.4334
33.4594
33.481
33.507
33.5259
33.5543
33.5824
33.6017
33.6299
33.649
33.6774
33.6968
33.7157
33.744
33.7724
33.8009
33.82
33.8485
33.8673
33.8961
33.9176
33.9459
33.9815
33.9937
34.0108
34.039
34.0582
34.0866
34.1249
34.1347
34.1629
34.1824
34.211
34.2303
34.2493
34.278
34.3067
34.3282
34.3569
34.3739
34.4117
34.4218
34.453
34.4721
34.5011
34.5272
34.5561
34.5755
34.5946
34.6235
34.6428
34.6716
34.6909
34.7195
34.7387
34.7581
34.7869
34.816
34.8351
34.8638
34.8832
34.9121
34.9408
34.9601
34.989
35.0273
35.0277
35.0566
35.0756
35.1045
35.1241
35.1528
35.1744
35.201
35.2202
35.2489
35.2778
35.2971
35.3165
35.345
35.3739
35.3936
35.4223
35.4413
35.4725
35.5014
35.5185
35.5377
35.5666
35.5859
35.6147
35.634
35.6627
35.6821
35.7109
35.7303
35.7587
35.7784
35.8168
35.8264
35.8646
35.884
35.9033
35.9227
35.9516
35.9801
35.9997
36.0215
36.0476
36.0764
36.096
36.1154
36.1534
36.1728
36.1921
36.2306
36.2592
36.2689
36.2886
36.3175
36.3462
36.3656
36.3846
36.423
36.4424
36.4621
36.4906
36.5123
36.5412
36.5582
36.5871
36.6159
36.6351
36.6543
36.6833
36.712
36.7314
36.7509
36.7796
36.799
36.828
36.8663
36.8781
36.9047
36.924
36.9532
36.9722
37.0012
37.0206
37.0495
37.0688
37.0976
37.117
37.1459
37.1654
37.194
37.2135
37.2421
37.2737
37.2904
37.3098
37.3385
37.3603
37.3868
37.4157
37.4446
37.4638
37.4927
37.5122
37.5314
37.5625
37.5821
37.6081
37.6275
37.6567
37.6853
37.7143
37.7337
37.7528
37.7912
37.8012
37.8298
37.8492
37.8779
37.9069
37.926
37.9576
37.9842
37.9939
38.0228
38.0517
38.083
38.1018
38.1287
38.1386
38.1673
38.1963
38.2153
38.2443
38.2632
38.2921
38.3235
38.3311
38.3597
38.3887
38.4076
38.4369
38.4557
38.4847
38.5139
38.5331
38.5618
38.5813
38.6122
38.629
38.6581
38.6868
38.7157
38.7352
38.7639
38.7833
38.8123
38.8335
38.8506
38.8793
38.8991
38.9182
38.9472
38.976
38.9952
39.0239
39.0434
39.072
39.0915
39.1202
39.142
39.1686
39.197
39.2165
39.2363
39.2673
39.2865
39.3227
39.3325
39.3612
39.3899
39.4094
39.4289
39.4576
39.4866
39.5055
39.5347
39.5542
39.5826
39.6119
39.6338
39.6624
39.6796
39.7081
39.7369
39.7562
39.7757
39.8044
39.8233
39.8431
39.8721
39.9011
39.92
39.9964
39.9969
40.0256
40.057
40.0833
40.1028
40.122
40.1534
40.1705
40.1992
40.2185
40.2497
40.2667
40.2979
40.3151
40.3532
40.3633
40.3923
40.4115
40.4309
40.4599
40.4889
40.5081
40.5374
40.5569
40.6045
40.6149
40.672
40.6726
40.6941
40.7112
40.7331
40.7597
40.7909
40.7986
40.8274
40.8564
40.876
40.9051
40.9243
40.9529
40.9728
41.0018
41.0329
41.05
41.079
41.0982
41.1272
41.1467
41.1755
41.1953
41.2169
41.2436
41.2726
41.2919
41.3209
41.3404
41.3695
41.389
41.4178
41.4472
41.4563
41.4857
41.5146
41.5433
41.5655
41.5921
41.6114
41.6309
41.66
41.6886
41.7085
41.7298
41.7592
41.786
41.8052
41.8247
41.8538
41.8825
41.9021
41.9311
41.9503
41.9794
41.9989
42.028
42.0472
42.0767
42.0961
42.1154
42.1447
42.1731
42.1927
42.2316
42.2627
42.2632
42.2899
42.3285
42.3379
42.367
42.3866
42.4156
42.4348
42.4639
42.5406
42.5411
42.5702
42.6469
42.6569
42.7741
42.7834
42.914
42.9236
43.0547
43.0638
43.1876
43.1975
43.3275
43.3348
43.3959
43.3971
43.4145
43.5055
43.5059
43.5717
43.5718
43.5818
43.6104
43.6774
43.6873
43.707
43.7264
43.7461
43.7755
43.7971
43.8243
43.844
43.873
43.8926
43.9219
43.9416
43.9709
43.99
44.0289
44.0483
44.0679
44.0967
44.1157
44.1448
44.1738
44.1955
44.2215
44.2413
44.2603
44.2892
44.3082
44.3369
44.3656
44.3851
44.4044
44.4333
44.4617
44.481
44.5101
44.5294
44.5577
44.5776
44.6059
44.6251
44.6545
44.6738
44.7025
44.7214
44.7504
44.7694
44.7984
44.8366
44.847
44.8684
44.8946
44.9234
44.9425
44.9717
44.9911
45.0102
45.0387
45.0578
45.0868
45.1159
45.135
45.1665
45.183
45.2119
45.2312
45.2505
45.2794
45.3106
