0
0
0
0
0
0
0
0
0
0
0
0
0
0
0
0
0
0
0
0
0
0
0
0
0
0
0
0
0
0
0
0
0
0
0
0
0
0
0
0
0
0
0
0
0
0
0
0
0
0
0
0
0
0
0
0
0
0
0
0
0
0
0
0
0
0
0
0
0
0
0
0
0
0
0
0
0
0
0
0
0
0
0
0
0
0
0
0
0
0
0
0
0
0
0
0
0
0
0
0
0
0
0
0
0
0
0
0
0
0
0
0
0
0
0
0
0
0
0
0
0
0
0
0
0
0
0
0
0
0
0
0
0
0
0
0
0
0
0
0
0
0
0
0
0.312555
0.314372
0.308772
0.299957
0.298547
0.294061
0.289383
0.284601
0.282782
0.278683
0.27563
0.274127
0.262367
0.258815
0.253665
0.249495
0.246525
0.243308
0.240531
0.237601
0.236218
0.235197
0.235197
0.223342
0.221079
0.218332
0.214741
0.212581
0.212157
0.209911
0.208602
0.204035
0.0909406
0.165453
0.164014
0.163628
0.160926
0.157499
0.157606
0.158312
0.155916
0.153266
0.15141
0.151067
0.11121
0.112359
0.11192
0.109958
0.110959
0.111586
0.110834
0.112234
0.114281
0.115891
0.116309
0.0898223
0.0887292
0.0901112
0.0911222
0.0891618
0.0895125
0.0877796
0.0861095
0.0845226
0.0847494
0.0864396
0.0676361
0.0671231
0.0686404
0.0705887
0.0686404
0.0678606
0.067615
0.066385
0.0665898
0.0674715
0.0657912
0.0715892
0.0713636
0.0688365
0.0682615
0.0669684
0.0665372
0.0661265
0.0648951
0.0660243
0.0679542
0.068611
0.0664964
0.058597
0.0582884
0.0603447
0.0606942
0.0600777
0.0601186
0.0618462
0.0611879
0.0622368
0.0614146
0.0630188
0.0625666
0.0578749
0.0564821
0.055868
0.0561951
0.0572607
0.0587761
0.0594726
0.0588782
0.0608251
0.0623003
0.0614191
0.0575047
0.0597213
0.0593928
0.0578326
0.0576689
0.0596389
0.0607685
0.0593723
0.0574018
0.0591256
0.0581821
0.0572642
0.0568955
0.0561171
0.0569159
0.0563213
0.0574072
0.054437
0.0524511
0.0534343
0.0541092
0.0555431
0.0575717
0.0557076
0.0554841
0.0548896
0.0571429
0.0557496
0.0539889
0.0530464
0.0582493
0.0574504
0.0537428
0.0531689
0.0539878
0.0526574
0.0506717
0.0586266
0.0586665
0.0561532
0.0525916
0.049257
0.0505131
0.0504105
0.0486403
0.0480031
0.0478585
0.0443624
0.0443624
0.0421839
0.0406015
0.0394707
0.0394707
0.0334186
0.0322917
0.0331519
0.0327829
0.03307
0.0329472
0.0310422
0.0291169
0.0298547
0.0310626
0.0313498
0.0304481
0.0299564
0.030161
0.0299769
0.0293221
0.0187938
0.0186098
0.0192032
0.0194691
0.0170143
0.0130053
0.0112465
0.010449
0.00842432
0.00723838
0.00611364
0.00492782
0.00464146
0.00194246
-0.0160762
-0.0175417
-0.0199235
-0.0223262
-0.0238129
-0.0241793
-0.0256254
-0.0269087
-0.0293944
-0.0289657
-0.0297405
-0.0281917
-0.0281917
-0.0324406
-0.0323999
-0.0302605
-0.0278575
-0.0262082
-0.0255362
-0.0252716
-0.0249863
-0.0266355
-0.0220549
-0.0220549
-0.0336376
-0.0341877
-0.0324132
-0.0331887
-0.0317402
-0.0322298
-0.0351664
-0.0356357
-0.0363095
-0.0358198
-0.0361254
-0.03478
-0.0354727
-0.0371057
-0.0383087
-0.0374921
-0.038942
-0.0393495
-0.0436165
-0.0446782
-0.0447402
-0.0467415
-0.0475385
-0.0490908
-0.0499083
-0.051258
-0.0519533
-0.0504404
-0.048681
-0.0465571
-0.0448838
-0.0457807
-0.046231
-0.0471094
-0.0465979
-0.0455565
-0.0457825
-0.0425957
-0.0427384
-0.0427384
-0.043963
-0.0416565
-0.0435146
-0.0421456
-0.0413915
-0.0422288
-0.0424938
-0.0430458
-0.0414731
-0.0420029
-0.0429235
-0.0404524
-0.0399617
-0.0394319
-0.0412285
-0.0441075
-0.0459864
-0.0487014
-0.0509726
-0.0520349
-0.0509114
-0.049684
-0.0495209
-0.0502569
-0.0510949
-0.0517087
-0.052608
-0.0529342
-0.0511357
-0.0499286
-0.0488053
-0.0465998
-0.0441482
-0.0434331
-0.0431477
-0.0409432
-0.0409432
-0.0417584
-0.0419826
-0.0416157
-0.041862
-0.0434534
-0.045045
-0.0440445
-0.0454342
-0.0478045
-0.0459252
-0.0455157
-0.0427995
-0.043535
-0.0427384
-0.0413915
-0.0421252
-0.0432904
-0.0436776
-0.0426365
-0.0453526
-0.0472113
-0.0478452
-0.0496228
-0.0515027
-0.0538132
-0.0533216
-0.0519716
-0.0493986
-0.046231
-0.044617
-0.0437388
-0.0437184
-0.0438203
-0.0430441
-0.041738
-0.0403693
-0.0392077
-0.0390023
-0.0318784
-0.0501024
-0.0510054
-0.0509828
-0.0516606
-0.0520518
-0.051847
-0.0501843
-0.0483765
-0.0460575
-0.0428607
-0.0405837
-0.0389023
-0.0375911
-0.0365474
-0.0321016
-0.0295213
-0.0268175
-0.032109
-0.0310864
-0.030083
-0.0299603
-0.0284651
-0.0285685
-0.0273608
-0.0248446
-0.0248027
-0.0240461
-0.0213249
-0.0208137
-0.0203844
-0.0197915
-0.0198119
-0.0197301
-0.0127407
-0.0140234
-0.0121708
-0.0106439
-0.0104404
-0.0106444
-0.012354
-0.0115399
-0.0122319
-0.0113359
-0.0100537
-0.0108072
-0.0143689
0.0159051
0.01758
0.0169062
0.0160276
0.0158445
0.0174371
0.0190501
0.0173963
0.0163141
0.015803
0.0157009
0.0148842
0.0138225
0.0138021
0.0154151
0.0151905
0.0164155
0.0187651
0.018213
0.0174575
0.0180096
0.0206232
0.0209099
0.0206028
0.0218492
0.0238922
0.0237697
0.0224832
0.0195614
0.019786
0.0190713
0.0191326
0.0201135
0.0210733
0.020807
0.0213591
0.0225853
0.0227681
0.0226456
0.0233817
0.0258332
0.0248111
0.0251389
0.0249142
0.0249541
0.0255483
0.02471
0.0236267
0.0228303
0.0219105
0.021645
0.0224822
0.0211958
0.0239534
0.0240555
0.023934
0.0262835
0.0267533
0.025241
0.0218288
0.0206844
0.0191122
0.0191122
0.0191122
0.0191122
0.0191122
0.0191122
0.0191122
0.0191122
0.0191122
0.0191122
0.0191122
0.0191122
0.0191122
0.0191122
0.0191122
0.0191122
0.0191122
0.0157471
0.0161343
0.0163988
0.0148519
0.0131632
0.0112504
0.008768
0.00712019
0.00518757
0.00284796
0.00199365
0.000834045
0.000569592
-0.000366181
-0.00944584
-0.0109495
-0.0125549
-0.0148302
-0.01731
-0.019423
-0.0205819
-0.0207648
-0.0196676
-0.0196871
-0.0190377
-0.0187322
-0.0205209
-0.0338966
-0.0364929
-0.0359459
-0.0350124
-0.0358228
-0.0375076
-0.0371631
-0.0374671
-0.037651
-0.0376104
-0.0391318
-0.0391724
-0.0395979
-0.0427257
-0.0423997
-0.0507026
-0.0503159
-0.0481859
-0.0477183
-0.0480847
-0.0474956
-0.0462993
-0.0454049
-0.0462772
-0.0469066
-0.0487326
-0.0470281
-0.046014
-0.0445933
-0.0434783
-0.0414913
-0.034968
-0.0497931
-0.0483897
-0.0465772
-0.0475379
-0.0470676
-0.0484872
-0.0495903
-0.051643
-0.051643
-0.0503813
-0.0509492
-0.0525963
-0.0538786
-0.0535743
-0.0541873
-0.0536149
-0.0389843
-0.0651295
-0.0643481
-0.0655379
-0.0669322
-0.0686443
-0.0718022
-0.072932
-0.0733816
-0.0746342
-0.0728707
-0.074906
-0.0751104
-0.0752534
-0.0736941
-0.0713673
-0.0721146
-0.0589265
-0.0614971
-0.0636253
-0.0655043
-0.067104
-0.0697025
-0.0704768
-0.0690653
-0.0680874
-0.0697376
-0.0688819
-0.0680411
-0.0665078
-0.0671189
-0.0693765
-0.0715683
-0.0754601
-0.0776751
-0.0796989
-0.0820239
-0.0830332
-0.083006
-0.0849636
-0.0840018
-0.0850524
-0.0862259
-0.0865739
-0.0865739
-0.0865739
-0.0865739
-0.0865739
-0.0865739
-0.0865739
-0.0865739
-0.0865739
-0.0865739
-0.0865739
-0.0865739
-0.0865739
-0.0865739
-0.0865739
-0.0865739
-0.0865739
-0.0865739
-0.111222
-0.112897
-0.113827
-0.115233
-0.117055
-0.118887
-0.1213
-0.122802
-0.123113
-0.124399
-0.123424
-0.12041
-0.119456
-0.117386
-0.116196
-0.114427
-0.116425
-0.117491
-0.117533
-0.115184
-0.114459
-0.11538
-0.112402
-0.111721
-0.109632
-0.109343
-0.109094
-0.109168
-0.111162
-0.111245
-0.111751
-0.111751
-0.112192
-0.112656
-0.111964
-0.111819
-0.113369
-0.110539
-0.106936
-0.10675
-0.107545
-0.107781
-0.109093
-0.10964
-0.10959
-0.109217
-0.107441
-0.106712
-0.104928
-0.104907
-0.103597
-0.102463
-0.100029
-0.101132
-0.100215
-0.0998554
-0.0996363
-0.097897
-0.0977237
-0.0962492
-0.0949195
-0.0948703
-0.0954977
-0.0955263
-0.0894886
-0.0900856
-0.0899415
-0.0908136
-0.0896533
-0.0889461
-0.0868116
-0.0863517
-0.086791
-0.0865234
-0.0866469
-0.0866469
-0.0866469
-0.0866469
-0.0866469
-0.0866469
-0.0866469
-0.0866469
-0.0866469
-0.0866469
-0.0866469
-0.0866469
-0.0866469
-0.0866469
-0.0866469
-0.0866469
-0.0866469
-0.0577397
-0.0587246
-0.056586
-0.056586
-0.0555601
-0.054858
-0.0557243
-0.0571604
-0.0567911
-0.0553914
-0.0553504
-0.054858
-0.0537048
-0.0534176
-0.0513578
-0.0517822
-0.0507761
-0.0512526
-0.0518438
-0.0513921
-0.0497865
-0.0492527
-0.0488831
-0.0472984
-0.0455702
-0.0463708
-0.0472163
-0.0481196
-0.0480374
-0.0476063
-0.0468019
-0.044766
-0.0421969
-0.0412699
-0.0419506
-0.0427921
-0.0430829
-0.043555
-0.0463708
-0.0469494
-0.0488421
-0.0479143
-0.0492322
-0.0496058
-0.0505503
-0.0517454
-0.0531666
-0.0555738
-0.0584176
-0.0598603
-0.0590797
-0.0612417
-0.059963
-0.0600657
-0.0604766
-0.0581505
-0.0576575
-0.0571599
-0.0566259
-0.0543782
-0.0523819
-0.0513142
-0.0506898
-0.0484725
-0.0473189
-0.0450328
-0.0459192
-0.0458987
-0.0449918
-0.0449918
-0.0429768
-0.042734
-0.0400796
-0.0382295
-0.0381474
-0.0377165
-0.0372856
-0.0374497
-0.0375492
-0.0373235
-0.0367315
-0.0374497
-0.0376754
-0.0374087
-0.0376549
-0.0380448
-0.0345302
-0.0348584
-0.0351691
-0.0349844
-0.0331555
-0.0314526
-0.0299319
-0.0318808
-0.033979
-0.0341609
-0.0327862
-0.0328451
-0.0336684
-0.0339762
-0.0316988
-0.0305473
-0.0316552
-0.0333607
-0.0320681
-0.0314321
-0.0282268
-0.0264399
-0.0272832
-0.0287191
-0.0289448
-0.0259088
-0.0260707
-0.0273014
-0.0281858
-0.0271191
-0.0254554
-0.0244073
-0.0241836
-0.0231971
-0.024799
-0.0261733
-0.0258451
-0.0253118
-0.0250246
-0.0240811
-0.0241221
-0.0255374
-0.0251067
-0.0249015
-0.0266883
-0.0289653
-0.0270575
-0.0280627
-0.0315936
-0.032722
-0.0320886
-0.0304218
-0.0301986
-0.0330529
-0.0332171
-0.032499
-0.0317167
-0.031409
-0.0318808
-0.0316141
-0.030814
-0.0322938
-0.0327862
-0.0304858
-0.0299934
-0.0284935
-0.0271396
-0.0268524
-0.0278576
-0.029232
-0.0282473
-0.0273652
-0.0255169
-0.0226657
-0.0216179
-0.0209188
-0.0186218
-0.0173708
-0.0163249
-0.0151751
-0.0147035
-0.0168376
-0.0163454
-0.014806
-0.0120991
-0.0117505
-0.0114634
-0.00959724
-0.00937167
-0.00971949
-0.0101509
-0.00935039
-0.00812008
-0.00711591
-0.00565945
-0.00594652
-0.00604954
-0.00623411
-0.00639764
-0.00691027
-0.00633612
-0.00526985
-0.00303478
-0.000287097
0.000328084
0.00153789
0.00348589
0.00406004
0.00508572
0.00627461
0.00709482
0.00805922
0.00639816
0.00836614
0.00990485
0.0082021
0.0101099
0.0121401
0.0126938
0.0134731
0.0151136
0.016612
0.0155455
0.0142318
0.0152777
0.0173708
0.0162838
0.0140484
0.0149085
0.015566
0.0146021
0.011935
0.0108482
0.0106226
0.0100894
0.00978181
0.00840715
0.00873595
0.0927612
0.0904185
0.0890518
0.0905009
0.0907555
0.0905215
0.0917237
0.0927894
0.0939097
0.0950713
0.0948446
0.0949683
0.0942677
0.0926582
0.0952852
0.126204
0.106609
0.107193
0.107695
0.108311
0.108802
0.108773
0.107304
0.106752
0.108341
0.107798
0.10591
0.107921
0.110086
0.110896
0.109275
0.109542
0.111907
0.109732
0.107538
0.105972
0.105613
0.104614
0.103739
0.103842
0.104469
0.105088
0.105572
0.104015
0.105014
0.0839836
0.0834086
0.0815539
0.0801445
0.0789884
0.0784137
0.0783726
0.0765537
0.0748994
0.074524
0.0741136
0.0728207
0.0727796
0.0734435
0.0746833
0.0761352
0.0773692
0.0781571
0.0786572
0.0796446
0.0808509
0.0808509
0.0715921
0.0727838
0.0708971
0.0690459
0.0691276
0.0708562
0.0718783
0.0717557
0.071633
0.0725384
0.0727429
0.0713001
0.0710957
0.0731542
0.0750882
0.0758943
0.0775275
0.0791342
0.0778147
0.0749856
0.0767416
0.0782314
0.0769878
0.074596
0.072703
0.0727851
0.0685231
0.0706387
0.0707212
0.0691889
0.0687706
0.0691889
0.0675687
0.0691064
0.0698903
0.0713814
0.0717587
0.0782063
0.0777934
0.0753798
0.0742652
0.0747193
0.0755924
0.0757163
0.0765483
0.0776282
0.0778347
0.0758814
0.0774979
0.0771263
0.0748844
0.073056
0.071688
0.0710277
0.0713165
0.0706975
0.0688702
0.0692885
0.0675854
0.0661358
0.0695361
0.0703202
0.0716055
0.0696187
0.0670435
0.0665071
0.0635261
0.0638561
0.0633611
0.0619122
0.0613709
0.0610822
0.0589278
0.0574386
0.0566964
0.0566964
0.053673
0.053595
0.0534257
0.0468969
0.0438025
0.0427276
0.0432633
0.0429784
0.0404993
0.0398813
0.0383126
0.0365412
0.03522
0.0355083
0.0361262
0.0336931
0.0304366
0.0299012
0.0311367
0.0289103
0.0275101
0.0253665
0.0248332
0.0249547
0.0244606
0.00780488
0.0079065
0.00898374
0.0099187
0.00924722
0.0115244
0.00987805
0.00859756
0.00843496
0.00841463
0.00969512
0.00837398
-0.0158038
-0.0152954
-0.0167776
-0.018644
-0.0210193
-0.0215671
-0.0208553
-0.0212019
-0.0223787
-0.0215671
-0.0212425
-0.0208959
-0.0234743
-0.0252415
-0.0247545
-0.0240018
-0.0295627
-0.028013
-0.028056
-0.0272191
-0.0261401
-0.026873
-0.024998
-0.025285
-0.0237155
-0.0222091
-0.0207027
-0.0214559
-0.0208656
-0.0208435
-0.0213541
-0.0220852
-0.0216188
-0.0217267
-0.0219735
-0.0215243
-0.019603
-0.0194617
-0.0213591
-0.0224841
-0.0252839
-0.0245466
-0.0236889
-0.0235888
-0.0239748
-0.0237094
-0.0247325
-0.0256719
-0.0242831
-0.0235868
-0.0235868
-0.0307374
-0.0317984
-0.0320292
-0.0322137
-0.0317421
-0.031373
-0.0311629
-0.0311219
-0.0307989
-0.0295637
-0.0293587
-0.0311065
-0.0306913
-0.0292767
-0.0300353
-0.0298351
-0.0319882
-0.0272906
-0.0267579
-0.0262662
-0.0271882
-0.0282536
-0.0300975
-0.0307992
-0.0304918
-0.0317418
-0.0330328
-0.0328893
-0.030958
-0.0281716
-0.0256473
-0.0249959
-0.0258727
-0.0265735
-0.0266921
-0.026635
-0.0259589
-0.0263481
-0.0262662
-0.0259341
-0.0262047
-0.0243363
-0.0235822
-0.0242173
-0.024832
-0.0261842
-0.0280487
-0.0278233
-0.0270857
-0.0269423
-0.0258564
-0.027434
-0.0275365
-0.0262619
-0.0283673
-0.0294082
-0.0313521
-0.0308163
-0.0301633
-0.0306377
-0.030102
-0.03
-0.0291272
-0.0277347
-0.0270408
-0.0260408
-0.0249592
-0.0259388
-0.0267959
-0.0262857
-0.0260612
-0.0242663
-0.0250656
-0.025619
-0.0247172
-0.0273655
-0.0282265
-0.028247
-0.0301943
-0.0298254
-0.0315319
-0.0317112
-0.0317574
-0.0322495
-0.0331515
-0.0345867
-0.0365549
-0.0376415
-0.0376955
-0.0356173
-0.0367224
-0.0368869
-0.0359612
-0.0366606
-0.0358172
-0.0354263
-0.0345005
-0.0337543
-0.0327107
-0.0317385
-0.0307923
-0.0291879
-0.0284269
-0.0274967
-0.0262011
-0.024811
-0.025226
-0.0279786
-0.0282868
-0.0279992
-0.0260434
-0.0266639
-0.0261709
-0.0256368
-0.027424
-0.029442
-0.029442
-0.029442
-0.029442
-0.029442
-0.029442
-0.029442
-0.029442
-0.029442
-0.029442
-0.029442
-0.029442
-0.029442
-0.029442
-0.029442
-0.029442
-0.029442
-0.029442
-0.0369551
-0.0373238
-0.0381432
-0.0401098
-0.0415915
-0.0438934
-0.0451844
-0.0490244
-0.0511438
-0.0539111
-0.0545965
-0.054699
-0.0536036
-0.0557036
-0.0574147
-0.059475
-0.0584195
-0.0620507
-0.0609173
-0.0599984
-0.059447
-0.0592943
-0.060223
-0.0591923
-0.0598963
-0.0594266
-0.061142
-0.0592836
-0.0590998
-0.0572729
-0.0576609
-0.0581196
-0.0594266
-0.0701011
-0.0723867
-0.072672
-0.0733448
-0.0726924
-0.0715917
-0.069775
-0.0665648
-0.0654946
-0.0654238
-0.0618788
-0.0612881
-0.0601377
-0.0572255
-0.055913
-0.0544266
-0.0520969
-0.070264
-0.0699779
-0.0689359
-0.068609
-0.0707659
-0.0735979
-0.0751308
-0.0753352
-0.0776983
-0.0787128
-0.078631
-0.0780381
-0.0792444
-0.0820312
-0.0842947
-0.0866408
-0.0881282
-0.0881282
-0.0911779
-0.0913422
-0.0930209
-0.0848112
-0.0805843
-0.07882
-0.0762225
-0.0748154
-0.0717566
-0.0698294
-0.0666612
-0.0619161
-0.0589453
-0.0575426
-0.0551573
-0.0317097
-0.0303767
-0.0296209
-0.0291714
-0.0260051
-0.0255923
-0.0260825
-0.0265158
-0.0255515
-0.0231413
-0.0238766
-0.0246732
-0.02404
-0.0224265
-0.0230801
-0.023366
-0.0236724
-0.0417826
-0.0433243
-0.0417622
-0.0412302
-0.0405549
-0.0418235
-0.0408414
-0.0399206
-0.0384002
-0.0369885
-0.0366817
-0.0370908
-0.0385906
-0.00694896
-0.00635972
-0.00412467
-0.00308843
-0.00140198
-0.00164581
-0.00319002
-0.00377926
-0.00237728
-0.000223505
0.00148326
0.00241791
0.00599399
0.00479519
0.00791165
0.00903173
0.0106591
0.0106387
0.0117575
0.0128763
0.0127339
0.0117575
0.0112083
0.00956062
0.00842148
0.00870627
0.0102522
0.0157244
0.0140724
0.0124612
0.0129324
0.0148091
0.0161935
0.0168665
0.0168054
0.0152986
0.0160126
0.0171521
0.015829
0.0194572
0.0194335
0.0199681
0.020067
0.0188849
0.0172266
0.0170427
0.0159596
0.0151627
0.0151627
0.0142816
0.014427
0.0158574
0.0212957
0.0197422
0.0193343
0.0219245
0.0247226
0.0256201
0.0245798
0.0236211
0.0210271
0.0195383
0.0188856
0.0185185
0.0184951
0.0190896
0.019028
0.0183565
0.0173725
0.0148201
0.0116293
0.00954464
0.00819572
0.00846141
0.0092585
0.00827747
0.00662197
0.00108305
-0.00167566
-0.00316792
-0.00544187
-0.00680744
-0.00951818
-0.0125163
-0.0141448
-0.0154721
-0.0170621
-0.0168555
-0.0172048
-0.0177144
-0.0161856
-0.0183464
-0.0190191
-0.0228514
-0.0260765
-0.0260765
-0.0269049
-0.0294944
-0.0320591
-0.0341205
-0.0338151
-0.0324866
-0.0316724
-0.0308785
-0.0319166
-0.0326087
-0.0336116
-0.0324255
-0.0322016
-0.0324662
-0.0317334
-0.0317334
-0.0568294
-0.057055
-0.0575677
-0.055886
-0.0541954
-0.0514597
-0.0506397
-0.0497499
-0.0492785
-0.0533136
-0.0558039
-0.0578343
-0.0578343
-0.0578343
-0.0578343
-0.0578343
-0.0578343
-0.0578343
-0.0578343
-0.0578343
-0.0578343
-0.0578343
-0.0578343
-0.0578343
-0.0578343
-0.0578343
-0.0578343
-0.0793894
-0.0800232
-0.0818366
-0.0825194
-0.0819608
-0.0809335
-0.0815262
-0.082147
-0.0835265
-0.084389
-0.0862105
-0.0857409
-0.0844164
-0.0823746
-0.083154
-0.0831954
-0.0828712
-0.0852929
-0.0847912
-0.0851007
-0.0831064
-0.0818347
-0.079821
-0.07754
-0.0739901
-0.0724736
-0.069362
-0.0638491
-0.0596582
-0.0595454
-0.0566216
-0.0570035
-0.0570035
-0.0503199
-0.0486054
-0.0476337
-0.0469775
-0.0467315
-0.0468545
-0.0471826
-0.0462188
-0.0450631
-0.0455422
-0.0470801
-0.0486385
-0.0483309
-0.0473056
-0.0455962
-0.0432795
-0.0453652
-0.0427174
-0.0420419
-0.041926
-0.0408548
-0.0385623
-0.0383986
-0.0402612
-0.0418372
-0.0411822
-0.0395243
-0.0381876
-0.0379278
-0.0388284
-0.0381262
-0.040343
-0.0248373
-0.0253662
-0.0251017
-0.0241456
-0.0245728
-0.0256755
-0.0261595
-0.0256713
-0.025834
-0.0266317
-0.0248169
-0.024821
-0.0257365
-0.0246338
-0.0254679
-0.0249634
-0.00970913
-0.00956539
-0.00907799
-0.00763731
-0.00698619
-0.00662171
-0.00597173
-0.00688465
-0.00737325
-0.00692639
-0.00540211
-0.00422421
-0.0032697
-0.00396084
-0.000223033
0.000445994
0.0012571
0.000182482
-0.0013382
-0.0020884
-0.00346715
-0.00312247
-0.00435929
-0.00472425
-0.00565602
-0.00486618
-0.00563666
-0.0139953
-0.0134045
-0.0117117
-0.0100432
-0.00839172
-0.006803
-0.006416
-0.00833062
-0.00820841
-0.0073134
-0.0101027
-0.0085343
0.0013454
-0.00997308
-0.0083211
-0.009504
-0.0107277
-0.0118086
-0.0114842
-0.011423
-0.0127285
-0.0146231
-0.0153598
-0.0136849
-0.0140724
-0.00391265
-0.00483448
-0.00280646
-0.000983284
8.19404e-05
-0.000266306
-0.00196657
-0.00352343
-0.00551049
-0.00542855
-0.00303179
-0.00303179
0.00131492
-0.000534188
-0.000410914
0.00113001
0.00244534
0.00149984
0.00143843
0.0014382
0.000410914
0.000883465
0.00481086
0.00365954
0.00396727
0.00328947
0.00300115
0.00281661
0.00182947
0.000657787
0.000452228
0.00195312
-0.00435999
-0.00641553
-0.00693073
-0.00871854
-0.0110028
-0.0100568
-0.00976884
-0.00649885
-0.00386577
-0.00386577
-0.00462734
-0.0135802
-0.0105967
-0.0103275
-0.0108418
-0.0120988
-0.0129424
-0.0126337
-0.0104115
-0.0105556
-0.0105556
-0.00156559
-0.00284278
6.17996e-05
-0.00263678
-0.00263678
-0.00263678
-0.00263678
-0.00263678
-0.00263678
-0.00263678
-0.00263678
-0.00263678
-0.00263678
-0.00263678
-0.00263678
-0.00263678
-0.00263678
-0.00263678
-0.00263678
-0.00263678
-0.00263678
-0.00263678
-0.00263678
-0.00263678
-0.00263678
-0.00263678
-0.00263678
-0.00263678
-0.00263678
-0.00263678
-0.00263678
-0.00263678
-0.00263678
-0.00263678
-0.00263678
-0.00263678
-0.00263678
-0.00263678
-0.00263678
-0.00263678
-0.00263678
-0.00263678
-0.00263678
-0.00263678
-0.00263678
-0.00263678
-0.00263678
-0.00263678
-0.00263678
-0.00263678
-0.00263678
-0.00263678
-0.00263678
-0.00263678
-0.00263678
-0.00263678
-0.00263678
-0.00263678
-0.00263678
-0.00263678
-0.00263678
-0.00263678
-0.00263678
-0.00263678
-0.00263678
-0.00263678
-0.00263678
-0.00263678
-0.00263678
-0.00263678
-0.00263678
-0.00263678
-0.00263678
-0.00263678
-0.00263678
-0.00263678
-0.00263678
-0.00263678
-0.00263678
-0.00263678
-0.00263678
-0.00263678
-0.00263678
-0.00263678
-0.00263678
-0.00263678
-0.00263678
-0.00263678
-0.00263678
-0.00263678
-0.00263678
-0.00263678
-0.00263678
-0.00263678
-0.00263678
-0.00263678
-0.00263678
-0.00263678
-0.00263678
-0.00263678
-0.00263678
-0.00263678
-0.00263678
-0.00263678
-0.00263678
-0.00263678
-0.00263678
-0.00263678
-0.00263678
-0.00263678
-0.00263678
-0.00263678
-0.00263678
-0.00263678
-0.00263678
-0.00263678
-0.00263678
-0.00263678
-0.00263678
-0.00263678
-0.00263678
-0.00263678
-0.00263678
-0.00263678
-0.00263678
-0.00263678
-0.00263678
-0.00263678
-0.00263678
-0.00263678
-0.00263678
-0.00263678
-0.00263678
-0.00263678
-0.00263678
-0.00263678
-0.00263678
-0.00263678
-0.00263678
-0.00263678
-0.00263678
-0.00263678
-0.00263678
-0.00263678
-0.00263678
-0.00263678
-0.00263678
-0.00263678
-0.00263678
-0.00263678
-0.00263678
-0.00263678
-0.00263678
-0.00263678
-0.00263678
-0.00263678
-0.00263678
-0.00263678
-0.00263678
-0.00263678
-0.00263678
-0.00263678
-0.00263678
-0.00263678
-0.00263678
-0.00263678
-0.00263678
-0.00263678
-0.00263678
-0.00263678
-0.00263678
-0.00263678
-0.00263678
-0.00263678
-0.00263678
-0.00263678
-0.00263678
-0.00263678
-0.00263678
-0.00263678
-0.00263678
-0.00263678
-0.00263678
-0.00263678
-0.00263678
-0.00263678
-0.00263678
-0.00263678
-0.00263678
-0.00263678
-0.00263678
-0.00263678
-0.00263678
-0.00263678
-0.00263678
-0.00263678
-0.00263678
-0.00263678
-0.00263678
-0.00263678
-0.00263678
-0.00263678
-0.00263678
-0.00263678
-0.00263678
-0.00263678
-0.00263678
-0.00263678
-0.00263678
-0.00263678
-0.00263678
-0.00263678
-0.00263678
-0.00263678
-0.00263678
-0.00263678
-0.00263678
-0.00263678
-0.00263678
-0.00263678
-0.00263678
-0.00263678
-0.00263678
-0.00263678
-0.00263678
-0.00263678
-0.00263678
-0.00263678
-0.00263678
-0.00263678
-0.00263678
-0.00263678
-0.00263678
-0.00263678
-0.00263678
-0.00263678
-0.00263678
-0.00263678
-0.00263678
-0.00263678
-0.00263678
-0.00263678
-0.00263678
0.000863359
0.00067634
-0.00186506
-0.0024876
-0.00103501
-0.000722455
-0.000888978
0.000440646
0.000276685
0.00241843
0.000655845
0.00114773
0.00313064
0.00259776
0.00121946
5.63617e-05
-0.000276685
0.000327923
-0.0168776
-0.0181735
-0.0196512
-0.0201691
-0.0214652
-0.0233303
-0.0236518
-0.0226363
-0.0230344
-0.020881
-0.0203418
-0.0238923
-0.0233841
-0.0226053
-0.0216702
-0.0209959
-0.0215482
-0.0221951
-0.0207317
-0.0192886
-0.0189634
-0.0207622
-0.0225646
-0.0228899
-0.0230996
-0.0206188
-0.0201889
-0.0203345
-0.0179951
-0.0172748
-0.018419
-0.019786
-0.0190728
-0.0173617
-0.0157833
-0.0161613
-0.0172621
-0.0168024
-0.0166159
-0.0173577
-0.0166027
-0.0182693
-0.021405
-0.0201379
-0.0208623
-0.019729
-0.0179903
-0.0181208
-0.0171404
-0.0163213
-0.0156045
-0.0139151
-0.0132674
-0.013685
-0.012186
-0.014229
-0.0147454
-0.0126749
-0.0138968
-0.0143312
-0.0147966
-0.0145025
-0.0135974
-0.013135
-0.0112151
-0.0099462
-0.00978608
-0.010732
-0.0114375
-0.0138966
-0.00369546
-0.00240385
-0.00222445
-0.00421826
-0.00539968
-0.00506909
-0.00361858
-0.00280876
-0.00445403
-0.00463419
-0.00379029
-0.00531511
-0.00581228
-0.00791885
-0.00721154
-0.0108766
-0.0107108
-0.0128091
-0.0139493
-0.0134417
-0.0121159
-0.0130234
-0.00898176
-0.00793618
-0.00827281
-0.0108332
-0.0119451
-0.0132121
-0.00944365
-0.00990804
-0.0122915
-0.0138143
-0.0134583
-0.0132497
-0.0136442
-0.0120443
-0.0118592
-0.010654
-0.0115033
-0.0116425
-0.01179
-0.0104099
-0.0099522
-0.00902156
-0.0123147
-0.0127551
-0.0118421
-0.0127834
-0.0134789
-0.0124443
-0.0129829
-0.0151087
-0.0158933
-0.0147342
-0.0139069
-0.0148532
-0.0164804
-0.0191985
-0.0193433
-0.0192876
-0.0208839
-0.0349533
-0.0359203
-0.037757
-0.0382428
-0.0378076
-0.0375445
-0.0373219
-0.0365975
-0.0361885
-0.0346497
-0.0349943
-0.0369465
-0.026634
-0.0258816
-0.0250667
-0.0257847
-0.0268666
-0.0270891
-0.0255379
-0.0240618
-0.0268868
-0.0285552
-0.0265633
-0.0265893
-0.0268262
-0.0268565
-0.0277969
-0.0441021
-0.0436962
-0.0420353
-0.0402228
-0.0390967
-0.0382903
-0.0380772
-0.0387112
-0.0398336
-0.0384171
-0.038819
-0.0250591
-0.0230022
-0.0225745
-0.0203955
-0.0195911
-0.0191603
-0.0170455
-0.0147215
-0.0122577
-0.0117385
-0.0112396
-0.0100008
-0.00979554
-0.00682225
-0.00302419
-0.00134409
-0.00146628
-0.000264744
0.00204701
0.00205719
0.00339076
0.00532543
0.00685392
0.00813579
0.00951198
0.00841072
0.00798306
0.010409
0.00911246
0.00807126
0.00995616
0.0107379
0.0108399
0.0119335
0.0144294
0.0149164
0.0157117
0.0181055
0.0203355
0.0202946
0.024077
0.0230807
0.0229682
0.0211982
0.0216995
0.0222213
0.0225896
0.0231523
0.0222418
0.0236843
0.028689
0.0272976
0.0252094
0.0241419
0.0243267
0.0233002
0.0260964
0.0277036
0.02855
0.0308394
0.0316196
0.0329131
0.037572
0.0394905
0.0388158
0.0401999
0.0401073
0.0411731
0.0415741
0.039511
0.0389353
0.0377776
0.0355983
0.0334975
0.0325431
0.033087
0.0347085
0.0362436
0.0375164
0.037188
0.0368287
0.0371777
0.0369314
0.0360178
0.0354269
0.0337391
0.0321634
0.0301777
0.0284791
0.0591558
0.0464512
0.0469033
0.0472423
0.0454676
0.0427075
0.0414955
0.0411736
0.0418652
0.0420809
0.041492
0.0409614
0.0399753
0.0365859
0.0348957
0.0320458
0.0342585
0.0314747
0.0304967
0.0303485
0.028076
0.0262612
0.0257085
0.0246094
0.0240733
0.0247217
0.0269958
0.0271222
0.0269582
0.0194473
0.0191374
0.016879
0.0150307
0.0145849
0.0169777
0.0152036
0.0147246
0.0156775
0.0166677
0.0168317
-0.0108357
-0.0121716
-0.0133394
-0.0140063
-0.0131363
-0.0127668
-0.0117284
-0.0103329
-0.0098009
-0.0105791
-0.0119663
-0.0107228
0.00361403
0.00290252
-0.00102803
-0.00153206
0.000268515
0.00203082
-0.000296645
-0.000350405
-0.00112539
-0.00015088
0.00188247
0.00104866
-0.000864503
-0.000547259
0.00133
0.00267748
0.00239106
0.00239657
0.00091295
0.00262633
0.0019413
0.00174151
-0.00120212
-0.00252445
-0.00181085
-0.00145765
-0.00390241
-0.00376238
-0.00205128
-3.83655e-05
0.00143743
0.00214335
0.00278534
0.00131189
0.00188247
0.000506425
0.00124049
0.00163666
0.0031204
0.00367993
0.00194354
0.000547259
0.00247841
0.00402838
0.00391009
0.0014937
0.00136326
0.00250399
0.00298228
0.000549816
0.00213824
0.000196911
0.000299251
-0.00088482
-0.00303343
-0.00465937
-0.00507448
-0.00587408
-0.0061436
-0.00431484
-0.00590221
-0.00663724
-0.00642239
-0.00662956
-0.00614616
-0.00555698
-0.00582389
-0.00749407
-0.00883286
-0.00832276
-0.00664382
-0.00593643
-0.00483406
-0.00391776
-0.00305851
-0.00138093
-0.00245028
-0.00275209
-0.00271116
-0.000230155
0.00201258
0.00333725
0.00386661
0.00452713
0.00447269
0.00388003
0.00388451
0.00428927
0.00330657
0.00269838
0.00178528
0.00280324
0.00202314
0.000928446
0.00339663
0.00506169
0.00569856
0.0053814
0.00498496
0.00646843
0.00635333
0.00566694
0.00648889
0.00634973
0.00560137
0.00505575
0.00356288
0.00380524
0.00376494
0.00312807
0.00188472
0.000214847
0.000813216
0.00201035
0.00200747
0.00163155
0.00204872
0.000424509
-0.00120192
0.000370867
0.00302576
0.00264722
0.00110748
-0.00405111
-0.00200523
-0.00213992
-0.00334967
-0.00204335
-0.00130378
-0.000988635
0.0104116
0.0104116
0.00978628
0.00922198
0.00929569
0.00882909
0.00605224
0.00345895
-0.00051592
-0.00532018
-0.00537268
-0.00388846
-0.00294351
-0.00511174
-0.00536847
-0.00556674
-0.00532694
-0.00511345
-0.00734352
-0.0073969
-0.00700799
-0.00572595
-0.00463641
-0.00595819
-0.00632828
-0.00832265
-0.00623219
-0.00911395
-0.00896274
-0.00572993
-0.00318047
-0.00202565
5.85301e-05
0.00198207
0.00384772
0.00507857
0.00653141
0.00924776
0.00988905
0.00882278
0.00755933
0.00475798
0.00462134
0.00286543
0.00136378
0.000226449
-0.000340946
-0.00321407
-0.00270257
0.000173046
-0.000842188
-0.00138414
0.00030278
0.00362319
0.00437632
0.00449591
0.00469691
0.00514472
0.00455188
0.00535591
0.00606678
0.00369698
0.00438396
0.00552219
0.00696395
0.00704028
0.00775271
0.00904525
0.00894602
0.00768146
0.00744229
0.00404555
-0.000340946
-0.00189301
-0.00238956
-0.0021729
-0.00106609
-0.00209148
-0.000226486
-0.000371539
-0.0016284
-0.00222669
0.000963342
0.00152147
0.00250224
0.00310105
0.00294609
0.00404894
0.00696257
0.00873634
0.00937602
0.00907127
0.00953148
0.00763283
0.0102106
0.00731959
0.005686
0.00487547
0.00417569
0.00273527
0.00321796
0.00522281
0.00806789
0.0100693
0.0113446
0.0127901
0.0127565
0.0130987
0.0145268
0.0126548
0.0115974
0.012167
0.012381
0.0119672
0.011314
0.0114084
0.0110509
0.0112348
0.0111089
0.0104116
0.0101774
0.0102515
0.0113311
0.011515
0.0126952
0.0134615
0.0131579
0.0122481
0.0116555
0.0100498
0.00927335
0.00740387
0.00736045
0.0102515
0.0129306
0.0158523
0.0155203
0.0163274
0.0171244
0.0161589
0.0155101
0.0118886
0.0102106
0.00666067
0.00243646
0.00026561
0.00385389
0.00691351
0.00798361
0.00784443
0.00785847
0.00888661
0.0120131
0.0120029
0.0108203
0.00977137
0.00840246
0.00644209
0.00466605
0.00486015
0.00755455
0.00698758
0.00825689
0.0077869
0.007577
0.00633702
0.00532438
0.00422622
0.00446429
0.00494041
0.00471949
0.00432023
0.00686425
0.00871611
0.0103185
0.0113578
0.0091052
0.00917943
0.00998577
0.0098501
0.00953524
0.00856764
0.00762819
0.00817599
0.00761796
0.0073287
0.00746181
0.00662623
0.00665547
0.00752068
0.00770755
0.00738245
0.00640461
0.00464859
0.00198608
0.0035786
0.00333798
0.00386785
0.00528811
0.00515543
0.00411871
0.00635086
0.00678858
0.00535765
0.0045462
0.00523478
0.00712647
0.00844733
0.00722375
0.00153739
0.00203721
0.00166564
0.00185271
0.00124026
-0.000468904
0.00125041
0.00223434
0.00220872
0.000184487
-0.0023319
-0.0016477
-0.00117107
0.000117867
0.00167063
0.0014427
0.00264453
0.00409492
0.00416923
0.00320316
0.00187049
0.0013812
0.00262659
0.00238808
0.00149395
0.000930197
4.61217e-05
0.000422782
0.00186296
0.00414839
0.00324928
0.00353856
0.00266503
0.0021269
0.00245982
0.00323134
0.0037666
0.00348731
0.00197571
-0.000130689
-0.00321314
-0.00106857
-0.000748196
-0.00045353
-0.000891686
0.000532962
0.00179875
0.000686757
-0.00137853
-0.115236
0.00240266
0.00425496
0.00306634
0.00335041
0.00599178
0.00646313
0.00541284
0.00376281
0.000614754
0.00074545
0.002367
0.00339936
0.00408043
0.00585857
0.00480316
0.00420338
0.00135246
0.00175717
0.00233113
0.00201861
0.00340704
0.00256404
0.00265881
0.00321721
0.00457773
0.00553836
0.00500297
0.0039245
0.00205174
0.000163948
-6.66038e-05
0.00114764
0.00266159
0.00494149
0.00666551
0.00595592
0.00400648
0.0025873
0.00232326
0.00172387
0.000102459
-0.000742889
-0.00040987
-0.000578941
-0.000522584
0.00085041
-2.81785e-05
-0.000742889
0.000353513
0.000914522
0.00206728
0.00226178
0.00167008
0.00110152
0.000525146
0.00139356
0.00045082
0.00134488
0.00261292
0.00522584
0.00679871
0.00734948
0.00597129
0.00520236
0.00476473
0.00331455
0.00234138
0.00303304
0.00468532
0.00499785
0.0031355
0.0127476
0.0125437
0.0129263
0.0116629
0.0122047
0.0139751
0.0149714
0.0150074
0.0147968
0.0142807
0.0132318
0.0129735
0.0122689
0.0111802
0.0120737
0.0135128
0.0115705
0.0120516
0.014047
0.0115868
0.0129519
0.0153464
0.0144347
0.0123213
0.0103336
0.0110877
0.0120645
0.0120182
0.0121056
0.0143243
0.0165277
0.0159062
0.014734
0.0130403
0.0139237
0.0148585
0.0144989
0.0125729
0.012916
0.0133536
0.0135565
0.0157675
0.0164557
0.0160705
0.017144
0.018147
0.0180725
0.0179107
0.0167331
0.0157136
0.0162837
0.0152385
0.0123983
0.0110492
0.0127527
0.0134501
0.011972
0.0112521
0.0107959
0.0109705
0.0135631
0.0143808
0.0149355
0.0168409
0.0171542
0.015973
0.0172826
0.0172313
0.0158343
0.0130803
0.0128328
0.0108727
0.0109815
0.0106915
0.0110513
0.0134403
0.0154323
0.0165285
0.0162133
0.0154387
0.015773
0.015038
0.015186
0.0176989
0.0182538
0.016341
0.00678412
0.00387005
0.00295251
0.00290894
0.00126097
-0.000535612
-0.00235022
-0.000989297
0.000822706
9.7384e-05
0.000925224
0.0030089
0.0044339
0.00226564
0.00218363
0.00463637
0.00462012
0.00510995
0.00501755
0.00682952
0.00881417
0.0120698
0.0148178
0.0154132
0.0150038
0.013886
0.0144225
0.0155236
0.0170805
0.0189431
0.0172345
0.0164362
0.0239229
0.0221765
0.0227338
0.0232956
0.0220943
0.0248064
0.0227107
0.0225052
0.0234446
0.0250735
0.0247165
0.0250164
0.0250298
0.0247499
0.0233784
0.0239043
0.0217714
0.0221918
0.0226345
0.0222295
0.0205078
0.0197209
0.0210691
0.0216528
0.021904
0.0242386
0.0257413
0.0269278
0.0284942
0.0297733
0.029663
0.029822
0.029822
0.0446773
0.0472317
0.0478168
0.0459423
0.0485521
0.0514947
0.0504912
0.049748
0.0499559
0.0501304
0.0497352
0.0513048
0.050522
0.049476
0.0484685
0.0476243
0.0470875
0.0469613
0.0469561
0.0454176
0.0460072
0.0473115
0.0467681
0.046472
0.0467862
0.0470063
0.0472278
0.0482837
0.0492444
0.0509586
0.0501628
0.0490152
0.0490152
0.0542642
0.0553485
0.0557531
0.0557299
0.054212
0.0551939
0.0563737
0.0584327
0.0602469
0.0606698
0.0607934
0.0627475
0.0633715
0.0627295
0.0671361
0.0656726
0.0624382
0.058662
0.0582427
0.0560714
0.052948
0.0492189
0.0470885
0.0449317
0.0444815
0.0425926
0.0420653
0.0419358
0.0420216
0.0433693
0.0409457
0.0167985
0.0415399
0.0417172
0.0396027
0.0377035
0.0359176
0.0341808
0.0344839
0.0346406
0.0362207
0.0377574
0.039173
0.0379829
0.0380734
0.0391319
0.0403837
0.042882
0.0528583
0.0529784
0.0520186
0.0515188
0.0526002
0.0525014
0.051546
0.0498381
0.047995
0.0445385
0.0447286
0.04664
0.0504077
0.0512752
0.0522971
0.05437
0.0172538
0.0183003
0.0181123
0.0166278
0.0161833
0.0159329
0.0120483
0.0094169
0.00822126
0.00986654
0.00926361
0.0096315
0.00987676
0.0103775
0.0132399
0.0125158
0.0211341
0.0192638
0.0190097
0.0172827
0.0156416
0.0147099
0.0158231
0.0174299
0.0186605
0.020201
0.0199684
0.0194622
0.00341749
0.00210052
-0.000204182
-0.00421635
-0.00302675
-0.00141141
-0.000893295
-9.18817e-05
0.00134505
0.00269775
0.00360125
0.00331029
0.000893295
-0.00066359
0.00104456
0.00192822
0.00386156
0.00521514
0.00504658
0.00564676
0.00680936
0.00764712
0.00627299
0.00574636
0.00655085
0.00568251
-0.00809382
-0.00675676
-0.00710378
-0.00848167
-0.00956357
-0.00824692
-0.00973708
-0.0103903
-0.01087
-0.00814485
-0.00673634
-0.00818568
-0.00776334
-0.00675206
-0.00647626
-0.00664991
-0.00637411
-0.00700744
-0.00801937
-0.00876512
-0.00955095
-0.00936785
-0.0107674
-0.0118595
-0.0108083
-0.011411
-0.0416667
-0.0104235
-0.00896427
-0.00732235
-0.00648609
-0.00719997
-0.0075671
-0.0075155
-0.00855634
-0.00924982
-0.0113813
-0.0101101
-0.00902292
-0.00584207
-0.00384084
-0.00115825
0.00101601
0.00198122
0.000518166
0.000487686
-0.000243843
-0.00209299
-0.00182882
-0.00254003
-0.0036678
-0.00379989
-0.00473462
-0.00467366
-0.00514102
-0.00602495
-0.00608591
-0.00600463
-0.00530358
-0.00455211
-0.00381005
-0.00421645
-0.00558852
-0.00619818
-0.00717363
-0.00801634
-0.00798586
-0.00726508
-0.00969355
-0.0113701
-0.0110745
-0.00924646
-0.00860632
-0.00620784
-0.00393197
0.0093431
0.00911086
0.00807472
0.00749796
0.00741629
0.00833759
0.00749796
0.00849071
0.00938138
0.0116553
0.0132044
0.0144101
0.0146909
0.00731952
0.0057191
0.00297061
0.000445846
0.00052992
0.00128648
0.00119996
0.00215263
0.0031999
0.003541
0.00459859
0.00570127
0.0084979
0.00658083
0.00446173
0.00143206
-0.00122008
-0.00140143
-0.000518153
0.000806649
0.000776017
0.000194004
0.00117414
0.000944494
0.00739909
0.00493745
0.00602184
0.00722475
0.0072145
0.00614746
0.00589927
0.00782211
0.00824001
0.00797785
0.00867073
0.00890147
0.0001536
1.53613e-05
-0.000686138
-0.00234516
-0.00100873
-0.00159757
-0.000663096
0.000217618
-0.00111625
-0.00123904
-0.00143628
-0.00244501
-0.00154893
-0.000273921
0.000696379
0.00234772
0.00281624
0.00135179
-0.00177679
-0.000481321
0.00306202
0.00267543
0.00321563
0.00443685
0.00397858
0.00315931
0.00174607
0.00119306
0.000499242
0.000143372
0.00234516
0.0038352
0.0043114
0.00290841
0.00223763
0.000629813
-0.000174095
-0.000624693
0.000814149
0.00107017
-0.00371743
-0.00196881
-0.00101385
-0.0019304
-0.00239636
-0.00123141
-5.12043e-05
0.0021045
0.00362527
0.00423733
0.00387105
0.00207378
0.00182031
-0.000647735
0.000284184
0.000486421
-0.00248853
-0.000378912
-0.000445478
-0.00082951
-0.000250901
-0.00069123
-0.00136716
-0.00215826
-0.00244757
-0.000215058
-0.000104969
-0.0026319
-0.00494634
-0.00505899
-0.00411683
-0.00379168
-0.00281112
-0.000496682
0.00102665
0.000837156
0.002317
0.00349214
0.00387105
0.00409635
0.00272652
0.000611892
-0.00109065
-0.00125451
0.00131595
0.00107017
0.00241684
0.00400418
0.00258326
0.00258326
0.00226835
0.00118282
-4.86441e-05
-0.000153613
0.0011905
0.00172559
0.00160782
0.00266775
0.00384544
0.00397858
0.00414243
0.0033718
0.00313883
0.00240404
0.00184336
0.000532525
-0.00117253
-0.00109065
0.000312346
0.000384032
-0.00183055
-0.00259862
-0.00122373
-0.00205073
-0.00321294
-0.00384032
-0.00236308
-0.00291609
-0.00327708
-0.0035331
-0.00485673
-0.002806
-0.00147212
-0.000568345
0.00119562
0.00214034
0.00238356
0.00205841
0.00237844
0.00344861
0.00356126
0.00365855
0.00247061
0.00206865
-0.0014542
-0.00391201
-0.00405794
-0.000913997
0.00115722
0.00111881
0.000773185
0.000327694
0.00174344
0.00296205
0.00320526
0.00377888
0.00158221
-0.000916557
-0.00370463
-0.00230675
-0.00154893
-0.00210706
-0.00226835
-0.000778306
0.00119301
0.00178959
0.00231956
0.00315163
0.00414755
0.00367391
0.00287256
0.00198417
-0.000803908
-0.00594482
-0.00746078
-0.00711257
-0.00673877
-0.00639056
-0.00491049
-0.00374304
-0.00467495
-0.00480297
-0.00405538
-0.00151559
0.000332828
0.00148493
0.00368159
0.00532013
0.00624181
0.00851563
0.0116448
0.0117472
0.0128579
0.0124642
0.0139441
0.0156551
0.0164796
0.0166998
0.0174584
0.0176728
0.016936
0.0166076
0.0168381
0.0170385
0.0172733
0.0185595
0.01897
0.018708
0.0197425
0.0206703
0.0210186
0.0210237
0.0199584
0.0196093
0.0186568
0.0222811
0.0218397
0.0217656
0.022242
0.0229395
0.0231727
0.0241374
0.0268692
0.0276819
0.0279332
0.0297976
0.0310726
0.0324549
0.0366055
0.0357019
0.0338842
0.0330077
0.0333282
0.0315769
0.031643
0.0304793
0.0291885
0.0297862
0.0301715
0.0314242
0.0349724
0.0336281
0.0334967
0.0353211
0.0366605
0.0345347
0.03575
0.037714
0.038456
0.0399081
0.0418114
0.043618
0.0511894
0.0510687
0.050632
0.0514471
0.0506601
0.0506499
0.0519304
0.0528526
0.0518613
0.0522188
0.0511659
0.0493312
0.0482433
0.0465922
0.0484817
0.049313
0.0534727
0.0549266
0.0559043
0.0576935
0.0586587
0.0586587
0.0602975
0.0616292
0.0633991
0.0712912
0.0701322
0.0671232
0.0646783
0.0622648
0.0607159
0.0615286
0.0588888
0.0579432
0.0546556
0.0510014
0.0466183
0.0419602
0.0363591
0.0315095
0.0281531
0.0256237
0.0227324
0.0182284
0.0175723
0.0185293
0.0173129
0.0141737
0.01247
0.0121038
0.0141381
0.0113664
0.00896562
0.00822823
0.00685907
0.0051901
0.00523081
0.00589229
0.0073272
0.00698119
0.00470162
0.00330728
0.00433508
0.00603476
0.00595335
0.001211
-0.000162823
-0.0165817
-0.0140207
-0.0129282
-0.0129536
-0.0147982
-0.0151132
-0.0135889
-0.0131927
-0.015398
-0.015738
-0.0159771
-0.0175472
-0.0196818
-0.0168966
-0.0164089
-0.0409304
-0.0404909
-0.0394283
-0.0386777
-0.0385698
-0.0391011
-0.0389124
-0.0386565
-0.0385647
-0.0374768
-0.0364604
-0.0363532
-0.0396987
-0.0392388
-0.0382026
-0.0386981
-0.038897
-0.0370331
-0.0374615
-0.0383046
-0.0390909
-0.040383
-0.0400871
-0.0411549
-0.0428264
-0.0437251
-0.0440117
-0.0412016
-0.0407562
-0.0405521
-0.0395711
-0.0390195
-0.0382281
-0.0379417
-0.0402095
-0.040281
-0.0391784
-0.0378958
-0.0382171
-0.0397038
-0.0405725
-0.0403328
-0.0392745
-0.0405572
-0.0419319
-0.0429182
-0.0437353
-0.0447635
-0.0424327
-0.0403124
-0.036558
-0.0332687
-0.0326262
-0.0404438
-0.0391447
-0.036724
-0.0345626
-0.0344963
-0.0337382
-0.0306787
-0.0294266
-0.0286846
-0.0277811
-0.029018
-0.0293257
-0.028902
-0.0258309
-0.0261463
-0.0251346
-0.0225689
-0.0221571
-0.0221414
-0.0219641
-0.0200331
-0.0208816
-0.0186413
-0.0186569
-0.0177498
-0.0193933
-0.0204702
-0.0128599
-0.0122174
-0.0115563
-0.010378
-0.0090898
-0.010503
-0.0115744
-0.0121585
-0.013355
-0.0135616
-0.0149035
-0.0150871
-0.0132937
-0.0133499
-0.013786
-0.0143012
-0.0147096
-0.0136177
-0.0128293
-0.0135845
-0.00992655
-0.00779927
-0.00929402
-0.00876079
-0.00855948
-0.00865367
-0.00951062
-0.00931443
-0.00840645
-0.00817419
-0.00767685
-0.00749561
0.0131045
0.0112089
0.011438
0.0104801
0.0110714
0.0116624
0.0124954
0.013706
0.0152499
0.0171791
0.0200563
0.0220062
0.0200031
0.0170362
0.0146592
0.0145902
0.0155417
0.01709
0.0167838
0.016368
0.0157535
0.0142307
0.0126954
0.0105712
0.0200691
