0
0
0
0
0
0
0
0
0
0
0
0
0
0
0
0
0
0
0
0
0
0
0
0
0
0
0
0
0
0
0
0
0
0
0
0
0
0
0
0
0
0
0
0
0
0
0
0
0
0
0
0
0
0
0
0
0
0
0
0
0
0
0
0
0
0
0
0
0
0
0
0
0
0
0
0
0
0
0
0
0
0
0
0
0
0
0
0
0
0
0
0
0
0
0
0
0
0
0
0
0
0
0
0
0
0
0
0
0
0
0
0
0
0
0
0
0
0
0
0
0
0
0
0
0
0
0
0
0
0
0
0
0
0
0
0
0
0
0
0
0
0
0
0
0.0349
0.299333
0.306669
0.307359
0.305531
0.304148
0.302481
0.300623
0.298633
0.296881
0.29507
0.293311
0.291719
0.28947
0.287288
0.285054
0.282838
0.280709
0.278637
0.276636
0.274689
0.272862
0.272862
0.271154
0.269079
0.267084
0.265137
0.263203
0.261331
0.259578
0.257869
0.256229
0.254548
0.249443
0.246902
0.244468
0.242161
0.239908
0.237684
0.235579
0.2336
0.231661
0.229751
0.227888
0.226104
0.223495
0.221028
0.218659
0.216349
0.214155
0.212064
0.210042
0.208126
0.206323
0.204618
0.202984
0.200929
0.198927
0.197019
0.195195
0.1934
0.19167
0.189968
0.188294
0.186648
0.185057
0.183541
0.181786
0.180076
0.178439
0.176877
0.175332
0.173819
0.172345
0.170895
0.169486
0.168127
0.166781
0.165546
0.164339
0.163131
0.161946
0.160774
0.159625
0.158499
0.157386
0.156312
0.155285
0.154289
0.153292
0.152229
0.151185
0.150188
0.149215
0.148258
0.14732
0.146421
0.145534
0.144675
0.143826
0.14301
0.142206
0.141372
0.14054
0.139718
0.138916
0.138138
0.13739
0.136662
0.135942
0.135253
0.134591
0.133932
0.13325
0.132599
0.131957
0.131313
0.130678
0.130071
0.129484
0.128895
0.1283
0.127728
0.127159
0.126591
0.126029
0.12547
0.124926
0.124386
0.123863
0.123325
0.12278
0.122251
0.121735
0.121237
0.120762
0.120281
0.119804
0.119331
0.11888
0.118426
0.117966
0.117506
0.117089
0.116672
0.116235
0.1158
0.115377
0.11495
0.114516
0.114141
0.113771
0.11339
0.11299
0.112574
0.112171
0.111773
0.111368
0.110965
0.110565
0.110149
0.109738
0.109319
0.108894
0.108894
0.108469
0.108011
0.107552
0.107104
0.106659
0.106222
0.105788
0.105349
0.104903
0.104467
0.104043
0.103625
0.103207
0.102791
0.102381
0.101974
0.101568
0.101108
0.100653
0.100205
0.0997643
0.0993147
0.0988483
0.0983774
0.0979073
0.0974315
0.0969544
0.0964764
0.0959972
0.0955215
0.0950368
0.0944642
0.09389
0.0933094
0.0927226
0.0921342
0.0915498
0.0909641
0.0903778
0.089785
0.0892002
0.0886173
0.0886173
0.0880476
0.0874629
0.086884
0.0863209
0.0857747
0.0852416
0.0847167
0.084198
0.0836856
0.0831702
0.0826808
0.0821961
0.0816624
0.0811311
0.0806127
0.0800956
0.0795897
0.0790861
0.0785739
0.0780641
0.0775559
0.0770543
0.0765559
0.0760676
0.0755807
0.0750908
0.0746
0.074117
0.0736319
0.0731491
0.0726524
0.0721553
0.0716622
0.0711648
0.0706682
0.0701693
0.0696712
0.0691716
0.0686732
0.0681852
0.0677083
0.0672439
0.06679
0.0663362
0.0658842
0.0654323
0.0649861
0.0645475
0.0641115
0.0636915
0.0632742
0.0628601
0.0624446
0.0620412
0.0616337
0.0612346
0.0608415
0.0604482
0.0600568
0.0596663
0.0592848
0.0589041
0.0585227
0.0581535
0.0577888
0.0574288
0.0570648
0.056693
0.0563169
0.0559337
0.055545
0.0551553
0.0547725
0.0543968
0.0540244
0.053652
0.0532793
0.0529071
0.0525343
0.052163
0.0518006
0.051445
0.0510957
0.0507566
0.0504282
0.0501046
0.0497842
0.0494736
0.0491651
0.0488558
0.048548
0.0482434
0.0479401
0.0476334
0.0473235
0.047019
0.0467119
0.046399
0.0460944
0.0457931
0.0455026
0.0452117
0.0449253
0.0446451
0.0443643
0.0440816
0.0437995
0.0435225
0.0432386
0.0429505
0.0426624
0.0423704
0.0420743
0.0417728
0.0414747
0.0411828
0.0409006
0.0406301
0.0403662
0.0401066
0.0398488
0.0395921
0.0393395
0.0390923
0.0388508
0.0386143
0.0383799
0.0381683
0.0379032
0.0376371
0.0373726
0.0371077
0.0368431
0.0365808
0.0363249
0.0360758
0.035835
0.0356049
0.0353828
0.0351669
0.034956
0.0347494
0.0345568
0.0343727
0.0341973
0.0340079
0.0338225
0.033641
0.0334608
0.0332859
0.0331117
0.0329419
0.03278
0.0326192
0.0324614
0.032312
0.0321649
0.0320197
0.031877
0.031735
0.031594
0.0314729
0.031349
0.0312307
0.0311173
0.031005
0.0308927
0.0307765
0.030663
0.0305484
0.0304367
0.030329
0.0302199
0.030102
0.0300645
0.0300317
0.0299972
0.0299606
0.0299238
0.0298913
0.0298631
0.0298308
0.0297959
0.0297599
0.0297237
0.0296857
0.0296451
0.0296047
0.0295686
0.0295321
0.0294989
0.0294718
0.0294434
0.0294133
0.0293848
0.0293629
0.0293418
0.02932
0.0293015
0.0292881
0.0292745
0.0292578
0.0292339
0.0292108
0.029186
0.0291615
0.0291395
0.0291199
0.0290998
0.0290811
0.0290654
0.0290503
0.0290349
0.0290214
0.0290138
0.0290038
0.0289946
0.028985
0.0289754
0.0289673
0.0289573
0.0289448
0.0289305
0.0289141
0.0288972
0.0288822
0.0288644
0.028853
0.028842
0.0288307
0.0288248
0.02882
0.0288119
0.0287959
0.0287774
0.0287774
0.0287774
0.0287774
0.0287774
0.0287774
0.0287774
0.0287774
0.0287774
0.0287774
0.0287774
0.0287774
0.0287774
0.0287774
0.0287774
0.0287774
0.0287774
0.0287555
0.028726
0.0286975
0.0286697
0.0286386
0.0286038
0.0285649
0.0285207
0.0284729
0.028421
0.0283642
0.0283058
0.028245
0.0281839
0.028121
0.0280385
0.027953
0.0278643
0.0277711
0.0276729
0.0275706
0.0274661
0.0273617
0.0272602
0.027159
0.0270597
0.0269614
0.0268597
0.0267299
0.0265951
0.0264621
0.0263316
0.0261999
0.0260652
0.0259319
0.0257984
0.0256651
0.0255325
0.0253972
0.0252624
0.0251273
0.0249863
0.0248465
0.0246901
0.0245351
0.0243852
0.0242369
0.0240884
0.0239417
0.0237981
0.0236568
0.0235144
0.0233713
0.0232251
0.0230829
0.0229433
0.0228071
0.0226738
0.022545
0.0224297
0.0222853
0.0221442
0.0220073
0.0218691
0.0217323
0.0215933
0.0214526
0.0213085
0.0211649
0.0210243
0.0208832
0.0207394
0.0205937
0.0204492
0.020304
0.0201604
0.0200458
0.0198811
0.0197185
0.0195543
0.019388
0.019219
0.0190446
0.0188688
0.0186928
0.018515
0.0183413
0.0181644
0.0179877
0.0178115
0.0176389
0.0174713
0.0173029
0.0171599
0.0170126
0.0168619
0.0167082
0.0165522
0.0163919
0.0162307
0.0160728
0.0159172
0.0157592
0.0156033
0.0154496
0.0152992
0.0151483
0.0149938
0.0148358
0.0146714
0.0145035
0.0143325
0.014158
0.0139822
0.0138072
0.0136292
0.0134537
0.0132768
0.0130985
0.0130985
0.0130985
0.0130985
0.0130985
0.0130985
0.0130985
0.0130985
0.0130985
0.0130985
0.0130985
0.0130985
0.0130985
0.0130985
0.0130985
0.0130985
0.0130985
0.0130985
0.0129202
0.0126986
0.0124747
0.01225
0.0120236
0.0117947
0.0115635
0.0113288
0.0110922
0.010856
0.0106183
0.0103831
0.0101541
0.00992752
0.00970535
0.00948603
0.00927054
0.00905234
0.00883305
0.00861444
0.00840065
0.00818884
0.00797617
0.00776936
0.00756442
0.00736375
0.00716427
0.0069659
0.00676807
0.00656753
0.00636752
0.00636752
0.00616734
0.00596709
0.00576673
0.00556821
0.0053706
0.00517106
0.00497693
0.00478949
0.00460298
0.00441577
0.00422879
0.00404025
0.00385143
0.00366332
0.00347645
0.00329313
0.00311162
0.00293364
0.00275629
0.00258166
0.00240947
0.00224183
0.00207293
0.00190608
0.00174036
0.00157553
0.00141406
0.0012534
0.00109564
0.000940541
0.00078602
0.000630986
0.000476405
0.00033201
0.000187122
4.29273e-05
-0.000102199
-0.000245013
-0.000386245
-0.000523635
-0.00065986
-0.000796348
-0.000931982
-0.000931982
-0.000931982
-0.000931982
-0.000931982
-0.000931982
-0.000931982
-0.000931982
-0.000931982
-0.000931982
-0.000931982
-0.000931982
-0.000931982
-0.000931982
-0.000931982
-0.000931982
-0.000931982
-0.00106738
-0.00115676
-0.00124741
-0.00133442
-0.00142115
-0.001506
-0.00158948
-0.00167406
-0.00176062
-0.00184633
-0.0019296
-0.00201254
-0.00209447
-0.00217435
-0.00225355
-0.00232932
-0.00240551
-0.00247992
-0.00255484
-0.00263043
-0.0027051
-0.00277708
-0.00284803
-0.0029182
-0.00298574
-0.00305046
-0.00311619
-0.003183
-0.00325098
-0.00331863
-0.00338542
-0.0034508
-0.00351293
-0.00357101
-0.00362752
-0.00368489
-0.00374334
-0.00380205
-0.00386129
-0.00392454
-0.00398847
-0.00405501
-0.00411999
-0.00418671
-0.0042538
-0.00432208
-0.00439191
-0.00446364
-0.00453868
-0.00461768
-0.00469855
-0.00477805
-0.00486048
-0.00494079
-0.00502103
-0.00510163
-0.00517862
-0.00525467
-0.00532978
-0.0054039
-0.00547456
-0.00554215
-0.005608
-0.00567277
-0.00573417
-0.00579375
-0.00584988
-0.00590712
-0.00596416
-0.00601975
-0.00607518
-0.0061276
-0.00617952
-0.00622753
-0.00627279
-0.00631781
-0.00636209
-0.00640564
-0.0064493
-0.00649298
-0.00653622
-0.00657851
-0.00662168
-0.00666505
-0.00670792
-0.00675102
-0.00679454
-0.00683306
-0.00687193
-0.00691112
-0.00694994
-0.00698614
-0.00701988
-0.00705144
-0.00708559
-0.00712253
-0.00715962
-0.00719472
-0.00722981
-0.00726592
-0.00730236
-0.00733559
-0.00736717
-0.00740017
-0.00743539
-0.00746877
-0.00750119
-0.0075292
-0.00755472
-0.0075813
-0.00760975
-0.00763842
-0.00766295
-0.00768762
-0.00771388
-0.00774124
-0.00776711
-0.0077907
-0.00781282
-0.00783459
-0.00785499
-0.00787746
-0.00790169
-0.00792542
-0.00794839
-0.00797092
-0.00799214
-0.00801336
-0.00803639
-0.00805879
-0.00808086
-0.00810522
-0.00813248
-0.00815719
-0.00818314
-0.00821362
-0.00824549
-0.00827645
-0.00830517
-0.00833353
-0.0083655
-0.00839761
-0.00842871
-0.00845871
-0.00848825
-0.00851832
-0.00854796
-0.00857651
-0.00860687
-0.00863779
-0.00866569
-0.00869289
-0.00871812
-0.00874155
-0.00876456
-0.00878879
-0.0088147
-0.0088393
-0.00886271
-0.00888374
-0.00890112
-0.00891713
-0.00893223
-0.0089444
-0.00895497
-0.00896421
-0.00897198
-0.00897915
-0.00898896
-0.00899813
-0.00900536
-0.00900921
-0.00901261
-0.00901565
-0.00901637
-0.00901681
-0.00901768
-0.00901908
-0.00901949
-0.00901838
-0.00901604
-0.00901192
-0.00900816
-0.00900453
-0.00900114
-0.00899796
-0.00899541
-0.00899217
-0.00898763
-0.00898039
-0.00896983
-0.00895855
-0.00894582
-0.00893078
-0.00891507
-0.00889816
-0.00887986
-0.00886061
-0.00884025
-0.00882194
-0.00880131
-0.00877888
-0.00875854
-0.00873597
-0.00871103
-0.00868549
-0.00865908
-0.00863078
-0.00860077
-0.0085721
-0.00854505
-0.00851682
-0.00848619
-0.00845691
-0.00843034
-0.00840282
-0.00837459
-0.00834756
-0.00832373
-0.00830123
-0.00827904
-0.00825754
-0.00823644
-0.008217
-0.00819722
-0.00807956
-0.0079649
-0.00785209
-0.00773787
-0.00762361
-0.00750989
-0.00739505
-0.00727923
-0.00716239
-0.00704448
-0.00692711
-0.00680986
-0.00669368
-0.00657962
-0.00646281
-0.00631086
-0.00618166
-0.0060521
-0.00592226
-0.00579201
-0.0056615
-0.00553132
-0.00540311
-0.00527581
-0.005147
-0.0050191
-0.00489362
-0.00476615
-0.00463653
-0.00450629
-0.00437816
-0.00425003
-0.00411952
-0.00399175
-0.00386672
-0.00374373
-0.00362141
-0.00350049
-0.00338081
-0.00326128
-0.00314132
-0.00302093
-0.00290028
-0.00278163
-0.00266212
-0.00256618
-0.00247108
-0.00237824
-0.00228716
-0.00219755
-0.00210878
-0.00202025
-0.00193391
-0.00184957
-0.00176583
-0.00168273
-0.00160122
-0.00151993
-0.0014381
-0.00135509
-0.00127068
-0.00118512
-0.00109888
-0.00101229
-0.000924812
-0.000924812
-0.00083622
-0.000757838
-0.000678338
-0.000601047
-0.000525919
-0.000450866
-0.000374113
-0.000296427
-0.000219039
-0.000141948
-6.40527e-05
1.38948e-05
9.01327e-05
0.000165989
0.000243881
0.000323668
0.000404144
0.000486185
0.00056976
0.000651757
0.00073058
0.000811095
0.000893017
0.000973452
0.00105119
0.00112677
0.00120227
0.00127313
0.00134607
0.00141894
0.00149005
0.00156057
0.00163138
0.00170035
0.00177078
0.00184188
0.00191439
0.00198714
0.00206645
0.00214516
0.00222121
0.00229594
0.00237098
0.00244678
0.00252255
0.00259901
0.00267644
0.00275392
0.00282923
0.00290604
0.00298232
0.00305614
0.00312793
0.00319817
0.00326759
0.00333717
0.00340597
0.00347277
0.00353985
0.00360507
0.00366868
0.00373561
0.00380321
0.00387197
0.00393858
0.00400245
0.00406564
0.0041257
0.00418597
0.00424562
0.00430369
0.0043611
0.0044181
0.00447283
0.00452595
0.00457822
0.00463039
0.00467943
0.0047283
0.00477689
0.00481889
0.00485771
0.00489539
0.00493353
0.00497131
0.00500655
0.00504111
0.00507405
0.00510518
0.00513493
0.00516492
0.00519545
0.00522352
0.00524834
0.00527258
0.00529798
0.00532115
0.00534291
0.00536252
0.00538157
0.0054007
0.00541931
0.00542164
0.00542406
0.00542753
0.0054319
0.0054356
0.00544152
0.00544582
0.00544887
0.00545176
0.00545463
0.00545872
0.00546154
0.00544103
0.00542106
0.00539969
0.00537657
0.00535122
0.00532539
0.00530029
0.0052749
0.00524844
0.00522281
0.00519753
0.00517263
0.00514533
0.00511639
0.00508797
0.00506032
0.00502744
0.00499609
0.00496476
0.00493429
0.00490489
0.00487486
0.00484665
0.00481823
0.00479133
0.00476591
0.00474195
0.00471733
0.00469331
0.00466936
0.00464497
0.00461994
0.0045954
0.0045708
0.00454601
0.0045217
0.00449921
0.00447691
0.00445287
0.00442784
0.00440025
0.0043734
0.0043474
0.00432153
0.00429536
0.00426947
0.0042427
0.0042151
0.00418884
0.00418884
0.00416326
0.00413116
0.00409813
0.00406496
0.00403168
0.00399889
0.0039665
0.00393436
0.00390232
0.00387063
0.00384013
0.00380986
0.00377806
0.0037467
0.00371668
0.00368603
0.00365561
0.0036233
0.0035953
0.00356783
0.00354085
0.0035131
0.00348443
0.00345415
0.00342329
0.00339277
0.00336117
0.00332847
0.00329596
0.00326524
0.00323708
0.00321122
0.00318599
0.00316002
0.00313348
0.00310687
0.00308036
0.00305451
0.00302835
0.00300231
0.00297661
0.00295072
0.00292653
0.00290305
0.00287905
0.00285455
0.0028289
0.00280165
0.00277465
0.00274834
0.0027222
0.00269707
0.00267059
0.00264407
0.00261872
0.00259156
0.00256354
0.00253387
0.00250472
0.00247619
0.0024473
0.00241892
0.00239068
0.00236325
0.00233708
0.00231156
0.00228695
0.00226332
0.00223888
0.00221374
0.00218909
0.00216468
0.00214185
0.00211838
0.00209447
0.00207138
0.00204604
0.00202001
0.00199401
0.00196639
0.00193912
0.00191044
0.00188166
0.00185288
0.00182374
0.00179387
0.00176283
0.00173016
0.00169663
0.00166311
0.00163141
0.00159882
0.00156615
0.00153432
0.00150196
0.00147036
0.00143914
0.00140876
0.00137907
0.0013503
0.0013224
0.00129535
0.00126969
0.00124472
0.00122056
0.00119754
0.00117572
0.00115359
0.0011292
0.00110458
0.00108025
0.00105759
0.00103445
0.00101176
0.000989554
0.000965897
0.000965897
0.000965897
0.000965897
0.000965897
0.000965897
0.000965897
0.000965897
0.000965897
0.000965897
0.000965897
0.000965897
0.000965897
0.000965897
0.000965897
0.000965897
0.000965897
0.000965897
0.0009406
0.0009091
0.000877347
0.000844966
0.000811008
0.000775879
0.000738903
0.00070092
0.000659826
0.00061705
0.000572062
0.000526583
0.000481094
0.000436582
0.000390416
0.000342919
0.00029381
0.000245647
0.000194586
0.000144538
9.53229e-05
4.66394e-05
-1.83977e-06
-5.09979e-05
-9.92351e-05
-0.000147967
-0.000196238
-0.000245826
-0.000293822
-0.000341591
-0.0003878
-0.000434248
-0.000480993
-0.00052872
-0.000585006
-0.000643049
-0.000701228
-0.000759856
-0.000817864
-0.000874891
-0.000930364
-0.000983166
-0.00103502
-0.00108674
-0.00113553
-0.00118376
-0.001231
-0.00127583
-0.00131954
-0.00136199
-0.00140251
-0.00145746
-0.0015121
-0.00156582
-0.0016192
-0.00167421
-0.00173138
-0.00178968
-0.00184804
-0.00190819
-0.00196905
-0.00202974
-0.00208987
-0.00215086
-0.00221396
-0.00227874
-0.00234527
-0.00234527
-0.00241286
-0.00248275
-0.00255267
-0.00262379
-0.00268834
-0.00274949
-0.00280915
-0.00286668
-0.00292302
-0.00297688
-0.00302914
-0.00307885
-0.00312478
-0.00316832
-0.0032107
-0.00325116
-0.0032733
-0.00329438
-0.00331483
-0.00333491
-0.00335249
-0.00336973
-0.00338733
-0.00340523
-0.00342235
-0.00343759
-0.00345337
-0.00346975
-0.00348561
-0.0035002
-0.00351527
-0.00353054
-0.00354602
-0.00357539
-0.00360589
-0.00363515
-0.00366396
-0.0036922
-0.00372138
-0.00374976
-0.00377739
-0.00380382
-0.00382913
-0.00385417
-0.00387948
-0.00390589
-0.00390821
-0.00391007
-0.00391023
-0.00390961
-0.00390771
-0.003906
-0.00390545
-0.00390536
-0.0039042
-0.00390142
-0.00389736
-0.0038926
-0.00388515
-0.00387861
-0.00386974
-0.00386004
-0.00384913
-0.00383826
-0.00382656
-0.00381404
-0.00380164
-0.00379
-0.00377878
-0.00376881
-0.00375971
-0.0037504
-0.00373996
-0.00372546
-0.00371221
-0.00370017
-0.00368781
-0.00367407
-0.00365932
-0.00364409
-0.00362893
-0.00361491
-0.00360038
-0.00358504
-0.00357069
-0.00355368
-0.00353672
-0.00351938
-0.003502
-0.00348552
-0.00347028
-0.00345519
-0.00344093
-0.00342727
-0.00341363
-0.00340066
-0.0033876
-0.00337351
-0.00335547
-0.00333858
-0.00332202
-0.00330359
-0.00328315
-0.00326209
-0.00324181
-0.00322226
-0.00320462
-0.0031881
-0.00317207
-0.00315633
-0.00314063
-0.00312452
-0.00310848
-0.00309295
-0.00307815
-0.00306522
-0.00305461
-0.00304552
-0.00303741
-0.00302913
-0.00302028
-0.00301216
-0.00300523
-0.00300229
-0.00300134
-0.00300146
-0.00300321
-0.00300594
-0.0030106
-0.0030174
-0.00302535
-0.00303424
-0.00304425
-0.0030541
-0.00306419
-0.00307462
-0.00308395
-0.00309481
-0.00310613
-0.00312015
-0.00312015
-0.00313644
-0.0031533
-0.00317197
-0.00319242
-0.00321431
-0.00323595
-0.00325662
-0.00327669
-0.00329617
-0.00331635
-0.00333699
-0.00335831
-0.00337877
-0.00339904
-0.00341946
-0.00341946
-0.00343934
-0.00347681
-0.00351438
-0.00355226
-0.00358891
-0.00362432
-0.00365777
-0.0036906
-0.00372276
-0.00375455
-0.00378911
-0.00382536
-0.00382536
-0.00382536
-0.00382536
-0.00382536
-0.00382536
-0.00382536
-0.00382536
-0.00382536
-0.00382536
-0.00382536
-0.00382536
-0.00382536
-0.00382536
-0.00382536
-0.00382536
-0.00386297
-0.00391552
-0.00396845
-0.00402256
-0.00407707
-0.00413111
-0.00418437
-0.00423797
-0.00429192
-0.00434675
-0.0044021
-0.00445864
-0.00451477
-0.00456991
-0.00462357
-0.00467769
-0.00473176
-0.00478554
-0.00484091
-0.00489585
-0.00495094
-0.00500458
-0.00505727
-0.00510851
-0.00515812
-0.00520523
-0.00525124
-0.00529506
-0.00533506
-0.00537213
-0.00540909
-0.005444
-0.005444
-0.00547912
-0.00550964
-0.00553896
-0.00556757
-0.0055957
-0.00562363
-0.0056516
-0.00567975
-0.00570722
-0.00573386
-0.0057608
-0.00578873
-0.00581768
-0.00584639
-0.00587436
-0.00590115
-0.00592633
-0.00595289
-0.00597763
-0.00600188
-0.00602603
-0.00604942
-0.00607124
-0.00609292
-0.00611582
-0.00613974
-0.0061632
-0.00618551
-0.0062069
-0.00622809
-0.00624985
-0.00627112
-0.00629383
-0.00630618
-0.00631887
-0.00633137
-0.00634321
-0.00635533
-0.00636815
-0.00638129
-0.00639408
-0.00640696
-0.00642035
-0.00643253
-0.00644469
-0.00645744
-0.00646945
-0.00648199
-0.00649418
-0.0064963
-0.00649832
-0.00650002
-0.00650076
-0.00650108
-0.00650116
-0.00650081
-0.00650107
-0.00650164
-0.00650192
-0.0065012
-0.00649971
-0.00649759
-0.00649594
-0.00649184
-0.00648731
-0.00648226
-0.00647791
-0.00647457
-0.00647171
-0.00646976
-0.00646758
-0.00646621
-0.00646508
-0.00646455
-0.00646352
-0.00646298
-0.00646786
-0.00647235
-0.00647574
-0.00647804
-0.00647928
-0.00647949
-0.00647945
-0.00648064
-0.00648175
-0.00648229
-0.00648462
-0.00648594
-0.0064809
-0.00648315
-0.00648433
-0.00648626
-0.00648898
-0.00649239
-0.00649559
-0.00649874
-0.00650272
-0.00650791
-0.00651356
-0.00651814
-0.00652296
-0.00652129
-0.00652022
-0.00651785
-0.00651433
-0.00651014
-0.00650617
-0.00650329
-0.0065014
-0.00650077
-0.00650009
-0.00650009
-0.0064979
-0.00649295
-0.00648918
-0.00648534
-0.00648053
-0.0064749
-0.00646986
-0.00646488
-0.0064599
-0.00645557
-0.00645095
-0.00644387
-0.00643752
-0.00643099
-0.00642488
-0.00641897
-0.00641318
-0.00640802
-0.00640359
-0.0063993
-0.00639408
-0.00639281
-0.00639282
-0.00639316
-0.00639461
-0.00639748
-0.00639976
-0.00640186
-0.00640192
-0.00640034
-0.00639877
-0.00639767
-0.00640212
-0.00640473
-0.00640716
-0.00640991
-0.00641343
-0.00641747
-0.00642131
-0.00642378
-0.00642378
-0.00642633
-0.00642333
-0.00642112
-0.00641712
-0.00641712
-0.00641712
-0.00641712
-0.00641712
-0.00641712
-0.00641712
-0.00641712
-0.00641712
-0.00641712
-0.00641712
-0.00641712
-0.00641712
-0.00641712
-0.00641712
-0.00641712
-0.00641712
-0.00641712
-0.00641712
-0.00641712
-0.00641712
-0.00641712
-0.00641712
-0.00641712
-0.00641712
-0.00641712
-0.00641712
-0.00641712
-0.00641712
-0.00641712
-0.00641712
-0.00641712
-0.00641712
-0.00641712
-0.00641712
-0.00641712
-0.00641712
-0.00641712
-0.00641712
-0.00641712
-0.00641712
-0.00641712
-0.00641712
-0.00641712
-0.00641712
-0.00641712
-0.00641712
-0.00641712
-0.00641712
-0.00641712
-0.00641712
-0.00641712
-0.00641712
-0.00641712
-0.00641712
-0.00641712
-0.00641712
-0.00641712
-0.00641712
-0.00641712
-0.00641712
-0.00641712
-0.00641712
-0.00641712
-0.00641712
-0.00641712
-0.00641712
-0.00641712
-0.00641712
-0.00641712
-0.00641712
-0.00641712
-0.00641712
-0.00641712
-0.00641712
-0.00641712
-0.00641712
-0.00641712
-0.00641712
-0.00641712
-0.00641712
-0.00641712
-0.00641712
-0.00641712
-0.00641712
-0.00641712
-0.00641712
-0.00641712
-0.00641712
-0.00641712
-0.00641712
-0.00641712
-0.00641712
-0.00641712
-0.00641712
-0.00641712
-0.00641712
-0.00641712
-0.00641712
-0.00641712
-0.00641712
-0.00641712
-0.00641712
-0.00641712
-0.00641712
-0.00641712
-0.00641712
-0.00641712
-0.00641712
-0.00641712
-0.00641712
-0.00641712
-0.00641712
-0.00641712
-0.00641712
-0.00641712
-0.00641712
-0.00641712
-0.00641712
-0.00641712
-0.00641712
-0.00641712
-0.00641712
-0.00641712
-0.00641712
-0.00641712
-0.00641712
-0.00641712
-0.00641712
-0.00641712
-0.00641712
-0.00641712
-0.00641712
-0.00641712
-0.00641712
-0.00641712
-0.00641712
-0.00641712
-0.00641712
-0.00641712
-0.00641712
-0.00641712
-0.00641712
-0.00641712
-0.00641712
-0.00641712
-0.00641712
-0.00641712
-0.00641712
-0.00641712
-0.00641712
-0.00641712
-0.00641712
-0.00641712
-0.00641712
-0.00641712
-0.00641712
-0.00641712
-0.00641712
-0.00641712
-0.00641712
-0.00641712
-0.00641712
-0.00641712
-0.00641712
-0.00641712
-0.00641712
-0.00641712
-0.00641712
-0.00641712
-0.00641712
-0.00641712
-0.00641712
-0.00641712
-0.00641712
-0.00641712
-0.00641712
-0.00641712
-0.00641712
-0.00641712
-0.00641712
-0.00641712
-0.00641712
-0.00641712
-0.00641712
-0.00641712
-0.00641712
-0.00641712
-0.00641712
-0.00641712
-0.00641712
-0.00641712
-0.00641712
-0.00641712
-0.00641712
-0.00641712
-0.00641712
-0.00641712
-0.00641712
-0.00641712
-0.00641712
-0.00641712
-0.00641712
-0.00641712
-0.00641712
-0.00641712
-0.00641712
-0.00641712
-0.00641712
-0.00641712
-0.00641712
-0.00641712
-0.00641712
-0.00641712
-0.00641712
-0.00641712
-0.00641712
-0.00641712
-0.00641712
-0.00641712
-0.00641712
-0.00641712
-0.00641712
-0.00641712
-0.00641712
-0.00641712
-0.00641712
-0.00641712
-0.00641712
-0.00641712
-0.00641712
-0.00641712
-0.00641712
-0.00641712
-0.00641712
-0.00641712
-0.00641712
-0.00641712
-0.00641712
-0.00641712
-0.0064148
-0.0020479
-0.00102631
-0.00125506
-0.00151918
-0.00143373
-0.00132704
-0.0012699
-0.00107253
-0.000932958
-0.000618766
-0.000509513
-0.000378679
-0.000121899
6.35321e-05
0.000137315
0.000132458
0.000109299
0.000121011
-0.000743323
-0.00158672
-0.00242046
-0.00320349
-0.00397511
-0.00475978
-0.00549584
-0.00613861
-0.0067493
-0.00724226
-0.00768382
-0.00821236
-0.00869147
-0.0091174
-0.00949026
-0.00982215
-0.0101509
-0.0104794
-0.0107516
-0.0109724
-0.0111738
-0.0114096
-0.0116773
-0.0119401
-0.0121957
-0.0123843
-0.0125552
-0.0127219
-0.0128325
-0.0129238
-0.0130344
-0.0131677
-0.013282
-0.0133594
-0.0134046
-0.013455
-0.0135234
-0.0135813
-0.0136339
-0.0136974
-0.0137461
-0.0138206
-0.0139436
-0.0140425
-0.0141496
-0.0142359
-0.014293
-0.0143504
-0.0143917
-0.0144198
-0.0144368
-0.0144294
-0.0144132
-0.0144032
-0.0143731
-0.0143711
-0.0143761
-0.0143539
-0.014348
-0.0143478
-0.0143534
-0.0143553
-0.014346
-0.0143313
-0.0142941
-0.0142427
-0.0141907
-0.0141508
-0.0141199
-0.0141173
-0.0140011
-0.0138732
-0.0137461
-0.0136433
-0.0135553
-0.0134657
-0.0133627
-0.0132535
-0.0131635
-0.013077
-0.0129838
-0.0129076
-0.0128379
-0.0127899
-0.0127361
-0.0127184
-0.0126994
-0.0127004
-0.012712
-0.0127187
-0.0127132
-0.012716
-0.0126826
-0.0126405
-0.012602
-0.0125866
-0.0125811
-0.0125865
-0.0125598
-0.0125374
-0.0125354
-0.012546
-0.0125534
-0.0125591
-0.0125679
-0.0125637
-0.0125581
-0.0125431
-0.0125349
-0.012528
-0.0125223
-0.0125061
-0.0124867
-0.0124606
-0.0124595
-0.0124617
-0.0124571
-0.0124595
-0.0124669
-0.0124668
-0.0124705
-0.0124892
-0.0125133
-0.0125288
-0.0125384
-0.0125544
-0.0125814
-0.0126265
-0.012672
-0.0127165
-0.012771
-0.0129183
-0.0130699
-0.0132316
-0.0133944
-0.0135522
-0.0137064
-0.0138571
-0.0140013
-0.0141412
-0.0142696
-0.0143986
-0.0145381
-0.0146124
-0.0146813
-0.0147444
-0.014811
-0.0148833
-0.0149561
-0.0150189
-0.0150722
-0.0151414
-0.0152195
-0.0152852
-0.0153503
-0.015416
-0.0154812
-0.0155509
-0.0157116
-0.0158682
-0.0160138
-0.0161478
-0.0162742
-0.0163947
-0.0165127
-0.0166329
-0.0167579
-0.0168739
-0.0169909
-0.0170336
-0.0170651
-0.017094
-0.0171112
-0.0171241
-0.0171346
-0.0171342
-0.0171218
-0.0170971
-0.01707
-0.0170406
-0.0170054
-0.0169694
-0.0169191
-0.0168506
-0.0167744
-0.0166996
-0.0166197
-0.0165294
-0.0164399
-0.0163449
-0.0162415
-0.0161319
-0.0160172
-0.0158972
-0.0157834
-0.0156727
-0.0155518
-0.0154379
-0.0153299
-0.0152143
-0.0150962
-0.0149786
-0.0148572
-0.0147257
-0.0145932
-0.0144583
-0.014314
-0.0141611
-0.0140098
-0.0138432
-0.0136824
-0.0135235
-0.0133737
-0.0132229
-0.0130712
-0.0129193
-0.0127662
-0.0126183
-0.0124655
-0.0122931
-0.0121279
-0.0119728
-0.0118233
-0.0116744
-0.0115308
-0.011377
-0.011218
-0.0110567
-0.0108876
-0.0107166
-0.0105419
-0.0103499
-0.0101519
-0.00995809
-0.00976036
-0.00956454
-0.00936609
-0.00916762
-0.0089787
-0.00879346
-0.00861411
-0.0084445
-0.00828421
-0.00812878
-0.00797246
-0.0078112
-0.00764537
-0.00747601
-0.00730915
-0.00714487
-0.0069805
-0.00681827
-0.00666059
-0.00650623
-0.00635918
-0.00621892
-0.00608689
-0.00596195
-0.00572744
-0.00554019
-0.00535267
-0.00516528
-0.00498552
-0.00481679
-0.00465353
-0.00449254
-0.00433026
-0.00416836
-0.00400964
-0.00385385
-0.00370254
-0.00356393
-0.00343207
-0.00331085
-0.00318292
-0.0030653
-0.00295179
-0.00283954
-0.00273568
-0.00263859
-0.002544
-0.00245369
-0.00236575
-0.00227626
-0.00217986
-0.00208368
-0.00198867
-0.00191877
-0.00185033
-0.00178965
-0.00173534
-0.0016828
-0.00162293
-0.00156911
-0.00151717
-0.00146252
-0.00140509
-0.0013475
-0.00137737
-0.00141124
-0.00144855
-0.00148772
-0.00152393
-0.00155877
-0.00159019
-0.00161712
-0.00164225
-0.00166961
-0.00170103
-0.00172848
-0.00171228
-0.00169832
-0.0016963
-0.00169581
-0.00168992
-0.0016788
-0.00167468
-0.00167075
-0.00166913
-0.00166465
-0.00165421
-0.00164627
-0.00164399
-0.00164079
-0.00163214
-0.00161964
-0.00160804
-0.00159648
-0.00158927
-0.00157717
-0.00156711
-0.00155768
-0.00155667
-0.00155941
-0.00156012
-0.00155983
-0.00156642
-0.00157258
-0.00157391
-0.00156963
-0.00156127
-0.001551
-0.00153901
-0.00153115
-0.00152176
-0.0015162
-0.00150866
-0.00150008
-0.00148752
-0.0014735
-0.00146426
-0.00145883
-0.00144824
-0.00143354
-0.00141924
-0.00141147
-0.00140408
-0.0013937
-0.00138212
-0.00137702
-0.00136776
-0.00136365
-0.00135929
-0.00135805
-0.00136242
-0.00137099
-0.00138059
-0.00139221
-0.00140447
-0.00141196
-0.00142348
-0.00143682
-0.00144955
-0.00146275
-0.00147464
-0.00148499
-0.00149595
-0.00151107
-0.00152949
-0.00154653
-0.00155928
-0.0015702
-0.00157833
-0.00158414
-0.00158779
-0.00158728
-0.00158941
-0.00159227
-0.00159501
-0.00159167
-0.00158287
-0.00157089
-0.00155769
-0.00154294
-0.0015284
-0.00151535
-0.00150236
-0.00148846
-0.00147698
-0.00146701
-0.00145926
-0.00144913
-0.00144089
-0.00143529
-0.00142388
-0.00140861
-0.00139191
-0.00137604
-0.00136117
-0.0013429
-0.00132499
-0.00130875
-0.00129069
-0.00127303
-0.00125718
-0.00124265
-0.00123162
-0.00122009
-0.0012087
-0.00119881
-0.0011918
-0.00118861
-0.00118408
-0.00117686
-0.00116968
-0.00116338
-0.00115618
-0.00115264
-0.00115275
-0.00114935
-0.00114007
-0.00113166
-0.0011267
-0.00113316
-0.00113509
-0.0011373
-0.00114215
-0.00114413
-0.00114447
-0.00114413
-0.001119
-0.00109397
-0.0010704
-0.00104815
-0.00102584
-0.00100463
-0.00098948
-0.000979948
-0.000978956
-0.000988219
-0.000997554
-0.0010037
-0.00100781
-0.00101649
-0.00102568
-0.00103525
-0.00104427
-0.00105281
-0.00106597
-0.0010792
-0.00109156
-0.0011012
-0.00110854
-0.00111859
-0.00112936
-0.0011442
-0.00115468
-0.00117103
-0.00118701
-0.00119631
-0.00120036
-0.00120204
-0.00119948
-0.00119302
-0.00118281
-0.00117015
-0.00115461
-0.00113367
-0.00111152
-0.0010916
-0.00107429
-0.00106264
-0.00105131
-0.00104351
-0.00103873
-0.00103623
-0.00103485
-0.00103915
-0.00104243
-0.00104004
-0.00103965
-0.00104033
-0.0010377
-0.00102861
-0.00101809
-0.00100738
-0.000996313
-0.000984427
-0.000973733
-0.000961529
-0.000948004
-0.000939083
-0.000928879
-0.000916536
-0.000901488
-0.000886351
-0.000869917
-0.00085109
-0.000832523
-0.000816419
-0.000800827
-0.000791694
-0.000790846
-0.000792915
-0.000795907
-0.000798482
-0.000798982
-0.00080139
-0.000800321
-0.000799525
-0.000801061
-0.000803698
-0.000800436
-0.000796157
-0.00079009
-0.000782946
-0.000776112
-0.000767286
-0.000753172
-0.000735876
-0.00071748
-0.000699703
-0.000681157
-0.000666114
-0.000646469
-0.000632107
-0.000620737
-0.000610863
-0.00060228
-0.000596306
-0.000589491
-0.000579124
-0.000563729
-0.000544831
-0.000523738
-0.00050016
-0.000476725
-0.000452768
-0.00042638
-0.000403377
-0.00038231
-0.00036032
-0.000338032
-0.000316544
-0.00029627
-0.000275903
-0.000256227
-0.0002363
-0.00021666
-0.000198294
-0.000180394
-0.000162429
-0.000142669
-0.000122661
-0.000100701
-7.75042e-05
-5.49053e-05
-3.39342e-05
-1.40429e-05
3.05301e-06
1.87743e-05
3.12772e-05
4.36646e-05
6.08882e-05
8.25665e-05
0.000109085
0.000134957
0.000162096
0.000190476
0.00021715
0.000242652
0.00026204
0.000278576
0.000289165
0.000292722
0.000292678
0.000298557
0.000309461
0.00032209
0.000334449
0.00034679
0.000360774
0.000379825
0.000398796
0.000415778
0.000430999
0.000443946
0.000453673
0.000460493
0.000467604
0.000479041
0.000489528
0.000502022
0.000513721
0.000525047
0.000534351
0.000542007
0.000547886
0.000554126
0.000561103
0.000567707
0.000573657
0.000583616
0.00059647
0.000611812
0.000628744
0.000642079
0.000655488
0.00067012
0.000684494
0.00069833
0.000710613
0.000721394
0.000732994
0.00074369
0.000753905
0.000764294
0.000773359
0.000782441
0.000792828
0.000803472
0.000813583
0.000822163
0.000828025
0.000829797
0.000833996
0.000837815
0.000842429
0.000849189
0.000855727
0.000860673
0.000868983
0.00087793
0.00088469
0.000890207
0.000896743
0.000906102
0.000917414
0.000926859
0.000927772
0.000929429
0.000930527
0.0009319
0.000932358
0.000930278
0.000930752
0.000932682
0.000934568
0.000933461
0.000928649
0.000924859
0.000921779
0.0009206
0.000921699
0.000922461
0.000924976
0.000929599
0.000934317
0.000937616
0.000938971
0.000939612
0.000942055
0.000944145
0.000944939
0.000944918
0.000943624
0.000942875
0.000944196
0.000948789
0.000952081
0.000955778
0.000958218
0.000959883
0.000962018
0.000965243
0.000969218
0.000972787
0.000974206
0.000972645
0.000966738
0.00096387
0.000961461
0.000959473
0.000956875
0.000956281
0.00095746
0.000957082
0.000953823
0.000791923
0.000794165
0.000798974
0.00080212
0.000805651
0.000812827
0.000820635
0.000826972
0.000831018
0.00083072
0.000830603
0.000832712
0.000836229
0.000840669
0.000847527
0.000852926
0.000857493
0.000858167
0.000859389
0.000861387
0.000862955
0.0008664
0.000868695
0.000871112
0.000874275
0.000879262
0.000885527
0.000891056
0.000895124
0.000896673
0.000895693
0.000894408
0.000894745
0.000897099
0.00090248
0.000910137
0.000916832
0.000920926
0.000923131
0.000924981
0.000926036
0.00092495
0.000922754
0.000921003
0.000919033
0.000917143
0.000917056
0.00091582
0.000913653
0.000912923
0.000912925
0.000914426
0.000916177
0.000917155
0.000917394
0.000916886
0.000917503
0.0009169
0.000917452
0.000919635
0.000925172
0.000932715
0.000940945
0.000947389
0.000952833
0.000957703
0.00096071
0.00096247
0.000965105
0.000969835
0.000974948
0.000977688
0.000992593
0.0010072
0.00102226
0.00103568
0.00104975
0.00106602
0.0010835
0.00110097
0.00111814
0.00113462
0.00114975
0.00116452
0.00117837
0.00119083
0.00120437
0.00121967
0.00123252
0.00124593
0.00126178
0.00127455
0.00128897
0.00130631
0.00132248
0.00133602
0.00134708
0.00135903
0.00137216
0.00138519
0.0013983
0.00141409
0.00143253
0.00145017
0.00146634
0.0014804
0.00149551
0.00151172
0.00152745
0.00154081
0.00155455
0.00156879
0.00158324
0.00160031
0.00161818
0.00163553
0.00165414
0.00167389
0.00169352
0.0017129
0.00173083
0.00174751
0.00176482
0.00178084
0.00179346
0.00180444
0.00181742
0.00183119
0.00184318
0.0018543
0.00186484
0.00187557
0.00188933
0.00190401
0.00191931
0.00193681
0.00195464
0.00197104
0.00198894
0.00200673
0.00202285
0.00203573
0.00204829
0.00205854
0.0020689
0.00207889
0.00208928
0.00210241
0.00211781
0.00213444
0.00215066
0.00216596
0.00218161
0.00219637
0.00221127
0.00222902
0.00224736
0.00226348
0.00226864
0.00227047
0.00227124
0.00227197
0.00227082
0.00226763
0.00226239
0.00225871
0.00225709
0.00225464
0.00225314
0.002254
0.00225645
0.00225646
0.00225638
0.00225905
0.0022617
0.00226489
0.00226797
0.00227307
0.00228037
0.00229129
0.00230524
0.00231983
0.00233393
0.00234676
0.00236015
0.00237473
0.002391
0.0024093
0.00242567
0.00244112
0.00246479
0.00248648
0.00250874
0.00253157
0.00255302
0.00257741
0.00259944
0.00262121
0.00264395
0.00266842
0.00269244
0.00271674
0.002741
0.00276491
0.00278728
0.00281016
0.00283069
0.00285163
0.002873
0.00289389
0.00291288
0.00293098
0.00295049
0.00297058
0.0029909
0.00301368
0.00303803
0.00306359
0.00309077
0.00311925
0.00314756
0.00314756
0.00317598
0.00322014
0.00326693
0.00331424
0.00335946
0.00340735
0.00345826
0.00350799
0.00355684
0.0036058
0.00365484
0.00370336
0.00375343
0.00380258
0.00385052
0.00389731
0.00394311
0.00398826
0.00403318
0.004078
0.00412112
0.00416476
0.00420968
0.00425393
0.00429779
0.00434188
0.00438611
0.00443047
0.00447584
0.0045221
0.00457004
0.00461706
0.00461706
0.0046628
0.00471385
0.0047659
0.00481827
0.0048705
0.00492108
0.00497255
0.00502513
0.0050797
0.00513601
0.00519264
0.00524928
0.00530779
0.00536682
0.00542507
0.00548768
0.00554868
0.00560628
0.00565994
0.00571308
0.00576391
0.00581149
0.00585522
0.00589671
0.00593596
0.00597467
0.00601141
0.00604755
0.00608349
0.00611944
0.00615666
0.00619139
0.00620197
0.00623718
0.0062725
0.00630564
0.00633683
0.00636618
0.00639376
0.00642158
0.0064495
0.00647893
0.00650982
0.00654204
0.00657303
0.00660404
0.00663603
0.0066692
0.00670475
0.00675001
0.0067953
0.00683957
0.00688325
0.00692791
0.00697239
0.00701585
0.00705756
0.00709739
0.00713379
0.0071703
0.0072086
0.00725047
0.0072931
0.00733664
0.0073821
0.00739163
0.00740215
0.00741248
0.00742135
0.00742978
0.00743795
0.00744237
0.00744427
0.00744501
0.00744733
0.00744907
0.00745115
0.00745347
0.00745625
0.00746176
0.00746657
0.00747957
0.00749077
0.0075017
0.00751097
0.00751867
0.00752548
0.00753332
0.00754267
0.00755316
0.00756509
0.00757677
0.00758796
0.00758404
0.00757889
0.00757158
0.00756053
0.00755061
0.00754223
0.00753434
0.00752722
0.00752145
0.00751695
0.00751331
0.0075094
0.00750324
0.00749566
0.00748967
0.00748452
0.00748116
0.00747907
0.00747682
0.00747513
0.00747451
0.00747467
0.00747356
0.00747197
0.00747113
0.00746948
0.0074552
0.00744217
0.00742885
0.00741429
0.00739876
0.00738447
0.00736884
0.00735265
0.00733605
0.00732196
0.00730917
0.0072951
0.00728143
0.0072687
0.00725625
0.00724366
0.00723134
0.00721847
0.00720472
0.00719031
0.00717523
0.00716033
0.0071442
0.00712713
0.00711102
0.0070944
0.0070507
0.00703505
0.00702073
0.00700791
0.00699586
0.00698319
0.00697022
0.00695732
0.00694351
0.00692911
0.00691285
0.00689774
0.00688362
0.00687235
0.00686286
0.00685577
0.00685061
0.00684631
0.00684073
0.00683513
0.00682889
0.00682105
0.00681344
0.00680523
0.00679604
0.00678675
0.00677666
0.00676664
0.00675622
0.00674506
0.00673386
0.00672275
0.00671227
0.00670246
0.00669332
0.00668384
0.00667318
0.00666202
0.00665002
0.00663732
0.00662467
0.00661266
0.00659857
0.00658307
0.00656784
0.00655421
0.00654116
0.0065302
0.00652121
0.00652363
0.00652585
0.00652718
0.00652801
0.00652877
0.00653032
0.00653114
0.00653282
0.00653524
0.00653961
0.00654528
0.00655197
0.00655889
0.00655953
0.00655882
0.00655578
0.0065506
0.00654551
0.00654106
0.00653655
0.00653285
0.00653004
0.00652752
0.00652589
0.0065252
0.00652686
0.0065269
0.00652517
0.0065209
0.00651442
0.00650779
0.00650191
0.00649715
0.00649238
0.00648712
0.00648269
0.00647808
0.00647885
0.00647757
0.00647719
0.00647781
0.00647842
0.00647815
0.00647767
0.00647878
0.00648023
0.00648147
0.00648328
0.00648527
0.00648006
0.00647473
0.00646884
0.0064616
0.00645546
0.00644886
0.00644302
0.00643792
0.00643174
0.00642547
0.00641904
0.0064118
0.00640531
0.00639986
0.00639522
0.00639192
0.00638902
0.00638492
0.0063783
0.00637273
0.00637005
0.00636706
0.00636451
0.00636295
0.00636102
0.00635844
0.00635471
0.00635055
0.00634584
0.00634085
0.00633764
0.00633563
0.006334
0.00633125
0.00632797
0.00632341
0.00631821
0.00631266
0.00630827
0.00630408
0.00629609
0.0062895
0.00628369
0.00627715
0.00627025
0.00626429
0.00625928
0.00625598
0.0062539
0.0062523
0.00625042
0.00624712
0.00624362
0.00623818
0.00623348
0.00622895
0.00622208
0.00621689
0.00621165
0.00620612
0.00620105
0.00619564
0.00618971
0.00618317
0.00617642
0.00617142
0.00616652
0.00615965
0.00615098
0.00614224
0.00613425
0.00612652
0.00611957
0.00611443
0.00611048
0.00610639
0.00610345
0.00610142
0.0060997
0.00609815
0.00609554
0.00609131
0.00608576
0.0060801
0.00607643
0.00607258
0.00606976
0.00606817
0.0060655
0.00606282
0.00605991
0.00605617
0.0060515
0.00604675
0.00604304
0.00603974
0.00603635
0.00603378
0.00603212
0.00603055
0.00602911
0.00602709
0.0060249
0.00602215
0.00601898
0.00601481
0.00600937
0.00600399
0.00599969
0.00599544
0.00598953
0.00598304
0.00597761
0.00597156
0.00596464
0.00595726
0.005951
0.00594434
0.00593741
0.00593031
0.00592222
0.00591568
0.00591015
0.0059053
0.00590178
0.00589897
0.00589635
0.00589348
0.00589086
0.00588905
0.00588731
0.00588566
0.00588312
0.00588028
0.00587484
0.00586759
0.00586023
0.00585522
0.00585174
0.00584824
0.00584449
0.00584042
0.0058374
0.00583528
0.00583334
0.00583183
0.0058287
0.00582375
0.00581675
0.00581079
0.00580539
0.00579959
0.00579368
0.00578888
0.00578552
0.0057826
0.00578007
0.00577815
0.00577696
0.00577543
0.00577332
0.00577056
0.00576578
0.00575727
0.00574768
0.00573835
0.00572931
0.00572053
0.00571284
0.005706
0.00569849
0.00569091
0.00568388
0.00567868
0.00567483
0.00567181
0.00567038
0.00567013
0.00567054
0.00567258
0.00567687
0.00568122
0.00568636
0.00569122
0.00569712
0.00570424
0.00571194
0.00571978
0.00572816
0.00573667
0.00574465
0.00575239
0.00576027
0.00576829
0.00577646
0.00578554
0.00579489
0.00580405
0.00581392
0.00582444
0.00583518
0.00584592
0.00585589
0.0058656
0.00587462
0.00588618
0.00589742
0.00590859
0.00592008
0.00593204
0.00594415
0.00595692
0.00597159
0.00598681
0.00600218
0.00601884
0.00603636
0.00605483
0.00607617
0.00609685
0.00611623
0.00613497
0.00615391
0.00617161
0.00618933
0.00620621
0.00622217
0.00623853
0.00625513
0.00627258
0.00629246
0.00631138
0.00633018
0.00635022
0.00637116
0.0063906
0.00641085
0.00643243
0.00645449
0.00647752
0.00650183
0.00652734
0.00655802
0.00658858
0.0066188
0.00664953
0.00667968
0.00670978
0.00674072
0.00677225
0.00680305
0.00683406
0.00686431
0.00689326
0.00692144
0.00694845
0.00697671
0.00700549
0.00703707
0.00706959
0.00710273
0.00713703
0.00717195
0.00720681
0.00724274
0.00727952
0.00731745
0.00736066
0.00740302
0.0074433
0.00748188
0.00751878
0.00755458
0.00759089
0.00762537
0.00765917
0.00769072
0.00771977
0.00774585
0.00776877
0.00778791
0.00780378
0.00781739
0.00782929
0.00783924
0.00784617
0.00785266
0.00785977
0.00786607
0.00787026
0.00787332
0.00787613
0.00788029
0.00788261
0.00788333
0.00788355
0.00788288
0.00788109
0.00787934
0.00787803
0.00787766
0.00787707
0.00787498
0.00787196
0.00786963
0.00786842
0.00786716
0.00786279
0.00785751
0.00784146
0.00782711
0.0078135
0.00779989
0.00778509
0.0077701
0.00775613
0.00774243
0.00772731
0.00771199
0.00769654
0.00768008
0.00766225
0.00764626
0.0076306
0.00759902
0.00756777
0.00753724
0.00750725
0.00747736
0.00744716
0.00741713
0.00738731
0.00735758
0.00732859
0.00730029
0.00727211
0.0072418
0.00721182
0.00718255
0.007153
0.00712336
0.00709496
0.00706632
0.00703717
0.00700756
0.00697716
0.00694698
0.00691616
0.00688431
0.00685192
0.00681939
0.0067887
0.00675833
0.00672814
0.0066986
0.00666946
0.00664085
0.00661247
0.00658268
0.00655288
0.00652382
0.00649561
0.00646723
0.00643795
0.00640815
0.00637854
0.00634964
0.00631997
0.00628946
0.00625837
0.0062268
0.00619462
0.00616396
0.00613467
0.00610777
0.00608299
0.00605864
0.0060294
0.00600102
0.0059742
0.00594876
0.0059234
0.00589854
0.00587563
0.00585354
0.00583193
0.00581092
0.00578916
0.00576724
0.0057456
0.00572591
0.00570605
0.00568684
0.00566926
0.00565195
0.00563467
0.00561753
0.0056016
0.00558517
0.00557015
0.00555513
0.0055407
0.00552527
0.00550919
0.00549783
0.00548689
0.00547637
0.00546658
0.00545761
0.00544777
0.00543729
0.00542646
0.0054149
0.00540324
0.00539076
0.00537819
0.00536673
0.00535525
0.00534352
0.00533149
0.00531922
0.00530764
0.00529655
0.00528501
0.00527572
0.00526774
0.00525886
0.00525032
0.00524191
0.00523345
0.00522448
0.00521564
0.00520736
0.00519923
0.00519142
0.00518372
0.00518852
0.00519217
0.00519595
0.00519915
0.0052027
0.00520661
0.00521101
0.00521614
0.00522219
0.0052294
0.00523833
0.00524843
0.00525731
0.00526439
0.00527004
0.00527564
0.0052818
0.00528889
0.00529578
0.00530241
0.00530867
0.00531401
0.00531843
0.00532157
