0
0
0
0
0
0
0
0
0
0
0
0
0
0
0
0
0
0
0
0
0
0
0
0
0
0
0
0
0
0
0
0
0
0
0
0
0
0
0
0
0
0
0
0
0
0
0
0
0
0
0
0
0
0
0
0
0
0
0
0
0
0
0
0
0
0
0
0
0
0
0
0
0
0
0
0
0
0
0
0
0
0
0
0
0
0
0
0
0
0
0
0
0
0
0
0
0
0
0
0
0
0
0
0
0
0
0
0
0
0
0
0
0
0
0
0
0
0
0
0
0
0
0
0
0
0
0
0
0
0
0
0
0
0
0
0
0
0
0
0
0
0
0
0
1.72014
1.72301
1.70291
1.71114
1.71265
1.71793
1.72136
1.72506
1.72773
1.73055
1.73305
1.73501
1.71654
1.71973
1.72402
1.72879
1.73195
1.73524
1.7383
1.74103
1.74297
1.74506
1.74506
1.73847
1.74076
1.74357
1.74694
1.74898
1.75038
1.75293
1.75434
1.75796
2.59634
1.76853
1.77079
1.77223
1.77523
1.7789
1.78003
1.78102
1.78379
1.7862
1.78813
1.78913
1.7953
1.79592
1.79703
1.799
1.79995
1.80051
1.80194
1.80151
1.80052
1.79963
1.79925
1.80588
1.80639
1.80501
1.80364
1.80382
1.80282
1.80335
1.80402
1.80483
1.80437
1.80283
1.80736
1.80736
1.80585
1.80387
1.80462
1.80465
1.80417
1.80414
1.80308
1.80146
1.80187
1.78784
1.78765
1.7893
1.78956
1.79014
1.7899
1.78993
1.79064
1.78949
1.78784
1.78731
1.7892
1.79706
1.79755
1.79596
1.79624
1.79719
1.79724
1.79603
1.79746
1.79706
1.79845
1.79753
1.79837
1.80321
1.80466
1.80526
1.80479
1.80317
1.8004
1.79853
1.7977
1.79396
1.79027
1.78971
1.79318
1.78954
1.78845
1.78896
1.78812
1.78496
1.78268
1.78365
1.78508
1.78285
1.78342
1.77937
1.77963
1.7803
1.77914
1.77947
1.7779
1.77973
1.78119
1.77938
1.77799
1.77542
1.77169
1.77284
1.7721
1.77201
1.76858
1.76942
1.77106
1.77183
1.76505
1.76563
1.76959
1.76982
1.76827
1.7693
1.77137
1.7667
1.76622
1.76906
1.77327
1.7772
1.77551
1.77545
1.77737
1.77786
1.77782
1.78207
1.78207
1.78474
1.78682
1.78845
1.78845
1.80004
1.80228
1.8029
1.80608
1.80831
1.80957
1.8136
1.81733
1.81671
1.81527
1.81508
1.81649
1.81714
1.81669
1.81608
1.81614
1.82975
1.82916
1.82742
1.8262
1.82889
1.83379
1.83578
1.83642
1.83836
1.83925
1.84029
1.84144
1.84112
1.84465
1.87441
1.8767
1.88056
1.88465
1.88737
1.88833
1.89089
1.89318
1.89743
1.89697
1.89841
1.89613
1.89613
1.89784
1.89829
1.89636
1.89522
1.89525
1.89549
1.89611
1.8964
1.90016
1.89305
1.89305
1.92355
1.92483
1.92195
1.92364
1.92108
1.92187
1.92713
1.92796
1.92903
1.92814
1.92891
1.92671
1.92838
1.93191
1.93467
1.93376
1.93714
1.93825
1.94696
1.94922
1.94939
1.95352
1.95526
1.95883
1.96091
1.96471
1.96749
1.96622
1.96387
1.96085
1.95916
1.96311
1.96511
1.96865
1.9697
1.96894
1.97075
1.96744
1.96804
1.97005
1.97366
1.96999
1.97455
1.9722
1.97098
1.97305
1.97374
1.97494
1.97157
1.97266
1.97456
1.9689
1.96783
1.96722
1.97186
1.97927
1.98415
1.99116
1.99747
2.00067
1.99902
1.99734
1.99807
2.00029
2.00266
2.0044
2.00672
2.0083
2.00466
2.00243
2.00034
1.99583
1.99093
1.98994
1.99002
1.99015
1.99015
1.99368
1.99625
1.99675
1.99873
2.00425
2.00936
2.00811
2.01444
2.02162
2.01804
2.01825
2.01302
2.01594
2.01504
2.01305
2.01659
2.02064
2.02272
2.02121
2.02951
2.03592
2.03962
2.0451
2.05095
2.05808
2.05763
2.05497
2.04943
2.04266
2.03951
2.03829
2.03952
2.04105
2.0396
2.0367
2.03355
2.03062
2.03042
1.27817
2.04185
2.04513
2.04569
2.04824
2.04975
2.04964
2.04552
2.0407
2.03423
2.02526
2.01874
2.01375
2.00984
2.00651
1.9935
1.98582
1.97772
1.98757
1.98364
1.97934
1.97803
1.97272
1.97216
1.96747
1.95849
1.95721
1.95361
1.94408
1.94168
1.93963
1.93721
1.9365
1.93546
1.90946
1.91276
1.90676
1.90191
1.9013
1.90184
1.90656
1.90373
1.90519
1.90184
1.89717
1.89836
1.90786
1.81632
1.81021
1.81123
1.81312
1.81317
1.80779
1.80167
1.80606
1.80867
1.80937
1.80833
1.80917
1.81141
1.81037
1.80414
1.80379
1.79741
1.78872
1.78964
1.79125
1.78838
1.7787
1.77713
1.77761
1.773
1.76576
1.76575
1.76952
1.77778
1.77601
1.77724
1.7761
1.77197
1.76807
1.76824
1.76574
1.76138
1.76035
1.76075
1.75833
1.75023
1.7536
1.75218
1.7525
1.75177
1.7489
1.7507
1.75373
1.75576
1.75805
1.75793
1.75438
1.75831
1.74795
1.74748
1.74776
1.73933
1.73757
1.74274
1.75467
1.75865
1.76415
1.76415
1.76415
1.76415
1.76415
1.76415
1.76415
1.76415
1.76415
1.76415
1.76415
1.76415
1.76415
1.76415
1.76415
1.76415
1.76415
1.89819
1.90171
1.9066
1.91716
1.9249
1.93246
1.94069
1.94556
1.95127
1.95849
1.96001
1.962
1.96254
1.96462
2.00239
2.00781
2.01381
2.02243
2.03182
2.03974
2.04398
2.04467
2.04061
2.04089
2.03881
2.0384
2.04573
2.05098
2.06192
2.0611
2.05832
2.06237
2.0698
2.06904
2.07069
2.07181
2.07207
2.07824
2.07855
2.08039
2.09313
2.09217
2.12456
2.1232
2.11501
2.11339
2.11499
2.11279
2.10822
2.10492
2.10857
2.11118
2.11862
2.11213
2.10823
2.10275
2.09825
2.09019
1.34999
2.12474
2.11932
2.11227
2.11644
2.11476
2.12057
2.12511
2.13343
2.13343
2.12839
2.13082
2.13754
2.14278
2.14155
2.1439
2.14123
1.36947
2.18979
2.1852
2.18955
2.19489
2.20161
2.2145
2.21921
2.22114
2.22632
2.2189
2.22686
2.22732
2.22687
2.21976
2.20932
2.21199
2.15531
2.1651
2.17338
2.18072
2.18699
2.19741
2.20013
2.19346
2.18882
2.19453
2.19011
2.18568
2.17862
2.18061
2.18948
2.19809
2.2162
2.22521
2.23344
2.24282
2.24648
2.24566
2.25384
2.24974
2.25453
2.26006
2.2619
2.2619
2.2619
2.2619
2.2619
2.2619
2.2619
2.2619
2.2619
2.2619
2.2619
2.2619
2.2619
2.2619
2.2619
2.2619
2.2619
2.2619
2.48031
2.49172
2.50067
2.51085
2.5195
2.52711
2.53558
2.5401
2.5363
2.53867
2.53125
2.51459
2.50839
2.49738
2.49017
2.48033
2.48788
2.49174
2.49095
2.47925
2.47522
2.47869
2.46401
2.46044
2.4506
2.44924
2.44777
2.44799
2.45698
2.45723
2.45939
2.45939
2.42835
2.43019
2.42763
2.42861
2.4373
2.42554
2.40954
2.40852
2.41174
2.412
2.41689
2.41866
2.41765
2.41495
2.40568
2.40868
2.40005
2.39969
2.39354
2.38832
2.37746
2.38316
2.37946
2.37831
2.37793
2.37066
2.37059
2.36444
2.35911
2.36001
2.36368
2.3645
2.34957
2.35349
2.35353
2.35839
2.35404
2.35085
2.34093
2.33896
2.34123
2.33999
2.34067
2.34067
2.34067
2.34067
2.34067
2.34067
2.34067
2.34067
2.34067
2.34067
2.34067
2.34067
2.34067
2.34067
2.34067
2.34067
2.34067
2.3007
2.31138
2.30717
2.30958
2.30538
2.30132
2.30387
2.30821
2.30431
2.29533
2.29275
2.28773
2.2805
2.27749
2.26544
2.26253
2.25627
2.25591
2.25752
2.25409
2.24527
2.24194
2.23948
2.23107
2.22192
2.22556
2.22958
2.23363
2.2326
2.23007
2.22567
2.215
2.20155
2.19662
2.2
2.20406
2.20549
2.20786
2.22245
2.22558
2.23552
2.23066
2.23738
2.23914
2.24401
2.25018
2.25753
2.26996
2.28447
2.2918
2.28738
2.29852
2.2916
2.2919
2.2932
2.28047
2.27753
2.27433
2.27065
2.25795
2.24638
2.23963
2.23516
2.22177
2.21354
2.19985
2.20279
2.20059
2.19271
2.19271
2.17995
2.17602
2.16008
2.14853
2.14695
2.14361
2.14016
2.1399
2.13979
2.13793
2.13381
2.13655
2.13697
2.13463
2.1348
2.13547
2.11407
2.11451
2.11507
2.11263
2.10104
2.09077
2.08133
2.09088
2.10171
2.10176
2.09289
2.0924
2.09615
2.09699
2.0832
2.07548
2.08074
2.08924
2.08062
2.07515
2.05437
2.04247
2.04538
2.05214
2.05189
2.03319
2.03324
2.03951
2.04401
2.03761
2.02796
2.02197
2.02073
2.01514
2.02412
2.03134
2.02904
2.0256
2.02353
2.01759
2.01747
2.02486
2.02141
2.01948
2.029
2.04121
2.02928
2.03457
2.05446
2.06106
2.05772
2.04837
2.04735
2.06414
2.06514
2.06099
2.05642
2.05449
2.05689
2.05472
2.0497
2.05775
2.05987
2.04584
2.04173
2.03216
2.02328
2.02086
2.02606
2.03332
2.02648
2.02073
2.00894
1.99117
1.98443
1.97975
1.96465
1.95632
1.94926
1.94175
1.93823
1.95035
1.94705
1.93742
1.92059
1.91773
1.9154
1.90336
1.90099
1.90259
1.90433
1.89852
1.89045
1.88376
1.87426
1.87535
1.87565
1.87548
1.87572
1.87815
1.87406
1.86713
1.85306
1.83589
1.83203
1.82459
1.81248
1.80875
1.80218
1.7946
1.78929
1.78292
1.79265
1.77968
1.76957
1.77904
1.76678
1.75372
1.74992
1.74476
1.73422
1.72453
1.73103
1.73907
1.73233
1.71896
1.72567
1.73957
1.73397
1.72976
1.73573
1.75235
1.75892
1.76017
1.76343
1.76539
1.77425
1.77252
1.26644
1.28116
1.28979
1.2805
1.2788
1.28005
1.27185
1.26458
1.25687
1.24885
1.24952
1.24779
1.25099
1.26035
1.2412
1.04087
1.16519
1.16
1.1554
1.1499
1.14522
1.14449
1.15303
1.15536
1.14392
1.14628
1.1578
1.14307
1.12802
1.12161
1.13115
1.12831
1.1088
1.12147
1.13489
1.14423
1.14544
1.15053
1.15517
1.15331
1.14801
1.1412
1.13651
1.14531
1.13745
2.08617
2.08847
2.09898
2.10715
2.11362
2.1162
2.11494
2.1252
2.13504
2.13526
2.13677
2.14293
2.14149
2.13502
2.1253
2.11404
2.10373
2.09602
2.09121
2.0833
2.07374
2.07374
2.1394
2.13033
2.1435
2.15764
2.15842
2.1476
2.1413
2.14265
2.14367
2.13748
2.13593
2.14545
2.14615
1.32731
1.31376
1.30786
1.29608
1.28438
1.29294
1.31169
1.29867
1.28789
1.29609
1.31229
1.32507
1.32439
2.15579
2.14141
2.141
2.15159
2.15437
2.15092
2.16151
2.15001
2.14378
2.1323
2.12826
2.07947
2.08094
2.09588
2.10233
2.09784
2.09051
2.08821
2.08085
2.07238
2.07006
2.08295
2.07011
2.07216
2.08752
2.1
2.10919
2.1133
2.11065
2.11461
2.12715
2.12373
2.1352
2.14517
2.12005
2.11409
2.10453
2.1182
2.13602
2.13973
2.15985
2.15663
2.15908
2.16882
2.17213
2.17374
2.18903
2.19982
2.20542
2.20579
2.22845
2.22918
2.23069
2.27869
2.30162
2.30989
2.30664
2.3095
2.32858
2.33439
2.34671
2.36053
2.371
2.36979
2.36607
2.3848
2.40977
2.41434
2.40575
2.42328
2.43429
2.45083
2.45532
2.455
2.45954
1.79133
1.79181
1.78447
1.77812
1.78368
1.76707
1.77991
1.78991
1.79168
1.79248
1.78325
1.79423
1.97682
1.97372
1.98531
1.99981
2.01839
2.02331
2.01843
2.02157
2.03116
2.02572
2.02367
2.02136
2.04177
2.05575
2.05239
2.04681
2.08635
2.07452
2.0748
2.06829
2.05986
2.06541
2.05057
2.05252
2.03999
2.02807
2.01613
2.02168
2.01681
2.01642
2.02018
2.02576
2.02215
2.01831
2.0205
2.01779
2.00312
2.00209
2.01767
2.02679
2.04909
2.04334
2.03655
2.03574
2.03872
2.03631
2.0441
2.05121
2.03965
2.03339
2.03339
2.08937
2.09771
2.10225
2.10647
2.10542
2.10564
2.10716
2.10864
2.10768
2.09922
2.09922
2.11548
2.11245
2.10155
2.10849
2.10718
2.12501
2.09002
2.08598
2.08224
2.08985
2.09855
2.1137
2.1197
2.11767
2.12821
2.13905
2.13847
2.12313
2.10096
2.08088
2.0762
2.08424
2.09106
2.09263
2.09317
2.08858
2.09299
2.09304
2.091
2.0947
2.07995
2.07431
2.07993
2.08529
2.09665
2.11194
2.10976
2.10325
2.1015
2.09185
2.1043
2.10472
2.09368
2.10488
2.11388
2.13069
2.12671
2.12197
2.12689
2.12288
2.12285
2.11632
2.1055
2.1002
2.0922
2.08352
2.09232
2.09988
2.09575
2.09398
2.07495
2.08165
2.08629
2.07859
2.10113
2.10839
2.10845
2.12503
2.12192
2.13666
2.1386
2.13938
2.14404
2.1523
2.16528
2.18289
2.19266
2.19502
2.17778
2.1877
2.18921
2.18205
2.18861
2.18175
2.17891
2.17164
2.16566
2.15708
2.14906
2.14119
2.12744
2.12087
2.11284
2.10169
2.09198
2.09563
2.11985
2.1228
2.12048
2.10358
2.1091
2.10487
2.10024
2.11594
2.13371
2.13371
2.13371
2.13371
2.13371
2.13371
2.13371
2.13371
2.13371
2.13371
2.13371
2.13371
2.13371
2.13371
2.13371
2.13371
2.13371
2.13371
2.30072
2.31084
2.32602
2.34737
2.36259
2.38373
2.39427
2.42641
2.44353
2.4664
2.46998
2.46794
2.45619
2.47229
2.48647
2.50422
2.49374
2.52527
2.51425
2.50497
2.49929
2.49714
2.50444
2.49337
2.49896
2.49329
2.50746
2.48941
2.48587
2.46793
2.47027
2.47389
2.48491
2.5433
2.56349
2.5656
2.5712
2.56454
2.55406
2.53683
2.50655
2.49628
2.49528
2.4611
2.45527
2.44392
2.41543
2.40198
2.38726
2.36443
2.53903
2.53575
2.52535
2.52154
2.54077
2.5659
2.57923
2.58011
2.60065
2.60965
2.60877
2.60258
2.61368
2.63969
2.6609
2.68284
2.69663
2.69663
2.73709
2.73835
2.75499
2.68252
2.64522
2.63109
2.6082
2.59693
2.56981
2.55252
2.52309
2.47839
2.4503
2.43681
2.41351
2.19508
2.18111
2.17243
2.16654
2.1327
2.12667
2.12891
2.13148
2.1205
2.09512
2.10002
2.10645
2.09907
2.08201
2.08701
2.08901
2.09135
2.27639
2.29109
2.2755
2.27009
2.26274
2.27467
2.26416
2.25443
2.23859
2.22377
2.22033
2.22373
2.23777
1.91744
1.91089
1.8879
1.87674
1.85899
1.86077
1.87534
1.88031
1.86585
1.84396
1.82645
1.81646
1.77989
1.7914
1.77466
1.76311
1.74667
1.74652
1.73481
1.72314
1.72403
1.73316
1.73762
1.75268
1.76313
1.75933
1.74288
1.68925
1.70441
1.71948
1.71357
1.69313
1.67727
1.66932
1.66887
1.68306
1.67466
1.66187
1.67442
1.64205
1.6413
1.63482
1.63309
1.64407
1.65966
1.66065
1.6706
1.67755
1.67694
1.6855
1.68364
1.66886
1.61401
1.62992
1.63419
1.60793
1.57963
1.57065
1.58194
1.59199
1.6192
1.63638
1.64436
1.6496
1.65104
1.64644
1.65685
1.66487
1.67612
1.7038
1.73832
1.76085
1.77574
1.77389
1.76681
1.77842
1.79654
1.85608
1.88605
1.90283
1.93247
1.94805
1.97806
2.01155
2.03009
2.04558
2.06423
2.06444
2.06956
2.07623
2.06143
2.08652
2.09404
2.13606
2.17108
2.17108
2.17926
2.20763
2.23604
2.25886
2.25677
2.24401
2.23714
2.23088
2.24327
2.25205
2.2661
2.25547
2.25508
2.25942
2.25312
2.25312
2.51871
2.52262
2.52951
2.51328
2.49691
2.46962
2.46216
2.45396
2.45024
2.49679
2.52514
2.54822
2.54822
2.54822
2.54822
2.54822
2.54822
2.54822
2.54822
2.54822
2.54822
2.54822
2.54822
2.54822
2.54822
2.54822
2.54822
2.77726
2.78505
2.80605
2.81532
2.81054
2.80069
2.80871
2.81724
2.83435
2.84496
2.86593
2.86173
2.84835
2.82723
2.83653
2.83776
2.8349
2.85601
2.8512
2.85498
2.83362
2.82009
2.79817
2.77324
2.73444
2.71781
2.6836
2.62266
2.57618
2.57442
2.54155
2.54521
2.54521
2.46641
2.4471
2.4362
2.42874
2.42567
2.42664
2.42998
2.4189
2.40491
2.40934
2.42539
2.442
2.43791
2.42586
2.4061
2.37946
2.40135
2.37088
2.36293
2.36132
2.34914
2.32347
2.32157
2.34238
2.36003
2.35278
2.33424
2.31921
2.31629
2.32637
2.31831
2.34306
2.1686
2.17451
2.17161
2.16098
2.16591
2.17847
2.18396
2.17843
2.17999
2.1887
2.16787
2.16759
2.17755
2.16481
2.17421
2.16852
1.99857
1.99703
1.99147
1.97487
1.96688
1.96162
1.95331
1.96271
1.9672
1.96112
1.94284
1.929
1.91783
1.92551
1.8833
1.8755
1.86592
1.8777
1.89484
1.90324
1.91882
1.91467
1.92879
1.93311
1.94405
1.93534
1.94458
2.04481
2.03823
2.0189
1.9997
1.98068
1.96243
1.95802
1.98003
1.97855
1.96819
2.00045
1.98248
1.14894
2.0004
1.98146
1.99543
2.00982
2.02279
2.01956
2.01946
2.03492
2.05722
2.06627
2.04762
2.05269
1.93971
1.95142
1.9284
1.90781
1.89588
1.90048
1.92114
1.9402
1.96443
1.9639
1.93635
1.93635
1.88778
1.90968
1.90852
1.89088
1.87582
1.88763
1.88879
1.88933
1.90177
1.89655
1.84615
1.86021
1.85722
1.86577
1.86992
1.87296
1.88521
1.89967
1.90292
1.88601
1.96333
1.98849
1.99536
2.01726
2.0449
2.03364
2.0302
1.99082
1.95915
1.95907
1.96815
2.07759
2.0421
2.03899
2.04537
2.06084
2.07127
2.06791
2.04165
2.04385
2.04385
1.93133
1.947
1.91245
1.9452
1.9452
1.9452
1.9452
1.9452
1.9452
1.9452
1.9452
1.9452
1.9452
1.9452
1.9452
1.9452
1.9452
1.9452
1.9452
1.9452
1.9452
1.9452
1.9452
1.9452
1.9452
1.9452
1.9452
1.9452
1.9452
1.9452
1.9452
1.9452
1.9452
1.9452
1.9452
1.9452
1.9452
1.9452
1.9452
1.9452
1.9452
1.9452
1.9452
1.9452
1.9452
1.9452
1.9452
1.9452
1.9452
1.9452
1.9452
1.9452
1.9452
1.9452
1.9452
1.9452
1.9452
1.9452
1.9452
1.9452
1.9452
1.9452
1.9452
1.9452
1.9452
1.9452
1.9452
1.9452
1.9452
1.9452
1.9452
1.9452
1.9452
1.9452
1.9452
1.9452
1.9452
1.9452
1.9452
1.9452
1.9452
1.9452
1.9452
1.9452
1.9452
1.9452
1.9452
1.9452
1.9452
1.9452
1.9452
1.9452
1.9452
1.9452
1.9452
1.9452
1.9452
1.9452
1.9452
1.9452
1.9452
1.9452
1.9452
1.9452
1.9452
1.9452
1.9452
1.9452
1.9452
1.9452
1.9452
1.9452
1.9452
1.9452
1.9452
1.9452
1.9452
1.9452
1.9452
1.9452
1.9452
1.9452
1.9452
1.9452
1.9452
1.9452
1.9452
1.9452
1.9452
1.9452
1.9452
1.9452
1.9452
1.9452
1.9452
1.9452
1.9452
1.9452
1.9452
1.9452
1.9452
1.9452
1.9452
1.9452
1.9452
1.9452
1.9452
1.9452
1.9452
1.9452
1.9452
1.9452
1.9452
1.9452
1.9452
1.9452
1.9452
1.9452
1.9452
1.9452
1.9452
1.9452
1.9452
1.9452
1.9452
1.9452
1.9452
1.9452
1.9452
1.9452
1.9452
1.9452
1.9452
1.9452
1.9452
1.9452
1.9452
1.9452
1.9452
1.9452
1.9452
1.9452
1.9452
1.9452
1.9452
1.9452
1.9452
1.9452
1.9452
1.9452
1.9452
1.9452
1.9452
1.9452
1.9452
1.9452
1.9452
1.9452
1.9452
1.9452
1.9452
1.9452
1.9452
1.9452
1.9452
1.9452
1.9452
1.9452
1.9452
1.9452
1.9452
1.9452
1.9452
1.9452
1.9452
1.9452
1.9452
1.9452
1.9452
1.9452
1.9452
1.9452
1.9452
1.9452
1.9452
1.9452
1.9452
1.9452
1.9452
1.9452
1.9452
1.9452
1.9452
1.9452
1.9452
1.9452
1.9452
1.9452
1.9452
1.9452
1.9452
1.9452
1.9452
-0.233217
-0.232895
-0.20435
-0.199374
-0.218713
-0.224265
-0.224582
-0.243643
-0.243652
-0.274103
-0.255274
-0.26327
-0.289914
-0.286823
-0.272541
-0.260987
-0.259465
-0.269839
0.00352319
0.0171721
0.0290943
0.0340705
0.0471744
0.0665307
0.066861
0.0524158
0.0526216
0.024463
0.0156228
0.904167
0.896271
0.885199
0.87193
0.861631
0.866872
0.873277
0.852641
0.833542
0.827828
0.847835
0.867614
0.869977
0.871327
0.0191255
0.0130286
0.0136085
-0.0153669
-0.0246871
-0.0128154
0.00224754
-0.00743698
-0.0284901
-0.0479501
-0.0444297
-0.0325266
-0.0387325
-0.041723
-0.0230746
-0.0329997
-0.0146692
0.0202534
0.00396907
0.0109305
-0.00360626
-0.0256325
-0.0261422
-0.039026
-0.0500801
-0.0604049
-0.0824023
-0.0910479
-0.0878671
-0.0976578
-0.0747261
-0.0701203
-0.09488
-0.0813386
-0.0769763
-0.0721158
-0.0760247
-0.0870022
-0.0927363
-0.115244
-0.129981
-0.131871
-0.12095
-0.112777
-0.0844691
-0.200885
-0.216189
-0.218539
-0.195982
-0.182739
-0.186938
-0.204143
-0.214299
-0.196697
-0.195569
-0.206198
-0.191026
-0.186664
-0.163968
-0.173176
-0.122224
-0.125589
-0.102349
-0.0898104
-0.0959955
-0.111352
-0.101025
-0.147761
-0.160075
-0.156924
-0.128884
-0.117075
-0.103525
-0.148223
-0.144048
-0.117741
-0.101204
-0.105926
-0.109085
-0.105453
-0.124031
-0.126586
-0.141228
-0.132216
-0.130756
-0.129568
-0.146323
-0.151862
-0.162553
-0.118096
-0.113488
-0.124284
-0.114145
-0.106816
-0.119127
-0.113921
-0.0911329
-0.0830555
-0.0968148
-0.107206
-0.0981214
-0.0806818
-0.0522796
-0.0512115
-0.0521774
-0.0345763
0.126413
0.137077
0.157482
0.162878
0.158009
0.155048
0.152494
0.144384
0.139711
0.122306
0.125365
0.145384
0.843674
0.833961
0.823248
0.830125
0.841029
0.84259
0.82482
0.80801
0.83876
0.856934
0.834734
0.834664
0.83664
0.836662
0.846657
0.215341
0.210639
0.192211
0.172053
0.159414
0.150505
0.148177
0.15513
0.167376
0.151841
0.15625
0.814044
0.792082
0.787977
0.764685
0.756579
0.752675
0.730241
0.705598
0.679597
0.674852
0.670085
0.655715
0.654181
0.622917
0.583065
0.566827
0.569133
0.557322
0.53359
0.534999
0.521731
0.50206
0.486847
0.474686
0.461858
0.474993
0.480921
-0.343685
-0.327701
-0.314371
-0.33201
-0.338721
-0.338251
-0.348112
-0.372798
-0.376848
-0.384264
-0.40884
0.365119
0.36675
0.32831
0.340048
0.341486
0.362245
0.35809
0.353945
0.351054
0.346451
0.357891
0.343897
0.283991
0.299945
0.323536
0.336727
0.336203
0.348526
0.322862
0.308193
0.301126
0.279472
0.273812
0.262764
0.213008
0.194724
0.203839
0.191683
0.194059
0.184272
0.181409
0.204643
0.212769
0.226224
0.250665
0.270963
0.282322
0.278556
0.264043
0.249618
0.238291
0.244957
0.250504
0.248772
0.253244
0.26507
0.274049
0.292897
0.311491
0.334292
0.3546
-0.774931
-1.35693
-1.35696
-1.35865
-1.33814
-1.3072
-1.2931
-1.28826
-1.29356
-1.2936
-1.28603
-1.27904
-1.26737
-1.23057
-1.21063
-1.17958
-0.488051
-0.45711
-0.444139
-0.440612
-0.415468
-0.394635
-0.386359
-0.373482
-0.366413
-0.371406
-0.392537
-0.391453
-0.388086
-0.321955
-0.316306
-0.290947
-0.270354
-0.26358
-0.285064
-0.265429
-0.258911
-0.266408
-0.274189
-0.274006
0.813191
0.829015
0.842177
0.850169
0.842837
0.840318
0.831358
0.818442
0.815348
0.82466
0.840384
0.82916
-0.150903
-0.142139
-0.100862
-0.094406
-0.110938
-0.127099
-0.100974
-0.0986961
-0.0891239
-0.0971668
-0.115203
-0.104501
-0.084106
-0.0858379
-0.103087
-0.114972
-0.110604
-0.109644
-0.0940507
-0.108818
-0.100946
-0.0987592
-0.0676818
-0.0532448
-0.0588834
-0.0606322
-0.0347141
-0.0347371
-0.050177
-0.0685872
-0.0818221
-0.0874062
-0.0924902
-0.0770776
-0.0814748
-0.0673514
-0.0735534
-0.0762592
-0.0897886
-0.0932842
-0.0751897
-0.0601013
-0.0776114
-0.0913658
-0.0889779
-0.0641699
-0.0612466
-0.0712745
-0.0751169
-0.0510411
-0.0657142
-0.046403
-0.0466525
-0.0350001
-0.0141511
0.00160592
0.00580721
0.013664
0.0163029
-0.00101297
0.0142904
0.0213169
0.0191305
0.0208338
0.015905
0.0101343
0.012496
0.0281818
0.0408317
0.0360798
0.0203728
0.0139396
0.0039
-0.00452372
-0.0124729
-0.0283849
-0.0185754
-0.0157984
-0.0167685
-0.0405797
-0.0622008
-0.0749754
-0.0801638
-0.0864853
-0.0860721
-0.0805762
-0.0808305
-0.0851728
-0.0763446
-0.0712913
-0.063356
-0.0734384
-0.0664961
-0.0567395
-0.0801476
-0.0957604
-0.101703
-0.0986313
-0.0945415
-0.107597
-0.105945
-0.0990084
-0.105466
-0.103606
-0.0961838
-0.0907864
-0.0766646
-0.0785805
-0.0780884
-0.0721479
-0.0607576
-0.0455705
-0.0513404
-0.062683
-0.0629641
-0.0602524
-0.0646745
-0.0503887
-0.0359841
-0.0511874
-0.076488
-0.0736024
-0.0602638
-0.0648936
-0.084313
-0.0837502
-0.0735664
-0.0864632
-0.093824
-0.0972501
-0.202128
-0.202128
-0.195567
-0.189793
-0.189784
-0.184622
-0.158305
-0.134052
-0.0972765
-0.0533024
-0.0527989
-0.0663198
-0.0749536
-0.0554188
-0.053094
-0.0512224
-0.0531725
-0.0548468
-0.0342347
-0.0333769
-0.036459
-0.0476439
-0.0570819
-0.0449375
-0.04157
-0.0215336
-0.0403013
-0.0145437
-0.0161806
-0.0455146
-0.0688452
-0.0796269
-0.098769
-0.116221
-0.133154
-0.144375
-0.157613
-0.182096
-0.187956
-0.17855
-0.167326
-0.142387
-0.141267
-0.125699
-0.112544
-0.102508
-0.0974897
-0.0721548
-0.0768924
-0.102818
-0.0941454
-0.0895983
-0.104782
-0.134346
-0.141173
-0.142433
-0.144434
-0.148638
-0.143559
-0.150687
-0.157033
-0.136308
-0.142518
-0.152632
-0.165451
-0.1664
-0.173057
-0.184744
-0.184305
-0.173705
-0.172162
-0.14293
-0.105074
-0.0916784
-0.0875676
-0.0897729
-0.0995771
-0.0907253
-0.106991
-0.105791
-0.0949646
-0.0898998
-0.115632
-0.120578
-0.129295
-0.134661
-0.133573
-0.14356
-0.169373
-0.1851
-0.191137
-0.189131
-0.193528
-0.178122
-0.199533
-0.175454
-0.161909
-0.155433
-0.149966
-0.138241
-0.14288
-0.160611
-0.185502
-0.203197
-0.214684
-0.227249
-0.227204
-0.230151
-0.242437
-0.226535
-0.217891
-0.223208
-0.225546
-0.222586
-0.217736
-0.21944
-0.216951
-0.219027
-0.218381
-0.213058
-0.211113
-0.212206
-0.221628
-0.223477
-0.233614
-0.240166
-0.237743
-0.230222
-0.225457
-0.212329
-0.20603
-0.191087
-0.190794
-0.215615
-0.238457
-0.263474
-0.261128
-0.268424
-0.275766
-0.268405
-0.263927
-0.23489
-0.221759
-0.193164
-0.158997
-0.141549
-0.172615
-0.198619
-0.208087
-0.207231
-0.207636
-0.21649
-0.242746
-0.242911
-0.233368
-0.224927
-0.213824
-0.197838
-0.183315
-0.185049
-0.207423
-0.202913
-0.213972
-0.198302
-0.197866
-0.188736
-0.181537
-0.174029
-0.1779
-0.183195
-0.18283
-0.181351
-0.204043
-0.220266
-0.234376
-0.243882
-0.228042
-0.228868
-0.236192
-0.235963
-0.233445
-0.225297
-0.217379
-0.221387
-0.216432
-0.213655
-0.214166
-0.206644
-0.206475
-0.212704
-0.213479
-0.210118
-0.201867
-0.187422
-0.165775
-0.178447
-0.176506
-0.180759
-0.192195
-0.191151
-0.182974
-0.201388
-0.205284
-0.194448
-0.188756
-0.194672
-0.210396
-0.221575
-0.212152
-0.154837
-0.159145
-0.156558
-0.158546
-0.154165
-0.141213
-0.15541
-0.163533
-0.163682
-0.148449
-0.129086
-0.135039
-0.139252
-0.149838
-0.16236
-0.160992
-0.170657
-0.182286
-0.183213
-0.175944
-0.16572
-0.162052
-0.171893
-0.170213
-0.163388
-0.159085
-0.15228
-0.155343
-0.166592
-0.184577
-0.177828
-0.180347
-0.173939
-0.170239
-0.173611
-0.180783
-0.18577
-0.184566
-0.174237
-0.159642
-0.138042
-0.155803
-0.158523
-0.162719
-0.160169
-0.172019
-0.182899
-0.175288
-0.160448
0.707246
-0.188079
-0.203546
-0.195314
-0.198731
-0.219406
-0.223541
-0.215864
-0.203594
-0.179928
-0.181115
-0.193614
-0.201746
-0.207269
-0.221267
-0.21423
-0.210317
-0.190083
-0.193831
-0.198794
-0.196726
-0.207374
-0.201459
-0.202458
-0.206888
-0.217338
-0.224959
-0.221261
-0.213816
-0.200629
-0.187131
-0.186021
-0.196334
-0.208426
-0.226255
-0.23957
-0.23489
-0.22112
-0.211151
-0.209427
-0.205222
-0.193591
-0.187721
-0.190353
-0.189221
-0.189716
-0.19982
-0.193464
-0.188365
-0.196492
-0.200791
-0.209598
-0.211416
-0.207547
-0.203902
-0.200381
-0.207603
-0.201417
-0.209185
-0.219167
-0.239057
-0.251056
-0.255699
-0.246594
-0.242138
-0.239601
-0.230221
-0.224326
-0.230626
-0.243355
-0.246527
-0.234177
-0.279967
-0.278711
-0.282726
-0.274354
-0.279013
-0.292232
-0.300094
-0.301189
-0.300675
-0.298157
-0.291579
-0.290747
-0.287169
-0.28128
-0.288809
-0.300197
-0.289615
-0.293285
-0.309705
-0.293953
-0.305144
-0.322775
-0.317133
-0.302991
-0.289819
-0.295761
-0.302874
-0.302791
-0.303939
-0.319697
-0.335469
-0.331521
-0.323798
-0.312704
-0.319795
-0.326952
-0.325249
-0.313044
-0.316662
-0.320563
-0.322888
-0.339285
-0.345597
-0.34407
-0.353792
-0.361936
-0.361705
-0.362735
-0.355859
-0.350186
-0.354884
-0.348878
-0.331105
-0.323062
-0.335845
-0.34179
-0.333203
-0.329118
-0.326751
-0.328827
-0.347263
-0.35321
-0.357657
-0.371182
-0.373813
-0.366601
-0.376127
-0.376379
-0.367684
-0.350097
-0.317098
-0.304572
-0.307
-0.305267
-0.308827
-0.325078
-0.33861
-0.345907
-0.343732
-0.338226
-0.339723
-0.334449
-0.33507
-0.35122
-0.354662
-0.342155
-0.274657
-0.255709
-0.249969
-0.249716
-0.239047
-0.227386
-0.215821
-0.224782
-0.23696
-0.233084
-0.238975
-0.252981
-0.262922
-0.249892
-0.249864
-0.266027
-0.262377
-0.265963
-0.265646
-0.277898
-0.29102
-0.312353
-0.330216
-0.334353
-0.332103
-0.325192
-0.328704
-0.335706
-0.345483
-0.357059
-0.345884
-0.340557
-0.383618
-0.372203
-0.375204
-0.378391
-0.37054
-0.387194
-0.374035
-0.372758
-0.378765
-0.389133
-0.387229
-0.389339
-0.389687
-0.388235
-0.380153
-0.383632
-0.368884
-0.371832
-0.374733
-0.372445
-0.362128
-0.357624
-0.36605
-0.369775
-0.37131
-0.385574
-0.394838
-0.402297
-0.412219
-0.420405
-0.419952
-0.421096
-0.421096
-0.509994
-0.525814
-0.528809
-0.515561
-0.527531
-0.544101
-0.537379
-0.532273
-0.532941
-0.533782
-0.531329
-0.540905
-0.536472
-0.530575
-0.524972
-0.520345
-0.52021
-0.520028
-0.520484
-0.511561
-0.515176
-0.522902
-0.519643
-0.517877
-0.519669
-0.520923
-0.522189
-0.528319
-0.533827
-0.543593
-0.538581
-0.530989
-0.530989
-0.55196
-0.557635
-0.557572
-0.554218
-0.543899
-0.548094
-0.553692
-0.564944
-0.574813
-0.576488
-0.576476
-0.586802
-0.589706
-0.585399
-0.610846
-0.601756
-0.582336
-0.559478
-0.556338
-0.543239
-0.524642
-0.502465
-0.489908
-0.47699
-0.473775
-0.462374
-0.458989
-0.457894
-0.458093
-0.465155
-0.451389
0.486519
-0.451798
-0.45221
-0.439588
-0.428481
-0.418117
-0.407977
-0.408888
-0.409288
-0.417159
-0.424602
-0.431762
-0.424245
-0.424314
-0.4298
-0.436457
-0.449822
-0.507227
-0.507362
-0.501622
-0.49834
-0.503442
-0.501993
-0.496215
-0.486401
-0.475902
-0.455888
-0.456444
-0.466256
-0.486181
-0.490718
-0.496069
-0.507147
-0.31063
-0.316552
-0.315865
-0.308205
-0.305899
-0.304545
-0.283568
-0.269268
-0.262301
-0.270481
-0.266682
-0.268015
-0.269022
-0.271384
-0.286216
-0.282315
-0.331326
-0.321326
-0.31977
-0.310532
-0.301802
-0.296728
-0.302215
-0.310326
-0.316422
-0.323739
-0.322387
-0.319491
-0.23475
-0.22775
-0.215835
-0.19499
-0.200862
-0.209027
-0.211642
-0.215747
-0.223138
-0.230013
-0.234621
-0.233189
-0.221066
-0.213417
-0.224147
-0.228778
-0.238466
-0.245102
-0.244101
-0.24689
-0.252424
-0.25641
-0.249465
-0.246808
-0.250845
-0.246635
0.63526
0.628637
0.630562
0.637877
0.643686
0.637963
0.646292
0.650186
0.653453
0.641371
0.635181
0.644833
0.643505
0.639661
0.639372
0.641392
0.6414
0.645366
0.651115
0.655455
0.659959
0.659707
0.666885
0.673072
0.668516
0.671838
0.816968
0.667075
0.660139
0.652382
0.648681
0.652337
0.654282
0.654207
0.659231
0.662436
0.671922
0.666075
0.660366
0.644596
0.634312
0.621121
0.610358
0.605206
0.6114
0.611222
0.614424
0.622879
0.621391
0.624443
0.629381
0.629272
0.633235
0.632878
0.634716
0.63886
0.639474
0.639388
0.636417
0.633265
0.630444
0.633223
0.640076
0.643472
0.648652
0.652922
0.653639
0.65157
0.664145
0.672632
0.672034
0.66429
0.662033
0.651964
0.642313
-0.238908
-0.237042
-0.231295
-0.227604
-0.225909
-0.229375
-0.224485
-0.227683
-0.230932
-0.239702
-0.245819
-0.250398
-0.250691
-0.214472
-0.206596
-0.193516
-0.181851
-0.18189
-0.184945
-0.184094
-0.187632
-0.191814
-0.192973
-0.197088
-0.201662
-0.223133
-0.214785
-0.205611
-0.192504
-0.181189
-0.180527
-0.184482
-0.190239
-0.190029
-0.187309
-0.191212
-0.189553
-0.218698
-0.206491
-0.210194
-0.214381
-0.213679
-0.208643
-0.207193
-0.214915
-0.216261
-0.214975
-0.217748
-0.218517
-0.187356
-0.186815
-0.183999
-0.177646
-0.183466
-0.181126
-0.185041
-0.188528
-0.182849
-0.182173
-0.181072
-0.176372
-0.179611
-0.184439
-0.188032
-0.194378
-0.19604
-0.190014
-0.177264
-0.182403
-0.19661
-0.194986
-0.197043
-0.201708
-0.199716
-0.196309
-0.190657
-0.188446
-0.185686
-0.184307
-0.193257
-0.199391
-0.201787
-0.197073
-0.195014
-0.189298
-0.18699
-0.186281
-0.192384
-0.194139
-0.17724
-0.184843
-0.189136
-0.186137
-0.184837
-0.189698
-0.194338
-0.202649
-0.208309
-0.21047
-0.208956
-0.20205
-0.201058
-0.191937
-0.195729
-0.196752
-0.186126
-0.194409
-0.194478
-0.19331
-0.195776
-0.194574
-0.192352
-0.189637
-0.1888
-0.197218
-0.197604
-0.188209
-0.179665
-0.179226
-0.182556
-0.183267
-0.186503
-0.194485
-0.199798
-0.198995
-0.20428
-0.208517
-0.209896
-0.210888
-0.206298
-0.199161
-0.193508
-0.193416
-0.203073
-0.20258
-0.208024
-0.213852
-0.209704
-0.209704
-0.208553
-0.20475
-0.200495
-0.20015
-0.204826
-0.20666
-0.206177
-0.20982
-0.213995
-0.214619
-0.215452
-0.213322
-0.213127
-0.211055
-0.209589
-0.205719
-0.200369
-0.20098
-0.206059
-0.206928
-0.200491
-0.198567
-0.203891
-0.202187
-0.199114
-0.197825
-0.20436
-0.202938
-0.203357
-0.203695
-0.200623
-0.208396
-0.213643
-0.217671
-0.224599
-0.22838
-0.229911
-0.229584
-0.231437
-0.235843
-0.236976
-0.238128
-0.236535
-0.235476
-0.225802
-0.218657
-0.21853
-0.22847
-0.234918
-0.234854
-0.23392
-0.232763
-0.237323
-0.2415
-0.242653
-0.245503
-0.239673
-0.232996
-0.225431
-0.230403
-0.233449
-0.232625
-0.232782
-0.237953
-0.244724
-0.247169
-0.249398
-0.252527
-0.256289
-0.255741
-0.25385
-0.251631
-0.243967
-0.229925
-0.22602
-0.227557
-0.229332
-0.231015
-0.23617
-0.240754
-0.239057
-0.239918
-0.243648
-0.251957
-0.25829
-0.262611
-0.269923
-0.275614
-0.278719
-0.28536
-0.294227
-0.294336
-0.296902
-0.295149
-0.298139
-0.301957
-0.303373
-0.303214
-0.304427
-0.30404
-0.301425
-0.299976
-0.299735
-0.299996
-0.300483
-0.30385
-0.304961
-0.304473
-0.307617
-0.31065
-0.311956
-0.312386
-0.31001
-0.309648
-0.307953
-0.292215
-0.291963
-0.292617
-0.294301
-0.296387
-0.297071
-0.299492
-0.306211
-0.307983
-0.308305
-0.312794
-0.31589
-0.319207
-0.33211
-0.329777
-0.325298
-0.323179
-0.324255
-0.320206
-0.320749
-0.318103
-0.31519
-0.317031
-0.318128
-0.321297
-0.328323
-0.32514
-0.325009
-0.329619
-0.333046
-0.328327
-0.331486
-0.336391
-0.338207
-0.341542
-0.34574
-0.349461
-0.364771
-0.363863
-0.362182
-0.36323
-0.360389
-0.359067
-0.361192
-0.362191
-0.358487
-0.358703
-0.356056
-0.352333
-0.350043
-0.346759
-0.353199
-0.355666
-0.36739
-0.371706
-0.37487
-0.380125
-0.383683
-0.384502
-0.389003
-0.392908
-0.397594
-0.413967
-0.411722
-0.405407
-0.400335
-0.395567
-0.392558
-0.395913
-0.390902
-0.389174
-0.382225
-0.374418
-0.364864
-0.360142
-0.348073
-0.337773
-0.330628
-0.325244
-0.319145
-0.309766
-0.308594
-0.311096
-0.308958
-0.30286
-0.299712
-0.299397
-0.304157
-0.298885
-0.29428
-0.293682
-1.01031
-1.00725
-1.00758
-1.00915
-1.01234
-1.0118
-1.00712
-1.00417
-1.00603
-1.00906
-1.0086
-0.998707
-0.995762
-0.232477
-0.237552
-0.239755
-0.239842
-0.236488
-0.236234
-0.239492
-0.240579
-0.236698
-0.236303
-0.235929
-0.233016
-0.229007
-0.234223
-0.235102
-0.186624
-0.187557
-0.189585
-0.191159
-0.191674
-0.19098
-0.191586
-0.192375
-0.192869
-0.194972
-0.196915
-0.197174
-0.191357
-0.192254
-0.194428
-0.193833
-0.193954
-0.198047
-0.197922
-0.197071
-0.196322
-0.194877
-0.196439
-0.195263
-0.193008
-0.192714
-0.192466
-0.198308
-0.19962
-0.200678
-0.203295
-0.204855
-0.206845
-0.207959
-0.20495
-0.20573
-0.20809
-0.210634
-0.210526
-0.208418
-0.207111
-0.207822
-0.209789
-0.20805
-0.206058
-0.20458
-0.203294
-0.201636
-0.205264
-0.208676
-0.214833
-0.219947
-0.220903
-0.213639
-0.215447
-0.218992
-0.222133
-0.222014
-0.222889
-0.22692
-0.228051
-0.228731
-0.229183
-0.226194
-0.224899
-0.2246
-0.224847
-0.222992
-0.223501
-0.226273
-0.225088
-0.224735
-0.223661
-0.225547
-0.223609
-0.225894
-0.225124
-0.225456
-0.222183
-0.220101
-0.228074
-0.228356
-0.228598
-0.229824
-0.231236
-0.229099
-0.22755
-0.226584
-0.224913
-0.224539
-0.222646
-0.222172
-0.224263
-0.224148
-0.223616
-0.223004
-0.222542
-0.223866
-0.224779
-0.223713
-0.22758
-0.229757
-0.22759
-0.227969
-0.227852
-0.227413
-0.226265
-0.226379
-0.227345
-0.227405
-0.227404
-0.227097
-0.259758
-0.255416
-0.255412
-0.25185
-0.250887
-0.249681
-0.249467
-0.249707
-0.250298
-0.251337
-0.253295
-0.254205
-0.252517
-0.247434
-0.243808
-0.242767
-0.242564
-0.242692
-0.241368
-0.239926
-0.238053
-0.235052
-0.232636
-0.229773
-0.240744
