0
0
0
0
0
0
0
0
0
0
0
0
0
0
0
0
0
0
0
0
0
0
0
0
0
0
0
0
0
0
0
0
0
0
0
0
0
0
0
0
0
0
0
0
0
0
0
0
0
0
0
0
0
0
0
0
0
0
0
0
0
0
0
0
0
0
0
0
0
0
0
0
0
0
0
0
0
0
0
0
0
0
0
0
0
0
0
0
0
0
0
0
0
0
0
0
0
0
0
0
0
0
0
0
0
0
0
0
0
0
0
0
0
0
0
0
0
0
0
0
0
0
0
0
0
0
0
0
0
0
0
0
0
0
0
0
0
0
0
0
0
0
0
0
2.24
1.75072
1.73729
1.72606
1.72239
1.72046
1.72005
1.72023
1.72083
1.72159
1.72248
1.72344
1.7244
1.7238
1.72351
1.72354
1.72387
1.72434
1.72494
1.72564
1.72641
1.7272
1.7272
1.72801
1.72846
1.72897
1.72955
1.73022
1.73091
1.73161
1.73234
1.73307
1.73388
1.76077
1.76101
1.7613
1.76161
1.76199
1.76244
1.7629
1.76337
1.76388
1.76442
1.76498
1.76555
1.76622
1.76688
1.76753
1.7682
1.76886
1.76951
1.77016
1.77077
1.77134
1.77188
1.77238
1.77299
1.77359
1.77414
1.77464
1.77514
1.7756
1.77605
1.7765
1.77695
1.77738
1.77777
1.77822
1.77865
1.77905
1.77941
1.77977
1.78012
1.78046
1.78078
1.78108
1.78135
1.78162
1.7817
1.78178
1.78188
1.78197
1.78207
1.78217
1.78226
1.78236
1.78244
1.78251
1.78256
1.78264
1.7828
1.78296
1.78311
1.78325
1.7834
1.78355
1.78368
1.78382
1.78396
1.78411
1.78424
1.78438
1.78457
1.78477
1.78496
1.78515
1.78533
1.78547
1.78559
1.7857
1.78578
1.78582
1.78585
1.78592
1.78595
1.78597
1.786
1.78602
1.78601
1.78598
1.78596
1.78595
1.78593
1.78591
1.78585
1.7858
1.78576
1.78571
1.78566
1.7856
1.78555
1.78552
1.78547
1.78541
1.78534
1.78524
1.78515
1.78505
1.78496
1.78484
1.78473
1.78463
1.78454
1.7844
1.78427
1.78417
1.78407
1.78396
1.78386
1.78378
1.78366
1.78355
1.78345
1.78338
1.78334
1.78329
1.78324
1.7832
1.78317
1.78314
1.78313
1.78312
1.78313
1.78315
1.78315
1.78319
1.78329
1.7834
1.78352
1.78366
1.7838
1.78396
1.78413
1.78432
1.78451
1.78469
1.78487
1.78505
1.78523
1.78541
1.78558
1.78575
1.78599
1.78623
1.78646
1.78668
1.7869
1.78716
1.78742
1.78768
1.78795
1.78822
1.7885
1.78877
1.78905
1.78933
1.78977
1.79022
1.79068
1.79116
1.79164
1.79213
1.79262
1.79312
1.79364
1.79415
1.79466
1.79466
1.79515
1.79565
1.79615
1.79663
1.7971
1.79757
1.79803
1.79849
1.79895
1.79942
1.79986
1.80029
1.80086
1.80143
1.80198
1.80253
1.80307
1.8036
1.80416
1.80471
1.80526
1.8058
1.80635
1.80687
1.8074
1.80795
1.80849
1.80903
1.80958
1.81013
1.81072
1.8113
1.81188
1.81248
1.81308
1.81368
1.81429
1.81492
1.81554
1.81616
1.81676
1.81735
1.81792
1.81851
1.8191
1.8197
1.82029
1.82088
1.82147
1.82205
1.82262
1.8232
1.82378
1.82435
1.82493
1.8255
1.82605
1.82661
1.82717
1.82773
1.82828
1.82882
1.82936
1.82988
1.8304
1.8309
1.83142
1.83197
1.83252
1.8331
1.8337
1.83431
1.8349
1.83548
1.83607
1.83665
1.83724
1.83784
1.83843
1.83903
1.83961
1.84018
1.84074
1.84128
1.8418
1.84231
1.84281
1.84332
1.84382
1.84433
1.84484
1.84536
1.84587
1.8464
1.84695
1.84749
1.84804
1.84862
1.84917
1.84973
1.85027
1.85081
1.85134
1.85187
1.8524
1.85294
1.85349
1.85403
1.85459
1.85516
1.85575
1.85635
1.85696
1.85759
1.85822
1.85884
1.85943
1.86
1.86055
1.8611
1.86165
1.8622
1.86274
1.86327
1.86379
1.8643
1.8648
1.86303
1.86357
1.86411
1.86465
1.8652
1.86575
1.86629
1.86682
1.86733
1.86782
1.86828
1.86872
1.86914
1.86955
1.86995
1.8703
1.87063
1.87094
1.87127
1.87159
1.8719
1.8722
1.87248
1.87276
1.87303
1.87327
1.8735
1.87373
1.87392
1.87411
1.87429
1.87446
1.87464
1.8748
1.8749
1.875
1.87509
1.87516
1.87523
1.8753
1.87539
1.87546
1.87554
1.87561
1.87567
1.87573
1.87581
1.87566
1.87548
1.87532
1.87515
1.87499
1.87482
1.87463
1.87445
1.87428
1.87411
1.87394
1.87378
1.87362
1.87346
1.87328
1.8731
1.87291
1.8727
1.87249
1.87228
1.87207
1.87184
1.87161
1.87137
1.87113
1.87087
1.87061
1.87036
1.87013
1.8699
1.86967
1.86945
1.86921
1.86896
1.86872
1.86847
1.86821
1.86795
1.8677
1.86743
1.86715
1.86688
1.86661
1.86634
1.86607
1.86579
1.86552
1.86526
1.865
1.86475
1.86451
1.86425
1.864
1.86374
1.86347
1.8632
1.86292
1.86263
1.86235
1.86211
1.86187
1.86187
1.86187
1.86187
1.86187
1.86187
1.86187
1.86187
1.86187
1.86187
1.86187
1.86187
1.86187
1.86187
1.86187
1.86187
1.86187
1.86165
1.86173
1.86182
1.86192
1.86205
1.86219
1.86235
1.86252
1.86271
1.86291
1.86312
1.86333
1.86355
1.86377
1.86399
1.8643
1.86461
1.86494
1.86528
1.86564
1.86602
1.86641
1.86679
1.86717
1.86754
1.86791
1.86828
1.86866
1.86905
1.86946
1.86987
1.87027
1.87067
1.87109
1.87151
1.87193
1.87235
1.87277
1.8732
1.87363
1.87406
1.87451
1.87497
1.87548
1.87599
1.87649
1.87697
1.87746
1.87794
1.87842
1.87888
1.87935
1.87982
1.8803
1.88077
1.88123
1.88168
1.88211
1.88253
1.88146
1.88195
1.88242
1.88288
1.88334
1.8838
1.88427
1.88475
1.88524
1.88573
1.8862
1.88668
1.88717
1.88767
1.88817
1.88867
1.88916
1.88815
1.88873
1.88931
1.88988
1.89047
1.89107
1.89169
1.89231
1.89294
1.89358
1.89419
1.89482
1.89545
1.89608
1.89669
1.89728
1.89787
1.89835
1.89885
1.89937
1.89989
1.90043
1.90098
1.90153
1.90207
1.9026
1.90314
1.90367
1.90419
1.90469
1.9052
1.90572
1.90625
1.90682
1.90739
1.90799
1.90859
1.9092
1.90981
1.91043
1.91104
1.91166
1.91228
1.91228
1.91228
1.91228
1.91228
1.91228
1.91228
1.91228
1.91228
1.91228
1.91228
1.91228
1.91228
1.91228
1.91228
1.91228
1.91228
1.91228
1.91291
1.91392
1.91495
1.91599
1.91705
1.91812
1.91919
1.92028
1.92138
1.92246
1.92354
1.92461
1.92564
1.92666
1.92766
1.92864
1.92959
1.93056
1.93154
1.9325
1.93345
1.93438
1.93532
1.93623
1.93713
1.93801
1.93888
1.93975
1.94061
1.94149
1.94237
1.94237
1.94324
1.94406
1.94489
1.9457
1.94651
1.94734
1.94814
1.94891
1.94968
1.95045
1.95122
1.952
1.95277
1.95354
1.95431
1.95505
1.9558
1.95653
1.95726
1.95798
1.95868
1.95937
1.96006
1.96074
1.96142
1.9621
1.96276
1.96343
1.96407
1.96471
1.96535
1.96599
1.96663
1.96725
1.96787
1.96848
1.96911
1.96972
1.97033
1.97091
1.9715
1.97208
1.97267
1.97267
1.97267
1.97267
1.97267
1.97267
1.97267
1.97267
1.97267
1.97267
1.97267
1.97267
1.97267
1.97267
1.97267
1.97267
1.97267
1.97325
1.97376
1.9743
1.97482
1.97535
1.97586
1.97637
1.97688
1.9774
1.97791
1.9784
1.97889
1.97937
1.97984
1.9803
1.98074
1.98117
1.98159
1.98201
1.98244
1.98285
1.98325
1.98365
1.98404
1.98442
1.98478
1.98514
1.98551
1.98589
1.98626
1.98663
1.98699
1.98733
1.98765
1.98797
1.98828
1.9886
1.98893
1.98925
1.9896
1.98995
1.99032
1.99067
1.99104
1.9914
1.99178
1.99216
1.99255
1.99295
1.99338
1.99382
1.99425
1.99469
1.99513
1.99556
1.99599
1.9964
1.99681
1.99721
1.99761
1.99798
1.99834
1.99869
1.99903
1.99935
1.99965
1.99994
2.00023
2.00052
2.00079
2.00106
2.00132
2.00156
2.00179
2.002
2.0022
2.0024
2.00259
2.00279
2.00298
2.00317
2.00335
2.00354
2.00372
2.00391
2.00409
2.00427
2.00442
2.00458
2.00473
2.00488
2.00501
2.00513
2.00524
2.00535
2.00549
2.00562
2.00574
2.00586
2.00598
2.0061
2.00621
2.0063
2.0064
2.00652
2.00662
2.00671
2.00677
2.00682
2.00687
2.00693
2.00699
2.00703
2.00707
2.00711
2.00716
2.0072
2.00723
2.00725
2.00726
2.00727
2.0073
2.00733
2.00736
2.00738
2.0074
2.00742
2.00743
2.00745
2.00747
2.00749
2.00751
2.00756
2.00759
2.00762
2.00768
2.00775
2.00782
2.00787
2.00792
2.00799
2.00807
2.00814
2.0082
2.00826
2.00832
2.00838
2.00843
2.0085
2.00856
2.00861
2.00865
2.00868
2.0087
2.00872
2.00874
2.00877
2.00879
2.00881
2.00881
2.00878
2.00875
2.00872
2.00866
2.0086
2.00852
2.00844
2.00835
2.00828
2.0082
2.00811
2.008
2.00789
2.00778
2.00765
2.00752
2.00739
2.00726
2.00713
2.00698
2.00683
2.00667
2.00651
2.00635
2.00619
2.00603
2.00587
2.00571
2.00554
2.00535
2.00515
2.00494
2.00472
2.00449
2.00425
2.00401
2.00375
2.0035
2.00323
2.00298
2.00271
2.00243
2.00216
2.00188
2.00158
2.00128
2.00098
2.00066
2.00033
2.00001
1.9997
1.99939
1.99905
1.99873
1.99843
1.99811
1.9978
1.99749
1.9972
1.99692
1.99664
1.99637
1.9961
1.99584
1.99558
1.99473
1.9939
1.99308
1.99225
1.99143
1.9906
1.98977
1.98893
1.98809
1.98723
1.98638
1.98553
1.98469
1.98386
1.98301
1.98193
1.98099
1.98006
1.97911
1.97817
1.97722
1.97627
1.97534
1.97441
1.97347
1.97253
1.97161
1.97067
1.96972
1.96876
1.96782
1.96688
1.96591
1.96496
1.96403
1.96312
1.9622
1.96129
1.9604
1.9595
1.95859
1.95768
1.95677
1.95587
1.95496
1.95511
1.95526
1.95541
1.95558
1.95576
1.95593
1.95611
1.95629
1.95649
1.95669
1.95688
1.95709
1.95729
1.95748
1.95766
1.95783
1.95799
1.95814
1.95829
1.95842
1.95842
1.95855
1.95874
1.95893
1.95913
1.95934
1.95956
1.95976
1.95996
1.96015
1.96035
1.96054
1.96073
1.96092
1.96112
1.96045
1.95976
1.95906
1.95836
1.95764
1.95693
1.95625
1.95555
1.95485
1.95415
1.95347
1.95281
1.95215
1.95236
1.95256
1.95276
1.95297
1.95318
1.95339
1.9536
1.95381
1.95401
1.95419
1.95437
1.9545
1.95464
1.95478
1.95494
1.95508
1.95522
1.95536
1.95549
1.95561
1.95573
1.95586
1.95598
1.9561
1.95623
1.95638
1.95654
1.9567
1.95685
1.95702
1.95719
1.95736
1.95754
1.95773
1.9579
1.95805
1.9582
1.95837
1.95854
1.95873
1.95893
1.95913
1.95933
1.95954
1.95976
1.95997
1.9602
1.96044
1.96069
1.96093
1.9612
1.96147
1.96174
1.96205
1.96239
1.96274
1.96308
1.96342
1.96379
1.96415
1.96453
1.96492
1.96532
1.96572
1.96612
1.96653
1.96697
1.96741
1.96784
1.96828
1.96874
1.96921
1.96969
1.97016
1.97064
1.97047
1.97029
1.97011
1.96992
1.96974
1.96955
1.96936
1.96919
1.96902
1.96885
1.96867
1.9685
1.96851
1.96851
1.96853
1.96856
1.96861
1.96866
1.96871
1.96876
1.96882
1.96887
1.96892
1.96897
1.96904
1.96912
1.9692
1.96928
1.96939
1.96949
1.96959
1.96968
1.96977
1.96986
1.96993
1.97001
1.97008
1.97013
1.97018
1.97022
1.97027
1.97031
1.97036
1.97041
1.97046
1.9705
1.97055
1.97059
1.97062
1.97065
1.9707
1.97075
1.97082
1.97089
1.97095
1.97101
1.97107
1.97113
1.9712
1.97127
1.97134
1.97134
1.97139
1.9715
1.97162
1.97174
1.97186
1.97198
1.97211
1.97223
1.97236
1.97248
1.97259
1.97271
1.97284
1.97297
1.97308
1.97321
1.97333
1.97347
1.97357
1.97367
1.97377
1.97388
1.97399
1.97411
1.97425
1.97437
1.97451
1.97466
1.97481
1.97494
1.97505
1.97515
1.97524
1.97534
1.97544
1.97554
1.97565
1.97575
1.97585
1.97596
1.97606
1.97617
1.97626
1.97634
1.97644
1.97653
1.97664
1.97676
1.97688
1.97699
1.9771
1.9772
1.97731
1.97742
1.97752
1.97763
1.97775
1.97789
1.97802
1.97814
1.97827
1.9784
1.97852
1.97864
1.97876
1.97886
1.97896
1.97905
1.97915
1.97925
1.97935
1.97945
1.97953
1.97962
1.97971
1.9798
1.9799
1.98001
1.98013
1.98025
1.98037
1.9805
1.98064
1.98078
1.98092
1.98106
1.98122
1.98139
1.98157
1.98175
1.98192
1.98209
1.98227
1.98244
1.98261
1.98278
1.98295
1.98311
1.98326
1.98341
1.98355
1.98368
1.9838
1.98392
1.98403
1.98412
1.98422
1.98431
1.98442
1.98454
1.98465
1.98475
1.98485
1.98495
1.98505
1.98516
1.98516
1.98516
1.98516
1.98516
1.98516
1.98516
1.98516
1.98516
1.98516
1.98516
1.98516
1.98516
1.98516
1.98516
1.98516
1.98516
1.98516
1.98528
1.98555
1.98582
1.9861
1.9864
1.98671
1.98704
1.98737
1.98774
1.98811
1.98851
1.98891
1.9893
1.98968
1.99008
1.99049
1.99091
1.99132
1.99176
1.99219
1.99261
1.99302
1.99343
1.99385
1.99426
1.99467
1.99508
1.99549
1.99589
1.99629
1.99668
1.99706
1.99745
1.99784
1.99828
1.99874
1.9992
1.99966
2.00011
2.00056
2.00099
2.0014
2.0018
2.00219
2.00256
2.00292
2.00328
2.00361
2.00393
2.00423
2.00452
2.00495
2.00537
2.00578
2.0062
2.00662
2.00706
2.00752
2.00797
2.00844
2.00892
2.00939
2.00986
2.01034
2.01084
2.01135
2.01188
2.01188
2.01242
2.01299
2.01356
2.01414
2.01467
2.01516
2.01565
2.01611
2.01657
2.017
2.01742
2.01781
2.01817
2.01851
2.01884
2.01914
2.01928
2.01941
2.01953
2.01964
2.01973
2.01981
2.01989
2.01998
2.02006
2.02012
2.02018
2.02024
2.02031
2.02035
2.0204
2.02046
2.02051
2.02071
2.02092
2.02111
2.0213
2.02149
2.02168
2.02187
2.02204
2.02221
2.02236
2.02251
2.02267
2.02283
2.02275
2.02267
2.02256
2.02245
2.02233
2.02221
2.02209
2.02199
2.02187
2.02174
2.02159
2.02143
2.02125
2.02108
2.02089
2.0207
2.02049
2.02029
2.02007
2.01985
2.01963
2.01941
2.0192
2.019
2.01881
2.01862
2.01841
2.01817
2.01794
2.01771
2.01749
2.01725
2.01699
2.01674
2.01648
2.01623
2.01598
2.01572
2.01546
2.01519
2.01491
2.01463
2.01435
2.01408
2.01382
2.01356
2.01331
2.01306
2.01281
2.01257
2.01233
2.01208
2.01179
2.01151
2.01123
2.01094
2.01063
2.0103
2.00999
2.00969
2.0094
2.00913
2.00887
2.00861
2.00835
2.00809
2.00783
2.00758
2.00734
2.00712
2.00693
2.00675
2.00659
2.00642
2.00625
2.00608
2.00593
2.00582
2.00574
2.00566
2.00561
2.00557
2.00555
2.00556
2.00557
2.0056
2.00564
2.00569
2.00573
2.00578
2.00582
2.00588
2.00594
2.00603
2.00603
2.00615
2.00627
2.00642
2.00658
2.00676
2.00693
2.0071
2.00726
2.00742
2.00759
2.00776
2.00794
2.00812
2.00829
2.00847
2.00847
2.00864
2.009
2.00936
2.00972
2.01007
2.01041
2.01074
2.01105
2.01136
2.01167
2.012
2.01236
2.01236
2.01236
2.01236
2.01236
2.01236
2.01236
2.01236
2.01236
2.01236
2.01236
2.01236
2.01236
2.01236
2.01236
2.01236
2.01274
2.01327
2.0138
2.01435
2.01491
2.01546
2.01601
2.01656
2.01711
2.01768
2.01825
2.01883
2.01942
2.01999
2.02055
2.02111
2.02167
2.02223
2.0228
2.02337
2.02394
2.0245
2.02504
2.02557
2.02609
2.02657
2.02704
2.02749
2.0279
2.02827
2.02865
2.029
2.029
2.02935
2.02965
2.02993
2.03021
2.03048
2.03074
2.03101
2.03128
2.03155
2.0318
2.03205
2.03232
2.0326
2.03287
2.03314
2.03339
2.03362
2.03387
2.03409
2.03432
2.03454
2.03475
2.03494
2.03513
2.03534
2.03556
2.03577
2.03597
2.03616
2.03634
2.03654
2.03673
2.03693
2.03702
2.03711
2.0372
2.03728
2.03737
2.03746
2.03756
2.03765
2.03775
2.03785
2.03793
2.03802
2.03811
2.03819
2.03828
2.03837
2.03834
2.03832
2.03828
2.03824
2.0382
2.03815
2.03809
2.03804
2.03799
2.03794
2.03788
2.03781
2.03773
2.03766
2.03756
2.03745
2.03734
2.03724
2.03714
2.03706
2.03698
2.0369
2.03683
2.03676
2.0367
2.03664
2.03658
2.03658
2.03658
2.03657
2.03655
2.03651
2.03646
2.03641
2.03638
2.03634
2.0363
2.03627
2.03624
2.03567
2.03565
2.03561
2.03558
2.03557
2.03556
2.03555
2.03554
2.03554
2.03555
2.03557
2.03558
2.03559
2.03553
2.03548
2.03541
2.03533
2.03524
2.03515
2.03508
2.03502
2.03498
2.03493
2.03493
2.03487
2.03477
2.0347
2.03462
2.03453
2.03442
2.03433
2.03424
2.03415
2.03407
2.03398
2.03386
2.03375
2.03364
2.03354
2.03343
2.03333
2.03324
2.03316
2.03307
2.03298
2.03294
2.03291
2.03289
2.03288
2.03289
2.03289
2.03288
2.03286
2.03281
2.03277
2.03273
2.03275
2.03276
2.03276
2.03277
2.03279
2.03281
2.03283
2.03284
2.03284
2.03285
2.03278
2.03273
2.03266
2.03266
2.03266
2.03266
2.03266
2.03266
2.03266
2.03266
2.03266
2.03266
2.03266
2.03266
2.03266
2.03266
2.03266
2.03266
2.03266
2.03266
2.03266
2.03266
2.03266
2.03266
2.03266
2.03266
2.03266
2.03266
2.03266
2.03266
2.03266
2.03266
2.03266
2.03266
2.03266
2.03266
2.03266
2.03266
2.03266
2.03266
2.03266
2.03266
2.03266
2.03266
2.03266
2.03266
2.03266
2.03266
2.03266
2.03266
2.03266
2.03266
2.03266
2.03266
2.03266
2.03266
2.03266
2.03266
2.03266
2.03266
2.03266
2.03266
2.03266
2.03266
2.03266
2.03266
2.03266
2.03266
2.03266
2.03266
2.03266
2.03266
2.03266
2.03266
2.03266
2.03266
2.03266
2.03266
2.03266
2.03266
2.03266
2.03266
2.03266
2.03266
2.03266
2.03266
2.03266
2.03266
2.03266
2.03266
2.03266
2.03266
2.03266
2.03266
2.03266
2.03266
2.03266
2.03266
2.03266
2.03266
2.03266
2.03266
2.03266
2.03266
2.03266
2.03266
2.03266
2.03266
2.03266
2.03266
2.03266
2.03266
2.03266
2.03266
2.03266
2.03266
2.03266
2.03266
2.03266
2.03266
2.03266
2.03266
2.03266
2.03266
2.03266
2.03266
2.03266
2.03266
2.03266
2.03266
2.03266
2.03266
2.03266
2.03266
2.03266
2.03266
2.03266
2.03266
2.03266
2.03266
2.03266
2.03266
2.03266
2.03266
2.03266
2.03266
2.03266
2.03266
2.03266
2.03266
2.03266
2.03266
2.03266
2.03266
2.03266
2.03266
2.03266
2.03266
2.03266
2.03266
2.03266
2.03266
2.03266
2.03266
2.03266
2.03266
2.03266
2.03266
2.03266
2.03266
2.03266
2.03266
2.03266
2.03266
2.03266
2.03266
2.03266
2.03266
2.03266
2.03266
2.03266
2.03266
2.03266
2.03266
2.03266
2.03266
2.03266
2.03266
2.03266
2.03266
2.03266
2.03266
2.03266
2.03266
2.03266
2.03266
2.03266
2.03266
2.03266
2.03266
2.03266
2.03266
2.03266
2.03266
2.03266
2.03266
2.03266
2.03266
2.03266
2.03266
2.03266
2.03266
2.03266
2.03266
2.03266
2.03266
2.03266
2.03266
2.03266
2.03266
2.03266
2.03266
2.03266
2.03266
2.03266
2.03266
2.03266
2.03266
2.03266
2.03266
2.03266
2.03266
2.03266
2.03266
2.03266
2.03266
2.03266
2.03266
2.03266
2.03266
2.03266
2.03266
0.0151659
-0.120315
-0.160049
-0.171606
-0.177351
-0.184442
-0.190269
-0.19465
-0.200196
-0.204615
-0.21103
-0.214769
-0.218548
-0.223707
-0.227962
-0.230777
-0.232572
-0.23408
-0.235979
-0.223903
-0.212331
-0.201274
-0.190967
-0.180975
-0.171008
-0.1618
-0.153817
-0.1464
-0.140474
-0.135242
-0.101531
-0.0701868
-0.0410888
-0.014103
0.0110377
0.0349214
0.0576822
0.0786944
0.0981325
0.116451
0.134363
0.151891
0.168655
0.184686
0.180993
0.177328
0.173833
0.169877
0.165893
0.162307
0.159158
0.155944
0.152453
0.14873
0.145208
0.142024
0.138844
0.135722
0.133023
0.130248
0.127866
0.126125
0.124181
0.122407
0.120463
0.118244
0.116084
0.113797
0.111416
0.108956
0.106255
0.103508
0.10088
0.0981913
0.0958806
0.0936915
0.0912372
0.08902
0.0869143
0.0849223
0.0829312
0.0808546
0.078759
0.0764448
0.0740115
0.0716129
0.0693953
0.0673212
0.0656125
0.0626459
0.0595762
0.0565477
0.0538274
0.0513063
0.0487941
0.0461547
0.043465
0.0410102
0.0386165
0.0361642
0.0339111
0.0317451
0.0298419
0.0278866
0.0264547
0.0250181
0.0238259
0.0227721
0.0216808
0.0204696
0.0193734
0.0178789
0.0163017
0.01478
0.0135289
0.0124014
0.0114092
0.0100545
0.00875767
0.00770204
0.00680075
0.0058755
0.00493959
0.00404814
0.00302213
0.00199214
0.000862939
-0.000178096
-0.00119164
-0.00218042
-0.00328215
-0.00440918
-0.00559972
-0.00644029
-0.00723422
-0.00809593
-0.00887095
-0.00958156
-0.0103706
-0.0111111
-0.0116793
-0.0121826
-0.0127751
-0.0134316
-0.0140164
-0.0144735
-0.014731
-0.0149778
-0.0152277
-0.0153568
-0.0144169
-0.0134192
-0.0123009
-0.0111622
-0.0100696
-0.00901
-0.00798022
-0.00701487
-0.0060911
-0.00528778
-0.00447543
-0.00354942
0.00165359
0.0067338
0.0116874
0.0166227
0.0215642
0.0264561
0.0311848
0.0357588
0.0404593
0.0452109
0.049779
0.0542942
0.058769
0.063193
0.0676235
0.0684542
0.0692493
0.069933
0.0704977
0.0709867
0.0714216
0.0718392
0.0722898
0.0728015
0.0732245
0.0736665
0.0775873
0.0813511
0.085054
0.0885968
0.0920608
0.095469
0.098727
0.101826
0.104761
0.107643
0.110472
0.1132
0.115894
0.118406
0.120697
0.122885
0.125064
0.127164
0.129129
0.131082
0.132953
0.134712
0.136382
0.137979
0.139501
0.14107
0.142651
0.140398
0.138239
0.136162
0.134022
0.131872
0.129743
0.127589
0.125343
0.1231
0.120843
0.118498
0.119585
0.12067
0.121577
0.122528
0.123476
0.124506
0.125509
0.126486
0.127442
0.128371
0.12934
0.130242
0.130886
0.131591
0.132388
0.133233
0.134069
0.134948
0.135716
0.136417
0.137085
0.137659
0.138206
0.138705
0.139001
0.139223
0.139478
0.139684
0.139897
0.140071
0.140232
0.140481
0.140761
0.14109
0.14151
0.142004
0.142538
0.143053
0.14351
0.143909
0.144263
0.144639
0.145033
0.145417
0.145816
0.146254
0.146723
0.147256
0.147854
0.14853
0.149274
0.145948
0.140558
0.135206
0.129887
0.124678
0.119616
0.114638
0.109713
0.104804
0.0999283
0.0951131
0.0903555
0.085671
0.0811453
0.0767189
0.0724287
0.0705213
0.0687317
0.066998
0.0652879
0.0636738
0.0621401
0.0606443
0.0592012
0.0577911
0.0563738
0.0548963
0.0534321
0.0519884
0.0507697
0.0495773
0.0484747
0.0474456
0.046445
0.0453819
0.0443884
0.0434219
0.0424378
0.0414353
0.0404397
0.042871
0.0453367
0.0478281
0.0503289
0.0527914
0.0552308
0.0576275
0.0599697
0.062288
0.0646206
0.0669869
0.0693047
0.0686371
0.068
0.0674911
0.0670047
0.0664717
0.0658936
0.0653967
0.0649095
0.0644536
0.0639766
0.0634493
0.0629566
0.0625264
0.0620936
0.0616132
0.0611011
0.0606046
0.0601137
0.0596705
0.0591875
0.0587298
0.0582809
0.0579229
0.0576078
0.0572786
0.0569463
0.0566887
0.0564325
0.0561345
0.0557869
0.0554045
0.0550087
0.0546011
0.0542382
0.0538652
0.0535329
0.0531855
0.0528327
0.0524449
0.0520498
0.0517058
0.0514043
0.0510573
0.0506753
0.0503017
0.0499963
0.0497003
0.0493793
0.0490498
0.0487856
0.0484842
0.048235
0.0479865
0.0477697
0.0476084
0.0474889
0.0473808
0.0472937
0.0472138
0.0470897
0.0470056
0.0469399
0.0468689
0.0468026
0.0467242
0.0466315
0.0465453
0.046499
0.0464847
0.0464587
0.0463934
0.0463124
0.0462069
0.046081
0.045936
0.0457524
0.0455939
0.045443
0.0452904
0.0450804
0.0448186
0.044527
0.0442243
0.0439077
0.0435936
0.0432942
0.0429957
0.0426883
0.0424034
0.0421319
0.0418807
0.0416066
0.0413504
0.0411184
0.0408323
0.0405108
0.0401768
0.0398516
0.0395375
0.0391944
0.0388567
0.0385367
0.0382032
0.0378756
0.0375666
0.0372714
0.03701
0.0367454
0.0364831
0.0362356
0.036015
0.03583
0.0356327
0.0354107
0.035189
0.0349744
0.0347509
0.0345604
0.0344029
0.0342122
0.0339661
0.0337275
0.0335195
0.0333021
0.033043
0.0327862
0.0325529
0.0322924
0.0320169
0.0317352
0.0312266
0.0307202
0.0302302
0.0297548
0.0292815
0.0288214
0.0284197
0.0280716
0.0278037
0.0276307
0.0274595
0.0272603
0.0270437
0.0268693
0.0267005
0.0265364
0.0263689
0.0261986
0.0260721
0.025948
0.0258179
0.0256651
0.0254934
0.0253475
0.0252092
0.0251128
0.0249782
0.024897
0.0248128
0.0246689
0.024478
0.0242659
0.0240158
0.0237312
0.0234135
0.0230744
0.02271
0.0222978
0.0218755
0.0214737
0.0210959
0.0207695
0.0204466
0.020156
0.0198926
0.0196502
0.0194186
0.0192379
0.0190486
0.0188091
0.0185875
0.0183758
0.0181351
0.0178378
0.0175284
0.0172176
0.0169043
0.016584
0.0162747
0.0159529
0.0156201
0.0153284
0.015026
0.0147053
0.0143614
0.0140169
0.0136612
0.0132846
0.0129102
0.0125574
0.0122087
0.0119165
0.0116965
0.0115025
0.0113169
0.0111279
0.0109213
0.0107319
0.0105131
0.0102972
0.0101022
0.00991732
0.0096856
0.00944563
0.00919052
0.00892649
0.00866542
0.00838704
0.00806257
0.00771061
0.00734896
0.00699227
0.0066289
0.00629471
0.00592306
0.00559616
0.0052948
0.00500615
0.00472834
0.00447251
0.0042093
0.00391542
0.00357827
0.00321089
0.00282444
0.00241711
0.0020113
0.00160172
0.00117195
0.000771645
0.000387915
-3.78543e-06
-0.000398204
-0.000786079
-0.00116415
-0.00154387
-0.00191795
-0.00229433
-0.00266829
-0.00303176
-0.00339063
-0.00375014
-0.0041246
-0.00450096
-0.00489339
-0.00529568
-0.00569246
-0.00607507
-0.00644828
-0.00679792
-0.00713569
-0.00744704
-0.00775683
-0.00810745
-0.00849535
-0.00892401
-0.00934729
-0.00978137
-0.0102263
-0.0106574
-0.0110797
-0.0114522
-0.0118016
-0.0121025
-0.0123457
-0.0125593
-0.0128235
-0.0131297
-0.0134504
-0.0137687
-0.0140866
-0.014418
-0.0147912
-0.0151634
-0.0155189
-0.0158595
-0.0161809
-0.0164754
-0.0167455
-0.0170174
-0.0173246
-0.0176236
-0.0179393
-0.0182289
-0.0185169
-0.0187893
-0.0190493
-0.0192966
-0.0195492
-0.0198094
-0.0200683
-0.0203239
-0.0206147
-0.0209302
-0.0212669
-0.0216176
-0.0219423
-0.0222672
-0.0226026
-0.0229366
-0.0232656
-0.0235808
-0.0238828
-0.02419
-0.0244886
-0.024782
-0.0250752
-0.0253559
-0.0256355
-0.0259238
-0.0262124
-0.026495
-0.026764
-0.0270101
-0.0272224
-0.0274533
-0.0276806
-0.0279136
-0.0281634
-0.0284108
-0.028645
-0.0289064
-0.0291729
-0.0294222
-0.0296623
-0.0299105
-0.0301815
-0.0304686
-0.0307406
-0.0309261
-0.0311176
-0.0313046
-0.0314939
-0.0316763
-0.0318388
-0.0320219
-0.0322165
-0.0324108
-0.032582
-0.0327241
-0.0328746
-0.0330309
-0.0332022
-0.0333913
-0.0335779
-0.0337781
-0.0339946
-0.0342119
-0.0344179
-0.0346086
-0.0347933
-0.0349918
-0.0351872
-0.0353722
-0.0355505
-0.0357185
-0.0358905
-0.036078
-0.0362908
-0.0364934
-0.0366989
-0.0368947
-0.0370847
-0.037279
-0.0374829
-0.0376933
-0.0379013
-0.0380942
-0.0382659
-0.0384067
-0.0385721
-0.0387408
-0.038915
-0.0390851
-0.0392713
-0.0394723
-0.039662
-0.0398305
-0.0387897
-0.0389974
-0.039226
-0.0394426
-0.0396632
-0.0399119
-0.0401656
-0.040408
-0.0406328
-0.0408245
-0.0410172
-0.0412266
-0.0414465
-0.0416734
-0.0419188
-0.0421539
-0.0423831
-0.0425841
-0.0427896
-0.0430014
-0.0432097
-0.0434319
-0.0436455
-0.0438599
-0.0440796
-0.0443129
-0.0445557
-0.044793
-0.0450196
-0.045228
-0.0454177
-0.0456055
-0.0458065
-0.0460231
-0.0462628
-0.0465196
-0.0467695
-0.0470004
-0.0472176
-0.0474319
-0.0476402
-0.0478325
-0.0480166
-0.0482037
-0.0483888
-0.048574
-0.0487721
-0.0489612
-0.0491433
-0.0493354
-0.0495327
-0.0497409
-0.0499509
-0.0501553
-0.0503545
-0.0505486
-0.0507516
-0.050946
-0.05115
-0.0513663
-0.0516076
-0.0518637
-0.0521251
-0.0523741
-0.0526168
-0.0528557
-0.053082
-0.0533002
-0.0535258
-0.0537671
-0.0540117
-0.0542401
-0.0545259
-0.0548094
-0.0550972
-0.0553738
-0.0556555
-0.0559531
-0.0562599
-0.0565673
-0.0568733
-0.0571753
-0.0574684
-0.0577597
-0.0580458
-0.0583238
-0.0586106
-0.0589107
-0.059197
-0.0594872
-0.0597969
-0.0600864
-0.060389
-0.0607126
-0.0610285
-0.0613261
-0.0616069
-0.0618943
-0.0621896
-0.0624842
-0.0627794
-0.0630932
-0.0634254
-0.063752
-0.0640685
-0.0643706
-0.0646807
-0.0649986
-0.0653138
-0.0656134
-0.0659166
-0.0662239
-0.0665332
-0.0668615
-0.0671966
-0.067529
-0.0678723
-0.0682246
-0.0685757
-0.0689272
-0.0692697
-0.0696045
-0.0699442
-0.070276
-0.0705858
-0.0708854
-0.0711994
-0.0715196
-0.071829
-0.0721328
-0.0724332
-0.0727352
-0.0730583
-0.0733875
-0.0737212
-0.07407
-0.0744211
-0.0747629
-0.075115
-0.0754666
-0.0758073
-0.0761266
-0.0764069
-0.0766719
-0.0769392
-0.0772038
-0.0774719
-0.0777583
-0.0780595
-0.0783685
-0.0786743
-0.078973
-0.0792728
-0.0795658
-0.0798589
-0.0801698
-0.0804839
-0.080783
-0.0810044
-0.0812036
-0.0813959
-0.0815874
-0.0817664
-0.0819317
-0.0820835
-0.0822452
-0.0824202
-0.0825905
-0.082767
-0.082959
-0.0831617
-0.0833492
-0.0835364
-0.0837412
-0.0839415
-0.0841454
-0.0843485
-0.0845648
-0.0847952
-0.085049
-0.085322
-0.0855991
-0.085873
-0.0861387
-0.0864077
-0.0866838
-0.0869701
-0.0872686
-0.0875541
-0.0878331
-0.0881589
-0.0884715
-0.0887866
-0.0891046
-0.0894132
-0.0897394
-0.0900505
-0.0903596
-0.0906745
-0.091
-0.0913227
-0.0916471
-0.0919711
-0.0922928
-0.0926051
-0.0929205
-0.0932192
-0.0935204
-0.0938242
-0.0941248
-0.0944136
-0.094697
-0.0949889
-0.0952841
-0.0955803
-0.0958912
-0.0962113
-0.0965387
-0.096876
-0.0972214
-0.0975655
-0.0975655
-0.0979101
-0.0983486
-0.0988029
-0.0992595
-0.099701
-0.100154
-0.100624
-0.101086
-0.101541
-0.101996
-0.102452
-0.102903
-0.103364
-0.103819
-0.104267
-0.104708
-0.105143
-0.105577
-0.10601
-0.106443
-0.106866
-0.107291
-0.107724
-0.108152
-0.108577
-0.109004
-0.109431
-0.109858
-0.110291
-0.110729
-0.111175
-0.111616
-0.111616
-0.112048
-0.112501
-0.112958
-0.113415
-0.113867
-0.114308
-0.114752
-0.115201
-0.11566
-0.116129
-0.116598
-0.117067
-0.117544
-0.118024
-0.118499
-0.118998
-0.119488
-0.119956
-0.120401
-0.120841
-0.121267
-0.121674
-0.122058
-0.122428
-0.122784
-0.123137
-0.123477
-0.123813
-0.124148
-0.124482
-0.124822
-0.125148
-0.124538
-0.124864
-0.12519
-0.125502
-0.125803
-0.126093
-0.126373
-0.126653
-0.126932
-0.127219
-0.127513
-0.127813
-0.128105
-0.128396
-0.128693
-0.128995
-0.12931
-0.129681
-0.130051
-0.130414
-0.130774
-0.131138
-0.1315
-0.131855
-0.132201
-0.132535
-0.132849
-0.133164
-0.133487
-0.133828
-0.134174
-0.134524
-0.134884
-0.135054
-0.135229
-0.135403
-0.135569
-0.135733
-0.135895
-0.136037
-0.136165
-0.136286
-0.136414
-0.136539
-0.136664
-0.13679
-0.136919
-0.137061
-0.137199
-0.137384
-0.137559
-0.137731
-0.137895
-0.13805
-0.138201
-0.138356
-0.138518
-0.138686
-0.13886
-0.139033
-0.139203
-0.139293
-0.139376
-0.139448
-0.1395
-0.139557
-0.139622
-0.139689
-0.13976
-0.139838
-0.139922
-0.140011
-0.140097
-0.140172
-0.14024
-0.140318
-0.1404
-0.140491
-0.140588
-0.140684
-0.140782
-0.140885
-0.140991
-0.141091
-0.141188
-0.141289
-0.141386
-0.140673
-0.139968
-0.139262
-0.138551
-0.137836
-0.137127
-0.136413
-0.135695
-0.134977
-0.13427
-0.13357
-0.132863
-0.132159
-0.131459
-0.130761
-0.130062
-0.129364
-0.128664
-0.12796
-0.127254
-0.126544
-0.125837
-0.125124
-0.124406
-0.123694
-0.122981
-0.122138
-0.121432
-0.120733
-0.120042
-0.119355
-0.118667
-0.117978
-0.11729
-0.116599
-0.115906
-0.115207
-0.114513
-0.113826
-0.113154
-0.112493
-0.111844
-0.111206
-0.110574
-0.109937
-0.109301
-0.108664
-0.108021
-0.10738
-0.106737
-0.106091
-0.105447
-0.1048
-0.104154
-0.103508
-0.10286
-0.102212
-0.101565
-0.100922
-0.100283
-0.0996478
-0.099011
-0.0983693
-0.0977259
-0.097079
-0.0964295
-0.0957806
-0.0951346
-0.0944788
-0.0938168
-0.0931565
-0.092504
-0.0918546
-0.0912149
-0.0905846
-0.090712
-0.0908375
-0.0909579
-0.0910749
-0.0911902
-0.0913084
-0.0914221
-0.0915384
-0.0916572
-0.0917834
-0.0919145
-0.0920492
-0.0921841
-0.0922879
-0.0923848
-0.0924706
-0.0925463
-0.0926219
-0.0926999
-0.0927771
-0.0928572
-0.0929406
-0.0930249
-0.0931125
-0.0932038
-0.093313
-0.093415
-0.0935092
-0.0935921
-0.0936655
-0.0937382
-0.0938141
-0.0938947
-0.0939749
-0.0940528
-0.0941338
-0.0942132
-0.0943168
-0.0944101
-0.0945062
-0.0946057
-0.0947045
-0.0947989
-0.0948919
-0.0949912
-0.0950915
-0.0951905
-0.0952916
-0.0953932
-0.095469
-0.0955442
-0.0956169
-0.0956843
-0.0957564
-0.0958265
-0.0958996
-0.0959755
-0.0960466
-0.096117
-0.0961864
-0.0962519
-0.0963199
-0.0963917
-0.0964663
-0.096546
-0.0966269
-0.0967028
-0.0967682
-0.0968377
-0.0969185
-0.0969979
-0.0970789
-0.0971635
-0.0972463
-0.0973263
-0.0974016
-0.097475
-0.097546
-0.0976158
-0.0976927
-0.0977744
-0.0978579
-0.0979374
-0.0980152
-0.0980883
-0.0981595
-0.0982299
-0.0983051
-0.0983816
-0.0984445
-0.0985134
-0.0985855
-0.0986552
-0.0987237
-0.098796
-0.0988718
-0.0989541
-0.0990408
-0.099129
-0.0992159
-0.0992972
-0.0993776
-0.0994507
-0.0995266
-0.0996032
-0.0996714
-0.0997459
-0.0998204
-0.0998939
-0.0999691
-0.100043
-0.100116
-0.100186
-0.100255
-0.100331
-0.100407
-0.100476
-0.100537
-0.100599
-0.100662
-0.100727
-0.100793
-0.100866
-0.100943
-0.101019
-0.101099
-0.101182
-0.101267
-0.101351
-0.101433
-0.101508
-0.101579
-0.10165
-0.101728
-0.101806
-0.101887
-0.101973
-0.102056
-0.102139
-0.10222
-0.102299
-0.102374
-0.102449
-0.102527
-0.102607
-0.102686
-0.102768
-0.102852
-0.102938
-0.103023
-0.103107
-0.103191
-0.103273
-0.103353
-0.103431
-0.103504
-0.103578
-0.103656
-0.103734
-0.103807
-0.103878
-0.103954
-0.104028
-0.104099
-0.10417
-0.104245
-0.104319
-0.104394
-0.104468
-0.10454
-0.104618
-0.1047
-0.104784
-0.104874
-0.104966
-0.105059
-0.105152
-0.105246
-0.105344
-0.105442
-0.10554
-0.105638
-0.105734
-0.105823
-0.105907
-0.10599
-0.106081
-0.106176
-0.106271
-0.106366
-0.106459
-0.106555
-0.106655
-0.106755
-0.106857
-0.106955
-0.107047
-0.107134
-0.107225
-0.107317
-0.107409
-0.107501
-0.107596
-0.107697
-0.107798
-0.107902
-0.108007
-0.108115
-0.108223
-0.108329
-0.108433
-0.108532
-0.10862
-0.108705
-0.108791
-0.108879
-0.108967
-0.109059
-0.109154
-0.109248
-0.109343
-0.10944
-0.109542
-0.109649
-0.10976
-0.109875
-0.109994
-0.110115
-0.110241
-0.110373
-0.110505
-0.110639
-0.110771
-0.110905
-0.111041
-0.111179
-0.111316
-0.111453
-0.111591
-0.111726
-0.11186
-0.111994
-0.112127
-0.112261
-0.112397
-0.112534
-0.11267
-0.112808
-0.112948
-0.113089
-0.113229
-0.113368
-0.113507
-0.113644
-0.11377
-0.113895
-0.114021
-0.114148
-0.114276
-0.114404
-0.114534
-0.114669
-0.114804
-0.11494
-0.115078
-0.115219
-0.115361
-0.115513
-0.115662
-0.115808
-0.115953
-0.116098
-0.11624
-0.116382
-0.116522
-0.11666
-0.1168
-0.116939
-0.117081
-0.117227
-0.117371
-0.117515
-0.117661
-0.11781
-0.117955
-0.118103
-0.118253
-0.118405
-0.118558
-0.118714
-0.118873
-0.119042
-0.11921
-0.119377
-0.119544
-0.119709
-0.119873
-0.120038
-0.120203
-0.120366
-0.120529
-0.120689
-0.120847
-0.121003
-0.121157
-0.121315
-0.121474
-0.121641
-0.121811
-0.121983
-0.122158
-0.122335
-0.122513
-0.122693
-0.122876
-0.123061
-0.123258
-0.123452
-0.123643
-0.123829
-0.124012
-0.124193
-0.124376
-0.124555
-0.124732
-0.124905
-0.125073
-0.125233
-0.125391
-0.12554
-0.125682
-0.125819
-0.125952
-0.126081
-0.126204
-0.126325
-0.126448
-0.12657
-0.126687
-0.126802
-0.126917
-0.127035
-0.127149
-0.127259
-0.12737
-0.127955
-0.128537
-0.129118
-0.1297
-0.130283
-0.130865
-0.131443
-0.132018
-0.132594
-0.133171
-0.133747
-0.134316
-0.134882
-0.134946
-0.135013
-0.135082
-0.135151
-0.135217
-0.135283
-0.135351
-0.13542
-0.135486
-0.135552
-0.135617
-0.135681
-0.135742
-0.135806
-0.13587
-0.135903
-0.135937
-0.135972
-0.136008
-0.136044
-0.136079
-0.136115
-0.136152
-0.136188
-0.136226
-0.136266
-0.136305
-0.136341
-0.136377
-0.136414
-0.136451
-0.136488
-0.136528
-0.136567
-0.136606
-0.136644
-0.136682
-0.13672
-0.136757
-0.136793
-0.136829
-0.136865
-0.136904
-0.136944
-0.136985
-0.137027
-0.13707
-0.137115
-0.13716
-0.137203
-0.137247
-0.137292
-0.137338
-0.137385
-0.13743
-0.137474
-0.137518
-0.137564
-0.137609
-0.137652
-0.137694
-0.137736
-0.137776
-0.137819
-0.137863
-0.137912
-0.137963
-0.138015
-0.138063
-0.138112
-0.138162
-0.138215
-0.138268
-0.138321
-0.138376
-0.138432
-0.138489
-0.138545
-0.1386
-0.138654
-0.138708
-0.138761
-0.138814
-0.138867
-0.138921
-0.138975
-0.139028
-0.13908
-0.139134
-0.139187
-0.13924
-0.139294
-0.139347
-0.139398
-0.139448
-0.139503
-0.139558
-0.139613
-0.139668
-0.139725
-0.13978
-0.139834
-0.139887
-0.13994
-0.139992
-0.140042
-0.140093
-0.140144
-0.140196
-0.140247
-0.140298
-0.140348
-0.140399
-0.140451
-0.140502
-0.140555
-0.140609
-0.140662
-0.140716
-0.140769
-0.140821
-0.140873
-0.140925
-0.140978
-0.14103
-0.141083
-0.141135
-0.141207
-0.141276
-0.141345
-0.141412
-0.141478
-0.141543
-0.141609
-0.141674
-0.141739
-0.141806
-0.141873
-0.14194
-0.142007
-0.14207
-0.142131
-0.142192
-0.142252
-0.142312
-0.142372
-0.14243
-0.142487
-0.142543
-0.142597
-0.142649
