3
0.583899
0.582165
0.582015
0.576408
0.564441
0.525074
0.557803
0.539415
0.490581
0.505817
0.485912
0.4977
0.490461
0.426822
0.516157
0.450712
0.473942
0.402266
0.47838
0.396102
0.419947
0.415053
0.400565
0.410545
0.404393
0.399838
0.386656
0.373299
0.383686
0.377589
0.32705
0.352519
0.345428
0.341357
0.345395
0.331426
0.317249
0.329059
0.32529
0.320458
0.315174
0.304304
0.29871
0.285094
0.265048
0.288083
0.277257
0.264914
0.27464
0.270646
0.259145
0.247354
0.264669
0.24824
0.235542
0.243911
0.240268
0.201356
0.242777
0.227077
0.192101
0.211785
0.206896
0.209263
0.201135
0.19221
0.199815
0.196805
0.188398
0.180413
0.18724
0.184184
0.181647
0.175371
0.151675
0.180811
0.1692
0.141401
0.156512
0.158444
0.156437
0.154295
0.151866
0.144895
0.137047
0.143299
0.122606
0.132395
0.125659
0.131535
0.129674
0.123702
0.117856
0.122539
0.120604
0.119165
0.114217
0.109917
0.114342
0.0975779
0.106959
0.105338
0.106368
0.104926
0.10106
0.0966646
0.0996632
0.0981246
0.0968107
0.0926457
0.0890138
0.0928452
0.0813668
0.0866704
0.082435
0.0855444
0.0818534
0.0776082
0.0832088
0.0776721
0.0739069
0.07687
0.076008
0.0729364
0.0698407
0.0724516
0.0711522
0.0594447
0.0717103
0.0667959
0.0556442
0.0614089
0.0601758
0.0591332
0.058571
0.0579013
0.0590454
0.0567564
0.0544369
0.0564244
0.0557554
0.0550856
0.0529238
-0.040557
0.036532
0.0400448
0.0381112
0.0417651
0.0360549
0.0402888
0.0389499
0.0357334
0.0388681
0.0377051
0.0360872
0.0351242
0.0347306
0.0336347
0.0292656
0.0316156
0.0310705
0.0302686
0.0312187
0.0299242
0.0278298
0.0278622
0.0287317
0.0281144
0.0267729
0.0257783
0.0268935
0.024222
0.0236345
0.0256697
0.0251491
0.0228301
0.0173235
0.0210996
0.0207834
0.0206612
0.0196671
0.0190193
0.0171782
0.0180536
0.0197349
0.0190251
0.0179205
0.0155894
0.0144308
0.0164137
0.0171491
0.0118827
0.0136227
0.0136019
0.0135045
0.0128955
0.0130867
0.013749
0.0145129
0.0155981
0.0140346
0.0144067
0.01684
0.0154255
0.0167
0.0164722
0.0163686
0.0152198
0.0139859
0.015646
0.015799
0.0145534
0.0142018
0.0169183
0.0164175
0.0165023
0.0177962
0.0169817
0.01654
0.0180127
0.0152711
0.0163416
0.0177253
0.0167899
0.0175955
0.0172827
0.017044
0.0175181
0.0156455
0.0148271
0.0153163
0.0168807
0.0170366
0.0153047
0.0139492
0.0130902
0.0143279
0.0150864
0.0128674
0.0119533
0.0118688
0.0125409
0.0108554
0.0121047
0.0134456
-0.0868605
-0.000225801
-0.000481949
0.000122
0.00162675
0.00163725
0.00310405
0.00293151
0.00461447
0.00435197
0.00621082
0.00349717
0.00529157
0.00543773
0.00470959
0.00394757
0.00471265
0.00449289
0.00569709
0.00309573
0.00491963
0.00381958
0.00351973
0.00402474
0.00347861
0.00404449
0.00313947
0.00937304
0.00683239
0.00513115
0.00496818
0.00539902
0.00627993
0.0076045
0.00816085
0.00697421
0.00552097
0.0079536
0.00730551
0.0067157
0.0041471
0.00653645
0.00881445
0.00688795
0.00640539
0.00808996
0.00783891
0.0082058
0.00739619
0.00845887
0.00948473
0.00991482
0.00656342
0.00744998
0.00908861
0.00854334
0.00790225
0.0111183
0.00685925
0.0107578
0.00927763
0.00879846
0.786325
-0.667597
0.00764071
0.00347327
0.00187618
0.00103326
0.00326043
0.00386234
0.00469243
0.00378104
0.00361013
0.00433969
0.00547884
0.00523671
0.00501403
0.00809403
0.00787469
0.00923134
0.00811311
0.00788047
0.00818093
0.010798
0.013001
0.0107114
0.0101815
0.0140672
0.0128571
0.0120923
0.0124324
0.012673
0.014724
0.0125975
0.0126061
0.0130679
0.0133214
0.0127689
0.0125136
0.0127897
0.0128042
0.0141665
0.0128856
0.0130214
0.0135197
0.801936
-0.671971
0.0120065
0.00784873
0.00455101
0.00471736
0.00700503
0.00760545
0.00797946
0.0109369
0.0130278
0.0087015
0.00963572
0.0100834
0.00895992
0.0110149
0.00928245
0.0127779
0.0131736
0.010152
0.013259
0.011187
0.0116909
0.00967625
0.0107374
0.0112064
0.0108796
0.00958784
0.0113469
0.0106184
0.0146015
0.0121867
0.0105226
0.013915
0.0124662
0.0127545
0.011358
0.0108954
0.00978437
0.00777439
0.0076043
0.0067787
0.00591535
0.00641189
0.0069653
0.00623077
0.00471346
0.00474153
0.00527618
0.000795172
0.00527117
0.00390584
0.00537611
0.00314011
0.00593297
0.00411512
0.00475719
0.00635094
0.00688813
0.00628227
0.00569204
0.00757962
0.0069929
0.00744517
0.00572205
0.00627846
0.0065207
0.00682125
0.00640434
0.00675154
0.00635653
0.00582305
0.00424132
0.00382806
0.00461159
0.00551241
0.00577105
0.00592653
0.00635772
0.00717501
0.00430469
0.00436621
0.00429255
0.00348923
0.0029031
0.00335443
0.00329349
-0.00146565
0.00294547
0.00126973
-0.000221782
-0.000131288
-0.000116301
0.00015612
0.000602771
-0.00114869
-0.00195916
0.000373828
-0.00217109
-0.00166158
-0.00385059
-0.00174682
-0.00293785
-0.003923
-0.00331907
-0.00257612
-0.00320216
-0.00442677
-0.00251487
-0.00341851
-0.00458695
-0.00278834
-0.00253969
-0.00220048
-0.00391706
-0.00478163
-0.00628063
-0.00759114
-0.00679882
-0.0067127
-0.00656554
-0.00641936
-0.00627768
-0.00644304
-0.00615813
-0.00632507
-0.00560365
-0.0107693
-0.00663194
-0.00574158
-0.00671634
-0.00613576
-0.00635042
-0.00680054
-0.0075436
-0.00686433
-0.00736323
-0.00803909
-0.00712173
-0.00628025
-0.0066463
-0.00584708
-0.00756443
-0.00725336
-0.00727787
-0.005963
-0.00435429
-0.00266505
-0.00334656
-0.00378081
-0.003046
-0.00259769
-0.00181243
-0.00147819
-0.000814751
-0.00109285
-0.0012928
-0.00128711
-0.00145907
-0.000453642
-6.19896e-06
-0.000946017
0.00018581
-0.00155939
-0.00119806
-0.00202808
-0.00137992
0.00113847
-0.00084946
0.000999224
-0.000138402
-4.00658e-05
0.00241996
0.00559762
0.00207063
0.00128176
0.00322447
0.0031728
0.00221624
0.000896745
0.00257674
0.00401706
0.00391386
0.00411046
0.00515825
0.00693289
0.00613593
0.00577758
0.00489356
0.00617991
0.00900582
0.00553264
0.0068107
0.00715253
0.00713146
0.00625443
0.00651658
0.00669896
0.00582974
0.00535159
0.00629713
0.00722799
0.0107845
0.00841188
0.00949286
0.00881675
0.00821908
0.00794696
0.00888199
0.00835288
0.00695153
0.00807861
0.00721802
0.0064409
0.00486063
0.00747617
0.00710911
0.00776025
0.00795448
0.00825259
0.0099128
0.00951032
0.00960175
0.0102993
0.0105081
0.0090671
0.0103178
0.00830317
0.00845698
0.00862544
0.0070679
0.00782118
0.00923005
0.0106875
0.0091889
0.0096441
0.935888
0.131533
0.131531
0.129077
0.120237
0.118936
0.115602
0.10725
0.0995204
0.104563
0.10116
0.0933038
0.0989598
0.0864083
0.0932818
0.0904717
-0.83558
-0.030545
-0.0340698
-0.0322352
-0.0258015
-0.0235125
-0.0196942
-0.0191354
-0.0178722
-0.0169276
-0.0167212
-0.0140822
-0.0186411
-0.0153504
-0.0182564
-0.0170854
-0.0173144
-0.0168282
-0.0164619
-0.0160607
-0.0160919
-0.0171032
-0.0181186
-0.017558
-0.0183272
-0.0188346
-0.0174078
-0.0179423
-0.0179126
-0.0204807
-0.0202977
-0.0195503
-0.0189627
-0.0198422
-0.0193161
-0.0193306
-0.0193755
-0.0179609
-0.0188589
-0.0186806
-0.0168975
-0.0189936
-0.0197448
-0.0189796
-0.0200057
-0.0190886
-0.0187605
-0.0192554
-0.019753
-0.0196751
-0.018403
-0.0187243
-0.0177598
-0.0198201
-0.0195183
-0.0190321
-0.0190261
-0.0194564
-0.0212692
-0.0201826
-0.0203705
-0.0206319
-0.0190457
-0.0200172
-0.0185817
-0.0184455
-0.0173098
-0.0187
-0.0194358
-0.0182343
-0.0175901
-0.017634
-0.0184421
-0.0172925
-0.0172394
-0.0210951
-0.0182062
-0.0142204
-0.0155478
-0.0154101
-0.0148515
-0.0137114
-0.0154234
-0.0157065
-0.0149092
-0.0161168
-0.0126417
-0.0140788
-0.0114849
-0.0137348
-0.0135532
-0.0128049
-0.0107751
-0.00913981
-0.00994801
-0.00986547
-0.00986588
-0.00852509
-0.00923066
-0.00977553
-0.010215
-0.00592
-0.00856925
-0.00802811
-0.00930454
-0.00769358
-0.0058846
-0.00527407
-0.00579679
-0.005356
-0.00516836
-0.00409638
-0.00401241
-0.00370738
-0.00375969
-0.00612308
-0.00513373
-0.0051087
-0.00573082
0.991743
0.12462
0.127179
0.123355
0.118173
0.11674
0.109645
0.103266
0.105147
0.102599
0.0987241
0.0856014
0.106442
0.088475
0.094248
0.0924491
0.0937726
-0.903928
-0.0365851
-0.0394846
-0.0379795
-0.0318345
-0.0285722
-0.0234289
-0.0237934
-0.0156006
-0.0181515
-0.0190598
-0.0188716
-0.0201302
-0.0206966
-0.0190952
-0.0185193
-0.0191172
-0.0183039
-0.0180534
-0.0185804
-0.0185726
-0.0173007
-0.0168235
-0.0177036
-0.0186745
-0.0193185
-0.0166338
-0.0174449
-0.0157404
-0.0170848
-0.0165799
0.998227
-0.89598
-0.0155914
-0.0181799
-0.0203239
-0.0191943
-0.0213612
-0.0203722
-0.0177184
-0.0162442
-0.0151787
-0.0129768
-0.0142966
-0.0143573
-0.0135212
-0.0137035
-0.0141139
-0.0152266
-0.0139131
-0.0148085
-0.0154287
-0.01598
-0.0147783
-0.0162142
-0.0160679
-0.0160741
-0.0174184
-0.0167416
-0.0178835
-0.0179989
-0.0174485
-0.0167706
-0.0171782
-0.0183983
-0.0174255
-0.0178216
-0.0171963
-0.0184196
-0.0179178
-0.0187871
-0.0174544
-0.016414
-0.0169838
-0.0154612
1.0274
0.11962
0.120425
0.116091
0.109079
0.101271
0.103697
0.100246
0.0930868
0.0858432
0.0909021
0.0900439
0.0893041
0.0827125
0.0794265
0.0752947
-0.966997
-0.0572871
-0.0621047
-0.0537901
-0.051679
-0.0481918
-0.0441959
-0.0404968
-0.0426852
-0.0428126
-0.0403461
-0.0392428
-0.0417199
-0.0402925
-0.0404718
-0.0412608
-0.0405098
-0.0348352
-0.0374318
-0.038114
-0.0396937
-0.0387902
-0.0383937
-0.0398038
-0.0397478
-0.03761
-0.0380254
-0.0368694
-0.036961
-0.0378301
-0.0381135
-0.0388735
-0.039147
-0.0385044
-0.037524
-0.0363843
-0.0377145
-0.037079
-0.035211
-0.0369805
-0.0358964
-0.0374304
-0.0355069
-0.0356307
-0.0356008
-0.0352329
-0.0348484
-0.0335618
-0.032237
-0.0335035
-0.0342494
-0.0321376
-0.0345419
-0.0334269
-0.0306017
-0.0338019
-0.0329189
-0.0321081
-0.0311303
-0.0325256
-0.0318724
-0.0308395
-0.0300363
-0.0297798
-0.0274376
-0.0293634
-0.0258962
-0.024855
-0.0225737
-0.02901
-0.0251922
-0.0217485
-0.0251944
-0.024543
-0.0240212
-0.0242403
-0.0235882
-0.0226607
-0.0236315
-0.0236866
-0.0230685
-0.0211748
-0.0220336
-0.0219422
-0.0205604
-0.0192959
-0.0198425
-0.0188526
-0.0189422
-0.0182175
-0.0186388
-0.0198658
-0.0191931
-0.0161432
-0.0165865
-0.0169863
-0.0169863
-0.0168663
-0.0161048
-0.0159889
-0.016897
-0.015426
-0.0146324
-0.013583
-0.0142497
-0.0122335
-0.0112084
-0.0120184
-0.00996482
-0.0101136
-0.00991704
-0.011441
-0.0108821
-0.0102528
-0.0106275
-0.0119684
-0.0126883
-0.0128715
-0.0125811
-0.0130483
-0.0110186
-0.00971999
-0.0112315
-0.0112983
-0.0110143
-0.0110113
-0.0108931
-0.00891343
-0.00917955
-0.00940076
-0.0078395
-0.006731
-0.00890848
-0.00796482
-0.00564279
-0.00836932
-0.0100002
-0.0109029
-0.0100042
-0.00779713
-0.00914732
-0.00964812
-0.00970144
-0.00910394
-0.00803826
-0.00767913
-0.00875591
-0.00637675
-0.0063007
-0.00859335
-0.00555371
-0.00726835
-0.00670674
-0.00629402
-0.00522374
-0.00427463
-0.00515902
-0.00613746
-0.00594719
-0.00654137
-0.00617248
-0.00585729
-0.00468966
-0.00521625
-0.00507897
-0.00543792
-0.00477365
-0.00290215
-0.005086
-0.00569222
-0.00614945
-0.00421917
-0.00437087
-0.0049006
-0.00325705
-0.00384579
-0.00277596
-0.00309729
-0.00406288
-0.00391662
-0.00403342
-0.00292422
-0.00353439
-0.00130315
-0.0021146
-0.00179086
-0.00265228
-0.00329683
-0.00423404
-0.00493463
-0.0041776
-0.00486817
-0.0053426
-0.00431224
-0.00465736
-0.00482047
-0.004634
-0.00451914
-0.00243292
-0.00413047
-0.00430081
-0.00115249
-0.00463639
-0.00485187
-0.00404798
-0.00434921
-0.00508457
-0.005169
-0.00375044
-0.00346652
-0.00496329
-0.00595466
-0.00407533
-0.0031494
-0.00505098
-0.00522374
-0.00410891
-0.00274716
-0.0033767
-0.0040455
-0.00397838
-0.00439134
-0.00407967
-0.00574727
-0.00535918
-0.00409456
-0.0048754
-0.00657277
-0.00599252
-0.00563465
-0.00630679
-0.00601089
-0.00594251
-0.005954
-0.00490546
-0.00469507
-0.00347954
-0.00283721
-0.00352921
-0.002254
-0.00190617
-0.00244743
-0.00232574
-0.0021365
-0.00220337
-0.00246003
-0.00128022
-0.0013714
-0.00292981
-0.00180263
-0.00108978
-0.00324988
-0.00371504
-0.00253716
-0.000679058
-0.00154216
-0.0013898
0.000788508
0.000531617
0.00032532
-1.57254e-05
0.000897706
0.000934959
0.000618842
0.000372735
0.0021187
0.00129342
0.00282681
0.00124862
0.00358497
0.00525338
0.00696198
0.00651429
0.00704966
0.00740829
0.00798961
0.00997218
0.00962242
0.0109726
0.0102819
0.0117366
0.0120626
0.0127966
0.0121172
0.0126175
0.0141742
0.0156394
0.0147376
0.0145524
0.0150307
1.24439
-1.04841
0.0159372
0.0135541
0.0118733
0.0110926
0.0109805
0.0116547
0.0122688
0.0127499
0.0130709
0.0138336
0.0152941
0.0147057
0.0117205
0.011121
0.0118125
0.0115096
0.0115791
0.0134405
0.0149732
0.0122741
0.011835
0.0133748
0.0141653
0.0137604
0.0118093
0.0131147
0.0117437
0.0130475
0.0142256
0.0143865
0.0139261
0.0163822
0.0151286
0.0158721
0.0161198
0.0176784
0.0172499
0.0190329
0.0218398
0.0209532
0.0205935
0.0204716
0.0216822
0.0216303
0.0208568
0.0216118
0.0232814
0.0214137
0.022107
0.023512
0.0236721
0.0238378
0.0237341
0.02327
0.0241109
0.0251821
0.0239583
0.0258254
0.0259548
0.0231108
0.0243379
0.0241404
0.0266292
0.0276609
0.0264911
0.0295311
0.0276903
0.0289336
0.0293219
0.0289308
0.028685
0.0294693
0.02907
0.0283628
0.0276289
0.0279035
0.0285823
0.0280781
0.0310272
0.0302148
0.029141
0.0275511
0.0276566
0.028602
0.0265248
0.0282453
0.0289065
0.0279496
0.0267844
0.0267011
0.0285105
0.0288502
0.0280731
0.0270383
0.027729
0.0284137
0.0290291
0.0284083
0.0278943
0.0275141
0.02546
0.0243717
0.0245065
0.0243254
0.0254276
0.0233296
0.0255548
0.0255697
0.0243695
0.0238045
0.0232092
0.023328
0.0228512
0.0226725
0.0245559
0.0248672
0.0249322
0.0234071
0.0227293
0.0232799
0.0236035
0.0219821
0.0226093
0.0226209
0.0243565
0.0240854
0.0226994
0.0226885
0.0225093
0.0222948
0.0237619
0.0229501
0.0228021
0.0240887
0.0234301
0.0243729
0.0233557
0.0229852
0.023033
0.0248023
0.0237801
0.0240912
0.0246448
0.0248227
0.0235752
0.0229407
0.0233698
0.0220841
0.0212904
0.0226194
0.0233787
0.0234703
0.0249126
0.0228422
0.0228283
0.0232922
0.0238608
0.0241172
0.0249548
0.0251646
0.0242612
0.0253644
1.23433
-1.021
0.026257
0.0194888
0.01836
0.017143
0.015469
0.0146728
0.0168198
0.0164416
0.0156559
0.015558
0.0157252
0.0172632
0.016157
0.0172914
0.0172542
0.0186751
0.017558
0.0169559
0.0169782
0.0182881
0.0183825
0.0190079
0.0180195
0.0170211
0.0180555
0.018273
0.0171971
0.0156634
0.0142999
0.0140585
0.0147765
0.0153602
0.0146446
0.0148332
0.0138066
0.0131238
0.0131608
0.0134087
0.0131281
0.012072
0.0115514
0.0122051
0.0134375
0.0136455
0.0145138
0.015964
0.0147373
0.0146201
0.0156348
0.0151893
0.0175898
0.0161156
0.0151724
0.0163147
0.0155643
0.0157647
0.0139711
0.0132552
0.0134709
0.0132285
0.0127827
0.0119783
0.011192
0.0119341
0.011748
0.0115213
0.0127607
0.012948
0.0122374
0.0125882
0.0125358
0.0139657
0.0136203
0.0125865
0.0150436
0.0141577
0.0138206
0.015264
0.0134336
0.014773
0.0133515
0.0130186
0.013167
0.013194
0.013307
0.0137965
0.0135204
0.0124569
0.0112222
0.01337
0.0128783
0.0114435
0.0125617
0.0114524
0.0114563
0.0105692
0.0107902
0.010379
0.0103695
0.0104097
0.0102029
0.0107691
0.0105557
0.0104267
0.0111911
0.0111211
0.0128473
0.0112658
0.010741
0.00989884
0.0114755
0.0107271
0.010777
0.0124211
0.0128896
1.31596
0.183927
0.183736
0.18094
0.172834
0.171791
0.165991
0.159381
0.161805
0.158488
0.157186
0.138492
0.151177
0.160814
0.135877
0.145599
0.139391
-1.16669
-0.0324499
-0.036155
-0.0283374
-0.0254092
-0.0215908
-0.0186061
-0.0129068
-0.0142423
-0.0127006
-0.0117347
-0.0101725
-0.0129552
-0.00684418
-0.010075
-0.0100666
-0.0115236
-0.0124104
-0.011625
-0.0105825
-0.0110188
-0.0101803
-0.00794917
-0.00742763
-0.00821279
-0.00693782
-0.0042435
-0.00776295
-0.00350918
-0.00623362
-0.00399822
-0.00544807
-0.0032283
-0.00244491
-0.00120217
-0.00330755
-0.00222921
-0.00244214
-0.00407398
-0.00371087
-0.00416042
-0.00355659
-0.00279994
-0.00188137
-0.00324248
-0.00241174
-0.001104
-0.000371622
-0.00147498
-0.00119374
0.000110382
-0.00022664
-0.000419565
0.000470767
0.00330062
0.00579047
0.00433915
0.00389806
0.00866796
0.00508193
0.00263687
0.00531688
0.00554437
0.00750001
0.00677709
0.00748574
0.00735344
1.3836
-1.1856
0.00846721
0.00692044
-0.00971709
-0.00430579
-0.00309569
-0.00304397
-0.00322007
-0.00476764
-0.00307585
-0.00392015
-0.00502979
-0.00334637
-0.00197869
-0.0017354
-0.000364609
0.000363138
0.00165646
0.00259456
0.00529373
0.0048711
0.00733345
0.00587929
0.00549455
0.00579677
0.00895493
0.00752259
0.00682114
0.0068523
0.00872433
0.00753854
0.00752025
0.00841219
0.00860023
0.00678685
0.0070053
0.00874158
0.00919738
0.00904521
0.00868513
0.00895359
0.00939446
0.00890027
0.0100875
0.011459
0.0104393
0.0101112
0.00955812
0.0103842
0.010416
0.0108662
0.0120682
0.0121407
0.0103722
0.00971847
0.0101179
0.0107425
0.00969007
0.0116686
0.0122547
0.0102957
0.00956252
0.0108198
0.0105276
0.0104169
0.0113821
0.0122668
0.0131643
0.0151123
0.0143145
0.0135941
0.012907
0.0162356
0.0167948
0.0166266
0.0157316
0.0158218
0.017104
0.0164031
0.0169133
0.0179835
0.0172914
0.0172598
0.0182599
0.0185046
0.0182125
0.0181551
0.0180175
0.0196882
0.0207692
0.0194998
0.0207459
0.021014
0.019714
0.019996
0.0192388
0.0179793
0.0193323
0.0194259
0.018541
0.0160408
0.0151651
0.0164494
0.016149
0.0174869
0.0175315
0.0134318
0.0140263
0.0130323
0.0129396
0.0112864
0.0126334
0.0123113
0.0122192
0.0124353
0.0121442
0.0125875
0.0120669
0.0107781
0.00945208
0.00952486
0.0121799
0.070142
0.0187019
0.0177852
0.0153299
0.016778
0.0165142
0.0155181
0.0157052
0.0150297
0.0139898
0.0116408
0.0132907
0.0133405
0.011832
0.0114543
0.0140813
0.0136102
0.0144163
0.0129935
0.0138878
0.0138772
0.0133145
0.0134097
0.0115214
0.0102276
0.00914079
0.00779661
0.00988945
0.00927999
0.00516822
0.00582266
0.00577143
0.00651363
0.00554214
0.00376975
0.00267788
0.00470946
0.0047741
0.0025707
0.00209096
0.000372389
0.00204294
0.00157639
0.00141629
0.000398562
0.00201206
0.00219426
0.00134076
0.00175816
0.00231425
0.00123727
0.00113165
0.00190966
0.000381334
0.00167923
0.000791893
0.00159008
0.0013466
-0.000423839
0.000223109
0.000927267
0.000336957
8.95515e-05
0.000247004
0.000235758
-0.00150276
-0.00182605
-0.0024979
-0.00222583
-0.0027093
-0.0027323
-0.00197735
-0.00122081
-0.0025179
-0.0033401
-0.00407615
-0.00214564
-0.0026191
-0.00273238
-0.00213
-0.0024298
-0.00177661
-0.00322196
-0.00245658
-0.00301391
-0.0031755
-0.00330402
-0.00326011
-0.0039931
-0.00421143
-0.0042185
-0.00124444
-0.0026452
-0.000729002
-0.000735219
-0.00102522
-0.00173216
-0.00189185
-0.00154473
-0.00074357
-5.76592e-05
-0.000164284
-0.000587929
0.00170859
0.00211416
0.00373246
0.00324551
0.00234075
0.0020437
0.00201774
0.00206163
0.00314577
0.00265093
0.00256589
0.0026947
0.00205092
0.00102498
0.00237197
0.00350602
0.00321533
0.00234872
0.00155941
0.00192854
0.00237503
0.00318213
0.00308958
0.00467035
0.00310812
0.00344428
0.00276369
0.0021926
0.00305798
0.00359103
0.00331055
0.00308481
0.00422699
0.00481403
0.00317359
0.0043446
0.00542621
0.0038577
0.00450822
0.00380172
0.00300696
0.00354853
0.00352553
0.00344985
0.00469298
0.00626091
0.00586532
0.00727181
0.00760327
0.0072167
0.00660715
0.00577608
0.00567544
0.00654086
0.00604287
0.0056476
0.00594986
0.00760168
0.00760501
0.00714709
0.00772554
0.0068186
0.00753373
0.00670442
0.00679452
0.00543871
0.00623884
0.0069021
0.00581367
0.00519028
0.00536707
0.00518485
0.00496824
0.00562686
0.00735589
0.00620814
0.00566581
0.00787687
0.00502915
0.00587663
0.00567991
0.00468436
0.00613318
0.00626274
0.00576787
0.00465735
0.00453678
0.00588814
0.00634866
0.00535431
0.00302333
0.00448457
0.00391763
0.00357182
0.00212312
0.00176516
0.00229471
0.00289578
0.00310707
0.00277498
0.00271797
0.00248465
0.000593447
0.000630835
0.0025988
0.00341602
0.002006
0.000556196
0.00056226
0.00111434
0.00103245
0.000615063
0.00163468
0.000579565
0.000274317
0.00101069
-0.000434711
0.00029871
-0.000562141
-0.00111805
-0.000104523
-0.000101837
-0.00133434
-0.00294693
-0.0037755
-0.000919189
-0.00201789
-0.000886444
-9.39865e-05
-0.00118219
-0.00168933
-0.00144856
-0.00220655
-0.000921978
-0.000475987
-0.00184598
-0.00348591
-0.00179774
-0.00143759
-0.00127035
-0.00139848
-0.00229357
-0.00392169
-0.00264083
-0.00232826
-0.00296249
-0.00187398
-0.00517894
-0.00102433
-0.000937208
-0.00137123
-0.0311718
-0.0301261
-0.0316309
-0.130293
-0.0274907
-0.0401146
-0.0429437
-0.0437198
-0.0455405
-0.0413195
-0.0418056
-0.0432679
-0.0436676
-0.0418379
-0.0417311
-0.0424086
-0.0430324
-0.0417762
-0.0425897
-0.0399641
-0.0386282
-0.0377764
-0.0366713
-0.0345067
-0.0315702
-0.0321653
-0.0289625
-0.0251123
-0.0266255
-0.0251571
-0.023701
-0.0200865
-0.0188395
-0.0153629
-0.0182613
-0.00814803
-0.0137221
-0.0130122
-0.0143776
-0.0128788
-0.0110403
-0.0131285
-0.0127727
-0.0120767
-0.0100056
-0.00838475
-0.00949303
-0.00833104
-0.00594287
-0.00387335
-0.00578374
-0.00043278
-0.00456565
-0.00448513
-0.00367458
-0.00195719
-0.00317427
-0.00278503
0.00204404
-5.09831e-05
0.000496296
-0.000826598
-0.000363189
-0.000133424
0.000247231
0.000436568
0.000709694
-0.000179451
-0.000555967
-0.00112642
-0.00157328
-0.00260863
-0.00216176
-0.00254352
-0.00306224
-0.00319655
-0.00261187
3
0.640384
0.651862
0.646205
0.633171
0.614
0.624492
0.596771
0.60028
0.580888
0.561404
0.571852
0.56539
0.557128
0.548044
0.530638
0.511952
0.526036
0.506604
0.498101
0.480384
0.49634
0.433224
0.465077
0.470149
0.453996
0.435843
0.449572
0.444809
0.439776
0.42406
0.407447
0.420368
0.415302
0.362364
0.419634
0.39794
0.345743
0.37324
0.367432
0.370985
0.366656
0.353494
0.33938
0.350322
0.345722
0.34125
0.328221
0.314432
0.325222
0.287706
0.305047
0.292481
0.302524
0.298216
0.294137
0.282326
0.277543
0.265282
0.274905
0.271006
0.267766
0.220878
0.248368
0.244007
0.247085
0.243861
0.233962
0.223727
0.232048
0.229089
0.220343
0.211094
0.218402
0.215475
0.189189
0.202273
0.193664
0.200037
0.197468
0.189638
0.180942
0.193001
0.180527
0.171759
0.178613
0.176235
0.148785
0.177963
0.16676
0.164361
0.132458
0.151127
0.153193
0.15062
0.143819
0.137604
0.143198
0.140755
0.138565
0.132861
0.130338
0.123257
0.12905
0.107496
0.119252
0.11734
0.119334
0.118223
0.11687
0.112272
0.107812
0.111908
0.110639
0.106694
0.0934178
0.109824
0.0914242
0.0971863
0.0954751
0.0964668
0.0926192
0.0884503
0.0919978
0.0905277
0.0895706
0.0863907
0.0821967
0.084847
0.083651
0.0803724
0.0764148
0.079426
0.06764
0.0745128
0.0733012
0.0738654
0.070084
0.0671119
0.0718884
0.0673637
0.0642835
0.0671349
0.0649731
0.0624507
0.0660761
0.0620423
0.0589293
0.0626385
0.0586634
0.055972
0.0576617
0.0487064
0.053487
0.0528138
0.0538641
0.0530503
0.0516024
0.0518286
0.0496543
0.0634682
0.0523255
0.0525757
0.0502124
0.0499887
0.0500927
0.0484696
0.0453716
0.0475949
0.03939
0.0455334
0.0441904
0.0411307
0.0402164
0.042191
0.0412158
0.0399091
0.0372507
0.036464
0.039346
0.0303954
0.0383735
0.0359161
0.0344644
0.0316976
0.0325681
0.0278335
0.0296119
0.029804
0.0304853
0.0298493
0.0292357
0.0278767
0.027089
0.0291298
0.0289284
0.0233173
0.0250009
0.0251752
0.0270028
0.0262613
0.0254091
0.0257137
0.0256502
0.0250712
0.0249062
0.0227479
0.0241976
0.0234743
0.0244031
0.0225114
0.0222016
0.0219198
0.0227305
0.0227823
0.0220433
0.0219857
0.0218305
0.0205959
0.0215281
0.0210127
0.0186978
0.019296
0.0182207
0.0165156
0.0163228
0.0163433
0.0158251
0.014319
0.0123986
0.0147679
0.013899
0.0147919
0.016158
0.0140332
0.0134806
0.0153563
0.0147499
0.0149325
0.0144191
0.0139031
0.0142871
0.0134651
0.0139558
0.014679
0.0154424
0.0156749
0.0168213
0.0150482
0.0133968
0.0142707
0.0153421
0.0150027
0.0138729
0.0125935
0.0120426
0.0124229
0.0119646
0.0109672
0.00922353
0.0127941
-0.192621
-0.0141156
-0.015652
-0.015028
-0.0118552
-0.0116522
-0.012318
-0.012384
-0.0102358
-0.014995
-0.0124647
-0.0120139
-0.011162
-0.0114297
-0.0111758
-0.0123603
-0.0122053
-0.0099324
-0.0102975
-0.0113317
-0.0114078
-0.0110808
-0.0116301
-0.0105766
-0.0125457
-0.0101903
-0.00945733
-0.0100227
-0.0126979
-0.0103791
-0.0102565
-0.00954445
-0.00941268
-0.0106586
-0.00913324
-0.00921636
-0.01082
-0.0100825
-0.00938835
-0.00944202
-0.0109585
-0.0116507
-0.0114004
-0.00930147
-0.0110017
-0.0098905
-0.00932524
-0.00788786
-0.00807127
-0.00731823
-0.00637557
-0.00691286
-0.00740525
-0.00705829
-0.00689025
-0.0072261
-0.00701639
-0.00816479
-0.00779543
-0.00832136
-0.0219299
0.0650024
-0.102475
-0.0247324
-0.0263542
-0.027573
-0.0298086
-0.0306353
-0.0288018
-0.0301881
-0.0338679
-0.0334282
-0.0357297
-0.0362119
-0.0364431
-0.026133
-0.0273939
-0.0279955
-0.0283494
-0.0276545
-0.0269952
-0.0262469
-0.0253549
-0.0246961
-0.0261908
-0.0247007
-0.036633
-0.0361708
-0.0358786
-0.0381529
-0.0377429
-0.0380046
-0.0403767
-0.0413668
-0.0420946
-0.0413977
-0.0425926
-0.0433351
-0.0437468
-0.0458159
-0.0466252
-0.0445952
-0.0458023
-0.0469481
-0.0482538
-0.04674
-0.0489161
-0.0498569
-0.0501009
-0.0497216
-0.0495783
-0.0495475
-0.0503106
-0.0378312
-0.0386401
-0.0376446
-0.03797
-0.0383276
-0.0374307
-0.0369536
-0.0370615
-0.0368705
-0.0367847
-0.0377584
-0.0450569
-0.0442648
-0.04643
-0.044784
-0.0474033
-0.043653
-0.046908
-0.0470193
-0.0479836
-0.0479718
-0.0463583
-0.0493356
-0.0485538
-0.0480491
-0.0472005
-0.0472732
-0.0491776
-0.048466
-0.0467012
-0.0489475
-0.0494564
-0.0495971
-0.0484807
-0.0489391
-0.0482806
-0.0510827
-0.0491315
-0.0502192
-0.0511308
-0.0524098
-0.0523814
-0.0502006
-0.0505108
-0.0515389
-0.0502897
-0.0488384
-0.0514931
-0.051857
-0.0519814
-0.0536722
-0.0531601
-0.0494365
-0.0518644
-0.0523259
-0.0519005
-0.0505434
-0.0496211
-0.0515745
-0.0498231
-0.0493513
-0.0483412
-0.0446844
-0.0368239
-0.031195
-0.0345445
-0.0309545
-0.0280925
-0.0289809
-0.0282962
-0.027121
-0.0247884
-0.0240201
-0.0227017
-0.0209943
-0.0170345
-0.0152054
-0.0141809
-0.0118923
-0.0149959
-0.0141581
-0.0156799
-0.0135486
-0.0121925
-0.0114561
-0.0121391
-0.0119649
-0.0122858
-0.0121735
-0.00941239
-0.00972356
-0.00195972
-0.00534259
-0.00324603
-0.00376968
-0.0031155
-0.00347221
-0.00187825
-0.00212253
-0.00158183
-0.000802601
-0.000348538
-0.00422404
-0.00283477
-0.00494815
-0.00568179
-0.00662346
-0.00702544
-0.00713736
-0.00859592
-0.00561043
-0.0063577
-0.0051518
-0.00850138
-0.00322375
-0.000333267
0.00371144
0.000871043
-0.000261467
9.67435e-05
0.00701748
0.00382824
0.00530836
0.00421769
0.00505175
0.00841941
0.00790471
0.00689292
0.00601112
0.00695689
0.00877339
0.00799952
0.00932896
0.0101283
0.0102247
0.00832744
0.0148858
0.0131737
0.0121387
0.0136373
0.0168368
0.0144439
0.013662
0.0136878
0.0141136
0.0152425
0.0153557
0.0169926
0.0162842
0.0170717
0.0164472
0.0174317
0.0164264
0.0196292
0.020328
0.0214532
0.0188097
0.0194276
0.0209115
0.0235877
0.0230794
0.021126
0.0213698
0.0234661
0.02095
0.0236683
0.0227971
0.0230189
0.0238934
0.0236983
0.0232399
0.0236561
0.0231207
0.0219482
0.0243302
0.0236563
0.0228291
0.0227885
0.0221836
0.0223502
0.0229085
0.0239757
0.0242299
0.0233318
0.0228365
0.0236187
0.0237083
0.0235363
0.0234544
0.0223418
0.0236697
0.0236685
0.0223411
0.0207969
0.0204711
0.0212844
0.021841
0.0219124
0.0224588
0.0228728
0.0221784
0.0211369
0.022315
0.0215257
0.0216841
0.0203822
0.0219547
0.0219006
0.0196599
0.0207244
0.0211759
0.0242295
0.0213667
0.0225757
0.0235992
0.0243911
0.0245543
0.0243479
0.0246389
0.0247987
0.0253707
0.0244435
0.0243081
0.0246849
0.0248724
0.0250165
0.0234947
0.0228981
0.0235517
0.0226957
0.0224186
0.0235127
0.0237802
0.0210984
0.019624
0.0220023
0.0222874
0.0216573
0.0201788
0.0213676
0.0215581
0.0195576
0.0204646
0.0206724
0.011666
0.0208095
0.0231796
0.0230393
0.0230055
0.02419
0.0265389
0.0262119
0.0277151
0.0282408
0.0247646
0.0235595
0.0238348
0.0259119
0.0250958
0.0253256
0.0254926
0.0256741
0.0280662
0.0267327
0.0267134
0.0261297
0.0263602
0.027823
0.0269542
0.0268402
0.0253959
0.0285262
0.0262953
0.0239503
0.0237939
0.024511
0.0234476
0.0241106
0.0238091
0.0241477
0.0237551
0.0227771
0.0241618
0.0253621
0.0257463
0.026999
0.0253226
0.026592
0.0262051
0.0266102
0.0263849
0.0276718
0.0256361
0.0234395
0.0259117
0.0259928
0.0244982
0.0231348
0.0247734
0.0250167
0.0249128
0.0246393
0.0255102
0.0249138
0.0248106
0.0266988
0.0248179
0.0246199
0.0241928
0.024703
0.0238826
0.0235128
0.0241228
0.0247474
0.0238738
0.02614
0.0270563
0.0262911
0.0255261
0.0249026
0.0244901
0.026154
0.0241849
0.0256624
0.026333
0.025958
0.0255492
0.0252515
0.0247018
0.0253823
0.0250403
0.0237393
0.0220092
0.02295
0.023215
0.023404
0.0232615
0.0234141
0.0245154
0.024534
0.0244755
0.0239795
0.0237809
0.0239895
0.0230374
0.0217867
0.0209167
0.0211197
0.0212032
0.021774
0.0222926
0.0227909
0.0216837
0.0239135
0.0228608
0.0216371
0.0216372
0.0217787
0.0215157
0.0204571
0.0214165
0.0209696
0.0213347
0.0210794
0.0221509
0.0209862
0.0206086
0.0210722
0.0206132
0.0209967
0.0215149
0.021896
0.021568
0.021872
0.0216157
0.0213181
0.0218218
0.0187072
0.0189362
0.0180406
0.0200243
0.0189888
0.0185192
0.0193034
0.0184377
0.0195163
0.0190673
0.0199854
0.0204288
0.020204
0.0151869
0.0163443
0.0172237
0.0183466
0.01838
0.0174745
0.0158744
0.0178587
0.0186892
0.0187369
0.0189204
0.0195217
0.0197945
0.0186513
0.0167999
0.0188411
0.0165106
0.0156407
0.0154804
0.0162914
0.0159853
0.0149057
0.012708
0.0132645
0.0131757
0.0121977
0.00940082
0.0110191
0.0108584
0.0108574
0.00917098
0.012595
0.0107597
0.0107746
0.0127731
0.0139202
0.0141013
0.0136808
0.0149334
0.0142261
0.0154971
0.0158617
0.0152523
0.0148042
0.0169423
0.0167484
0.0166917
0.0173615
0.0181831
0.0153062
0.0162794
0.0157277
0.0150055
0.016138
0.0165888
0.0132271
0.0147128
0.0153842
0.0145589
0.0142401
0.0126469
0.0127066
0.0150996
0.0146113
0.0139089
0.0143085
0.0137191
0.0140393
0.0146781
0.0121933
0.0129417
0.0133869
0.0142615
0.0151286
0.0127576
0.0129088
0.0122334
0.0121363
0.0129661
0.0124193
0.0119485
0.0125554
0.0133339
0.014012
0.0134384
0.0127729
0.0128582
0.0139451
0.0138448
0.0141208
0.0132456
0.0126454
0.0114953
0.0135082
0.0126901
0.0134075
0.0125404
0.057418
-0.0301109
0.010464
0.0105576
0.0102757
0.0100549
0.00937751
0.00721806
0.0103085
0.0064628
0.00903855
0.00719501
0.00637503
0.00844517
0.00882265
0.00826138
0.0046285
0.00444893
0.00719965
0.00504028
0.00457608
0.00578375
0.0073038
0.00802625
0.00931021
0.00726699
0.00609429
0.0060867
0.00613493
0.00475107
0.00537891
0.00619659
0.00603688
0.00489531
0.00471735
0.0060342
0.00487991
0.00594426
0.00556947
0.00530209
0.00449561
0.00404904
0.00581324
0.0052012
0.00541481
0.00595915
0.00473109
0.0019632
0.00232236
0.00097876
0.00222569
0.00352246
0.00407346
0.00419346
0.00402646
0.00430595
0.0048921
0.00437196
0.00393467
0.00444492
0.00441954
0.00355968
0.005032
0.00489931
0.00374117
0.00383323
0.00290237
0.00338413
0.00377542
0.00364936
0.00317588
0.00155623
0.00308146
0.000305752
0.000764328
-0.000146973
-0.000664688
0.000449745
0.00116499
6.83594e-05
0.000769806
0.000502205
-0.00013958
-0.00204439
-0.00206754
-0.00179425
-0.000279259
-0.00383247
-0.000453381
-0.00357199
-0.00122655
-0.00295477
-0.00359567
-0.00371535
-0.00352879
-0.00389469
-0.00441946
-0.00352363
-0.00451056
-0.00543458
-0.00640442
-0.00680854
-0.0076856
-0.0102303
-0.0058735
-0.0121741
-0.00771872
-0.0109298
-0.0104101
-0.00823549
-0.00721062
-0.00742571
-0.00933462
-0.00881766
-0.00806131
-0.00903135
-0.0101695
-0.0108494
-0.00873763
-0.00846588
-0.00861387
-0.0113134
-0.0109782
-0.0105006
-0.0101987
-0.0124081
-0.0119524
-0.0121162
-0.014584
-0.0149009
-0.0134846
-0.0181718
-0.0157477
-0.0130713
-0.0179268
-0.0150591
-0.0156996
-0.0160488
-0.0158148
-0.0156042
-0.0158235
-0.0185993
-0.0183124
-0.0175194
-0.0168169
-0.0169483
-0.0180039
-0.0202975
-0.0181369
-0.0188751
-0.0201106
-0.0188082
-0.0183935
-0.0202933
-0.0193419
-0.0184004
-0.0177378
-0.0187085
-0.0176838
-0.0220927
-0.0185567
-0.0214538
-0.0216172
-0.0215183
-0.0203797
-0.0190295
-0.0179297
-0.0179104
-0.0173744
-0.0180413
-0.0197234
-0.0187803
-0.0173479
-0.0170046
-0.0161612
-0.0177043
-0.0177517
-0.0165586
-0.0161247
-0.0162924
-0.0183517
-0.019506
-0.0187158
-0.019374
-0.0205424
-0.0208476
-0.0188954
-0.0194426
-0.0211964
-0.021505
-0.0205016
-0.0197922
-0.022133
-0.0221436
-0.0235878
-0.0232083
-0.0219844
-0.0214173
-0.0205663
-0.0215393
-0.0217373
-0.0219097
-0.0220246
-0.0191843
-0.0196472
-0.0191643
-0.01838
-0.0196391
-0.019786
-0.0185253
-0.021094
-0.0188486
-0.0195212
-0.021112
-0.0217162
-0.0207284
-0.0210143
-0.0209348
-0.020895
-0.0205429
-0.0212353
-0.0225542
-0.0219533
-0.0215745
-0.021119
-0.0203839
-0.0211236
-0.0221131
-0.0219484
-0.0213221
-0.0228742
-0.0226006
-0.022852
-0.0237362
-0.0239339
-0.0226228
-0.0227669
-3
3
-0.0257531
-0.022466
-0.0174922
-0.0164971
-0.0213278
-0.0194817
-0.0196436
-0.0203734
-0.02081
-0.0208128
-0.0229369
-0.0213887
-0.02146
-0.0216318
-0.0217869
-0.0222916
-0.0229749
-0.0232181
-0.0214177
-0.0232355
-0.0232758
-0.0221646
-0.0221064
-0.022427
-0.0224352
-0.0226374
-0.0233581
-0.0230249
-0.0233013
-0.0214634
-0.0207869
-3
3
-0.0219449
-0.0173432
-0.0147496
-0.016334
-0.0178179
-0.0184697
-0.0199478
-0.0199206
-0.0187971
-0.0185598
-0.0195377
-0.0187402
-0.0178539
-0.0170349
-0.0168319
-0.0149203
-0.0134736
-0.0158341
-0.0143759
-0.0131902
-0.0119826
-0.0132882
-0.0126638
-0.0135554
-0.0127865
-0.0130326
-0.0135936
-0.0139046
-0.0150434
-0.0124054
-0.0148519
-0.013175
-0.0131271
-0.0109134
-0.0111037
-0.0110637
-0.0107577
-0.0113399
-0.0114873
-0.0116151
-0.0112282
-0.0117384
-0.00957191
-0.0110351
-0.0119516
-0.0122102
-0.0130331
-0.0111191
-0.0110485
-0.0102098
-0.0101875
-0.0107677
-0.00970853
-0.00936334
-0.00867489
-0.00835569
-0.00583262
-0.00892985
-0.0101166
-0.0119678
-0.0104003
-0.0108704
-0.012097
-0.0125653
-0.0115863
-0.0112845
-0.0102251
-0.010634
-0.0102995
-0.00710539
-0.00736369
-0.00731359
-0.00923754
-0.00740971
-0.00784942
-0.00831206
-0.00843724
-0.0102593
-0.00813198
-0.00971445
-0.00722685
-0.00799079
-0.00682265
-0.00671815
-0.0069086
-0.0080448
-0.00851393
-0.00819737
-0.00779623
-0.00737616
-0.00688029
-0.00652467
-0.00588683
-0.00529339
-0.00320857
-0.00655019
-0.00711375
-0.0066552
-0.00692276
-0.0075157
-0.00745355
-0.00729932
-0.00654336
-0.00513725
-0.00571379
-0.00626884
-0.00711496
-0.00754989
-0.00701297
-0.00598975
-0.00630233
-0.00651093
-0.00650706
-0.00513473
-0.00568244
-0.0066955
-0.00571127
-0.00798022
-0.00871371
-0.0073278
-0.00595049
-0.00620077
-0.00705244
-0.00459215
-0.0057185
-0.00514133
-0.00632703
-0.00688098
-0.000490269
-0.00508551
-0.00501811
-0.00450175
-0.00374998
-0.00344226
-0.00368254
-0.00340319
-0.00363455
-0.00352371
-0.00418663
-0.00365253
-0.00239212
-0.00476156
-0.00385543
-0.00408128
-0.0056223
-0.00642518
-0.00670048
-0.00594743
-0.00525181
-0.00560468
-0.00598139
-0.00551926
-0.00626302
-0.00640522
-0.00769868
-0.00910884
-0.0113686
-0.0114707
-0.0118932
-0.0122049
-0.0120607
-0.0109136
-0.0113834
-0.0109525
-0.010254
-0.0120743
-0.0113152
-0.0115769
-0.013187
-0.0122816
-0.0125451
-0.0128177
-0.0119056
-0.0118471
-0.0121587
-0.0127156
-0.0128079
-0.0122786
-0.0107665
-0.0108933
-0.0111096
-0.0104654
-0.0112037
-0.0106623
-0.010142
-0.00716086
-0.00872593
-0.0100292
-0.011457
-0.010611
-0.011426
-0.0119067
-0.00931787
-0.00835205
-0.00689872
-0.0066983
-0.0060911
-0.00782907
-0.00548007
-0.00591637
-0.00685399
-0.00602573
-0.00669039
-0.00636837
-0.00524857
-0.00466939
-0.00369998
-0.00217137
-0.00281329
-0.00443695
-0.00488529
-0.0037941
-0.00390168
-0.00445222
-0.00407636
-0.00390491
-0.00453197
-0.00234085
-0.00293733
-0.00264147
-0.00184781
-0.00206894
-0.00331207
-0.00396854
-0.00407706
-0.00310209
-0.00230135
-0.00295798
-0.00125452
-0.0011083
0.00293309
-0.000382517
-0.000249123
0.000123562
0.000693689
0.000198062
-0.00105228
-8.77362e-05
-6.16684e-05
-0.000688007
-0.000259689
7.4583e-05
-0.000266632
1.89016e-06
-0.00013866
-0.00155351
-7.32718e-05
-0.00087748
-0.000430285
0.00107832
0.00046467
0.000936922
0.00229153
0.000959148
0.000684719
0.000879976
0.000541676
0.000993303
0.00196775
0.00336795
0.000774147
-0.000835342
0.00144933
0.00104507
0.000874958
0.00176815
0.00211143
0.00243194
0.00197651
0.00214179
0.0019838
-0.00012149
4.39835e-05
-9.11178e-05
0.000340271
0.000305538
0.000830816
-0.000232656
-0.001049
-0.00135689
-0.00137663
-0.00011653
-0.00271993
-0.00205365
-0.000849531
-0.00106517
-0.00196723
-0.00160571
-0.00223255
-0.00149733
-0.000933382
-0.000341557
0.000604774
-0.000278742
0.000774723
-0.00150213
-0.00111828
0.00050434
-0.00252981
-0.0011846
-0.000906918
-0.001649
-0.00131123
-0.000889624
-0.000617765
-0.000922748
-0.00253412
-0.000884867
0.00125348
0.00138022
-9.70747e-06
-0.000491145
0.000904589
0.000157194
-0.000531559
-0.000598152
0.000411686
-0.00085483
-0.000903671
-0.000447479
-0.000702507
9.89227e-05
0.000483994
0.000313461
-0.000850843
-0.00301137
-0.00103601
-0.00289865
-0.00240825
-0.00157845
-0.00099275
-0.00054258
5.93891e-05
0.000228733
-0.000451189
-0.00144232
-0.000980068
-0.000243431
-0.00132182
-0.00181454
-0.00122114
-0.00155185
-0.00135977
-0.0020287
-0.00137571
-0.00154337
-0.00123892
-0.000573555
-0.00170953
-0.00290994
-0.00266963
-0.00177251
-0.00218599
-0.00417008
-0.0034067
-0.00275149
-0.00325127
-0.00688902
-0.00319938
-0.00594691
-0.005526
-0.00510521
-0.0076307
-0.00719672
-0.00763348
-0.00898755
-0.00777398
-0.00753777
-0.0072337
-0.00811724
-0.00933445
-0.0084581
-0.00884071
-0.0110374
-0.00772347
-0.00795895
-0.00688336
-0.00795545
-0.0100005
-0.00922726
-0.00796255
-0.00790745
-0.00794549
-0.00928331
-0.00985122
-0.0093055
-0.0112069
-0.00893568
-0.0087975
-0.00845215
-0.0112244
-0.0111102
-0.0105804
-0.0105621
-0.0120886
-0.0131614
-0.0120906
-0.0122389
-0.0126941
-0.0134272
-0.0127147
-0.0117459
-0.0115406
-0.0103134
-0.00925989
-0.0106802
-0.0120602
-0.0125885
-0.0127696
-0.0142589
-0.0151602
-0.0134643
-0.0147655
-0.0165559
-0.017339
-0.0173612
-0.0172551
-0.0185493
-0.0186187
-0.0172785
-0.0179162
-0.0185739
-0.0159285
-0.0158266
-0.0143067
-0.0144758
-0.0148857
-0.0142171
-0.0137714
-0.013745
-0.0129374
-0.0127176
-0.0128703
-0.0124993
-0.0134646
-0.0137314
-0.0145617
-0.014241
-0.014285
-0.0156307
-0.0162314
-0.0155764
-0.0155441
-0.0149325
-0.0157625
-0.0160579
-0.0182501
-0.0172469
-0.0176469
-0.0172881
-0.0172268
-0.0165863
-0.0168531
-0.017659
-0.0164017
-0.0159811
-0.017198
-0.0171903
-0.0173447
-0.0166679
-0.0161868
-0.0159116
-0.016231
-0.0177462
-0.0163883
-0.0176849
-0.0166145
-0.0166416
-0.0181411
-0.017552
-0.0180863
-0.0180653
-0.0167764
-0.0178007
-0.0189719
-0.0188949
-0.0177382
-0.0191674
-0.0197623
-0.0187944
-0.0190415
-0.0189956
-0.0186005
-0.018243
-0.0171287
-0.0166796
-0.016885
-0.015419
-0.0175648
0.201943
0.0125892
0.0144163
0.0124158
0.0124694
0.0107629
0.0117351
0.0110001
0.00455504
0.00867051
0.00165866
0.0055173
0.00545526
0.0037361
0.00307635
0.00465425
0.00329053
0.00261104
0.0022751
0.00371128
0.00438868
0.00519364
0.00495112
0.00427868
0.0045302
-0.000650194
0.00315363
0.00326021
0.00494801
0.00537353
0.00637312
0.00650688
0.00779153
0.00743041
0.00716792
0.00688947
0.00727415
0.00816283
0.00607069
0.00430892
0.005569
0.00655838
0.006017
0.00510051
0.00320837
0.0060054
0.00621712
0.00381512
0.00398105
0.00541042
0.00460499
0.00418968
0.00340884
0.00456668
0.00639826
0.00618531
0.00492725
0.0047771
0.00574398
0.00930416
0.00713653
0.00477211
0.00419164
0.0048495
0.00533942
0.00638183
0.00524942
0.00396791
0.0044708
0.00610223
0.0052382
0.00546811
0.00642545
0.00710391
0.00423316
0.00544477
0.00587213
0.00569148
0.0050679
0.00515246
0.00536192
0.00562888
0.00522125
0.00513001
0.00530765
0.00481576
0.0048162
0.00544538
0.00809471
0.00538096
0.00504198
0.00564404
0.0051144
0.00297921
0.00440179
0.00458983
0.00449948
0.00448221
0.00293045
0.00426699
0.00473214
0.00344682
0.00433026
0.00108883
0.0028834
0.00266577
0.00154533
0.00207403
0.00166623
0.00186237
0.00329408
0.00167402
0.00125246
0.00116161
0.0022218
0.00335064
0.00334611
0.00285663
0.00194586
0.00336976
0.00369707
0.00382926
0.00405086
0.00459755
0.00257811
0.00201719
0.000663939
0.000929037
0.00262591
0.00265309
0.00262874
0.00161534
0.00174918
0.00339134
0.0029335
0.0021165
0.00380957
0.00349274
0.00458646
0.00693277
0.0060433
0.00602336
0.00715143
0.00838991
0.00692935
0.00573794
0.00978365
0.00692404
0.00953098
0.00737892
0.00923113
0.00759732
0.00898828
0.00904053
0.0113402
0.0103995
0.00996381
0.00963226
0.00993176
0.00897892
0.00880188
0.0105749
0.0102724
0.0103838
0.0106738
0.0101218
0.0110909
0.0107375
0.00941726
0.0101735
0.010318
0.0103709
0.0104062
0.00966669
0.00977182
0.0109512
0.00940959
0.00967315
0.011928
0.0105904
0.0110941
0.0113678
0.0114967
0.0109056
0.0104045
0.0111063
0.0118477
0.0120197
0.0129585
0.0171871
0.0124324
0.018182
0.016083
0.0169933
0.0156941
0.0155881
0.0155496
0.0153742
0.0149866
0.0156203
0.0164127
0.0208648
0.0196639
0.0183229
0.0183672
0.0187679
0.0193254
0.0197327
0.0206849
0.0221727
0.0214852
0.0219889
0.0227983
