0.494519
0.464541
0.427011
0.36035
0.345705
0.307307
0.24494
0.231654
0.205607
0.156402
0.23124
0.200287
0.180719
0.1617
0.121034
0.0559563
0.0313855
0.0200129
-0.0101415
-0.012999
0.0600962
0.0493513
0.0391614
0.0277806
0.0211609
0.0931951
0.0878471
0.081673
0.0742902
0.0694264
0.0577941
0.0472448
0.0416007
0.0364509
0.0309456
0.0195131
0.0143815
0.00867521
0.00510037
0.00156057
-0.0599626
-0.0628204
-0.0655487
-0.0677396
-0.0693668
0.0583505
0.058088
0.0577143
0.0560152
0.0548225
0.0425938
0.0403053
0.0366654
0.0347135
0.0316075
-0.13876
-0.141309
-0.144212
-0.1479
-0.14838
-0.0165798
-0.0150456
-0.0136126
-0.0125193
-0.0122837
0.0687705
0.0693609
0.0693141
0.0689743
0.0681661
0.015081
0.0132539
0.0109537
0.00891517
0.0064783
-0.073209
-0.0739264
-0.0753726
-0.0763182
-0.0753526
0.0688689
0.0699461
0.070921
0.0708917
0.0704275
-0.0127948
-0.014844
-0.0184188
-0.02032
-0.0229922
-0.0680657
-0.0695441
-0.071054
-0.0717457
-0.0718272
0.0278511
0.0283918
0.0291707
0.0291142
0.0286021
0.0176859
0.0155079
0.0131633
0.0115046
0.00973794
-0.000784901
-0.00359657
-0.00568583
-0.00809195
-0.0106819
-0.0766425
-0.0792968
-0.0806215
-0.0819318
-0.0818904
-0.00707948
-0.00684416
-0.0066446
-0.0062977
-0.00633418
-0.0864018
-0.087165
-0.0875133
-0.0872816
-0.0860263
0.0140427
0.0161348
0.0187191
0.0230499
0.023522
0.01116
0.0110455
0.0106758
0.00993332
0.00926814
-0.0534324
-0.0552048
-0.0563621
-0.0574843
-0.0586051
-0.018743
-0.019027
-0.0195191
-0.0205161
-0.0218064
0.00650154
0.00560962
0.00352465
0.00286661
-0.000331294
-0.0618864
-0.0636952
-0.0653647
-0.0662036
-0.0667265
-0.116162
-0.116145
-0.115638
-0.113974
-0.110193
-0.0796114
-0.0772746
-0.0752676
-0.0740624
-0.0726856
-0.0780698
-0.0763132
-0.0749013
-0.073111
-0.0706276
-0.071314
-0.0693706
-0.0667349
-0.0629469
-0.0608998
0.0512433
0.0545191
0.0580911
0.0594244
0.0597612
0.0114202
0.010735
0.0104081
0.00955124
0.00836248
0.0194571
0.018842
0.0181403
0.017503
0.0165896
-0.0242771
-0.0246554
-0.0251733
-0.0251711
-0.025056
-0.0374115
-0.0372949
-0.0366891
-0.0352228
-0.032934
0.0340967
0.0354249
0.0369577
0.0378368
0.0379412
-0.038604
-0.0391819
-0.0393865
-0.0392871
-0.0384052
-0.0402452
-0.0388705
-0.0370452
-0.0342192
-0.0305521
-0.00866367
-0.00679042
-0.00508525
-0.00371339
-0.00179936
0.092971
0.0938289
0.094281
0.0933208
0.0922017
0.0121219
0.00870477
0.00625001
0.00346051
0.000698192
-0.0793033
-0.0805715
-0.0820771
-0.0828817
-0.0829211
0.0215831
0.0252917
0.0277922
0.0283158
0.0305753
0.0631575
0.065236
0.0666916
0.067037
0.0669705
0.0464497
0.0455031
0.0444874
0.0433702
0.0417888
-0.0432366
-0.0442522
-0.0456291
-0.0466483
-0.0475524
-0.0748131
-0.0747337
-0.0741279
-0.0732052
-0.0717375
0.098448
0.100793
0.103269
0.103661
0.103156
-0.131039
-0.133659
-0.136148
-0.137871
-0.1392
-0.0496127
-0.0482236
-0.0465957
-0.0413307
-0.0387061
-0.021836
-0.0195061
-0.0167542
-0.0141081
-0.0125331
-0.00299779
-0.00145426
1.16529e-05
0.00168106
0.00244889
0.0838255
0.0838176
0.0830259
0.0821246
0.0807878
-0.003133
-0.00623542
-0.00830609
-0.0100678
-0.0118756
0.0417382
0.0409032
0.0391483
0.0377918
0.0364246
-0.130066
-0.132569
-0.134326
-0.135503
-0.135503
0.0173103
0.0204124
0.023434
0.0261441
0.0281543
0.0937366
0.0942948
0.0943885
0.0931547
0.0923615
0.0254962
0.0225053
0.0206965
0.019095
0.0174892
0.0126726
0.01076
0.00895037
0.00518383
0.00298085
-0.0881069
-0.0894544
-0.0904121
-0.0904322
-0.0893879
0.0589406
0.0600958
0.0615077
0.0630326
0.0621922
-0.0120205
-0.0133716
-0.0150225
-0.0168821
-0.0178663
-0.0624303
-0.0635082
-0.0644023
-0.0647685
-0.0640504
0.00891724
0.00989857
0.0112161
0.01254
0.0129363
0.0111204
0.0109602
0.0110002
0.0111075
0.0110589
-0.0433963
-0.0439979
-0.0440444
-0.0439721
-0.0439185
0.0617851
-0.014544
-0.014544
-0.0132329
-0.0121364
-0.010462
-0.00821827
-0.0550468
-0.0532329
-0.0515914
-0.0513271
-0.048152
0.106162
0.109067
0.110345
0.111166
0.111252
-0.121248
-0.122865
-0.125029
-0.125431
-0.124892
0.0584229
0.0588449
0.0622595
0.0637408
0.0651055
-0.000973823
-0.000289323
-0.000349047
-0.00075567
-0.00134576
0.0639369
0.0635317
0.0632921
0.0627278
0.0610566
0.0164786
0.0149136
0.0131276
0.00783828
0.00747707
-0.0683625
-0.069994
-0.0708366
-0.070514
-0.069896
0.0118942
0.0132417
0.0153349
0.01613
0.0167669
-0.0904356
-0.090647
-0.0920356
-0.0919033
-0.0907879
-0.0522574
-0.0502765
-0.0487923
-0.0463801
-0.0429151
0.0364148
0.0388556
0.0418997
0.0447211
0.045859
0.126962
0.127247
0.126932
0.122695
0.120506
0.029912
0.0266797
0.0225895
0.0180351
0.0149345
-0.0732174
-0.00938066
-0.00938066
-0.0112453
-0.0127559
-0.0139204
-0.0150705
0.0053832
0.00527234
0.00511641
0.00417728
0.0036623
-0.146882
-0.147447
-0.147188
-0.14574
-0.143869
-0.0281582
-0.0239819
-0.0211673
-0.0185066
-0.0157414
0.00277101
0.00570642
0.00852238
0.00946401
0.0105698
-0.0247607
-0.0245908
-0.0244549
-0.0244882
-0.024981
0.0364053
0.036165
0.0361686
0.0355739
0.0346691
-0.0292246
-0.0307317
-0.0317709
-0.0328224
-0.0330434
0.0181059
0.0185086
0.0190064
0.018937
0.0187046
0.0827045
0.0824477
0.081819
0.0807304
0.0790403
-0.00251627
-0.00580215
-0.00783133
-0.0101981
-0.0129604
-0.0801384
-0.0816068
-0.0832862
-0.0840487
-0.0824916
-0.139966
-0.137542
-0.135069
-0.131489
-0.126364
0.0691091
0.0735058
0.0777705
0.0794059
0.0803404
-0.0211747
-0.021773
-0.0238344
-0.025065
-0.0260191
0.0305373
0.0305294
0.0304196
0.0300888
0.0283379
-0.000209751
-0.00314015
-0.00494975
-0.006818
-0.0090453
0.00496253
0.00404414
0.00304636
0.00211724
0.00157722
-0.00994256
-0.0108195
-0.0119846
-0.0130904
-0.0137205
-0.0466817
-0.0476924
-0.0488032
-0.0491365
-0.0489856
-0.0013146
-0.000417668
0.000793976
0.000475687
0.0001903
-0.00776002
-0.00801608
-0.00825497
-0.00836584
-0.00863048
0.00300369
0.00226412
0.00186286
0.00176201
0.001968
-0.0714379
-0.0719114
-0.0715717
-0.0709408
-0.0703865
-0.00848526
-0.00639815
-0.00526876
-0.00306506
-0.00267167
0.0276897
0.0283148
0.027385
0.0265059
0.0255368
-0.152338
-0.154609
-0.156664
-0.156648
-0.155722
0.0537483
0.0566987
0.0586836
0.0598945
0.0605675
-0.0385175
-0.0392392
-0.041965
-0.0432983
-0.044648
-0.0324358
-0.0324358
-0.0322613
-0.031953
-0.0317871
0.0386687
0.0394805
0.0409582
0.0416599
0.0422678
-0.0389771
-0.0399334
-0.0411765
-0.0421385
-0.0426077
0.101045
0.102019
0.10261
0.101991
0.10073
-0.0482052
-0.0516734
-0.0562575
-0.0586364
-0.0605612
0.0123845
0.0119052
0.0118216
0.0116263
0.0114976
0.073683
0.0732052
0.0707783
0.0685703
0.0663831
-0.0782405
-0.0809277
-0.0835027
-0.0859202
-0.0877663
-0.0190608
-0.0193648
-0.0189778
-0.0183992
-0.0180122
-0.0342137
-0.0344082
-0.0342609
-0.0338868
-0.0332545
-0.0489327
-0.0473198
-0.0466139
-0.0456004
-0.0441534
0.10346
0.105804
0.10762
0.108571
0.108232
-0.121503
-0.124481
-0.126381
-0.127283
-0.127037
-0.0132942
-0.0112321
-0.00871513
-0.00614951
-0.00402448
-0.066758
-0.0654147
-0.0638934
-0.0622612
-0.0574926
0.115512
0.1184
0.120181
0.120981
0.120486
-0.0599891
-0.0627972
-0.06437
-0.0654086
-0.0661667
0.0204573
0.0211532
0.0223792
0.0234743
0.0240393
0.022363
0.022735
0.0229224
0.0221334
0.0211163
-0.09003
-0.0915099
-0.0916408
-0.091301
-0.0899578
0.0254446
0.0282699
0.0314699
0.0344375
0.0369867
0.0193303
0.0201943
0.0206578
0.0205612
0.020062
-0.0741892
-0.0744439
-0.0743123
-0.0738609
-0.0733288
-0.0990252
-0.0977049
-0.0963273
-0.0932946
-0.0904035
-0.0239323
-0.019154
-0.0131223
-0.00917585
-0.0055538
0.0788786
0.0836068
0.0864338
0.0883829
0.0894436
0.0638503
0.0634616
0.0610701
0.0592809
0.0580979
0.0553519
0.0527448
0.0508805
0.0486113
0.045451
0.0182076
0.0164502
0.0143906
0.0125546
0.0103312
-0.051402
-0.0530002
-0.0546664
-0.0560844
-0.0558366
-0.0386999
-0.0367901
-0.0347052
-0.0318381
-0.0301468
0.0794835
0.0815113
0.0835337
0.0850192
0.0856683
0.0310749
0.0312155
0.0306833
0.0297721
0.028986
-0.0257471
-0.0277144
-0.0286825
-0.0293259
-0.029672
-0.0122796
-0.0120843
-0.0115389
-0.0106874
-0.00922971
0.040955
0.0416498
0.0423823
0.0424198
0.0418186
0.010733
0.00978425
0.00921848
0.00886371
0.00837913
0.0339333
0.0336103
0.0330006
0.0325614
0.0321938
0.00728595
0.00601422
0.0042243
0.00327015
0.00336885
0.0496777
0.0498812
0.0500232
0.0497267
0.0490422
0.0476407
0.0461097
0.0453104
0.0441503
0.0429218
-0.00595658
-0.00718968
-0.0103983
-0.0116321
-0.0118846
-0.0809069
-0.0801723
-0.0785022
-0.0764308
-0.0738344
0.00863626
0.0134717
0.0166275
0.0194141
0.022695
0.115679
0.117233
0.118398
0.118968
0.118722
0.0624476
0.0601012
0.0572201
0.0555271
0.0506273
-0.0300842
-0.0305266
-0.0331272
-0.0332302
-0.032873
-0.00265911
-0.0019249
-0.0013552
-0.000548035
0.00107667
0.0634249
0.0643643
0.0652573
0.06567
0.0661142
0.0893625
0.088664
0.0872525
0.0846661
0.0822847
0.063449
0.0602014
0.0566151
0.052197
0.0493968
-0.0405073
-0.0435664
-0.0470555
-0.0485654
-0.0497555
0.0458948
0.0466415
0.0473417
0.0471865
0.0470435
0.018676
0.0182905
0.018181
0.0180795
0.0182261
-0.0911901
-0.0907953
-0.0900271
-0.0880029
-0.0847557
0.0432295
0.0458374
0.0496289
0.0532242
0.0549987
0.000924401
0.00355654
0.00429612
0.00587111
0.0101934
0.0122437
0.0135383
0.0145307
0.0156108
0.0170305
-0.0217067
-0.0210157
-0.0200115
-0.0187023
-0.0172914
0.067775
0.0690099
0.0707884
0.0713907
0.0714189
-0.0139721
-0.0162059
-0.0179504
-0.0205235
-0.0231975
0.0279239
0.026665
0.0256208
0.024456
0.0231567
0.0712154
0.0694251
0.0670934
0.0635883
0.0576774
-0.0043499
-0.00807853
-0.0124094
-0.0143034
-0.0152819
0.0496366
0.0487382
0.0475423
0.0448794
0.0424991
-0.0681
-0.0711341
-0.0749671
-0.076987
-0.0786157
0.0498053
0.049178
0.0484198
0.0474199
0.0459314
-0.0150281
-0.0179156
-0.0196837
-0.0216185
-0.0231656
-0.0995507
-0.100581
-0.100908
-0.100149
-0.0984807
-0.0516345
-0.0487685
-0.0451378
-0.042869
-0.0407447
-0.113426
-0.111388
-0.108071
-0.105848
-0.102806
0.0506368
0.0543604
0.0579525
0.059609
0.0608521
0.0194166
0.0195625
0.0196154
0.0196433
0.0192764
-0.0805316
-0.0811289
-0.0811625
-0.0806017
-0.0800288
-0.0431886
-0.0413411
-0.0404198
-0.0389235
-0.0374179
-0.0647957
-0.0639603
-0.0626528
-0.0612316
-0.0604426
0.00916418
0.0104295
0.0110932
0.0116043
0.0120896
-0.00484698
-0.00509481
-0.00544815
-0.00581829
-0.0060014
-0.0400386
-0.0399223
-0.0397067
-0.0396666
-0.039505
-0.0447365
-0.0450484
-0.0448628
-0.0448513
-0.0443696
-0.0412758
-0.0406789
-0.0391186
-0.0379845
-0.0358309
0.0719034
0.0737008
0.075686
0.0777041
0.0781619
0.0794233
0.0784123
0.0765344
0.0737427
0.0719549
-0.0245401
-0.0272405
-0.031085
-0.033612
-0.0365889
-0.0423972
-0.0432591
-0.0446252
-0.0459342
-0.046123
-0.0188028
-0.0182956
-0.0175976
-0.0174195
-0.0179838
-0.0688551
-0.0680168
-0.0664876
-0.0651679
-0.0629077
0.0048395
0.00700959
0.00944968
0.0119062
0.0136904
-0.0347324
-0.0337793
-0.032994
-0.0320012
-0.031096
0.0878304
0.0885771
0.0906117
0.0901571
0.089297
-0.0343406
-0.0355548
-0.0374767
-0.0387445
-0.0391246
0.0207732
0.0212198
0.0220724
0.0216594
0.0209441
0.0690235
0.0678966
0.066509
0.0643286
0.0606958
0.0489372
0.0461292
0.0433096
0.0402133
0.0361878
-0.0479713
-0.0511384
-0.0533164
-0.0549958
-0.0561345
-0.12659
-0.126988
-0.126324
-0.124723
-0.122234
0.0114165
0.0158182
0.0217591
0.0252095
0.0301255
-0.0174866
-0.016531
-0.0159255
-0.0152135
-0.0143287
0.0202582
0.0210188
0.021517
0.0220538
0.0228231
0.0215309
0.0214411
0.0209018
0.0202641
0.0190543
-0.0924657
-0.093598
-0.0943536
-0.0942256
-0.0935307
-0.0348938
-0.0330448
-0.0296942
-0.0274329
-0.0254105
0.104651
0.109973
0.111169
0.110639
0.109192
0.0758329
0.0731418
0.0688599
0.0661673
0.0635802
0.0487568
0.0451809
0.0412502
0.038824
0.0339631
-0.0617402
-0.063328
-0.0642972
-0.06427
-0.0634689
-0.0429993
-0.0413235
-0.0389324
-0.0376485
-0.0364383
-0.0429655
-0.0395802
-0.0372803
-0.0345409
-0.0275446
0.0283141
0.0320188
0.0346828
0.0373718
0.0406627
-0.0358889
-0.0341065
-0.0323348
-0.030286
-0.0268817
0.0276001
0.029302
0.0304861
0.0310258
0.0314657
0.0493213
0.0497612
0.050299
0.0502318
0.0501331
0.0539145
0.052897
0.0512162
0.0503929
0.0486151
-0.0430684
-0.0450772
-0.0459716
-0.0464401
-0.0459877
0.0517324
0.0532183
0.0549521
0.0562113
0.0565585
0.101091
0.0998292
0.0986941
0.0974703
0.0959987
-0.0442144
-0.0478436
-0.0501231
-0.051859
-0.0530074
0.0340387
0.0341911
0.0341564
0.0338928
0.0334515
0.0116276
0.0103966
0.00949074
0.00885702
0.00789536
0.0665768
0.0662932
0.0659846
0.0648631
0.0637934
0.0549419
0.053118
0.0526946
0.0487417
0.0461239
0.00986494
0.0077628
0.00599397
0.00411285
0.00221599
0.00677579
0.00595468
0.00520008
0.00455993
0.00460785
0.0857879
0.0861692
0.0860776
0.0853495
0.0834111
0.0261596
0.0240538
0.0211399
0.0194605
0.0179363
0.0535075
0.0512766
0.0493154
0.0471217
0.0447542
-0.0313908
-0.0331503
-0.0368296
-0.0377652
-0.0377695
-0.00338983
-0.00300145
-0.00217747
-0.00130271
-0.000341409
-0.0186452
-0.0176617
-0.0167583
-0.0151397
-0.0126406
0.0199512
0.0225704
0.0250917
0.0264307
0.027608
-0.000339344
0.000671312
0.00145452
0.00208394
0.00297801
-0.0387187
-0.0380192
-0.0369563
-0.0352626
-0.0333078
0.0329244
0.0348871
0.0385835
0.0398209
0.0408845
-0.00395071
-0.00387274
-0.00369679
-0.00297438
-0.00276195
-0.000132963
0.000249699
0.000366286
0.000729993
0.000869111
-0.0560614
-0.0556558
-0.0548945
-0.0538556
-0.0524279
0.0242759
0.0278922
0.0302082
0.0323619
0.0342816
0.0397504
0.0408923
0.0411287
0.04287
0.0432766
-0.0153731
-0.0156996
-0.0159528
-0.01597
-0.0157282
0.0460881
0.0463885
0.0464242
0.0457362
0.0450352
-0.00673723
-0.00828719
-0.00978422
-0.0104355
-0.0106833
0.0242495
0.0251235
0.0265104
0.0272139
0.0280411
0.0582074
0.0593718
0.0601146
0.0600266
0.0596375
0.0218325
0.020844
0.01976
0.0186353
0.0176918
0.0446162
0.0437575
0.0435043
0.0429264
0.0425119
0.0393694
0.0381656
0.0367462
0.0342946
0.0336062
0.0296082
0.0282231
0.0268512
0.0255848
0.0244633
0.00844312
0.00736738
0.00606132
0.00405073
0.00285912
-0.0415748
-0.042363
-0.0414439
-0.0398875
-0.0387188
-0.00744232
-0.0058051
-0.00370868
-0.00223919
-0.000500045
0.0611379
0.0636956
0.0670262
0.0686799
0.0699477
0.00334948
0.00441486
0.00548273
0.00673586
0.00823397
-0.00618443
-0.00491199
-0.00295076
-0.00108358
0.00159684
0.0210283
0.0226652
0.0245038
0.0259883
0.0266978
0.154183
0.155603
0.156403
0.154885
0.152357
-0.0355786
-0.0400733
-0.0432072
-0.0463779
-0.0485262
-0.0185572
-0.01847
-0.0181921
-0.0175323
-0.0167991
0.0471939
0.0486358
0.0510824
0.0523176
0.0533637
0.152105
0.153136
0.15327
0.151689
0.14883
-0.0315042
-0.0356115
-0.0401616
-0.0426014
-0.0445175
-0.0159012
-0.0159341
-0.0149113
-0.0142128
-0.0138799
-0.0268903
-0.0264869
-0.0263213
-0.0253611
-0.0239002
0.00543853
0.00638767
0.00665768
0.00607403
0.00550791
0.0274884
0.0261813
0.0245744
0.0237523
0.0227838
0.0279115
0.0268343
0.0259928
0.0244786
0.021962
-0.0449005
-0.047371
-0.0496394
-0.0539675
-0.0557248
-0.0292847
-0.0305378
-0.0313711
-0.032612
-0.0332129
0.0100619
0.00895395
0.00817861
0.00713792
0.00582185
-0.0533024
-0.0549997
-0.0558687
-0.0563809
-0.0562614
0.0818919
0.0826329
0.0829154
0.0818261
0.0797347
-0.0382912
-0.0403053
-0.0437793
-0.047204
-0.049329
-0.113331
-0.114883
-0.115866
-0.116148
-0.115694
0.028098
0.0301
0.0337807
0.0353536
0.0362727
0.00475231
0.00506702
0.00502339
0.00511208
0.00530449
-0.0385062
-0.0390913
-0.0392965
-0.0392021
-0.0382372
-0.0492232
-0.0481324
-0.045187
-0.0446992
-0.0438738
-0.0536538
-0.0520101
-0.0504537
-0.0479868
-0.0449627
-0.0471969
-0.0454781
-0.0434818
-0.0408096
-0.038553
0.0179241
0.0190506
0.0207
0.0210215
0.0210261
-0.0166443
-0.017833
-0.0188051
-0.0192836
-0.0194903
-0.0215715
-0.0216745
-0.0222446
-0.0230163
-0.0232953
-0.0708087
-0.0711571
-0.0706657
-0.0695406
-0.0679227
0.0835125
0.0849387
0.0862305
0.0871578
0.0872866
0.055393
0.0535791
0.0506745
0.0487376
0.0466397
0.00731467
0.00282859
-0.000282058
-0.00339914
-0.00541116
-0.0218774
-0.024237
-0.0266224
-0.0277768
-0.0286029
-0.0746948
-0.0754437
-0.0759608
-0.0760302
-0.0751626
0.0217087
0.0235813
0.0250626
0.0265474
0.0263679
-0.0818781
-0.0824324
-0.0828823
-0.0830311
-0.0826477
-0.0508668
-0.0493505
-0.0484714
-0.0474843
-0.0462942
-0.00297907
-0.00114944
-0.000191715
0.000937674
0.00263569
-0.0403824
-0.0396492
-0.0393309
-0.0384576
-0.0367489
-0.0714933
-0.0698568
-0.0675186
-0.0658993
-0.0637828
0.0914141
0.0941421
0.0966422
0.0984254
0.0997211
0.0191692
0.0186624
0.0177662
0.0167066
0.0148115
-0.00816468
-0.00867573
-0.00897006
-0.00926081
-0.00953797
0.0305233
0.030042
0.0292666
0.0276734
0.0259171
-0.0814222
-0.0846151
-0.0866364
-0.0878065
-0.0877958
-0.00443088
-0.00171577
0.000311978
0.00306929
0.00610769
0.0710684
0.0722968
0.0735854
0.0739884
0.0737563
-0.0185096
-0.0192435
-0.0210778
-0.0229854
-0.0242202
-0.00317213
-0.00360057
-0.00449821
-0.00572273
-0.00699374
-0.00874684
-0.00977895
-0.0107224
-0.0117173
-0.0121372
0.0565786
0.0563555
0.0560064
0.0551732
0.0541496
0.0261096
0.0250789
0.0232042
0.0220405
0.0203661
-0.105335
-0.10619
-0.105995
-0.105237
-0.103906
-0.0603662
-0.05788
-0.0551556
-0.0518096
-0.0480731
0.0191441
0.0214944
0.0235332
0.02724
0.0278738
0.0702922
0.072468
0.0738349
0.0747447
0.0754814
-0.0833233
-0.0838287
-0.0841688
-0.0838744
-0.0827622
-0.0183951
-0.0163634
-0.0137141
-0.00820231
-0.00608193
0.0538434
0.0557589
0.0573217
0.0588141
0.0599771
-0.0339463
-0.0336313
-0.0330648
-0.0317648
-0.0301959
0.0372848
0.0378616
0.038559
0.0387382
0.0384599
0.0444583
0.0441468
0.0439429
0.0435202
0.0431808
0.0532741
0.0534025
0.0534389
0.0530674
0.0526522
0.115836
0.114922
0.112582
0.110784
0.107652
0.0418691
0.0391544
0.0364986
0.0335092
0.030155
0.00899476
0.00703067
0.00490136
0.0020879
-0.000922972
-0.0325458
-0.0342335
-0.0351558
-0.0363374
-0.0373105
-0.0352304
-0.0345216
-0.0334366
-0.0323655
-0.031156
-0.027114
-0.0256828
-0.023493
-0.0223053
-0.0211201
0.117555
0.118088
0.118882
0.117706
0.115804
-0.0143305
-0.0176729
-0.0203841
-0.02294
-0.0258844
0.107816
0.106574
0.105353
0.10304
0.0990638
-0.0828885
-0.0856794
-0.092126
-0.0947954
-0.096517
0.0792487
0.0799818
0.0810726
0.081805
0.0814796
0.00223659
0.000214558
-0.000688095
-0.001462
-0.00223376
-0.040316
-0.0412737
-0.0416664
-0.041597
-0.0413238
0.0276304
0.0291245
0.0303183
0.0310986
0.0318804
0.0240623
0.0228692
0.0221962
0.0214166
0.0206391
0.0513386
0.0504059
0.0496749
0.0487851
0.0468153
-0.0616815
-0.0638237
-0.0650418
-0.0660389
-0.0664502
0.00906505
0.00943842
0.0102116
0.0110578
0.0116564
-0.0147214
-0.0142
-0.0141628
-0.0137866
-0.0131128
-0.118927
-0.11774
-0.11602
-0.113627
-0.109636
-0.0210901
-0.0176862
-0.0141256
-0.0101209
-0.00620059
0.0705588
0.0729106
0.0751064
0.0763274
0.0768216
0.0391535
0.0381292
0.0369798
0.0360035
0.0350472
-0.166811
-0.16773
-0.168296
-0.167347
-0.165232
0.059241
0.0657956
0.0704025
0.0743204
0.079114
-0.0151427
-0.0145948
-0.0139861
-0.0129991
-0.0120681
-0.000681993
0.000659826
0.00214434
0.00428689
0.0058111
0.0674682
0.0692434
0.0717025
0.0730214
0.0742352
0.0885974
0.0885023
0.088134
0.0874752
0.0866695
-0.0632546
-0.0641176
-0.0643651
-0.0639724
-0.0624829
0.0236591
0.0256425
0.0275948
0.0302516
0.0327546
0.084367
0.0856488
0.0854886
0.0847576
0.083699
0.0246455
0.0228216
0.0200464
0.0175287
0.0163414
-0.0456665
-0.0465394
-0.0466982
-0.0464372
-0.0459933
-0.0256367
-0.0230367
-0.0211359
-0.0187591
-0.0154729
0.0911262
0.0935896
0.0940541
0.0961717
0.0961759
0.0254558
0.0240349
0.0222346
0.0201218
0.0189656
0.0432156
0.0417854
0.0408477
0.0399769
0.0390596
0.089954
0.0891844
0.0881669
0.0872382
0.0838096
0.0455158
0.0430561
0.0399358
0.0369843
0.0351132
0.0395874
0.0234448
0.0234448
0.0225736
0.0218555
0.0209696
0.0196028
0.0429745
0.042456
0.0420522
0.0414403
0.0412089
0.0673461
0.0677342
0.0676687
0.0677077
0.0662894
-0.00185088
-0.00316158
-0.00403348
-0.00452164
-0.00460175
-0.0129588
-0.0126669
-0.0122564
-0.0119674
-0.0119413
0.0399455
0.0393196
0.0388647
0.0380558
0.036641
-0.0217759
-0.0239653
-0.0252148
-0.0261718
-0.0265652
0.0539146
0.0533317
0.0527645
0.0523089
0.0516673
-0.0764642
-0.0790663
-0.0807686
-0.0819982
-0.0827149
-0.0367481
-0.0365092
-0.0349471
-0.0341646
-0.0334679
0.00737735
0.00944873
0.0105102
0.0112176
0.0121338
-0.0258086
-0.0257177
-0.0254559
-0.0251341
-0.0247693
-0.0293493
-0.0289695
-0.028016
-0.0273208
-0.0269889
0.018326
0.018479
0.0185269
0.0177487
0.0167488
0.0328477
0.0316632
0.0309466
0.029785
0.0286434
-0.0505519
-0.052265
-0.0540931
-0.0571859
-0.0576151
-0.00431333
-0.00378404
-0.00322471
-0.00340495
-0.00357018
-0.122281
-0.122985
-0.123587
-0.1233
-0.121659
-0.0151492
-0.0132645
-0.0104943
-0.00756315
-0.00552396
0.14842
0.150238
0.150961
0.150231
0.147454
-0.0123353
-0.0151506
-0.0179923
-0.0209084
-0.0240698
-0.0386451
-0.0397123
-0.0419031
-0.0423916
-0.0433665
-0.0392331
-0.0390192
-0.0386208
-0.038078
-0.0376524
-0.0763082
-0.0752424
-0.0744227
-0.0734307
-0.0723006
0.0369465
0.0400958
0.0425084
0.0460961
0.0473592
0.0461274
0.0469692
0.0473376
0.0474341
0.0472739
-0.0587432
-0.0591438
-0.0590787
-0.0585937
-0.0574772
0.0419685
0.044866
0.0475568
0.0490631
0.0504375
0.0134374
0.0155682
0.016772
0.0175126
0.0182447
-0.0059371
-0.00488925
-0.00423693
-0.00169885
0.000152948
0.0826859
0.0840942
0.0852444
0.0859539
0.0857955
-0.0617025
-0.0633186
-0.0648349
-0.0647262
-0.0639723
0.0813141
0.0825394
0.0853024
0.0875465
0.0897896
0.036748
0.0363922
0.0362502
0.0360027
0.0354334
0.0142568
0.0136678
0.0133219
0.0127816
0.0127969
0.0192569
0.0192862
0.0204507
0.0208251
0.0205104
0.0513826
0.0511066
0.0505293
0.0495695
0.0485592
0.0379874
0.0372446
0.0358338
0.034257
0.034007
-0.0494083
-0.0510863
-0.0519574
-0.052496
-0.052275
0.00153312
0.00305268
0.00448999
0.00559148
0.00673195
0.131406
0.132941
0.134698
0.13649
0.136556
-0.0473308
-0.051255
-0.0534187
-0.054154
-0.0544125
-0.0430291
-0.0418132
-0.0408662
-0.0391199
-0.0362867
0.0508568
0.0537257
0.0566805
0.0578041
0.0591173
0.0769016
0.0774831
0.0775324
0.0761266
0.074288
0.0401231
0.0363022
0.0324845
0.0298262
0.0271211
0.0225715
0.0190793
0.0150578
0.0125365
0.0103242
0.0319637
0.0290472
0.0273714
0.025943
0.0238917
0.0971974
0.0963441
0.0931362
0.0904647
0.0883089
-0.0491589
-0.0537945
-0.0565797
-0.0587247
-0.0600859
-0.116384
-0.116789
-0.116504
-0.113265
-0.112285
-0.0321076
-0.0284498
-0.0230374
-0.0197658
-0.013998
-0.0160615
-0.0136339
-0.0116216
-0.0100265
-0.0086933
-0.00505128
-0.00277033
-0.00151506
-0.000134613
0.00336299
0.0705119
0.0720386
0.0726111
0.0729409
0.0731125
-0.00829205
-0.00892362
-0.00957343
-0.0106517
-0.0114445
0.00399907
0.0037405
0.00318296
0.00295229
0.00308747
0.0345613
0.0345184
0.0345173
0.034297
0.033713
-0.0573155
-0.0580737
-0.0583065
-0.0577901
-0.0567644
0.0203693
0.0221682
0.0239477
0.0247395
0.0250589
-0.0442763
-0.0438915
-0.0432782
-0.0426305
-0.0412075
0.0697515
0.070559
0.0723618
0.0726647
0.0719255
0.0385514
0.0373487
0.0361048
0.0346772
0.0327256
0.0751714
0.073374
0.0715651
0.0694222
0.0674631
-0.0780641
-0.0786106
-0.0828935
-0.0848827
-0.0868203
0.0446272
0.0443182
0.0443904
0.0435336
0.041729
-0.0340478
-0.0358496
-0.0396561
-0.0414121
-0.0426559
-0.00876236
-0.00939322
-0.0106642
-0.0113959
-0.0124002
0.0507966
0.0501414
0.0495292
-0.112988
-0.116695
-0.120615
-0.12349
-0.0127621
-0.0128808
-0.0128236
-0.0128823
-0.0129674
-0.0808172
-0.0814116
-0.0823851
-0.0826569
-0.0822392
0.0180134
0.0207987
0.0215418
0.0216734
0.022222
0.0517909
0.0507831
0.0491037
0.0468235
0.043436
-0.102014
-0.104476
-0.106522
-0.108231
-0.109309
0.0951178
0.0962107
0.0978959
0.0993493
0.100242
-0.105543
-0.108527
-0.10966
-0.109445
-0.108279
0.00997985
0.012333
0.0133566
0.0142664
0.0152112
-0.0426894
-0.0421058
-0.0416008
-0.0407425
-0.0399958
-0.135861
-0.135034
-0.133592
-0.131097
-0.128279
-0.0315624
-0.0289517
-0.0258589
-0.0231037
-0.0203586
0.0155118
0.017792
0.0203662
0.0224462
0.024263
-0.0447289
-0.0442847
-0.0438327
-0.0433821
-0.0428778
-0.0226727
-0.0222729
-0.0223094
-0.0223459
-0.0222672
-0.0452402
-0.0455828
-0.0453553
-0.0446115
-0.0435865
-0.0112521
-0.00989092
-0.00816215
-0.00628246
-0.00532974
0.062238
0.0636692
0.0647721
0.0648179
0.0644059
-0.0624521
-0.0642789
-0.0660312
-0.0661593
-0.0657451
-0.0178996
-0.0159126
-0.0134607
-0.0119265
-0.0106498
-0.00616093
-0.00417145
-0.00153036
-0.000278667
0.000661894
-0.0238982
-0.0222184
-0.0206606
-0.0186447
-0.017437
0.00212729
0.0034455
0.00513959
0.00669241
0.00849235
-0.0146136
-0.0126234
-0.0101222
-0.00749502
-0.00631198
0.0326634
0.0351704
0.0366066
0.0378132
0.0387452
0.0808151
0.08153
0.0813651
0.0805662
0.0794676
-0.00625815
-0.00815143
-0.00969424
-0.0108826
-0.0134518
-0.0194821
-0.0199588
-0.020006
-0.020172
-0.0199342
-0.00133342
-0.00164706
-0.00160486
-0.000867793
-0.000358174
0.046707
0.0470414
0.047355
0.0475799
0.047291
0.126952
0.12617
0.12555
0.123823
0.120572
0.0594456
0.0551912
0.0483924
0.0453962
0.042293
-0.0132535
-0.0164936
-0.0196894
-0.0210334
-0.0223358
-0.0272867
-0.0267903
-0.0265457
-0.0253934
-0.0220667
0.0136613
0.0151759
0.0163278
0.0172161
0.0180333
-0.0124071
-0.0108837
-0.00989481
-0.00877758
-0.00740894
-0.057225
-0.0562379
-0.0554304
-0.0523312
-0.0500038
0.0856096
0.0887481
0.0918191
0.0946283
0.0960577
-0.0520299
-0.0527541
-0.0534139
-0.0533974
-0.053293
0.107051
0.108213
0.107969
0.107132
0.106111
0.0240912
0.0208936
0.0187164
0.0167809
0.0149112
0.077946
0.0768148
0.0757062
0.074173
0.0729621
-0.0455325
-0.0477695
-0.0503723
-0.0523303
-0.0527345
-0.0286072
-0.0272607
-0.0250084
-0.023144
-0.0211521
0.0095713
0.011951
0.0130535
0.0141479
0.0152891
-0.0093891
-0.00855439
-0.00754016
-0.0063346
-0.00510364
0.0444498
0.0455355
0.0466016
0.0474839
0.0480836
-0.000714878
-0.000490287
-0.000210622
-0.000524262
-0.000398019
0.128544
0.127696
0.125848
0.124099
0.121181
0.0369342
0.0333955
0.029668
0.0263413
0.0233358
-0.00923825
-0.011909
-0.0136353
-0.014593
-0.0146574
0.016882
0.0174099
0.0181588
0.0189591
0.0195746
-0.0531893
-0.0528793
-0.0520954
-0.0506745
-0.0479133
0.0520314
0.0549518
0.0581612
0.0613691
0.0632266
-0.00578715
-0.0038084
-0.00295796
-0.00223877
-0.00164761
0.0545489
0.054957
0.0547839
0.0539781
0.0524589
0.00124675
-0.00144154
-0.00363809
-0.00666433
-0.00851434
0.078477
0.0757541
0.0723584
0.0705842
0.0672894
-0.0538401
-0.058628
-0.0618581
-0.0646591
-0.0682239
0.0424463
0.0423369
0.042088
0.0411388
0.0385546
-0.0866465
-0.0890233
-0.0920875
-0.0946967
-0.0958483
-0.0914581
-0.09285
-0.0929544
-0.0930775
-0.0923279
-0.0240531
-0.0230367
-0.0218079
-0.0202815
-0.0196056
-0.0898068
-0.0891723
-0.0888383
-0.0879392
-0.087116
0.0229707
0.027009
0.0282171
0.0292228
0.02932
0.0206304
0.0196677
0.0191784
0.0184238
0.0179525
-0.00425002
-0.00461766
-0.00524566
-0.00618622
-0.00812098
-0.0782582
-0.079507
-0.0798596
-0.0794555
-0.0784177
0.0365144
0.0381173
0.0400185
0.040856
0.0416192
-0.0174511
-0.0174704
-0.0176707
-0.0177272
-0.00799876
-0.00799876
-0.00863462
-0.0902991
-0.0907983
-0.0912739
-0.09102
-0.090543
-0.0564237
-0.0547049
-0.0533367
-0.0520542
-0.0507868
-0.0107037
-0.00847421
-0.00742422
-0.00628839
-0.00618039
-0.0258932
-0.0261028
-0.0258939
-0.0256808
-0.0258954
-0.0354133
-0.0355628
-0.0359962
-0.0363682
-0.0380369
0.00287214
0.00309673
0.00311532
0.00261751
0.00195375
-0.0234424
-0.0239703
-0.0240847
-0.0239517
-0.0232014
0.0356667
0.0362976
0.0365179
0.0360065
0.0352605
-0.0892792
-0.0924406
-0.0934391
-0.0934677
-0.0922439
-0.00746572
-0.00475776
-0.00305331
-0.00155771
0.000329136
-0.0129274
-0.0117415
-0.0107044
-0.0099391
-0.00861731
0.0561931
0.05681
0.0578993
0.0568407
0.0557532
-0.0495776
-0.0517069
-0.0544621
-0.0563983
-0.0567559
-0.000713019
-0.000444083
-0.000240235
-0.00014439
-0.000259547
-0.0659926
-0.0658531
-0.0648575
-0.0642166
-0.0628855
-0.000110706
0.00152294
0.0030189
0.00422303
0.00538139
0.0237093
0.0256098
0.0268067
0.0276697
0.028342
0.0525389
0.0534315
0.0542569
0.0542827
0.0538049
0.0281308
0.0268645
0.0251303
0.0241815
0.0230364
-0.0652692
-0.0670252
-0.0677268
-0.0680372
-0.0680516
0.0672245
0.0687759
0.0698051
0.070809
0.0707174
0.00573537
0.00395867
0.00202391
0.00094101
-0.000402956
-0.0358602
-0.0380668
-0.0400259
-0.0407347
-0.0412669
0.0133498
0.0116689
0.011332
0.00920772
0.00788522
-0.022687
-0.0244974
-0.025214
-0.025832
-0.0261603
-0.0390971
-0.0379684
-0.0370551
-0.033624
-0.0331154
0.0171538
0.0194018
0.0214796
0.0222156
0.0230654
-0.017398
-0.0165497
-0.0155369
-0.0145441
-0.0137602
-0.0596918
-0.0583178
-0.0570976
-0.053948
-0.0515383
0.143218
0.145947
0.148362
0.149872
0.149758
-0.0424465
-0.0434772
-0.0447232
-0.0457167
-0.0464434
0.0356833
0.0360173
0.0361675
0.0360062
0.0352512
-0.0204909
-0.0206911
-0.0202287
-0.0196962
-0.0189688
0.0353582
0.0364368
0.0373387
0.0383873
0.0399355
-0.133456
-0.132994
-0.132689
-0.129159
-0.128481
0.0872568
0.0952483
0.0973458
0.10446
0.106615
0.0515956
0.051195
0.050522
0.0496408
0.0482317
0.0526974
0.0508888
0.0488439
0.0462132
0.0442516
0.0417774
0.039868
0.0375431
0.0363415
0.0332019
0.0086861
0.00854376
0.0080252
0.0064849
0.0062081
0.130827
0.130911
0.130535
0.129244
0.126203
0.146052
0.142196
0.136316
0.132145
0.126453
-0.0519796
-0.0582989
-0.0660057
-0.0697587
-0.0725482
-0.108236
-0.109381
-0.109321
-0.108047
-0.105656
0.0526961
0.0576021
0.0602929
0.06242
0.063955
-0.00370916
-0.00350317
-0.00335439
-0.00283512
-0.00205549
-0.07379
-0.0731148
-0.0723924
-0.070198
-0.0684642
0.0351849
0.0396642
0.0429962
0.0461905
0.0488852
0.0518418
0.0549778
0.056393
0.0575817
0.0590018
0.0740899
0.0748033
0.0745766
0.0746145
0.0745026
-0.058027
-0.0586843
-0.0590048
-0.058983
-0.0585506
0.0145467
0.0161886
0.018928
0.0206278
0.0232425
0.0879333
0.0894597
0.0901592
0.0903126
0.0896174
0.0293365
0.02826
0.0271871
0.0260073
0.0245943
0.0357009
0.0354345
0.0356487
0.0356269
0.0363082
0.0511033
0.0513733
0.0509477
0.0499034
0.0488985
-0.0108872
-0.0112813
-0.0112641
-0.0111418
-0.0111189
0.0064088
0.00707721
0.00772201
0.00829493
0.00859856
0.124517
0.125178
0.125719
0.12474
0.123005
-0.0140629
-0.0174682
-0.0220659
-0.0245077
-0.0261375
-0.00589525
-0.00637376
-0.00673746
-0.00674998
-0.00639092
-0.0395027
-0.0385564
-0.0374474
-0.036137
-0.0346368
0.0227601
0.026232
0.0289482
0.0340587
0.0369637
0.00616337
0.00708927
0.00802875
0.00956191
0.0114745
0.154489
0.155891
0.157066
0.156781
0.155531
0.00173785
-0.000864247
-0.00754187
-0.00823067
-0.0127815
-0.0138888
-0.0153511
-0.016046
-0.0167423
-0.0172283
0.0303042
0.0307065
0.0308921
0.0307963
0.0305767
0.00363465
0.00255318
0.00172527
-0.00147979
-0.00168936
-0.0278833
-0.0288782
-0.029027
-0.0288528
-0.0283329
-0.0615133
-0.0607486
-0.0590399
-0.0575314
-0.0558828
0.0455017
0.0485898
0.0516153
0.0532547
0.0547538
-0.0214756
-0.020653
-0.0200937
-0.0194213
-0.018675
0.114522
0.115401
0.116102
0.116071
0.114696
-0.00460848
-0.00896439
-0.0111019
-0.0115829
-0.015077
0.119437
0.117593
0.116122
0.113606
0.109172
-0.00441037
-0.00812004
-0.0113026
-0.0142315
-0.0154811
-0.0641238
-0.064912
-0.0645716
-0.0640902
-0.0629093
-0.0237352
-0.0217425
-0.0188221
-0.014891
-0.0122382
0.0136445
0.0170448
0.0203847
0.0219075
0.0266482
0.012371
0.0150686
0.0162362
0.0175319
0.0177955
0.0317156
0.0321984
0.0320836
0.0320918
0.032017
-0.000712078
-0.00112764
-0.00148348
-0.00149528
-0.0010411
0.0245803
0.024669
0.0245191
0.0243607
0.0245045
0.0389209
0.0390894
0.0393837
0.0391802
0.0389431
0.0196185
0.0193771
0.0192708
0.0195201
0.0202432
0.0529331
0.0527339
0.0519343
0.0511579
0.0506357
-0.00464095
-0.00560333
-0.00682141
-0.0073507
-0.00732817
0.0690619
0.0690676
0.0692185
0.0689263
0.0682279
-0.0261079
-0.027836
-0.029544
-0.029976
-0.029887
0.0336566
0.0361221
0.0362516
0.0371228
0.0373917
0.0481896
0.0475527
0.0470792
0.0464169
0.0455553
-0.0722259
-0.0735205
-0.0748648
-0.0748151
-0.0739407
-0.00752104
-0.00406778
-0.00102831
0.00448238
0.00802898
0.107928
0.110154
0.111832
0.112472
0.111906
0.0107621
0.0096298
0.0084811
0.00733884
0.00657495
0.02412
0.0237244
0.0226219
0.022227
0.0214488
-0.0190265
-0.0197446
-0.0201205
-0.0199753
-0.0196456
0.0473717
0.0476867
0.0481016
0.0484699
0.0492213
0.0126487
0.0131162
0.0135085
0.0145635
0.0144258
0.0805831
0.0808706
0.080882
0.0804883
0.0796886
0.0290434
0.0271029
0.0252933
0.0237312
0.0207764
-0.00235318
-0.00375293
-0.00378154
-0.00304948
-0.00169693
0.0678838
0.0690618
0.0698819
0.0702792
0.0707688
0.110907
0.111255
0.111014
0.109806
0.108166
0.0838123
0.0810153
0.0775313
0.0717903
0.0689736
0.0362007
0.032142
0.0274374
0.0251969
0.0213749
0.00960368
0.0061025
0.00388735
0.00180238
0.000144418
-0.0185449
-0.0205511
-0.0215203
-0.0224923
-0.0232105
-0.0304575
-0.030303
-0.0300198
-0.0298653
-0.0295834
-0.0760185
-0.0745544
-0.0726733
-0.0709602
-0.0662138
-0.0094535
-0.00596163
-0.00394389
-0.00146267
0.00191298
-0.00707579
-0.00516999
-0.00313259
-0.000715381
0.00217926
0.125474
0.12735
0.128927
0.129073
0.12814
-0.0229493
-0.026645
-0.0283127
-0.030374
-0.0322398
-0.00723533
-0.00712017
-0.00671569
-0.00633661
-0.00452594
0.0690104
0.0691756
0.0689332
0.0673678
0.0662706
0.0075553
0.00548285
0.00409203
0.00276595
0.00227672
-0.0271872
-0.0266572
-0.0258565
-0.0254509
-0.0246427
0.0693157
0.0713963
0.0735578
0.0740786
0.0740528
0.00113776
0.000590228
-0.000514485
-0.0015677
-0.00190494
0.0352763
0.035542
0.0352673
0.0352577
0.0351547
0.02312
0.0224248
0.0218616
0.0210494
0.0200162
-0.0734515
-0.0747132
-0.0754384
-0.0744578
-0.0729526
0.0741588
0.0762809
0.0780505
0.0799112
0.0810528
0.0528501
0.0521399
0.0511171
0.0499326
0.0489663
0.00513764
0.00345286
0.000743469
-0.000903049
-0.00312463
-0.0468014
-0.0481297
-0.0496052
-0.0503348
-0.050304
0.0688479
0.0700188
0.0703965
0.0703378
0.0695646
0.0183825
0.0165457
0.01493
0.0135695
0.0117356
-0.00297728
-0.00467243
-0.00774517
-0.00934162
-0.0102564
0.0335602
0.032551
0.0316462
0.0304496
0.0287401
-0.067738
-0.069333
-0.0717041
-0.0731446
-0.0733349
-0.0167929
-0.0149018
-0.0135242
-0.0116131
-0.0100073
-0.00561168
-0.0046325
-0.00319483
-0.00128438
-9.84895e-05
-0.0541328
-0.0537745
-0.0535792
-0.0531858
-0.0526351
-0.0497359
-0.0479785
-0.0475043
-0.0434982
-0.0411092
0.0195861
0.0212877
0.0231302
0.024869
0.0263528
0.0666822
0.0670373
0.0668803
0.065982
0.0652692
-0.0545324
-0.0567934
-0.0598318
-0.0613925
-0.0615684
0.0596175
0.0605173
0.061249
0.0607891
0.0600688
-0.0666472
-0.0675549
-0.0680484
-0.0676486
-0.0673646
-0.0198899
-0.0181132
-0.0166691
-0.0147794
-0.0136665
-0.0257162
-0.024654
-0.023555
-0.0215945
-0.0193905
-0.0782321
-0.077039
-0.0753442
-0.0726989
-0.069448
0.0670397
0.0699268
0.0744501
0.0760916
0.0774656
0.051089
0.0512027
0.0509274
0.0501588
0.0498513
-0.0209669
-0.0225444
-0.0233849
-0.0244488
-0.0251108
0.0284157
0.028484
0.027954
0.0274609
0.026486
-0.0276727
-0.028319
-0.0289323
-0.0292037
-0.029325
-0.0631391
-0.0627035
-0.0612973
-0.0597728
-0.057754
0.026858
0.033237
0.0354872
0.0365662
0.0374552
-0.0195602
-0.019439
-0.019296
-0.0192477
-0.0194365
0.0676249
0.0675294
0.0677368
0.0675644
0.0661211
0.00379255
-0.000167466
-0.00264654
-0.00503335
-0.00670204
-0.062759
-0.064353
-0.0649058
-0.0652864
-0.0643891
0.100917
0.1023
0.103896
0.104438
0.104496
-0.0495582
-0.051071
-0.0519886
-0.0524224
-0.0522994
-0.0737799
-0.0730214
-0.0719542
-0.0685267
-0.0664832
0.150762
0.152973
0.155151
0.155694
0.154444
-0.0327809
-0.0368979
-0.0397114
-0.0420084
-0.044009
-0.00104682
-0.00243943
-0.0031039
-0.0033875
-0.00390248
0.0764737
0.0769758
0.077278
0.0769576
0.0758346
-0.0103267
-0.0122225
-0.0148546
-0.0175215
-0.0189953
-0.0455669
-0.0464928
-0.0469384
-0.0472946
-0.0469548
-0.0734178
-0.0716146
-0.0704752
-0.0684693
-0.0658393
-0.0140116
-0.0111971
-0.00789442
-0.0061939
-0.00459888
0.0503537
0.051658
0.0526103
0.0530917
0.0530667
-0.00226794
0.0116577
0.0116577
0.0104825
0.00979945
0.00949654
0.00910851
0.0667535
0.0666201
0.0652997
0.0635212
-0.0236529
-0.0251464
-0.026196
-0.0270157
-0.0283536
-0.0288825
-0.0128321
-0.012477
-0.0120525
-0.0114091
-0.0105183
0.0515667
0.0522076
0.0530191
0.0533838
0.0535916
0.0713848
0.0710139
0.0697122
0.0692329
0.0667074
-0.0336796
-0.0361919
-0.0382593
-0.0394799
-0.0406344
-0.000490029
-0.0012625
-0.00150998
-0.00166448
-0.00177105
-0.0582437
-0.0575019
-0.0565571
-0.0530151
-0.0526736
-0.0334882
-0.0317558
-0.0301644
-0.027837
-0.0248368
0.0777441
0.0800161
0.0824458
0.0838095
0.0842915
0.0814496
0.0804171
0.0787481
0.0767797
0.0748074
-0.109629
-0.113011
-0.115659
-0.116462
-0.116626
0.0278357
0.0296153
0.0316023
0.0330979
0.0347823
0.0618684
0.0623008
0.0622089
0.0622865
0.0615194
0.0142945
0.0136433
0.0131294
0.0126401
0.0121638
0.025597
0.0252215
0.0244305
0.0233812
0.022426
-0.0807752
-0.0818149
-0.0832815
-0.0840504
-0.0840561
0.00450353
0.00641505
0.00807159
0.00883047
0.0092911
0.00921761
0.00920903
0.00915824
0.00867616
0.0813797
0.0805404
0.0796538
0.0787272
0.0748577
0.0726558
-0.0191375
-0.0216509
-0.0240499
-0.026873
-0.02942
0.0130558
0.0122346
0.0118126
0.011234
0.00986
-0.0992583
-0.101614
-0.102702
-0.103184
-0.102443
-0.0950294
-0.094151
-0.0925045
-0.089808
-0.0880656
0.0265008
0.0292639
0.0326227
0.0357491
0.0372039
-0.0497643
-0.0491692
-0.0488774
-0.047733
-0.0462374
0.0721563
0.0731588
0.0738783
0.0742674
0.07384
-0.0430998
-0.044074
-0.0459419
-0.0474668
-0.0480569
-0.0987379
-0.0994903
-0.0992378
-0.0984596
-0.0975091
0.0401214
0.0421985
0.0448926
0.0460699
0.0466074
0.00922871
0.00908101
0.00827456
0.00666273
0.00566244
-0.0296004
-0.0317887
-0.0330283
-0.0343379
-0.037229
0.0477566
0.0469319
0.0436675
0.0426167
0.0376872
-0.0773176
-0.0800091
-0.0836848
-0.0863119
-0.0870673
0.0350442
0.0353053
0.0360277
0.0360391
-0.00981943
-0.010476
-0.0112936
-0.0119452
-0.0123593
-0.0129401
-0.144142
-0.144741
-0.144693
-0.143736
-0.141482
0.0128162
0.0159727
0.0200396
0.0220874
0.0236516
0.0375049
0.0392494
0.0399682
0.0405061
0.0398659
-0.00902321
-0.0106497
-0.0127068
-0.0151844
-0.017534
-0.0560718
-0.0585959
-0.0599606
-0.0612402
-0.0618117
-0.0370431
-0.0370016
-0.0363007
-0.0358329
-0.0350654
-0.10135
-0.0997158
-0.0986722
-0.0953556
-0.0931862
-0.0595733
-0.0567695
-0.0548683
-0.052857
-0.049966
0.0188698
0.0211439
0.0234331
0.025419
0.026891
0.0370611
0.0378028
0.0388171
0.0389659
0.0386755
0.0552034
0.0528216
0.0510049
0.0473478
0.0425241
-0.0350843
-0.038936
-0.0434085
-0.0481163
-0.0507413
0.0497899
0.0481699
0.0439563
0.0426603
0.0366142
0.0466383
0.0417474
0.0357478
0.0321093
0.0283048
-0.0366504
-0.0413374
-0.0473506
-0.050796
-0.0536112
-0.0890004
-0.0899439
-0.0925016
-0.0927069
-0.0921912
-0.0378766
-0.03669
-0.0355993
-0.0347653
-0.033397
-0.0336301
-0.032985
-0.0321424
-0.031573
-0.0304301
-0.191024
-0.190511
-0.18964
-0.186827
-0.18407
0.0031195
0.00666216
0.0120094
0.0177172
0.0210474
-0.0471413
-0.0440958
-0.0409708
-0.0383473
-0.0356736
-0.0453602
-0.0425228
-0.0391246
-0.0366977
-0.0335578
-0.0561006
-0.0548568
-0.052897
-0.0504909
-0.0486369
-0.00378941
-0.00204061
0.000294702
0.00162937
0.00306274
0.0709324
0.071593
0.0726569
0.0723454
0.0714835
0.0127739
0.0110394
0.00887789
0.00670208
0.00492753
-0.0349738
-0.0367348
-0.0386259
-0.0394141
-0.0399413
-0.0588767
-0.0592801
-0.0582143
-0.0570206
-0.0553304
0.0623535
0.0646437
0.0667051
0.0676178
0.0680333
-0.0237565
-0.0247221
-0.0263558
-0.0273335
-0.0284178
-0.00452663
-0.00486995
-0.00482346
-0.00492073
-0.0049708
-0.009386
-0.00867074
-0.00800269
-0.0072059
-0.00607508
0.0731272
0.0740112
0.074582
0.0736858
0.0733697
-0.11333
-0.116627
-0.119741
-0.120424
-0.120796
0.0357882
0.0360543
0.0376421
0.0390948
0.0392879
-0.0611519
-0.0613944
-0.061634
-0.061207
-0.0592179
0.0574337
0.059219
0.0615528
0.063135
0.0633539
-0.010304
-0.0116573
