1.0068
0.307393
0.308957
0.292661
0.304155
0.305249
0.298581
0.298945
0.291562
0.281848
0.277238
0.267088
0.266487
0.263121
0.242125
0.263172
0.23635
0.243573
0.219763
0.238871
0.220195
0.221104
0.213596
0.200583
0.207368
0.206285
0.20275
0.19306
0.180495
0.184353
0.183228
0.161237
0.169278
0.16805
0.16192
0.159834
0.15496
0.148183
0.147566
0.143166
0.141059
0.140644
0.132345
0.130962
0.127707
0.116372
0.122171
0.116145
0.112378
0.113279
0.112086
0.110145
0.107163
0.1068
0.100115
0.0985714
0.100655
0.0993993
0.0921111
0.0973256
0.0948347
0.0839403
0.0854924
0.0859963
0.0863236
0.0819748
0.0778992
0.0788375
0.0784631
0.0772829
0.0739341
0.0742118
0.074149
0.0733772
0.0683699
0.064619
0.0692515
0.0673289
0.0632789
0.0630682
0.0627682
0.0616073
0.0606763
0.0600519
0.0584642
0.0579175
0.0566776
0.0543159
0.0542235
0.0529274
0.0522203
0.0507841
0.0489761
0.0462259
0.0470596
0.0465116
0.0450679
0.0431654
0.0395356
0.0403858
0.0383335
0.0393798
0.0382122
0.0378559
0.0373098
0.0357632
0.0340822
0.03493
0.0345136
0.0337432
0.0334639
0.0322266
0.0314264
0.0303501
0.0294775
0.027982
0.0275601
0.0257995
0.0254126
0.0253989
0.0231264
0.0227054
0.0233457
0.0227929
0.0216935
0.0202286
0.0204673
0.0204206
0.0176999
0.0197854
0.0195464
0.0169049
0.0173478
0.0166385
0.0165564
0.0154567
0.0150345
0.0144639
0.013651
0.0129495
0.013343
0.012602
0.0117728
0.0111982
0.365764
0.122533
0.122504
0.126107
0.124211
0.125893
0.126163
0.126781
0.126553
0.127301
0.127459
0.12741
0.127523
0.128452
0.129338
0.129791
0.129732
0.130115
0.130336
0.130585
0.130504
0.130664
0.131546
0.13147
0.131622
0.131969
0.132401
0.13231
0.132198
0.13266
0.132563
0.133321
0.133409
0.132991
0.133324
0.133242
0.133695
0.133993
0.133614
0.133582
0.134044
0.134163
0.134181
0.134078
0.133886
0.133929
0.134087
0.134309
0.134118
0.13412
0.134292
0.134064
0.133955
0.133943
0.134031
0.134119
0.134192
0.133956
0.133945
0.134223
0.134032
0.134254
0.134312
0.134363
0.134221
0.134063
0.134301
0.134272
0.13407
0.133964
0.13432
0.134252
0.13421
0.134309
0.134187
0.134095
0.134354
0.134042
0.134204
0.134472
0.13434
0.134431
0.134376
0.134394
0.1345
0.134293
0.13417
0.13425
0.134541
0.134688
0.134526
0.13429
0.134443
0.13453
0.134464
0.134315
0.134563
0.134402
0.134575
0.134373
0.134537
0.134477
0.130139
0.133118
0.133229
0.133409
0.133635
0.133628
0.133623
0.133964
0.134113
0.133933
0.134523
0.13441
0.134344
0.134264
0.134357
0.134552
0.134584
0.134395
0.134392
0.134573
0.134481
0.134449
0.134454
0.134439
0.134552
0.134483
0.134589
0.134594
0.134536
0.134688
0.134692
0.134809
0.134951
0.134778
0.134752
0.134813
0.134967
0.134872
0.134805
0.134818
0.135136
0.134921
0.134816
0.134901
0.134979
0.134932
0.134866
0.134878
0.134945
0.134825
0.134758
0.134745
0.134872
0.134843
0.134806
0.134846
0.13485
0.134772
0.134762
0.13481
0.134752
0.134739
0.149798
0.124429
0.134659
0.134547
0.134323
0.134269
0.134325
0.134163
0.134141
0.134298
0.134351
0.134336
0.134299
0.134314
0.134373
0.134535
0.134516
0.134532
0.134604
0.13469
0.13472
0.134669
0.134659
0.134685
0.134734
0.134888
0.134907
0.134889
0.134913
0.135016
0.134984
0.134974
0.134946
0.134893
0.134876
0.134887
0.134954
0.134889
0.13489
0.134868
0.135009
0.134944
0.135182
0.166946
0.11322
0.135065
0.134952
0.134768
0.13471
0.134765
0.134763
0.134784
0.13481
0.135441
0.134962
0.135016
0.135013
0.135125
0.135097
0.135165
0.135264
0.135148
0.13512
0.135289
0.135271
0.135269
0.135274
0.135224
0.135179
0.13517
0.135217
0.135178
0.135194
0.13516
0.135201
0.135168
0.135238
0.135232
0.135197
0.13515
0.135069
0.135013
0.135029
0.135048
0.13504
0.134979
0.134822
0.134846
0.134745
0.13473
0.134765
0.134694
0.134709
0.134714
0.134646
0.134613
0.134761
0.134605
0.134745
0.13476
0.134733
0.134808
0.13477
0.134911
0.134887
0.134842
0.135116
0.134956
0.135
0.134865
0.134769
0.134765
0.13468
0.134638
0.134657
0.134728
0.134735
0.134708
0.134685
0.13468
0.134696
0.134692
0.134779
0.134813
0.134805
0.134821
0.134889
0.134918
0.134855
0.134833
0.134763
0.134809
0.134672
0.13462
0.134646
0.134591
0.134472
0.134438
0.134537
0.134304
0.134258
0.13447
0.134396
0.134516
0.134348
0.134413
0.134436
0.134292
0.134252
0.134265
0.134338
0.134069
0.134033
0.134043
0.133975
0.13392
0.133837
0.133996
0.134071
0.134175
0.134253
0.134203
0.134172
0.134106
0.134097
0.13419
0.134267
0.134326
0.134343
0.13431
0.134126
0.134253
0.134192
0.134237
0.134192
0.134201
0.134244
0.134381
0.134471
0.134563
0.134696
0.134723
0.134756
0.134763
0.1348
0.135068
0.135027
0.13509
0.135104
0.135121
0.135175
0.135142
0.135226
0.135177
0.135261
0.135358
0.135284
0.13533
0.135417
0.135363
0.135369
0.13538
0.135378
0.135389
0.13539
0.135364
0.135423
0.135429
0.135404
0.135402
0.135387
0.13542
0.135409
0.13543
0.135441
0.135431
0.135417
0.135446
0.135455
0.135449
0.135448
0.135449
0.135455
0.135466
0.135461
0.135465
0.135472
0.135485
0.135502
0.135503
0.135506
0.135499
0.135513
0.135529
0.135489
0.13552
0.13553
0.135518
0.135476
0.135501
0.135512
0.135479
0.135451
0.135487
0.135516
0.135578
0.135524
0.135551
0.135537
0.13551
0.135501
0.13553
0.135508
0.135477
0.1355
0.135505
0.135477
0.135413
0.135502
0.135469
0.135485
0.135478
0.135461
0.135505
0.135522
0.135526
0.135542
0.135531
0.135492
0.135562
0.135424
0.13549
0.135498
0.135401
0.135445
0.13552
0.135608
0.135559
0.135586
0.145671
0.13978
0.140278
0.140652
0.140221
0.140176
0.140287
0.13917
0.138963
0.13934
0.140863
0.139118
0.139301
0.140162
0.139976
0.140948
0.12239
0.134514
0.134437
0.13418
0.134152
0.134069
0.133968
0.134006
0.133936
0.133835
0.133978
0.133988
0.133989
0.133972
0.134163
0.133886
0.133811
0.133665
0.133557
0.133523
0.133583
0.13366
0.133816
0.133719
0.1338
0.133766
0.133507
0.133362
0.133191
0.133475
0.133558
0.133347
0.133192
0.133403
0.133336
0.133343
0.133368
0.133171
0.133317
0.133269
0.132875
0.133225
0.133442
0.133344
0.133612
0.133486
0.133393
0.133516
0.133633
0.133647
0.133455
0.133455
0.133274
0.133689
0.133675
0.133803
0.133827
0.134003
0.133666
0.133996
0.134035
0.134153
0.13387
0.134021
0.133806
0.133804
0.133654
0.133845
0.13402
0.133843
0.133687
0.133679
0.133844
0.133766
0.133923
0.133947
0.134107
0.134187
0.13394
0.133882
0.133817
0.133589
0.133718
0.133768
0.13367
0.134021
0.133678
0.133832
0.133929
0.13411
0.134287
0.134018
0.133934
0.133833
0.133802
0.133779
0.133765
0.133643
0.133785
0.134036
0.134032
0.133908
0.134096
0.134161
0.134246
0.134111
0.133982
0.133965
0.133917
0.133863
0.133841
0.133801
0.13391
0.134037
0.133836
0.134029
0.133877
0.133839
0.133878
0.188787
0.150183
0.151542
0.150753
0.150365
0.150708
0.149496
0.149
0.148434
0.14773
0.147738
0.146832
0.14776
0.147337
0.147189
0.147403
0.146583
0.0971154
0.131022
0.130911
0.130729
0.130765
0.130788
0.130799
0.130922
0.131574
0.131347
0.131823
0.132405
0.132167
0.132468
0.132523
0.132775
0.132566
0.132424
0.132615
0.133062
0.132924
0.132747
0.13343
0.133184
0.133436
0.133239
0.133349
0.133307
0.133075
0.133265
0.133229
0.183778
0.0983534
0.133233
0.133317
0.133191
0.132953
0.133504
0.133787
0.133511
0.133427
0.133535
0.133463
0.133508
0.133603
0.1337
0.133938
0.133804
0.134006
0.133886
0.134054
0.134072
0.134276
0.133951
0.134138
0.134107
0.134111
0.134281
0.134162
0.134315
0.134345
0.134249
0.134181
0.134233
0.134394
0.134211
0.134276
0.134168
0.134373
0.134371
0.134567
0.134464
0.134395
0.134465
0.134462
0.173306
0.146337
0.146463
0.146608
0.145727
0.145269
0.14581
0.145279
0.144342
0.143297
0.143354
0.143404
0.143477
0.141888
0.141642
0.142071
0.115464
0.133748
0.134401
0.134084
0.13439
0.134415
0.134119
0.133963
0.134318
0.134598
0.134413
0.134546
0.134728
0.134634
0.135059
0.135063
0.135065
0.134856
0.134794
0.134984
0.135247
0.135133
0.135141
0.135407
0.135536
0.135145
0.1351
0.135044
0.13519
0.13526
0.135358
0.135641
0.135857
0.135702
0.135462
0.135396
0.135451
0.135409
0.134955
0.135208
0.134941
0.135351
0.135001
0.135105
0.134982
0.134893
0.134787
0.134534
0.134337
0.134434
0.134766
0.134286
0.134798
0.134624
0.134598
0.135051
0.13486
0.134898
0.134948
0.135261
0.135341
0.135297
0.135275
0.135567
0.135507
0.135725
0.135356
0.135457
0.135576
0.135495
0.135765
0.135601
0.135915
0.135905
0.135754
0.135798
0.135807
0.13575
0.135756
0.135787
0.13583
0.135697
0.135731
0.135771
0.135719
0.13569
0.136047
0.135773
0.135765
0.135791
0.135931
0.135969
0.135985
0.135722
0.135665
0.135764
0.13587
0.135791
0.135727
0.135744
0.135915
0.135865
0.135734
0.135663
0.135817
0.135775
0.135891
0.135855
0.135727
0.135687
0.135709
0.135834
0.135741
0.135692
0.135691
0.135759
0.135795
0.135796
0.135779
0.13581
0.135718
0.135688
0.135741
0.135748
0.135741
0.135757
0.135736
0.135671
0.135704
0.1357
0.135633
0.135591
0.135686
0.135624
0.135536
0.135586
0.135633
0.135672
0.135646
0.135556
0.135608
0.135632
0.135642
0.135631
0.135604
0.13561
0.135632
0.135566
0.135572
0.13564
0.135584
0.135612
0.135604
0.135588
0.13556
0.13554
0.135557
0.135566
0.135563
0.135563
0.135556
0.135549
0.135509
0.135511
0.1355
0.135496
0.135484
0.135481
0.135485
0.135474
0.135451
0.13544
0.135436
0.135402
0.135386
0.135406
0.135382
0.135348
0.135343
0.135331
0.135305
0.135319
0.135327
0.135267
0.135278
0.135279
0.135257
0.135243
0.135206
0.135176
0.13522
0.135209
0.135177
0.13519
0.135172
0.135158
0.135155
0.135133
0.135184
0.135066
0.135062
0.135104
0.135036
0.135006
0.135034
0.135022
0.134985
0.134972
0.135057
0.135077
0.135011
0.134972
0.135067
0.13512
0.135039
0.135047
0.135097
0.13516
0.135129
0.135117
0.135136
0.135147
0.135202
0.135192
0.135262
0.135302
0.135312
0.135263
0.135292
0.135308
0.135276
0.135264
0.135251
0.135239
0.135254
0.135232
0.135225
0.135247
0.135078
0.135125
0.135088
0.135065
0.135048
0.135018
0.135008
0.135034
0.135075
0.13504
0.134974
0.135034
0.135096
0.134966
0.134943
0.134952
0.13502
0.134957
0.13491
0.135
0.135039
0.135037
0.134998
0.135007
0.135012
0.13497
0.134941
0.134869
0.13488
0.134951
0.134853
0.134771
0.134777
0.134817
0.134811
0.134796
0.134755
0.134692
0.134764
0.134788
0.134676
0.134688
0.134662
0.134607
0.134503
0.13443
0.134338
0.134255
0.134194
0.134199
0.134111
0.134026
0.132173
0.135871
0.134078
0.134454
0.134561
0.134431
0.13426
0.134273
0.13436
0.134358
0.13424
0.134271
0.134409
0.134327
0.134189
0.134122
0.134179
0.13407
0.134017
0.134266
0.134446
0.134074
0.134058
0.134295
0.13445
0.134483
0.134374
0.134227
0.134105
0.134241
0.134393
0.13431
0.13424
0.134401
0.134104
0.134113
0.133974
0.134012
0.133907
0.13399
0.13419
0.134111
0.133952
0.133851
0.133881
0.133755
0.13369
0.133742
0.134005
0.133586
0.133798
0.134049
0.134088
0.134088
0.134044
0.13393
0.134042
0.134224
0.133983
0.134255
0.134284
0.133662
0.133869
0.133761
0.134161
0.13433
0.134146
0.134499
0.134151
0.134244
0.134401
0.134327
0.134324
0.134624
0.134623
0.134592
0.134513
0.134995
0.134677
0.134689
0.135651
0.135437
0.135275
0.135102
0.135197
0.135525
0.135374
0.135525
0.135626
0.135634
0.135469
0.135421
0.135796
0.135999
0.135775
0.135566
0.135965
0.13594
0.136092
0.135975
0.135913
0.135978
0.13596
0.135908
0.135793
0.135764
0.135921
0.135594
0.135969
0.135981
0.135893
0.135876
0.135731
0.135964
0.135824
0.13579
0.135986
0.136073
0.136176
0.136053
0.13594
0.136021
0.136107
0.135939
0.135964
0.135948
0.13622
0.136213
0.136046
0.136008
0.135958
0.135878
0.135991
0.135902
0.135856
0.136001
0.135774
0.135929
0.135753
0.135705
0.135659
0.135845
0.135727
0.13577
0.135824
0.135864
0.13576
0.135706
0.135789
0.135715
0.135545
0.13567
0.135877
0.135854
0.136058
0.135789
0.135753
0.135801
0.135848
0.1358
0.135923
0.135949
0.135744
0.135777
0.170688
0.112029
0.13601
0.135897
0.135882
0.135804
0.135776
0.135768
0.135782
0.13575
0.13566
0.135704
0.13584
0.135727
0.135637
0.135764
0.135712
0.135881
0.135796
0.135736
0.135726
0.135821
0.135849
0.135931
0.135881
0.135821
0.135921
0.135949
0.135873
0.135741
0.135632
0.135588
0.135659
0.135748
0.135741
0.135719
0.135698
0.135655
0.135699
0.135677
0.135659
0.135675
0.135559
0.135589
0.135656
0.135666
0.135717
0.135779
0.135695
0.135665
0.135692
0.135636
0.135782
0.13572
0.135639
0.135689
0.13575
0.135819
0.1357
0.135676
0.135724
0.135674
0.135682
0.13563
0.135583
0.135599
0.135568
0.135546
0.135641
0.135647
0.135589
0.135595
0.135562
0.135636
0.135638
0.135565
0.135745
0.135692
0.135663
0.135769
0.135672
0.135778
0.135719
0.13571
0.135731
0.135754
0.135788
0.135831
0.135814
0.135746
0.135665
0.135785
0.135755
0.135699
0.135758
0.135694
0.135698
0.135664
0.135658
0.135631
0.13562
0.135608
0.135566
0.135582
0.135564
0.135534
0.135593
0.135597
0.135707
0.135634
0.13561
0.135535
0.135621
0.135579
0.135571
0.135668
0.135703
0.176456
0.149225
0.149039
0.149181
0.149036
0.149068
0.149161
0.149301
0.148706
0.147639
0.147911
0.147877
0.149754
0.148811
0.146475
0.148278
0.146634
0.106319
0.134554
0.134387
0.134254
0.134253
0.134122
0.134223
0.13393
0.134034
0.133921
0.13416
0.134285
0.134406
0.134211
0.134154
0.134078
0.134366
0.134298
0.134439
0.134488
0.134482
0.134481
0.134442
0.134651
0.134507
0.134649
0.134532
0.134771
0.134776
0.134883
0.1348
0.13477
0.134753
0.134709
0.134692
0.13477
0.134773
0.134873
0.13489
0.134978
0.135106
0.135037
0.135012
0.135255
0.135117
0.135176
0.135314
0.135288
0.135301
0.135358
0.135357
0.135337
0.135366
0.135367
0.135335
0.135346
0.135363
0.135394
0.135428
0.135412
0.135398
0.13546
0.135437
0.135442
0.135439
0.135449
0.135466
0.198685
0.0919652
0.135538
0.135475
0.135306
0.135364
0.135344
0.135369
0.135347
0.135373
0.135383
0.135415
0.135455
0.135453
0.135443
0.135463
0.135469
0.135456
0.135453
0.135447
0.135425
0.135422
0.135421
0.135426
0.135402
0.135352
0.135389
0.135404
0.135369
0.135323
0.135371
0.135371
0.135372
0.135407
0.13543
0.135335
0.135352
0.135331
0.135401
0.135319
0.135305
0.135255
0.135227
0.135263
0.135285
0.135342
0.135316
0.135265
0.135159
0.135176
0.135113
0.135195
0.135273
0.135238
0.13513
0.135052
0.135031
0.135037
0.134826
0.135083
0.135143
0.134985
0.134927
0.135001
0.134918
0.134886
0.134949
0.135004
0.134979
0.135055
0.135058
0.134973
0.134861
0.134754
0.134994
0.135033
0.134892
0.134736
0.134697
0.134725
0.134769
0.1349
0.13472
0.134645
0.134854
0.134622
0.13471
0.134642
0.134672
0.134788
0.134866
0.134764
0.134855
0.134854
0.134803
0.134902
0.134819
0.13468
0.134939
0.13501
0.134939
0.134644
0.13455
0.134657
0.134862
0.134875
0.135086
0.135093
0.135053
0.135057
0.135042
0.135007
0.135328
0.135192
0.13524
0.13539
0.135494
0.135473
0.135463
0.135381
0.135348
0.135446
0.1354
0.13624
0.135886
0.135835
0.13572
0.135836
0.135946
0.135995
0.135951
0.135943
0.135953
0.135841
0.135874
0.135878
0.135768
0.135886
0.135879
0.135982
0.135998
0.135939
0.135979
0.135993
0.135983
0.13598
0.135903
0.135848
0.135808
0.135756
0.135795
0.135766
0.135643
0.135637
0.135614
0.135608
0.135581
0.135534
0.13549
0.135505
0.135488
0.135464
0.13545
0.135432
0.13543
0.135418
0.135404
0.135262
0.135272
0.135253
0.135229
0.135193
0.135202
0.135237
0.13524
0.135205
0.135273
0.13525
0.135283
0.135255
0.135261
0.135309
0.135291
0.135226
0.135242
0.135236
0.135207
0.135143
0.13512
0.135152
0.135157
0.135091
0.135057
0.134992
0.135005
0.134946
0.135013
0.135045
0.135087
0.134993
0.13501
0.135024
0.134993
0.135039
0.135012
0.135111
0.135115
0.135167
0.135204
0.135298
0.135245
0.135325
0.135447
0.135441
0.135368
0.135442
0.135386
0.135392
0.135417
0.135437
0.135429
0.13543
0.13543
0.135429
0.135425
0.135443
0.135456
0.135443
0.135442
0.135443
0.135453
0.135458
0.13546
0.135455
0.135458
0.135446
0.135449
0.13545
0.135441
0.135423
0.135436
0.13546
0.135463
0.135442
0.135429
0.135425
0.135431
0.135447
0.135427
0.135464
0.135443
0.135451
0.135441
0.135432
0.135447
0.135458
0.135455
0.135442
0.13545
0.13546
0.135421
0.135442
0.135458
0.135426
0.135456
0.135436
0.135417
0.135431
0.135424
0.135399
0.135401
0.135397
0.135384
0.135418
0.135412
0.135386
0.135346
0.13534
0.135333
0.13538
0.135362
0.135338
0.135324
0.135378
0.135408
0.135399
0.135428
0.135382
0.135435
0.135417
0.135443
0.135395
0.135438
0.135467
0.135416
0.135373
0.135354
0.135335
0.135318
0.135343
0.135421
0.135369
0.135339
0.135462
0.135339
0.135364
0.13535
0.135307
0.135393
0.135408
0.135416
0.135382
0.135389
0.135431
0.135462
0.135443
0.135381
0.135428
0.13541
0.135444
0.135374
0.135367
0.135374
0.135403
0.135443
0.13545
0.135466
0.135435
0.135395
0.135382
0.135425
0.135449
0.135424
0.135403
0.1354
0.135435
0.135424
0.135427
0.13544
0.135426
0.135425
0.135446
0.135434
0.135444
0.135445
0.135447
0.13545
0.135453
0.135451
0.135448
0.135454
0.135454
0.135454
0.135449
0.135442
0.135452
0.135451
0.135459
0.135455
0.135452
0.135452
0.135454
0.135453
0.135453
0.135456
0.135456
0.135457
0.135459
0.135463
0.135463
0.135463
0.135465
0.135462
0.135478
0.13546
0.119096
0.119415
0.112781
0.112222
0.108534
0.0345963
0.0906638
0.0775216
0.070326
0.065162
0.0569463
0.0575447
0.0532669
0.0457145
0.0374873
0.0378822
0.0340421
0.0270528
0.0191955
0.0197364
0.000694547
0.0055911
0.00145782
3.15111e-05
-0.00312798
-0.00839718
-0.0135963
-0.0127792
-0.0168487
-0.0208707
-0.0199986
-0.0214894
-0.0228366
-0.0253047
-0.026232
-0.0282064
-0.0275996
-0.0309479
-0.0297651
-0.030054
-0.0299306
-0.0304879
-0.0313103
-0.0311081
-0.031309
-0.0314466
-0.0316877
-0.0315373
-0.0313287
-0.0313017
-0.0310297
-0.0301858
-0.0298628
-0.027894
-0.0281055
-0.0274098
-0.0260239
-0.0245181
-0.02443
-0.0236298
-0.0208978
-0.0212287
-0.019579
-0.0196827
-0.019156
-0.0186593
-0.0176454
-0.0168587
-0.0155107
-0.0156313
-0.0150566
-0.0139025
-0.0126085
-0.0109551
-0.011708
-0.0111877
-0.0103928
-0.00966572
-0.0101558
-1.13552
-0.327917
-0.300535
-0.295715
-0.299943
-0.262009
-0.28018
-0.2145
-0.230192
-0.218227
-0.196956
-0.191735
-0.178522
-0.171017
-0.16792
-0.151136
-0.131315
-0.130579
-0.120759
-0.115983
-0.09864
-0.0937538
-0.0640603
-0.0761109
-0.0707022
-0.0598514
-0.0553781
-0.0562836
-0.0493577
-0.0438203
-0.0361152
-0.0264595
-0.0286435
-0.0288165
-0.00303417
-0.0185451
-0.0103871
0.00691204
-0.00011019
0.00447669
0.00303921
0.00428787
0.00687952
0.0110216
0.010294
0.012639
0.0167584
0.0216938
0.0223832
0.0213589
0.0300258
0.028804
0.0270855
0.0271289
0.0301449
0.031374
0.0304201
0.028839
0.0302861
0.0324522
0.0362528
0.0346093
0.0391938
0.0365567
0.037874
0.0380312
0.0391027
0.0405559
0.0414264
0.0427741
0.0447142
0.0453458
0.0442684
0.0453217
0.0464212
0.0517543
0.0478261
0.0488714
0.0507945
0.0502874
0.0500816
0.0501938
0.0491872
0.0490336
0.0514122
0.0505727
0.0501527
0.0507187
0.050348
0.0499797
0.0489912
0.048676
0.0487925
0.0481462
0.0493187
0.0503194
0.0489113
0.0490278
0.0496249
0.049835
0.0480912
0.0472165
0.0472113
0.0459245
0.0447024
0.045365
0.0455492
0.0454173
0.0452101
0.0451437
0.045262
0.0447398
0.0444705
0.0437878
0.0424068
0.0417785
0.0426166
0.0423157
0.0425213
0.0417165
0.0418203
0.040752
0.0396277
0.0398651
0.0402327
0.039694
0.0379771
0.0376061
0.0387283
0.0388549
0.03808
0.0384157
0.0385095
0.0374158
0.0376053
0.0374481
0.0375041
0.0384029
0.037688
0.0378598
0.0375461
0.0373981
0.0369743
0.0363974
0.036098
0.0362425
0.035913
0.0360249
0.0362419
0.0359845
0.0358783
0.0363885
0.0344471
0.0348751
0.0341161
0.0335925
0.0338182
0.0329673
0.0312983
0.0305808
0.364185
0.135592
0.13623
0.135915
0.135428
0.135606
0.1357
0.135333
0.135605
0.135055
0.135836
0.135429
0.135051
0.135493
0.135715
0.135753
0.135644
0.135463
0.135919
0.13592
0.135991
0.135911
0.136067
0.13622
0.13602
0.135809
0.135957
0.135572
0.135723
0.135775
0.135698
0.135624
0.135563
0.135557
0.135711
0.135743
0.135458
0.135406
0.135498
0.135772
0.135835
0.13571
0.135707
0.135713
0.13564
0.135691
0.135389
0.1355
0.135695
0.13576
0.135561
0.135421
0.135375
0.135545
0.135638
0.135501
0.135514
0.135532
0.135446
0.13568
0.135875
0.135518
0.135675
0.135513
0.135418
0.135544
0.135446
0.135433
0.13542
0.13532
0.135369
0.135442
0.135595
0.135628
0.135554
0.135374
0.135572
0.135538
0.135551
0.135506
0.135456
0.135468
0.135354
0.135357
0.135408
0.135484
0.135489
0.135628
0.135499
0.135412
0.135463
0.13561
0.135595
0.135515
0.135431
0.135444
0.135588
0.135522
0.135461
0.13558
0.135525
0.135673
0.135611
0.135667
0.135622
0.135479
0.135496
0.135573
0.135626
0.135515
0.13578
0.135672
0.135615
0.135493
0.135525
0.135499
0.135549
0.135523
0.135405
0.135414
0.13549
0.13549
0.135459
0.13556
0.135508
0.135567
0.135475
0.135497
0.135495
0.135572
0.135541
0.135567
0.135523
0.135512
0.135567
0.135495
0.135492
0.135562
0.135506
0.135428
0.135457
0.135535
0.13554
0.135472
0.135421
0.135342
0.135429
0.135438
0.135359
0.135397
0.135371
0.135319
0.135363
0.135402
0.135403
0.135408
0.135433
0.135432
0.135481
0.135427
0.135357
0.135503
0.135477
0.135506
0.135428
0.135376
0.135413
0.135569
0.135627
0.135241
0.135251
0.135606
0.13545
0.135428
0.135444
0.135321
0.135055
0.13538
0.135574
0.135668
0.135653
0.135657
0.135614
0.135514
0.135432
0.135716
0.135542
0.136228
0.136085
0.135974
0.136253
0.136177
0.136178
0.136467
0.136626
0.136784
0.136627
0.136678
0.13673
0.136726
0.137222
0.137538
0.137379
0.137212
0.137457
0.137742
0.137475
0.137751
0.137961
0.138027
0.138075
0.138167
0.137824
0.137907
0.137376
0.13733
0.137254
0.137656
0.137538
0.13742
0.137535
0.137757
0.137541
0.137576
0.137825
0.138017
0.137852
0.138457
0.137939
0.138103
0.137768
0.138108
0.138158
0.138196
0.13826
0.138021
0.138437
0.138226
0.138018
0.137808
0.137867
0.13806
0.137854
0.138408
0.138401
0.138374
0.138667
0.138504
0.138638
0.13864
0.138919
0.138534
0.138868
0.138722
0.13896
0.138911
0.138445
0.138588
0.138482
0.138188
0.137816
0.138103
0.138336
0.138575
0.138693
0.138731
0.138396
0.138423
0.138542
0.138434
0.138249
0.138218
0.138009
0.137876
0.137677
0.137574
0.137513
0.137424
0.137336
0.137335
0.136881
0.136547
0.136641
0.136669
0.136742
0.136617
0.136469
0.136401
0.136269
0.135888
0.135924
0.135731
0.135338
0.135486
0.135574
0.135623
0.13542
0.135398
0.13546
0.135403
0.135422
0.135499
0.135623
0.135509
0.13549
0.135328
0.135429
0.135326
0.135324
0.135376
0.135497
0.135354
0.135392
0.135442
0.135451
0.135435
0.135418
0.135393
0.135381
0.135379
0.135417
0.135408
0.135431
0.13545
0.135442
0.135405
0.135379
0.135446
0.135476
0.135423
0.135349
0.135414
0.135459
0.135464
0.135428
0.135451
0.135455
0.135462
0.135464
0.135473
0.135489
0.135482
0.135459
0.135455
0.135477
0.135474
0.135511
0.135451
0.135499
0.13549
0.135596
0.135583
0.135532
0.135542
0.135668
0.135594
0.135521
0.135476
0.135467
0.135483
0.135475
0.135591
0.135498
0.135612
0.135505
0.135515
0.135429
0.135464
0.135623
0.135647
0.135421
0.1354
0.135497
0.135702
0.135578
0.135465
0.135492
0.135751
0.135447
0.135737
0.135603
0.135725
0.135854
0.135871
0.135805
0.135857
0.135829
0.135633
0.135915
0.13588
0.135806
0.135841
0.135776
0.135753
0.135818
0.135967
0.135988
0.135847
0.135719
0.135765
0.135705
0.135687
0.135664
0.135547
0.135779
0.135736
0.135704
0.135446
0.13539
0.135414
0.135456
0.135425
0.13548
0.135539
0.135495
0.135453
0.135586
0.135577
0.135628
0.135458
0.13561
0.135665
0.135339
0.135342
0.135395
0.135473
0.135492
0.135309
0.135429
0.135493
0.135354
0.135431
0.135504
0.135509
0.135635
0.135494
0.135517
0.135585
0.135678
0.135766
0.13557
0.135482
0.135576
0.135613
0.13554
0.135747
0.1358
0.135507
0.135337
0.135576
0.135709
0.135705
0.135417
0.135577
0.135689
0.135469
0.135486
0.135507
0.134364
0.135166
0.135221
0.135237
0.135184
0.135237
0.135505
0.135585
0.135831
0.136058
0.1357
0.135532
0.13554
0.135853
0.135717
0.13572
0.135681
0.135677
0.135951
0.135784
0.135739
0.135621
0.135597
0.135841
0.135777
0.135767
0.135503
0.13602
0.135762
0.135385
0.135343
0.135416
0.13526
0.135199
0.135132
0.135138
0.135063
0.13485
0.135003
0.135193
0.135259
0.135501
0.135276
0.135482
0.13552
0.135531
0.135505
0.135808
0.135503
0.135192
0.135561
0.135541
0.13529
0.13502
0.13521
0.135261
0.135247
0.135209
0.135322
0.135168
0.13515
0.135509
0.135219
0.135136
0.135053
0.13517
0.13509
0.13499
0.135118
0.135269
0.135193
0.13559
0.135832
0.13565
0.135582
0.135513
0.135401
0.135615
0.135305
0.135478
0.135617
0.135585
0.135528
0.135467
0.135394
0.135403
0.135472
0.135327
0.135066
0.135096
0.135169
0.135262
0.135182
0.135454
0.135583
0.13572
0.135674
0.135637
0.135652
0.135755
0.135593
0.135406
0.135244
0.135241
0.135253
0.13519
0.135307
0.135266
0.135132
0.135456
0.13543
0.135286
0.135308
0.135372
0.135414
0.135356
0.135401
0.135356
0.135384
0.13545
0.135423
0.135399
0.135293
0.135351
0.135241
0.135246
0.135334
0.135411
0.135407
0.135534
0.135498
0.135634
0.135507
0.135209
0.135137
0.135028
0.135273
0.135169
0.135147
0.135307
0.13531
0.135623
0.135536
0.135755
0.135902
0.13583
0.135377
0.135329
0.135421
0.1355
0.13549
0.135401
0.135187
0.13538
0.135484
0.135506
0.135561
0.135649
0.135684
0.135564
0.135343
0.135552
0.135407
0.135329
0.135455
0.135545
0.135556
0.135583
0.135499
0.135477
0.135518
0.13553
0.135335
0.135333
0.135316
0.135323
0.135524
0.135412
0.135368
0.135412
0.135424
0.135469
0.135486
0.135414
0.135471
0.135465
0.135445
0.135506
0.135467
0.13541
0.135437
0.135469
0.135524
0.135603
0.135707
0.135463
0.135559
0.135509
0.135431
0.135513
0.135582
0.135365
0.135446
0.135572
0.135556
0.135469
0.135368
0.135369
0.135518
0.135492
0.135435
0.135484
0.135453
0.135504
0.135589
0.135395
0.135409
0.135456
0.135587
0.135656
0.1355
0.1355
0.135438
0.135397
0.135479
0.135393
0.135353
0.135413
0.135478
0.135519
0.135492
0.135393
0.135461
0.135508
0.135504
0.135535
0.135474
0.135399
0.135316
0.135474
0.135416
0.135484
0.13548
0.135436
0.135404
0.135404
0.135444
0.135518
0.135571
0.13564
0.135426
0.135488
0.135478
0.13551
0.13543
0.135419
0.135506
0.135555
0.135551
0.135408
0.13541
0.135502
0.135459
0.135378
0.135425
0.135472
0.135502
0.135566
0.135491
0.135442
0.135444
0.135445
0.135403
0.135476
0.135471
0.135538
0.13547
0.135461
0.135482
0.135439
0.135486
0.135468
0.135456
0.13543
0.135429
0.135461
0.135478
0.135503
0.135514
0.135488
0.135454
0.135443
0.13542
0.135418
0.135455
0.135482
0.13548
0.135468
0.135475
0.135493
0.135488
0.135475
0.135481
0.13548
0.135458
0.135488
0.135489
0.135464
0.135467
0.135453
0.135462
0.135474
0.135475
0.135476
0.135455
0.135477
0.135453
0.135448
0.135429
0.135434
0.13544
0.135458
0.135455
0.135453
0.135457
0.135453
0.135447
0.135448
0.13545
0.135447
0.135432
0.135443
0.135439
0.135427
0.135438
0.135452
0.13545
0.135442
0.135439
0.135431
0.135419
0.135423
0.135409
0.135387
0.135424
0.135443
0.135351
0.135415
0.135454
0.135328
0.13543
0.13549
0.135393
0.135332
0.135304
0.135392
0.135412
0.135382
0.135384
0.135477
0.135505
0.135414
0.135381
0.135339
0.135427
0.135444
0.135396
0.13531
0.135388
0.135399
0.135392
0.135502
0.135458
0.13541
0.135487
0.135506
0.135459
0.135453
0.135381
0.135362
0.135449
0.135346
0.135182
0.135221
0.13542
0.135382
0.135222
0.135245
0.135246
0.135283
0.13549
0.13541
0.135408
0.135539
0.135453
0.135331
0.135516
0.135432
0.135309
0.135142
0.135132
0.13507
0.13519
0.135168
0.135208
0.135426
0.135458
0.135433
0.135327
0.135276
0.135361
0.135269
0.135332
0.135557
0.135446
0.135231
0.13516
0.13502
0.135121
0.13518
0.135026
0.134965
0.134907
0.135159
0.135237
0.13504
0.13517
0.135315
0.13531
0.134998
0.135139
0.135387
0.135446
0.135337
0.135295
0.135478
0.135551
0.135736
0.135784
0.135658
0.135578
0.135496
0.135623
0.135693
0.135768
0.13584
0.135551
0.135586
0.135516
0.135432
0.135597
0.135613
0.135463
0.135791
0.135425
0.135538
0.135639
0.13573
0.135594
0.135644
0.135626
0.135599
0.135488
0.135626
0.135743
0.13568
0.135694
0.135625
0.135487
0.135524
0.135707
0.135674
0.135657
0.135864
0.135854
0.135868
0.135943
0.135966
0.135868
0.135891
0.0714989
0.180448
0.136199
0.136063
0.135809
0.136106
0.136225
0.13597
0.135963
0.136021
0.136026
0.135987
0.136149
0.135996
0.135957
0.135935
0.135923
0.135909
0.135952
0.135963
0.135817
0.135972
0.13605
0.135917
0.135922
0.135969
0.135968
0.135976
0.136059
0.136076
0.136166
0.13598
0.13592
0.0904618
0.167388
0.136087
0.135997
0.135928
0.135825
0.135979
0.136012
0.136108
0.136129
0.136059
0.136041
0.136164
0.136105
0.136026
0.135933
0.135908
0.135744
0.135624
0.135777
0.135642
0.135524
0.13541
0.135443
0.135392
0.135466
0.135354
0.135409
0.135425
0.135436
0.135524
0.135292
0.135324
0.13533
0.135378
0.135224
0.135193
0.135161
0.135127
0.135239
0.135235
0.13534
0.135371
0.135389
0.135254
0.135309
0.13537
0.135401
0.135499
0.135406
0.135404
0.135343
0.135354
0.135436
0.135388
0.135338
0.13528
0.135243
0.135129
0.135271
0.13537
0.135496
0.135401
0.135421
0.135491
0.13551
0.1355
0.135454
0.135383
0.135413
0.135416
0.135219
0.135223
0.135262
0.135396
0.135307
0.135349
0.135348
0.135365
0.135485
0.135355
0.135463
0.135319
0.135367
0.135296
0.135275
0.135287
0.13537
0.135408
0.135413
0.135444
0.135386
0.135373
0.135363
0.135328
0.135269
0.13517
0.135342
0.135374
0.135347
0.135366
0.135401
0.135415
0.135413
0.135378
0.135292
0.135294
0.135307
0.135364
0.135417
0.135418
0.135377
0.135404
0.135432
0.135432
0.135364
0.135378
0.13542
0.135369
0.135396
0.135437
0.135392
0.135351
0.135345
0.135425
0.135339
0.135352
0.135353
0.135467
0.135445
0.135377
0.135464
0.135451
0.13544
0.135431
0.135442
0.135421
0.135407
0.135407
0.135399
0.135418
0.135378
0.13538
0.135422
0.135389
0.135364
0.135404
0.135428
0.135445
0.135438
0.135403
0.135405
0.135413
0.13538
0.135377
0.135315
0.135341
0.135388
0.135476
0.135471
0.135525
0.135542
0.135527
0.13544
0.135481
0.135449
0.135385
0.135456
0.135411
0.135378
0.135407
0.13536
0.135399
0.135368
0.135336
0.135368
0.135375
0.135412
0.13543
0.135443
0.135391
0.135325
0.135345
0.135314
0.135301
0.135342
0.135388
0.135222
0.135221
0.135306
0.135397
0.135362
0.135473
0.135503
0.13547
0.135423
0.135381
0.135392
0.13541
0.135453
0.13539
0.135458
0.135463
0.135522
0.135516
0.135515
0.135494
0.135455
0.13543
0.135384
0.135368
0.135423
0.135442
0.135426
0.135454
0.135462
0.135452
0.13547
0.135477
0.135405
0.135402
0.135382
0.135343
0.135325
0.135367
0.135394
0.135413
0.135391
0.135379
0.135415
0.1354
0.135397
0.135372
0.135426
0.135436
0.135421
0.135407
0.135417
0.135445
0.135434
0.135427
0.135437
0.135436
0.13543
0.135431
0.135424
0.135407
0.135436
0.13542
0.135436
0.135441
0.135423
0.135432
0.135434
0.135434
0.135447
0.135451
0.135451
0.135455
0.135451
0.135447
0.135442
0.135454
0.135456
0.135452
0.135453
0.135453
0.135454
0.135456
0.135456
0.135456
0.135457
0.135457
0.135453
0.135451
0.13545
0.13545
0.135448
0.135444
0.135438
0.135433
0.135445
0.135438
0.135384
0.135431
0.13543
0.135411
0.135412
0.13543
0.135436
0.135451
0.135451
0.135446
0.13544
0.135427
0.135436
0.135413
0.135436
0.135432
0.135396
0.135441
0.135424
0.13542
0.135429
0.135417
0.135413
0.135409
0.135412
0.135444
0.135427
0.135397
0.13539
0.13541
0.135426
0.135429
0.135437
0.135453
0.135449
0.13544
0.13545
0.135449
0.135447
0.135446
0.135437
0.135427
0.135421
0.135427
0.135449
0.135432
0.135442
0.135451
0.135424
0.135437
0.135435
0.135427
0.135422
0.13543
0.135444
0.13544
0.135437
0.135446
0.135448
0.135443
0.135443
0.135434
0.135435
0.135429
0.135427
0.135414
0.135403
0.135418
0.135435
0.13542
0.135381
0.135391
0.135419
0.135383
0.135369
0.135368
0.135394
0.13537
0.135352
0.13535
0.135311
0.135393
0.135392
0.135388
0.135421
0.135416
0.135402
0.135384
0.135401
0.13543
0.135407
0.135407
0.135347
0.135371
0.135218
0.135214
0.135286
0.135438
0.135432
0.135366
0.135352
0.135342
0.135418
0.135427
0.135401
0.135415
0.135294
0.135238
0.135176
0.135345
0.135332
0.135271
0.135283
0.135368
0.135418
0.135377
0.135383
0.135409
0.135432
0.135365
0.135337
0.135316
0.135181
0.134965
0.135092
0.13518
0.135184
0.135187
0.135265
0.135268
0.135147
0.135174
0.135223
0.135376
0.135383
0.135374
0.13548
0.135491
0.135477
0.135603
0.13572
0.135563
0.135636
0.135548
0.135668
0.13571
0.135679
0.135652
0.135685
0.135659
0.135604
0.135614
0.135635
0.135641
0.135647
0.135712
0.135684
0.135657
0.135731
0.135749
0.135732
0.135721
0.135659
0.135686
0.135648
0.135687
0.135667
0.135685
0.135718
0.135743
0.135724
0.135776
0.135909
0.135832
0.135809
0.135916
0.135915
0.135945
0.135899
0.135836
0.135765
0.135786
0.135854
0.135728
0.135813
0.135732
0.1357
0.135805
0.135801
0.135868
0.135882
0.135742
0.1358
0.135932
0.135939
0.135739
0.135923
0.136002
0.135957
0.136017
0.136071
0.136091
0.13608
0.13601
0.135979
0.136036
0.135938
0.135995
0.131671
0.134529
0.134646
0.134573
0.1347
0.134842
0.134806
0.134904
0.134744
0.134738
0.134569
0.134656
0.134679
0.134639
0.134704
0.134745
0.134654
0.134674
0.134633
0.134797
0.134825
0.134977
0.135004
0.135066
0.13505
0.135037
0.135179
0.135122
0.135242
0.1353
0.135367
0.135381
0.135488
0.13551
0.135501
0.135502
0.13553
0.135586
0.135522
0.135486
0.135526
0.135564
0.13555
0.135531
0.135489
0.13555
0.135551
0.135519
0.135514
0.13553
0.135519
0.135512
0.135501
0.135512
0.135531
0.135532
0.135522
0.135519
0.135529
0.135574
0.135557
0.135533
0.135521
0.135524
0.13553
0.135545
0.135531
0.135514
0.135518
0.135535
0.135526
0.135529
0.135538
0.135546
0.135525
0.135533
0.135539
0.135537
0.135529
0.135529
0.135531
0.135534
0.135529
0.135527
0.135529
0.135521
0.135519
0.135527
0.135565
0.135534
0.135528
0.135536
0.13553
0.135501
0.135515
0.135515
0.135512
0.135507
0.13549
0.135496
0.135493
0.135474
0.135487
0.13547
0.135473
0.135467
0.135458
0.135459
0.135456
0.135453
0.135439
0.135436
0.135444
0.135447
0.135441
0.135437
0.135441
0.135449
0.13545
0.135439
0.135437
0.135441
0.135444
0.135449
0.135471
0.135465
0.135469
0.135468
0.135467
0.13547
0.13547
0.135463
0.135459
0.135468
0.135463
0.135442
0.135447
0.135446
0.135439
0.135467
0.13546
0.135449
0.13545
0.135461
0.13543
0.135376
0.135404
0.135416
0.135404
0.135339
0.135415
0.135304
0.135361
0.135317
0.135411
0.135411
0.135396
0.135353
0.135339
0.135304
0.135278
0.135392
0.135397
0.135388
0.135428
0.135397
0.135456
0.135419
0.135321
0.135387
0.135407
0.135419
0.135421
0.13535
0.135347
0.135415
0.135186
0.135201
0.135366
0.135277
0.135284
0.135296
0.135343
0.135297
0.135251
0.135272
0.135244
0.135252
0.135307
0.135374
0.13529
0.135342
0.135259
0.135236
0.135204
0.135149
0.135086
0.135007
0.134865
0.134853
0.135033
0.135221
0.13526
0.135119
0.135019
0.134921
0.13505
0.135064
0.135087
0.135187
0.13524
0.135348
0.135462
