-0.0115497
-0.0109514
-0.0102484
-0.00602853
-0.00368441
0.00272069
0.0249939
0.0313432
0.0454694
0.0785527
0.101755
0.131312
0.15169
0.172397
0.219469
0.219469
0.251066
0.266794
0.313591
0.318764
0.359951
0.385273
0.410307
0.439918
0.459339
0.478539
0.49748
0.520865
0.548489
0.566702
0.584771
0.624821
0.646796
0.668612
0.690094
0.707095
0.728096
0.752991
0.769441
0.785726
0.801851
0.817769
0.837319
0.856391
0.878776
0.908124
0.922556
0.940394
0.961323
0.975017
0.988581
1.0053
1.02507
1.03491
1.05128
1.07073
1.08354
1.09629
1.12472
1.13096
1.14332
1.17042
1.18507
1.19952
1.21089
1.22479
1.24106
1.25161
1.26195
1.27452
1.28921
1.29892
1.30855
1.31802
1.32964
1.35008
1.35464
1.36375
1.38396
1.39503
1.40376
1.41228
1.42064
1.42894
1.43928
1.45156
1.45972
1.47585
1.48557
1.49692
1.50431
1.51163
1.52065
1.53122
1.53816
1.54498
1.55166
1.55973
1.56897
1.57486
1.58721
1.59374
1.60023
1.60542
1.61056
1.61683
1.62429
1.62929
1.63431
1.6393
1.64539
1.65234
1.65683
1.66564
1.67112
1.6778
1.68227
1.68787
1.69448
1.6978
1.70327
1.70959
1.71368
1.71764
1.72249
1.72815
1.73187
1.73561
1.74416
1.74604
1.7498
1.75814
1.7628
1.76743
1.77186
1.77604
1.77996
1.7829
1.78648
1.79062
1.79328
1.79595
1.79861
1.80187
1.80497
1.80863
1.81046
1.81576
1.8169
1.82136
1.82361
1.82636
1.82947
1.83154
1.8337
1.83594
1.83824
1.84119
1.84484
1.84982
1.85293
1.85606
1.85912
1.86152
1.86382
1.86669
1.87012
1.87244
1.87471
1.87751
1.88071
1.88274
1.88523
1.8882
1.88971
1.89226
1.89527
1.89915
1.90158
1.90356
1.90604
1.90894
1.91084
1.9131
1.91557
1.91717
1.91872
1.92018
1.92191
1.92397
1.92534
1.92667
1.92931
1.93093
1.93272
1.93372
1.93459
1.93532
1.93596
1.93644
1.93659
1.93669
1.93668
1.93646
1.93627
1.93617
1.93622
1.93635
1.93648
1.93669
1.93689
1.93688
1.93684
1.93675
1.9366
1.9364
1.93607
1.93552
1.93502
1.93456
1.93426
1.93423
1.93427
1.93439
1.93442
1.93433
1.93418
1.93417
1.93421
1.93441
1.93464
1.93493
1.93532
1.93586
1.93646
1.93687
1.93803
1.93878
1.93893
1.93951
1.94107
1.94197
1.94298
1.94389
1.9447
1.94544
1.94589
1.9462
1.94632
1.94605
1.94512
1.94418
1.94306
1.94153
1.9397
1.93859
1.93643
1.93536
1.93432
1.93356
1.93284
1.93205
1.93137
1.93113
1.9309
1.93082
1.93086
1.93098
1.93112
1.93132
1.93145
1.93144
1.93134
1.93072
1.93037
1.93001
1.92966
1.92908
1.9281
1.92744
1.92683
1.92634
1.92587
1.92553
1.92541
1.92535
1.92529
1.92526
1.92514
1.92493
1.92468
1.92448
1.92439
1.9243
1.92428
1.92432
1.92448
1.92468
1.92483
1.92493
1.92497
1.92501
1.92507
1.92537
1.92537
1.92587
1.9262
1.92666
1.92729
1.92799
1.92898
1.93097
1.9339
1.93683
1.93806
1.9397
1.94102
1.9416
1.94203
1.94247
1.94288
1.94301
1.94302
1.94253
1.94187
1.94101
1.94027
1.93951
1.93879
1.938
1.9371
1.93655
1.93607
1.93509
1.93425
1.93362
1.93299
1.93227
1.93164
1.93137
1.93126
1.93128
1.93142
1.93162
1.93178
1.93187
1.93195
1.93198
1.93194
1.93193
1.93177
1.9317
1.93181
1.93211
1.93354
1.93619
1.93873
1.93994
1.94083
1.94144
1.94196
1.94188
1.94188
1.94201
1.94207
1.94208
1.94205
1.94188
1.94134
1.941
1.94092
1.94033
1.94008
1.93998
1.94008
1.94025
1.94051
1.94079
1.94114
1.94144
1.94155
1.9416
1.94152
1.9415
1.94126
1.94112
1.94125
1.94152
1.94231
1.94334
1.94459
1.94543
1.94633
1.94764
1.94938
1.95027
1.95169
1.95334
1.95441
1.95546
1.95796
1.95818
1.95964
1.96036
1.96107
1.96146
1.96171
1.96178
1.96172
1.9614
1.9612
1.96085
1.96038
1.9601
1.9592
1.95907
1.95916
1.95958
1.9603
1.96077
1.96144
1.96226
1.96278
1.96332
1.96398
1.96459
1.96483
1.96498
1.965
1.96494
1.96491
1.96506
1.96527
1.96546
1.96567
1.96605
1.96645
1.96693
1.97055
1.97055
1.97184
1.97353
1.97467
1.97583
1.97719
1.97819
1.97911
1.98137
1.98239
1.98313
1.984
1.98507
1.9859
1.98672
1.98775
1.98904
1.98989
1.99071
1.99155
1.99261
1.99386
1.99532
1.99593
1.99655
1.9972
1.99767
1.99816
1.9989
1.99992
2.0007
2.0015
2.00243
2.00328
2.0036
2.00383
2.00391
2.0039
2.00394
2.0041
2.00421
2.00442
2.00465
2.00487
2.00499
2.00511
2.00515
2.00485
2.00447
2.00407
2.00353
2.00284
2.00235
2.00165
2.00079
2.00018
1.99953
1.99859
1.99727
1.99546
1.99427
1.99301
1.99197
1.99053
1.98855
1.98722
1.98561
1.98376
1.98271
1.98177
1.98095
1.98001
1.97901
1.97838
1.97779
1.97719
1.97672
1.97668
1.97654
1.97597
1.97551
1.97475
1.97405
1.97322
1.97203
1.97051
1.96954
1.96868
1.96776
1.96705
1.96663
1.9663
1.96546
1.96482
1.96415
1.96334
1.9621
1.9605
1.95948
1.95845
1.95743
1.95646
1.95423
1.9532
1.95246
1.95175
1.95081
1.94975
1.94924
1.94886
1.94848
1.94813
1.94788
1.94758
1.94655
1.94568
1.94471
1.94389
1.94314
1.94256
1.942
1.94155
1.9414
1.94131
1.94138
1.94159
1.94215
1.94227
1.94217
1.94189
1.94146
1.94082
1.93997
1.93942
1.93884
1.93813
1.93729
1.93678
1.93638
1.93595
1.93592
1.93593
1.93606
1.93617
1.93622
1.9363
1.93633
1.93639
1.93665
1.93694
1.93739
1.93902
1.94407
1.94892
1.95467
1.96277
1.97326
1.98039
1.98912
1.99903
2.00527
2.01707
2.02401
2.03205
2.03721
2.04221
2.04816
2.05315
2.05475
2.05533
2.05448
2.0533
2.05189
2.05046
2.04883
2.04652
2.04608
2.04468
2.0441
2.04383
2.04377
2.04378
2.04378
2.04365
2.04338
2.04329
2.04329
2.04338
2.04363
2.04422
2.04466
2.04537
2.04621
2.04724
2.04786
2.0486
2.04931
2.04971
2.05001
2.05025
2.05045
2.0505
2.05049
2.05051
2.05072
2.0508
2.05077
2.0507
2.05057
2.05048
2.05045
2.05037
2.0503
2.05027
2.05021
2.05019
2.05019
2.05011
2.05
2.04966
2.04932
2.0489
2.04858
2.04843
2.04836
2.04826
2.04827
2.04826
2.04816
2.048
2.04773
2.0475
2.04726
2.04705
2.04689
2.04671
2.04648
2.04606
2.04535
2.04477
2.04409
2.04201
2.04122
2.04059
2.03994
2.03942
2.03916
2.0389
2.03858
2.03798
2.03703
2.03631
2.03461
2.03354
2.03226
2.03157
2.03046
2.02912
2.02822
2.02739
2.02666
2.0258
2.02489
2.02372
2.02291
2.02114
2.02001
2.01876
2.01793
2.01709
2.01609
2.01501
2.0143
2.01361
2.01294
2.01205
2.01094
2.00957
2.00895
2.00861
2.00845
2.00838
2.00834
2.00828
2.00802
2.00776
2.00861
2.01161
2.01525
2.02087
2.02863
2.03413
2.03976
2.04684
2.05885
2.06012
2.0698
2.07533
2.08138
2.08517
2.08882
2.09231
2.09646
2.09963
2.09984
2.0987
2.09574
2.09311
2.08698
2.08305
2.07938
2.07545
2.07306
2.07087
2.06844
2.06585
2.0643
2.06292
2.06135
2.05948
2.05824
2.05707
2.05473
2.05361
2.05262
2.05245
2.05117
2.05048
2.0497
2.0491
2.04848
2.04766
2.04667
2.04592
2.04605
2.04722
2.04824
2.0488
2.04851
2.04794
2.04708
2.04572
2.04389
2.04269
2.04146
2.03993
2.03823
2.03729
2.03649
2.03565
2.03491
2.03451
2.03397
2.03391
2.03391
2.03395
2.034
2.03415
2.03437
2.03463
2.03489
2.03519
2.03533
2.03545
2.03566
2.03596
2.03617
2.03637
2.03648
2.03644
2.03631
2.03602
2.03555
2.03518
2.03429
2.03395
2.03391
2.03393
2.036
2.04039
2.04765
2.05335
2.05954
2.06765
2.07746
2.08389
2.09013
2.09611
2.10313
2.11088
2.12028
2.12477
2.13021
2.13613
2.13826
2.13887
2.13796
2.13588
2.13267
2.13034
2.12807
2.12536
2.12239
2.12068
2.11877
2.11665
2.11525
2.11379
2.11044
2.10872
2.10722
2.10625
2.10527
2.10426
2.10362
2.10293
2.10209
2.10159
2.10069
2.09968
2.09909
2.09856
2.09802
2.09742
2.09703
2.0967
2.09594
2.09577
2.09548
2.095
2.09484
2.09465
2.09437
2.09393
2.09336
2.09303
2.09269
2.09234
2.09183
2.09101
2.09055
2.08986
2.08917
2.08867
2.08812
2.08644
2.0856
2.08495
2.084
2.08268
2.08163
2.08041
2.07908
2.07767
2.07582
2.07339
2.07171
2.06961
2.06719
2.06367
2.06367
2.06142
2.05836
2.05648
2.05468
2.05335
2.05216
2.05081
2.04937
2.04854
2.04772
2.04661
2.04516
2.04417
2.04311
2.0417
2.03997
2.0375
2.03594
2.03463
2.03302
2.03128
2.03026
2.02905
2.02762
2.0267
2.02556
2.02409
2.02312
2.02216
2.02114
2.01985
2.01834
2.01729
2.01613
2.01454
2.0124
2.00925
2.00718
2.00518
2.00372
2.002
2.00018
1.99918
1.99836
1.99773
1.9972
1.99678
1.99662
1.99653
1.9964
1.99611
1.99526
1.99471
1.99419
1.99361
1.9929
1.99247
1.99163
1.99048
1.98962
1.98876
1.98773
1.98657
1.98594
1.98513
1.98501
1.98512
1.98525
1.98531
1.98529
1.98516
1.98499
1.98479
1.98442
1.98383
1.98295
1.98247
1.98163
1.9806
1.97988
1.97829
1.97735
1.97627
1.9754
1.97452
1.97347
1.97223
1.9716
1.97059
1.96955
1.96893
1.96829
1.96664
1.96567
1.96475
1.96403
1.96324
1.96246
1.96203
1.96156
1.96091
1.96007
1.9594
1.95854
1.95746
1.95692
1.95599
1.95495
1.95429
1.95364
1.95294
1.95223
1.95188
1.95051
1.94971
1.94896
1.94834
1.94791
1.94751
1.94718
1.94711
1.9471
1.94701
1.94682
1.9466
1.94638
1.94616
1.9458
1.9453
1.94456
1.94403
1.94304
1.94268
1.94232
1.94202
1.94178
1.94156
1.94134
1.94126
1.94115
1.94103
1.94094
1.94093
1.94087
1.94078
1.94078
1.94075
1.94064
1.94043
1.94031
1.94025
1.9403
1.94052
1.94095
1.94156
1.94198
1.94247
1.94286
1.94322
1.9435
1.94359
1.94354
1.94339
1.94322
1.94294
1.94251
1.94182
1.94125
1.93981
1.93874
1.93757
1.93663
1.93576
1.93486
1.93408
1.93365
1.93319
1.93258
1.93211
1.93177
1.93157
1.93121
1.93099
1.93059
1.93012
1.92958
1.92887
1.92811
1.92767
1.92725
1.92674
1.92605
1.92546
1.92481
1.92418
1.92281
1.922
1.92119
1.9205
1.91978
1.91888
1.91788
1.91722
1.9165
1.91572
1.91472
1.91363
1.91296
1.91156
1.91078
1.90963
1.90843
1.90697
1.90591
1.90473
1.90316
1.90132
1.90027
1.89936
1.89837
1.89727
1.89654
1.89585
1.89726
1.89939
1.90116
1.90236
1.90333
1.90432
1.90506
1.90538
1.9056
1.90572
1.90586
1.90596
1.90616
1.90628
1.90622
1.90607
1.90593
1.90563
1.90526
1.90514
1.9051
1.90511
1.90522
1.90563
1.90594
1.90654
1.90714
1.90771
1.90796
1.90826
1.90813
1.90778
1.9074
1.90679
1.90598
1.90535
1.90449
1.90326
1.90234
1.90139
1.90054
1.89958
1.89862
1.89811
1.89766
1.89729
1.89686
1.89682
1.89681
1.89682
1.89676
1.89669
1.89667
1.89663
1.8966
1.89659
1.8965
1.89643
1.89633
1.89642
1.8965
1.89649
1.89641
1.89638
1.89591
1.89552
1.89497
1.89468
1.89447
1.89446
1.89477
1.89516
1.89574
1.89644
1.89797
1.89829
1.89889
1.90018
1.90096
1.90167
1.90265
1.90377
1.90508
1.90675
1.90785
1.90894
1.90995
1.91113
1.91222
1.91332
1.91458
1.91538
1.91611
1.91758
1.91844
1.91929
1.91998
1.92072
1.92179
1.9229
1.9242
1.92498
1.92568
1.92627
1.9268
1.92739
1.92783
1.92844
1.92918
1.92965
1.93078
1.93147
1.93206
1.93233
1.93257
1.93298
1.93354
1.93393
1.9343
1.93474
1.93528
1.93556
1.93575
1.93608
1.93629
1.93645
1.93647
1.93644
1.93629
1.93594
1.9357
1.93543
1.93513
1.93441
1.93392
1.93336
1.93298
1.93257
1.93205
1.93163
1.93127
1.93087
1.93051
1.9304
1.93043
1.93055
1.93102
1.93127
1.93133
1.93169
1.93178
1.93176
1.93167
1.93151
1.93134
1.93109
1.93056
1.93009
1.92958
1.92886
1.92791
1.92655
1.92595
1.92554
1.92788
1.9304
1.93291
1.93582
1.93872
1.94033
1.94178
1.94309
1.94451
1.94628
1.94651
1.94687
1.94729
1.94738
1.94754
1.94769
1.94783
1.9479
1.9478
1.94771
1.94765
1.94772
1.94795
1.94812
1.94823
1.94841
1.94867
1.94913
1.9496
1.95013
1.95078
1.95162
1.9521
1.95291
1.95371
1.95467
1.95525
1.9558
1.9569
1.95743
1.95785
1.95805
1.95816
1.95808
1.95761
1.95715
1.95662
1.95587
1.9551
1.95413
1.95353
1.953
1.95234
1.9524
1.95266
1.95301
1.95353
1.9542
1.95457
1.9552
1.95584
1.95654
1.95697
1.95728
1.95757
1.95787
1.95802
1.95807
1.95802
1.95779
1.95741
1.95718
1.95699
1.95678
1.95653
1.95623
1.95592
1.95579
1.95571
1.95584
1.95605
1.9563
1.95663
1.95704
1.95741
1.95762
1.95779
1.958
1.95813
1.95816
1.95852
1.95877
1.95901
1.95931
1.95978
1.96009
1.96039
1.96063
1.96078
1.96076
1.96067
1.96059
1.96042
1.9604
1.96039
1.96037
1.96039
1.96043
1.96034
1.96024
1.96016
1.96003
1.95985
1.95963
1.95952
1.95944
1.95933
1.96062
1.96535
1.9699
1.97657
1.9855
1.99178
1.99825
2.00476
2.01918
2.02692
2.02843
2.04017
2.04708
2.05505
2.05898
2.06545
2.07286
2.07627
2.07788
2.07794
2.07647
2.07354
2.0712
2.06875
2.06569
2.0622
2.06002
2.05636
2.05457
2.05315
2.0517
2.05101
2.04981
2.04831
2.04726
2.04609
2.0444
2.04215
2.041
2.03912
2.03695
2.03556
2.03294
2.03133
2.02956
2.02867
2.02718
2.02575
2.02414
2.02313
2.02189
2.02052
2.01987
2.01887
2.01769
2.01692
2.01614
2.01401
2.01349
2.01246
2.01041
2.00867
2.00751
2.00606
2.00446
2.00344
2.00238
2.00123
1.99968
1.99756
1.99604
1.99455
1.99182
1.99066
1.99044
1.98887
1.98793
1.98677
1.98599
1.98511
1.9842
1.98327
1.98211
1.98088
1.98091
1.98523
1.98753
1.98954
1.99094
1.99248
1.99392
1.99464
1.99516
1.9955
1.99539
1.99503
1.99425
1.99279
1.99149
1.98992
1.98819
1.98463
1.98241
1.97968
1.9779
1.97613
1.97395
1.97151
1.97006
1.96869
1.96714
1.96557
1.96464
1.96384
1.96302
1.96234
1.96166
1.96121
1.95997
1.95925
1.95804
1.95713
1.95596
1.9547
1.95412
1.95325
1.95223
1.95153
1.95075
1.94978
1.94882
1.94771
1.94707
1.94634
1.94545
1.94486
1.94432
1.94374
1.94305
1.94208
1.94169
1.94129
1.94097
1.9408
1.94052
1.94007
1.93966
1.93919
1.93862
1.93766
1.93631
1.93539
1.93449
1.9336
1.93124
1.9299
1.92883
1.92773
1.92627
1.92448
1.92339
1.92242
1.92148
1.92039
1.91924
1.9185
1.91707
1.91622
1.91532
1.9147
1.91382
1.91272
1.91194
1.91099
1.90996
1.90943
1.90909
1.90881
1.90875
1.90886
1.909
1.90922
1.90959
1.91012
1.91046
1.91139
1.91168
1.91238
1.91453
1.91593
1.91753
1.91883
1.9205
1.92244
1.92364
1.92484
1.92627
1.92793
1.92896
1.92993
1.93088
1.93212
1.93362
1.93461
1.93668
1.93798
1.93922
1.94093
1.94225
1.94396
1.94609
1.94756
1.94911
1.95102
1.95324
1.9546
1.95583
1.95695
1.95915
1.95955
1.96109
1.96204
1.96305
1.96385
1.96475
1.96588
1.96676
1.96771
1.96878
1.97028
1.97215
1.97338
1.97465
1.97765
1.97937
1.98112
1.98246
1.98375
1.98541
1.98737
1.98855
1.98964
1.9909
1.99213
1.99357
1.99457
1.99559
1.99662
1.9993
2.00062
2.00164
2.00275
2.00373
2.00422
2.00459
2.00493
2.00527
2.00544
2.00547
2.00549
2.00556
2.00563
2.00581
2.00601
2.0065
2.00689
2.00732
2.00782
2.00865
2.00985
2.01069
2.01155
2.01262
2.0138
2.01508
2.01577
2.01636
2.01682
2.01731
2.01778
2.01812
2.01842
2.01864
2.01879
2.01877
2.01869
2.01858
2.01829
2.01801
2.01768
2.01697
2.01681
2.01644
2.01539
2.01465
2.01378
2.01277
2.01196
2.01117
2.01033
2.0096
2.00922
2.00878
2.00815
2.0074
2.00686
2.00621
2.00455
2.00338
2.00199
2.00105
2.00014
1.99925
1.99825
1.9971
1.9964
1.99507
1.99448
1.99398
1.99354
1.99324
1.99292
1.99276
1.99263
1.99248
1.99227
1.99195
1.99177
1.9916
1.99103
1.9907
1.99047
1.99033
1.99028
1.99027
1.99025
1.99022
1.99014
1.98998
1.98945
1.98902
1.98852
1.98808
1.98758
1.98713
1.98699
1.9869
1.9869
1.98692
1.98685
1.98652
1.98587
1.98469
1.98373
1.98273
1.98163
1.98057
1.97958
1.97913
1.97879
1.97859
1.97843
1.97826
1.97794
1.97746
1.97722
1.97704
1.97685
1.97662
1.97656
1.97667
1.9769
1.97722
1.97758
1.97781
1.97795
1.978
1.9779
1.97783
1.97782
1.97782
1.97775
1.97764
1.97756
1.97759
1.97766
1.97765
1.97764
1.97772
1.97796
1.97816
1.97856
1.97901
1.97951
1.97978
1.98002
1.98041
1.98107
1.98155
1.98201
1.98294
1.9835
1.98414
1.98463
1.98517
1.98597
1.98683
1.98779
1.98819
1.98865
1.98898
1.98919
1.98941
1.98969
1.99015
1.99055
1.99128
1.99172
1.99227
1.99261
1.99297
1.99336
1.99387
1.99455
1.99511
1.99587
1.99676
1.99733
1.99792
1.99874
1.99964
2.00075
2.00147
2.00216
2.00271
2.00302
2.00295
2.00292
2.00243
2.00215
2.00204
2.00199
2.00202
2.00213
2.00219
2.00232
2.0026
2.00281
2.00308
2.00345
2.00381
2.00406
2.00432
2.00458
2.00504
2.00521
2.00524
2.00524
2.005
2.00475
2.00448
2.00314
2.00314
2.00327
2.00343
2.00359
2.00384
2.0041
2.00454
2.00534
2.0067
2.00788
2.00919
2.01094
2.01313
2.01467
2.01864
2.021
2.02325
2.02502
2.02684
2.02907
2.03158
2.03316
2.03488
2.03662
2.03761
2.03843
2.03909
2.0398
2.04034
2.04077
2.04092
2.04096
2.04082
2.04054
2.04025
2.03986
2.03938
2.03912
2.03886
2.03854
2.03812
2.03759
2.0372
2.03681
2.03634
2.0357
2.03521
2.03397
2.0331
2.0321
2.03073
2.02914
2.0281
2.02714
2.02567
2.02493
2.02391
2.02321
2.02259
2.02203
2.0213
2.02048
2.01939
2.01858
2.01766
2.0163
2.01448
2.01194
2.01067
2.00939
2.00787
2.00623
2.00549
2.0043
2.00323
2.00215
2.00024
1.9958
1.97631
1.97029
1.94064
1.92296
1.89862
1.86692
1.84474
1.82191
1.79869
1.77523
1.74581
1.71064
1.68733
1.65838
1.62978
1.59606
1.57399
1.52553
1.49929
1.47866
1.45332
1.42359
1.4041
1.3849
1.366
1.34267
1.3151
1.29704
1.27929
1.24045
1.232
1.21521
1.17803
1.15776
1.13765
1.12174
1.10606
1.08679
1.06402
1.04895
1.03391
1.01898
1.00053
0.978635
0.964204
0.935884
0.918628
0.89821
0.884735
0.87128
0.857871
0.841105
0.824386
0.804629
0.791656
0.778864
0.766227
0.735301
0.720049
0.704961
0.693147
0.681536
0.667259
0.650473
0.639521
0.628818
0.61572
0.60017
0.589888
0.579745
0.559929
0.547924
0.533834
0.524555
0.515309
0.503872
0.490238
0.483463
0.472245
0.459035
0.450359
0.441746
0.42263
0.418407
0.409922
0.401423
0.380494
0.370288
0.362217
0.354285
0.344646
0.333411
0.326039
0.318699
0.31142
0.302413
0.293451
0.282789
0.275832
0.260698
0.25264
0.244921
0.23904
0.233447
0.228038
0.22147
0.213866
0.20893
0.204018
0.197897
0.186941
0.184474
0.174588
0.168485
0.162356
0.157506
0.151568
0.144612
0.140128
0.135708
0.131382
0.126004
0.119521
0.115225
0.111007
0.105825
0.0997941
0.0958498
0.0871992
0.0825891
0.0779978
0.0742853
0.0696421
0.0642013
0.0615752
0.0572881
0.0522392
0.0489843
0.0451355
0.0407329
0.0385432
0.0349445
0.0306054
0.0284082
0.0247575
0.0203496
0.0173459
0.0105026
0.00686428
0.00331051
0.000595157
-0.00191495
-0.00471403
-0.00726959
-0.0102584
-0.0122306
-0.0141807
-0.016498
-0.0190732
-0.0207757
-0.0225318
-0.0248647
-0.0278019
-0.0297995
-0.0343237
-0.036838
-0.0388886
-0.0415697
-0.0449407
-0.0473159
-0.0498074
-0.0523031
-0.055386
-0.0590995
-0.0609898
-0.0666268
-0.0678277
-0.0701991
-0.0731113
-0.0764531
-0.0785834
-0.0828813
-0.0850808
-0.0873249
-0.0890979
-0.0907762
-0.0923956
-0.0943156
-0.0963703
-0.0976176
-0.0988279
-0.101711
-0.103441
-0.105136
-0.106455
-0.107992
-0.109324
-0.11032
-0.111231
-0.112085
-0.113056
-0.114098
-0.114765
-0.116195
-0.117143
-0.118216
-0.118953
-0.119686
-0.120506
-0.12143
-0.122121
-0.12282
-0.123538
-0.124463
-0.125578
-0.127269
-0.128545
-0.129944
-0.131085
-0.132608
-0.134498
-0.135811
-0.13719
-0.139023
-0.141155
-0.142179
-0.143772
-0.145326
-0.146124
-0.147351
-0.147911
-0.148476
-0.14905
-0.149501
-0.149904
-0.15027
-0.150536
-0.150688
-0.15067
-0.150646
-0.150597
-0.150509
-0.150393
-0.150423
-0.150797
-0.151062
-0.151428
-0.151748
-0.152114
-0.152623
-0.153455
-0.154708
-0.155622
-0.156551
-0.158794
-0.160089
-0.161452
-0.162536
-0.163962
-0.165363
-0.166033
-0.166451
-0.16677
-0.166923
-0.166883
-0.167322
-0.16771
-0.168333
-0.169294
-0.170045
-0.170803
-0.171743
-0.172758
-0.173388
-0.174026
-0.174656
-0.175381
-0.176117
-0.176561
-0.176972
-0.17788
-0.178378
-0.178474
-0.17889
-0.17996
-0.180282
-0.180458
-0.180659
-0.180915
-0.181365
-0.181724
-0.182129
-0.182762
-0.183509
-0.184413
-0.185034
-0.185751
-0.186803
-0.188179
-0.188847
-0.190541
-0.190964
-0.191183
-0.191249
-0.191153
-0.190959
-0.190771
-0.190568
-0.190404
-0.1902
-0.189997
-0.189887
-0.189841
-0.18998
-0.19047
-0.191679
-0.192565
-0.193797
-0.195327
-0.196276
-0.197213
-0.19799
-0.198516
-0.198898
-0.199137
-0.199237
-0.199334
-0.199517
-0.199912
-0.200103
-0.200295
-0.200524
-0.200592
-0.200644
-0.200735
-0.200792
-0.20071
-0.200541
-0.200347
-0.200143
-0.199943
-0.199743
-0.19888
-0.198239
-0.197542
-0.196965
-0.196184
-0.195254
-0.194576
-0.193859
-0.192993
-0.192012
-0.191308
-0.190607
-0.189866
-0.188851
-0.187532
-0.18557
-0.184578
-0.183401
-0.182181
-0.180679
-0.179587
-0.178439
-0.177227
-0.175648
-0.173753
-0.172499
-0.171209
-0.168357
-0.166348
-0.164237
-0.161747
-0.16014
-0.158634
-0.156871
-0.15498
-0.153905
-0.15291
-0.152028
-0.151106
-0.150077
-0.148539
-0.147545
-0.147332
-0.145592
-0.14457
-0.143353
-0.142457
-0.14125
-0.139616
-0.138474
-0.137363
-0.136239
-0.134848
-0.133099
-0.131794
-0.130405
-0.126897
-0.124825
-0.123133
-0.120922
-0.11859
-0.116277
-0.113703
-0.112095
-0.110298
-0.108284
-0.107083
-0.105944
-0.104834
-0.1034
-0.101604
-0.100436
-0.0989686
-0.0972139
-0.0959923
-0.0943619
-0.0923507
-0.0910589
-0.0894535
-0.0866041
-0.0849745
-0.0832866
-0.0815533
-0.0794066
-0.0768059
-0.0755215
-0.073408
-0.0713007
-0.0687439
-0.0674867
-0.0654155
-0.0613896
-0.0598247
-0.0579551
-0.0558711
-0.0544952
-0.0531853
-0.0516296
-0.0497864
-0.0484965
-0.0471962
-0.0458792
-0.04417
-0.041875
-0.0402345
-0.0367492
-0.0344701
-0.0317452
-0.0299026
-0.0280823
-0.025923
-0.0234874
-0.0219249
-0.0204384
-0.0189819
-0.0172113
-0.0150813
-0.0135336
-0.00956292
-0.00719187
-0.00479436
-0.00296665
-0.000800537
0.00171634
0.0033757
0.00498288
0.00697457
0.00904696
0.0107883
0.0129604
0.0154489
0.0169484
0.018316
0.0198003
0.0210702
0.022609
0.0237199
0.0260511
0.0276502
0.0296078
0.0308546
0.0320974
0.0337516
0.0358927
0.0373413
0.0387144
0.0400591
0.0430663
0.0448137
0.0467109
0.0483232
0.0504056
0.0528486
0.0543372
0.0557426
0.0570209
0.0584138
0.059936
0.0609354
0.0619161
0.0639728
0.065099
0.0653213
0.0675167
0.0690075
0.0703698
0.0720891
0.0741185
0.0754846
0.0767745
0.0780222
0.079184
0.0804719
0.0816272
0.0826767
0.0838175
0.0845547
0.0854785
0.0866056
0.0874543
0.0893386
0.0906013
0.0921731
0.0933179
0.0945149
0.095737
0.097216
0.0988693
0.099815
0.10056
0.101228
0.10181
0.102471
0.1032
0.103507
0.103788
0.104003
0.104268
0.10453
0.104621
0.104799
0.105007
0.105063
0.104995
0.104773
0.104492
0.10435
0.104209
0.104095
0.10412
0.104233
0.10447
0.104767
0.105188
0.105443
0.105626
0.105571
0.105306
0.105241
0.104682
0.104238
0.103712
0.103382
0.103153
0.103011
0.102882
0.102803
0.102568
0.101989
0.1016
0.100942
0.10032
0.0997295
0.0993751
0.0989062
0.0984995
0.098383
0.0983454
0.0984368
0.0988074
0.0995063
0.100061
0.100596
0.101707
0.102241
0.102693
0.103012
0.103289
0.10359
0.103696
0.103732
0.103626
0.103395
0.103142
0.102829
0.102512
0.101745
0.101151
0.100497
0.0999579
0.0992016
0.0982589
0.0976597
0.0968708
0.0958641
0.0951908
0.0945303
0.0936647
0.0927257
0.0921282
0.0915844
0.090511
0.090511
0.0913295
0.0919385
0.0925888
0.0934735
0.0945251
0.0952121
0.0959018
0.0963106
0.0963576
0.0963049
0.0962445
0.0961654
0.0961979
0.0962982
0.0965587
0.0968387
0.09736
0.0977674
0.098223
0.0986207
0.0990259
0.0993084
0.0993745
0.0994078
0.0994578
0.0994223
0.099189
0.0988715
0.0984121
0.0979872
0.09751
0.0972672
0.0970123
0.0967812
0.0965021
0.0962413
0.0960698
0.0959216
0.0958327
0.0957663
0.0956388
0.0955582
0.0953357
0.0952589
0.0952367
0.0950752
0.0948905
0.0944708
0.0941476
0.0938987
0.0936533
0.0934545
0.0932701
0.0930466
0.0928002
0.0925227
0.0923384
0.092284
0.0921713
0.0919771
0.091786
0.0916561
0.0914766
0.0911551
0.0906953
0.0903015
0.0898254
0.0893075
0.0887104
0.0881901
0.0877042
0.0875576
0.0873496
0.0870487
0.0868933
0.0868266
0.0867943
0.0867344
0.0866436
0.0865202
0.0864206
0.086311
0.086085
0.0858965
0.0856297
0.0851716
0.0845327
0.0841114
0.0835562
0.0828719
0.0824085
0.0813656
0.0806803
0.0798029
0.0792611
0.0787421
0.0781692
0.0774977
0.0769914
0.0764501
0.0759424
0.075367
0.0747493
0.0745326
0.0741636
0.0741312
0.0739489
0.0737912
0.0733384
0.072837
0.072279
0.0716664
0.0708967
0.0699367
0.06934
0.068786
0.0683198
0.0676127
0.0675597
0.0670166
0.0667095
0.0663597
0.0661412
0.0660184
0.0658134
0.0655825
0.065273
0.064765
0.0644781
0.0635543
0.0634723
0.0629133
0.0625407
0.0619825
0.061463
0.0608699
0.0601397
0.0593238
0.05827
0.056875
0.0559088
0.0547633
0.0536009
0.0529173
0.051763
0.0512205
0.0506
0.050253
0.0499188
0.0495436
0.0491435
0.0488222
0.0484982
0.0481934
0.0479065
0.0476284
0.0474542
0.0472916
0.047089
0.0468905
0.0462049
0.0454425
0.0440977
0.0430124
0.0418735
0.0403469
0.0383955
0.0369779
0.0355122
0.0337006
0.0317602
0.030625
0.0295502
0.0284705
0.0258262
0.0255926
0.0247831
0.0237926
0.0237279
0.023915
0.0241637
0.0245412
0.0249385
0.0253381
0.0258571
0.026578
0.0269576
0.0276628
0.0283465
0.0290328
0.0293814
0.0296774
0.0299091
0.0299996
0.0299969
0.0299437
0.0298457
0.0298219
0.029684
0.0290346
0.0285986
0.0279849
0.0271747
0.0267216
0.0260079
0.0252687
0.0249309
0.0246412
0.0242819
0.0239153
0.0233969
0.0229249
0.0223665
0.021742
0.021372
0.0210103
0.0202872
0.0198601
0.0192969
0.0188349
0.0183711
0.0180256
0.0175963
0.017336
0.0170464
0.0166772
0.016369
0.0161716
0.0160118
0.0158773
0.0156806
0.0155311
0.0154385
0.0153631
0.015226
0.015159
0.0148678
0.0146241
0.0143258
0.0139578
0.0134839
0.0126674
0.0114268
0.0105468
0.00957826
0.00824963
0.0066381
0.00458296
0.00328737
0.00302528
0.00109288
0.000292693
-0.000660897
-0.00187773
-0.0027622
-0.00367836
-0.00466613
-0.00594021
-0.00733204
-0.00815935
-0.00944965
-0.0101032
-0.0107095
-0.0110224
-0.0112704
-0.0114382
-0.0116431
-0.0119032
-0.0122591
-0.012665
-0.0132964
-0.0142493
-0.0148727
-0.0160902
-0.0168118
-0.0174894
-0.017774
-0.0180502
-0.0184614
-0.0187669
-0.0190449
-0.0193739
-0.0198779
-0.0201866
-0.0207933
-0.0215491
-0.0220745
-0.0226754
-0.0239948
-0.0248921
-0.0258934
-0.0265025
-0.0270955
-0.0277397
-0.0282553
-0.0284883
-0.0287026
-0.0289984
-0.029334
-0.0295198
-0.0296253
-0.029701
-0.0297602
-0.0298302
-0.0299504
-0.0300719
-0.030282
-0.0306983
-0.0311104
-0.0315569
-0.0320537
-0.0327267
-0.0336522
-0.0343087
-0.035609
-0.0364299
-0.0374656
-0.0381405
-0.0388501
-0.0397289
-0.0408572
-0.0414901
-0.0425638
-0.0436782
-0.0450376
-0.0459444
-0.046905
-0.0479058
-0.0503091
-0.0505259
-0.0519485
-0.0526617
-0.0535585
-0.0542572
-0.0551169
-0.0560412
-0.0571279
-0.0583956
-0.059326
-0.0604014
-0.0618993
-0.063805
-0.065107
-0.0664381
-0.0697137
-0.0700227
-0.0726049
-0.0741901
-0.0759379
-0.07691
-0.0777221
-0.0784081
-0.0791753
-0.0799553
-0.0803375
-0.0806437
-0.0813272
-0.0817983
-0.0824475
-0.0828966
-0.0833698
-0.084078
-0.0851981
-0.0860011
-0.0868627
-0.0880084
-0.0893883
-0.090368
-0.0913847
-0.0927525
-0.0945022
-0.0957023
-0.098312
-0.0997441
-0.100045
-0.102376
-0.10362
-0.105
-0.105924
-0.107111
-0.108672
-0.109813
-0.111184
-0.112524
-0.114005
-0.114835
-0.115603
-0.11659
-0.117754
-0.118289
-0.119136
-0.120074
-0.12072
-0.121518
-0.122478
-0.12318
-0.123873
-0.124684
-0.125657
-0.126169
-0.128036
-0.128235
-0.129543
-0.130136
-0.130675
-0.130852
-0.13084
-0.130532
-0.129972
-0.129601
-0.129341
-0.129181
-0.129154
-0.129223
-0.12929
-0.129341
-0.129614
-0.129648
-0.129688
-0.129662
-0.129817
-0.12998
-0.130464
-0.131267
-0.131831
-0.132445
-0.133254
-0.13417
-0.134681
-0.135149
-0.135673
-0.136167
-0.136465
-0.137223
-0.137753
-0.138452
-0.138917
-0.139354
-0.139804
-0.140077
-0.140309
-0.14043
-0.140461
-0.140408
-0.140166
-0.139967
-0.139776
-0.13951
-0.139214
-0.139016
-0.138825
-0.138687
-0.138977
-0.139014
-0.139477
-0.139896
-0.140395
-0.140791
-0.141201
-0.14166
-0.14227
-0.142603
-0.143158
-0.143699
-0.143995
-0.144317
-0.144721
-0.145203
-0.145467
-0.145842
-0.145985
-0.146175
-0.146406
-0.146775
-0.147345
-0.147985
-0.14836
-0.148695
-0.149038
-0.149559
-0.150288
-0.150009
-0.148351
-0.145246
-0.14445
-0.144054
-0.143772
-0.143616
-0.14369
-0.14395
-0.144553
-0.145072
-0.145689
-0.146356
-0.147019
-0.147881
-0.148773
-0.149657
-0.150124
-0.150788
-0.151156
-0.151539
-0.151805
-0.152032
-0.152276
-0.152598
-0.152969
-0.153144
-0.153181
-0.153136
-0.153006
-0.152994
-0.152816
-0.152609
-0.15062
-0.147911
-0.146711
-0.145645
-0.144938
-0.144662
-0.144432
-0.144123
-0.143853
-0.143517
-0.143216
-0.142952
-0.142745
-0.142498
-0.142081
-0.141418
-0.141003
-0.140572
-0.140093
-0.139478
-0.13918
-0.138777
-0.138417
-0.138039
-0.13787
-0.137746
-0.137704
-0.137818
-0.13792
-0.137967
-0.137911
-0.13763
-0.137132
-0.136807
-0.136573
-0.136321
-0.135843
-0.135523
-0.134909
-0.134188
-0.133763
-0.13324
-0.133077
-0.133076
-0.133098
-0.133088
-0.132873
-0.132669
-0.132477
-0.132227
-0.13183
-0.131385
-0.131102
-0.130848
-0.130617
-0.129948
-0.129732
-0.129566
-0.129631
-0.129727
-0.12997
-0.1304
-0.130792
-0.131221
-0.131645
-0.132004
-0.132307
-0.132307
-0.132118
-0.131842
-0.13128
-0.130822
-0.130276
-0.129755
-0.129531
-0.12934
-0.129263
-0.129234
-0.12923
-0.129185
-0.129072
-0.128942
-0.12885
-0.128729
-0.128574
-0.128456
-0.128285
-0.127895
-0.127801
-0.127629
-0.127413
-0.127205
-0.127121
-0.126802
-0.126566
-0.126465
-0.126433
-0.126454
-0.126544
-0.126562
-0.126606
-0.126668
-0.126789
-0.127005
-0.127266
-0.127471
-0.127472
-0.127353
-0.127225
-0.127041
-0.12681
-0.126678
-0.126618
-0.126616
-0.126698
-0.126849
-0.126902
-0.12686
-0.126606
-0.126039
-0.125524
-0.124701
-0.123641
-0.122911
-0.121939
-0.120589
-0.119853
-0.117202
-0.115841
-0.114718
-0.113631
-0.112417
-0.11102
-0.110094
-0.109215
-0.108448
-0.107692
-0.106993
-0.106524
-0.105496
-0.104923
-0.104421
-0.104186
-0.104042
-0.103942
-0.103796
-0.103454
-0.103175
-0.102947
-0.102733
-0.102608
-0.102658
-0.103185
-0.103696
-0.104216
-0.104909
-0.105717
-0.106261
-0.106795
-0.107421
-0.108099
-0.108422
-0.108647
-0.108841
-0.109082
-0.109343
-0.109655
-0.110344
-0.110707
-0.110775
-0.111064
-0.110987
-0.110612
-0.110295
-0.110001
-0.109662
-0.109039
-0.108107
-0.107548
-0.106925
-0.106183
-0.105754
-0.104854
-0.103574
-0.102028
-0.101139
-0.10033
-0.0997021
-0.0989996
-0.0981249
-0.0974331
-0.096664
-0.0958882
-0.0948707
-0.0938245
-0.0925477
-0.0918905
-0.0908225
-0.0896149
-0.0889088
-0.0875868
-0.0868438
-0.0861145
-0.0852555
-0.0846486
-0.0839311
-0.0830928
-0.082636
-0.0823046
-0.0820146
-0.0815526
-0.0808947
-0.0804706
-0.0801423
-0.0796431
-0.0794056
-0.0793724
-0.0794581
-0.0795814
-0.0797255
-0.0799732
-0.0800947
-0.0802033
-0.0802132
-0.0801394
-0.0799412
-0.0796185
-0.0789593
-0.0783801
-0.0768234
-0.0759312
-0.0750342
-0.0744231
-0.0739722
-0.0736142
-0.0732304
-0.0728813
-0.0727538
-0.0726675
-0.0725487
-0.0724929
-0.0725323
-0.0726529
-0.0732076
-0.073446
-0.073547
-0.073573
-0.0734086
-0.0732442
-0.0730676
-0.0727696
-0.0722019
-0.0717484
-0.0713425
-0.0709646
-0.0705717
-0.0703465
-0.0702961
-0.0702514
-0.0701335
-0.0700224
-0.0699764
-0.0698776
-0.0696646
-0.0695376
-0.0694405
-0.0694632
-0.0694682
-0.0694797
-0.0695187
-0.0697398
-0.0699835
-0.0705278
-0.0713875
-0.0719888
-0.0726049
-0.0734541
-0.0745053
-0.0749859
-0.0757498
-0.0774462
-0.0782479
-0.0788367
-0.079367
-0.0798455
-0.0802094
-0.0803164
-0.0803764
-0.0802505
-0.0801015
-0.0800081
-0.0799542
-0.0799388
-0.0801681
-0.0804372
-0.0806997
-0.0812474
-0.0816094
-0.0819248
-0.0821872
-0.0824914
-0.0829223
-0.0832015
-0.0834054
-0.0836193
-0.0837919
-0.0837712
-0.083644
-0.0835387
-0.0834783
-0.0833424
-0.0828194
-0.0824721
-0.0820619
-0.0818753
-0.0817632
-0.0817437
-0.081779
-0.0818316
-0.0820587
-0.0823727
-0.0827686
-0.083158
-0.0836373
-0.0842092
-0.0845896
-0.08532
-0.0856051
-0.0865314
-0.0865314
-0.0864952
-0.0864515
-0.0864442
-0.086459
-0.086536
-0.0865458
-0.0864873
-0.0865455
-0.086759
-0.0869574
-0.0872627
-0.0877579
-0.0883759
-0.0887839
-0.0892103
-0.089726
-0.090051
-0.0903835
-0.0908048
-0.09144
-0.0923095
-0.092902
-0.0936913
-0.0946823
-0.0953941
-0.0961293
-0.0978132
-0.098177
-0.0997246
-0.100861
-0.102017
-0.103176
-0.104137
-0.105268
-0.106572
-0.107356
-0.108127
-0.108845
-0.109701
-0.110755
-0.111554
-0.112422
-0.114598
-0.114798
-0.116106
-0.116579
-0.116879
-0.117076
-0.117135
-0.117197
-0.11733
-0.117542
-0.117785
-0.118272
-0.118706
-0.119864
-0.120685
-0.121533
-0.122321
-0.123085
-0.123853
-0.124679
-0.125303
-0.126042
-0.12698
-0.127672
-0.128351
-0.12905
-0.129916
-0.130788
-0.131255
-0.131638
-0.132082
-0.132877
-0.13329
-0.133767
-0.134413
-0.135057
-0.135943
-0.137165
-0.138084
-0.13927
-0.14085
-0.141998
-0.143138
-0.144238
-0.145431
-0.146596
-0.147172
-0.147547
-0.147871
-0.147777
-0.147371
-0.146781
-0.145821
-0.14504
-0.144287
-0.143609
-0.142865
-0.142026
-0.141487
-0.141006
-0.140329
-0.140154
-0.140115
-0.140133
-0.140239
-0.140557
-0.141066
-0.141783
-0.142267
-0.14278
-0.143303
-0.143971
-0.144901
-0.146501
-0.147524
-0.148521
-0.149071
-0.149455
-0.149644
-0.149715
-0.149582
-0.149395
-0.149203
-0.149093
-0.149116
-0.149147
-0.149172
-0.149351
-0.149725
-0.149981
-0.150583
-0.151127
-0.151705
-0.152117
-0.152602
-0.153179
-0.153469
-0.153693
-0.153902
-0.15424
-0.154687
-0.155006
-0.155342
-0.156182
-0.156596
-0.156958
-0.157156
-0.157216
-0.157071
-0.156757
-0.156446
-0.156058
-0.155646
-0.155038
-0.154345
-0.153378
-0.152705
-0.151821
-0.150797
-0.150408
-0.150459
-0.151522
-0.15187
-0.152703
-0.15523
-0.155882
-0.158463
-0.159677
-0.160846
-0.162327
-0.164078
-0.165165
-0.166212
-0.167442
-0.168476
-0.169508
-0.170202
-0.171051
-0.171846
-0.172914
-0.173569
-0.175745
-0.176984
-0.17761
-0.178159
-0.178688
-0.179078
-0.179307
-0.179677
-0.180159
-0.180428
-0.180639
-0.180914
-0.181348
-0.181645
-0.182217
-0.182781
-0.183464
-0.183987
-0.184508
-0.185074
-0.185711
-0.186175
-0.187215
-0.187759
-0.188196
-0.188473
-0.188708
-0.188994
-0.189222
-0.189216
-0.189124
-0.188923
-0.18857
-0.188308
-0.187943
-0.187734
-0.187535
-0.187444
-0.187419
-0.18748
-0.187627
-0.187855
-0.188078
-0.188325
-0.1886
-0.18874
-0.188744
-0.188743
-0.188678
-0.188476
-0.188351
-0.188052
-0.187856
-0.18775
-0.187676
-0.187683
-0.18776
-0.187809
-0.187864
-0.187874
-0.187795
-0.187702
-0.187583
-0.18736
-0.187333
-0.187267
-0.187368
-0.187615
-0.188147
-0.188606
-0.189064
-0.189517
-0.190101
-0.190854
-0.19133
-0.191759
-0.19253
-0.192666
-0.193273
-0.193619
-0.194071
-0.194711
-0.195125
-0.195571
-0.195992
-0.196488
-0.197058
-0.197384
-0.197612
-0.197779
-0.197792
-0.197684
-0.197503
-0.197485
-0.197512
-0.197472
-0.197315
-0.197073
-0.196719
-0.196323
-0.196194
-0.196097
-0.195891
-0.195637
-0.195269
-0.194836
-0.19451
-0.194154
-0.193672
-0.193239
-0.192503
-0.191549
-0.191018
-0.189956
-0.188561
-0.187562
-0.186492
-0.185133
-0.183526
-0.182443
-0.181413
-0.179364
-0.178927
-0.177365
-0.17641
-0.175525
-0.174581
-0.173742
-0.172712
-0.171554
-0.170844
-0.170252
-0.16959
-0.168857
-0.16845
-0.168092
-0.167777
-0.167577
-0.167255
-0.167064
-0.166869
-0.16664
-0.166309
-0.165993
-0.165883
-0.165837
-0.165809
-0.165774
-0.165625
-0.165489
-0.165294
-0.164506
-0.164017
-0.163616
-0.1633
-0.162883
-0.162487
-0.162312
-0.162143
-0.161987
-0.161716
-0.161068
-0.160507
-0.159898
-0.157899
-0.157649
-0.155289
-0.153729
-0.151947
-0.150868
-0.149834
-0.148796
-0.147803
-0.146744
-0.145711
-0.145193
-0.143515
-0.14252
-0.141636
-0.140545
-0.139206
-0.138296
-0.137373
-0.136236
-0.134897
-0.134096
-0.133418
-0.132707
