-0.0234731
-0.024609
-0.0259976
-0.0263962
-0.0256266
-0.0232264
-0.0144749
-0.0120209
-0.00667536
0.00534363
0.0135396
0.0238085
0.0308101
0.0378009
0.0533252
0.0533252
0.0633217
0.0681375
0.0819309
0.0833976
0.0948711
0.10182
0.108666
0.116793
0.122222
0.127584
0.132872
0.13942
0.147148
0.152173
0.157142
0.168188
0.174092
0.17985
0.185428
0.189808
0.195262
0.20157
0.205535
0.209375
0.213055
0.216607
0.220975
0.225372
0.230652
0.237602
0.24099
0.245038
0.249489
0.252166
0.254642
0.257584
0.260844
0.262367
0.264869
0.267868
0.269802
0.271651
0.275603
0.276422
0.278022
0.281315
0.283106
0.284883
0.286309
0.288195
0.290665
0.29233
0.293938
0.295944
0.298276
0.299743
0.301066
0.30228
0.303732
0.306094
0.306546
0.307407
0.309054
0.309852
0.310521
0.311217
0.31187
0.312437
0.313024
0.31363
0.313969
0.31462
0.315327
0.31659
0.317665
0.318939
0.320641
0.322801
0.324335
0.325892
0.327411
0.329268
0.331361
0.33257
0.334899
0.336049
0.337043
0.337826
0.338613
0.339564
0.340713
0.341416
0.342047
0.342645
0.343365
0.344206
0.344809
0.34619
0.347113
0.34831
0.349154
0.350305
0.351745
0.352485
0.353646
0.354809
0.355518
0.356179
0.35701
0.358019
0.358727
0.35943
0.360562
0.360703
0.360889
0.361115
0.361274
0.361566
0.362
0.362641
0.363443
0.364233
0.365272
0.366374
0.367027
0.367592
0.368143
0.368793
0.369289
0.369704
0.36985
0.370885
0.371396
0.374242
0.376201
0.37913
0.383128
0.386041
0.389063
0.392246
0.395651
0.400202
0.405901
0.413629
0.418451
0.423348
0.42828
0.432253
0.43629
0.441516
0.448184
0.452799
0.457432
0.46322
0.470301
0.47513
0.481183
0.488431
0.492012
0.497914
0.504917
0.513983
0.51958
0.5241
0.529768
0.536621
0.541147
0.546693
0.553293
0.557702
0.562072
0.56644
0.571963
0.578799
0.58348
0.588285
0.598081
0.604171
0.611561
0.616617
0.621755
0.626929
0.633474
0.641313
0.645198
0.651674
0.659371
0.669532
0.675836
0.682133
0.68838
0.69338
0.698418
0.70482
0.712756
0.718121
0.723503
0.73014
0.737951
0.743048
0.748074
0.754246
0.760272
0.767287
0.776353
0.780905
0.78664
0.793498
0.796876
0.802378
0.808963
0.813322
0.81864
0.824899
0.828987
0.833097
0.837231
0.842416
0.848646
0.852808
0.862388
0.867864
0.868985
0.873524
0.885058
0.890917
0.896864
0.902843
0.90894
0.915108
0.920099
0.925087
0.930023
0.936117
0.943204
0.94785
0.95247
0.958254
0.965301
0.970116
0.981297
0.987636
0.993943
0.998997
1.00398
1.01018
1.01767
1.0214
1.02767
1.03403
1.04171
1.04677
1.05176
1.05799
1.06562
1.07087
1.07626
1.09006
1.09699
1.1039
1.10943
1.11639
1.12461
1.1299
1.13513
1.14032
1.14682
1.1546
1.15973
1.16478
1.1756
1.18141
1.18727
1.19196
1.19783
1.20492
1.20962
1.21551
1.22271
1.22769
1.23413
1.24224
1.24777
1.25341
1.26054
1.26784
1.27377
1.28562
1.28562
1.30067
1.30841
1.31635
1.3245
1.33274
1.34086
1.34723
1.35492
1.36387
1.36821
1.37536
1.38396
1.3898
1.39566
1.403
1.41174
1.41758
1.42339
1.43637
1.44366
1.45097
1.45688
1.46283
1.46885
1.47656
1.48609
1.49252
1.49889
1.51282
1.52204
1.52825
1.53449
1.54238
1.55186
1.55812
1.56435
1.5705
1.57814
1.58581
1.59501
1.6012
1.60741
1.61517
1.62458
1.6309
1.6453
1.65346
1.66162
1.66816
1.67479
1.68314
1.69321
1.69992
1.7067
1.71352
1.7289
1.76893
1.76893
1.77567
1.78242
1.79086
1.80092
1.80747
1.8215
1.829
1.83047
1.84219
1.8494
1.85796
1.86371
1.86954
1.87543
1.88132
1.88869
1.89754
1.90337
1.91613
1.92315
1.92456
1.93584
1.94296
1.9517
1.95611
1.96345
1.97088
1.97985
1.98587
1.99186
1.99937
2.00847
2.01301
2.02057
2.0298
2.03608
2.04247
2.05878
2.06042
2.07351
2.08161
2.09138
2.09798
2.1047
2.11156
2.12026
2.13074
2.13592
2.14434
2.15419
2.15902
2.17304
2.17603
2.18763
2.19478
2.20337
2.2092
2.21659
2.22567
2.23182
2.23806
2.24609
2.25586
2.26232
2.26872
2.2751
2.28155
2.29796
2.30454
2.31114
2.31769
2.32574
2.33524
2.34148
2.34774
2.38864
2.38864
2.39573
2.40411
2.40973
2.4154
2.42253
2.42829
2.43417
2.4493
2.45706
2.46328
2.47101
2.48023
2.48641
2.49266
2.50063
2.51043
2.51699
2.52352
2.53004
2.53819
2.54791
2.56081
2.56735
2.57554
2.58541
2.592
2.59852
2.6066
2.61636
2.62287
2.62931
2.63732
2.64689
2.6533
2.66141
2.67117
2.67598
2.68394
2.69342
2.69964
2.71196
2.71972
2.72922
2.73557
2.74182
2.74959
2.7589
2.76509
2.77124
2.77899
2.78831
2.79452
2.80228
2.81149
2.81758
2.8236
2.83104
2.83997
2.85199
2.85962
2.86743
2.87379
2.88194
2.89194
2.89862
2.90708
2.91747
2.92449
2.9315
2.9384
2.9469
2.95705
2.96386
2.97075
2.97943
2.99468
2.99799
3.00453
3.01742
3.02539
3.03479
3.04102
3.04723
3.05506
3.06448
3.07068
3.0768
3.0844
3.09191
3.09789
3.10389
3.11888
3.1263
3.13222
3.13819
3.14572
3.15484
3.1609
3.16699
3.17309
3.17919
3.19467
3.20252
3.20875
3.21497
3.22285
3.23242
3.2389
3.24549
3.25375
3.26364
3.27021
3.27678
3.29148
3.2996
3.30766
3.31408
3.32044
3.32666
3.33432
3.34362
3.3484
3.36317
3.36646
3.37306
3.38809
3.39648
3.40485
3.41147
3.41794
3.42577
3.43496
3.44103
3.44703
3.45454
3.46374
3.46997
3.47629
3.49061
3.49383
3.50025
3.5131
3.52117
3.52917
3.53856
3.54319
3.55086
3.55989
3.56574
3.57145
3.57844
3.58662
3.59201
3.59733
3.60383
3.61133
3.61609
3.62179
3.62836
3.63264
3.6411
3.64636
3.65273
3.65699
3.66131
3.6669
3.67369
3.67822
3.68398
3.69119
3.69609
3.70096
3.7058
3.71177
3.72241
3.7248
3.73426
3.74013
3.74607
3.75078
3.75541
3.75998
3.76571
3.77257
3.77709
3.78161
3.7872
3.79386
3.80265
3.80707
3.81264
3.81823
3.8251
3.82973
3.83554
3.84254
3.84716
3.8518
3.85642
3.86212
3.86871
3.87299
3.87729
3.887
3.89221
3.89739
3.90149
3.90652
3.91258
3.91662
3.92064
3.92466
3.92972
3.93595
3.93916
3.9446
3.95118
3.9557
3.96622
3.97212
3.97806
3.98391
3.98979
3.99459
4.00052
4.00743
4.01197
4.01643
4.02199
4.02877
4.03331
4.03893
4.04556
4.04996
4.05432
4.05866
4.06412
4.07072
4.07501
4.0792
4.08958
4.09378
4.09799
4.10334
4.11004
4.11464
4.11929
4.124
4.12996
4.13694
4.14143
4.15029
4.15587
4.16276
4.16621
4.17198
4.17901
4.1838
4.1886
4.19335
4.19911
4.20458
4.21075
4.21469
4.22239
4.22709
4.23258
4.23619
4.23982
4.24445
4.25008
4.25382
4.2576
4.2614
4.26612
4.27186
4.27981
4.28497
4.28916
4.29451
4.30115
4.30569
4.31136
4.31805
4.32256
4.32726
4.33338
4.33834
4.34458
4.35218
4.35724
4.3623
4.36865
4.37999
4.38123
4.39106
4.39701
4.40414
4.40889
4.4137
4.41855
4.4246
4.4316
4.43495
4.44033
4.4465
4.45045
4.45813
4.46288
4.46769
4.4734
4.47714
4.48082
4.48549
4.49124
4.49511
4.49905
4.50412
4.5103
4.51451
4.51877
4.52845
4.53395
4.53947
4.54057
4.54911
4.55439
4.56073
4.56497
4.56927
4.57459
4.58089
4.58503
4.58923
4.59345
4.59853
4.60442
4.61218
4.61602
4.6199
4.62487
4.63095
4.63506
4.63912
4.64418
4.6503
4.6545
4.65878
4.66423
4.6709
4.6754
4.68572
4.69163
4.69762
4.70243
4.70855
4.7162
4.72154
4.72704
4.73419
4.74301
4.74888
4.75475
4.76204
4.77064
4.77633
4.78195
4.79395
4.79651
4.8015
4.80755
4.81474
4.81964
4.831
4.83733
4.8386
4.84865
4.85508
4.86173
4.86985
4.87527
4.88067
4.88746
4.89556
4.90082
4.90606
4.91128
4.91773
4.9254
4.93563
4.94072
4.94713
4.95484
4.95985
4.96476
4.97075
4.97671
4.98384
4.98863
4.99344
4.99951
5.0068
5.01166
5.01783
5.02535
5.03037
5.03539
5.0471
5.05378
5.06051
5.066
5.07303
5.08165
5.08746
5.09476
5.10342
5.10773
5.11482
5.12324
5.12884
5.13438
5.14129
5.14948
5.1548
5.15994
5.17103
5.17344
5.17825
5.18916
5.19536
5.20164
5.20672
5.21308
5.22085
5.22608
5.23124
5.23638
5.24273
5.25026
5.25404
5.26032
5.26791
5.27303
5.27822
5.29168
5.29855
5.30409
5.31097
5.31922
5.32462
5.32984
5.33496
5.34003
5.34627
5.35369
5.35865
5.36485
5.37227
5.38353
5.38353
5.39118
5.40143
5.40781
5.41423
5.41932
5.42436
5.43068
5.43819
5.44314
5.44806
5.45414
5.46136
5.46615
5.47091
5.47682
5.48396
5.49344
5.49919
5.50366
5.50913
5.51573
5.52012
5.52557
5.53217
5.53656
5.54209
5.54872
5.5531
5.5574
5.56167
5.56695
5.57338
5.57777
5.58229
5.58809
5.59526
5.6054
5.612
5.61875
5.62427
5.63115
5.63926
5.64452
5.64961
5.65454
5.66058
5.66768
5.67239
5.67706
5.68287
5.68991
5.69945
5.7042
5.70887
5.71463
5.72131
5.72458
5.72997
5.73656
5.74103
5.74558
5.75136
5.7584
5.76324
5.77457
5.78105
5.78763
5.79293
5.79966
5.80783
5.81339
5.81906
5.8248
5.83214
5.83952
5.84824
5.85254
5.85968
5.86822
5.87383
5.88612
5.89289
5.89952
5.90474
5.90997
5.9165
5.92437
5.92831
5.93495
5.94301
5.94833
5.95357
5.96519
5.9715
5.97767
5.98259
5.9888
5.99618
6.00107
6.00596
6.01202
6.01929
6.02424
6.03065
6.03856
6.04257
6.04923
6.05724
6.06264
6.06812
6.07498
6.08315
6.08719
6.10029
6.10682
6.11335
6.11989
6.12507
6.13152
6.13907
6.144
6.1501
6.15724
6.16191
6.16648
6.171
6.17554
6.18129
6.1871
6.19416
6.19886
6.20956
6.21556
6.22156
6.22636
6.23123
6.23739
6.24482
6.24985
6.25489
6.25985
6.26932
6.27505
6.28073
6.28763
6.29222
6.29676
6.30241
6.30921
6.31382
6.31859
6.32347
6.32977
6.33753
6.34796
6.35438
6.36071
6.36563
6.37043
6.37622
6.38295
6.38731
6.39163
6.39591
6.40122
6.40654
6.41298
6.41734
6.4261
6.4316
6.43722
6.44173
6.44626
6.45188
6.45865
6.46321
6.46786
6.47383
6.48004
6.48772
6.4929
6.50478
6.51145
6.518
6.52315
6.52829
6.53463
6.54202
6.54682
6.5516
6.55767
6.56514
6.57018
6.57526
6.5804
6.59334
6.59988
6.60644
6.61176
6.61718
6.62399
6.63216
6.63754
6.6429
6.64829
6.65519
6.66365
6.66934
6.68089
6.68665
6.6938
6.70082
6.70899
6.71438
6.71973
6.72642
6.73434
6.73955
6.74465
6.75091
6.75838
6.76351
6.76876
6.78168
6.78804
6.7944
6.79956
6.80479
6.81135
6.8191
6.82428
6.8295
6.83475
6.84643
6.85287
6.85931
6.86573
6.87211
6.87838
6.8833
6.88931
6.8964
6.90106
6.90564
6.91025
6.91607
6.92321
6.92683
6.93296
6.93918
6.94679
6.95203
6.96443
6.97161
6.97899
6.98497
6.99238
7.001
7.00666
7.01363
7.02181
7.02711
7.03224
7.03726
7.0435
7.0512
7.05651
7.06195
7.06748
7.08132
7.08814
7.09353
7.09896
7.10442
7.11123
7.11934
7.12469
7.12996
7.13641
7.14395
7.14765
7.16028
7.16701
7.1739
7.18079
7.18767
7.18904
7.2002
7.20736
7.21607
7.22189
7.22778
7.23517
7.24395
7.24969
7.25543
7.26123
7.27439
7.27732
7.28312
7.29612
7.30349
7.30945
7.31709
7.32482
7.33271
7.34236
7.34882
7.35526
7.36162
7.36936
7.37694
7.38443
7.39343
7.39945
7.40546
7.41892
7.42646
7.43414
7.44039
7.44676
7.45478
7.46274
7.47207
7.47825
7.48443
7.49061
7.49835
7.50767
7.51391
7.52183
7.53148
7.538
7.55111
7.55924
7.56885
7.57522
7.58155
7.58949
7.59911
7.60556
7.61211
7.6204
7.63043
7.63719
7.64406
7.66003
7.66904
7.67799
7.68514
7.69225
7.70099
7.71125
7.71799
7.72471
7.73142
7.74658
7.75502
7.76346
7.77028
7.77875
7.78882
7.79549
7.80219
7.81059
7.82084
7.82769
7.83456
7.84142
7.85695
7.86548
7.86716
7.88037
7.88834
7.89781
7.90409
7.9104
7.91668
7.92439
7.9335
7.93959
7.94573
7.95357
7.96328
7.97689
7.98391
7.99285
8.0036
8.01063
8.01756
8.02605
8.03592
8.04223
8.04836
8.05436
8.06172
8.07492
8.07783
8.08364
8.09664
8.10375
8.11081
8.11635
8.12188
8.12877
8.13696
8.14108
8.14796
8.15478
8.16295
8.16842
8.17387
8.1862
8.19304
8.19988
8.2054
8.21095
8.21803
8.22659
8.23092
8.23816
8.24544
8.25421
8.26011
8.26605
8.27973
8.28749
8.29536
8.30164
8.30794
8.31575
8.32482
8.33074
8.33655
8.3437
8.35091
8.35967
8.36556
8.37152
8.38497
8.39234
8.39972
8.40557
8.4128
8.42139
8.4256
8.43243
8.43905
8.44685
8.45206
8.45738
8.46414
8.47234
8.47788
8.48348
8.49054
8.49894
8.50984
8.5166
8.52336
8.53021
8.53572
8.54267
8.55117
8.55684
8.56392
8.57247
8.57817
8.58391
8.58965
8.59691
8.60565
8.61137
8.61706
8.62986
8.63704
8.63849
8.6516
8.6587
8.66427
8.67121
8.67963
8.68523
8.69072
8.6962
8.70305
8.71115
8.71647
8.7218
8.73402
8.74085
8.74222
8.74903
8.75721
8.76267
8.77499
8.78183
8.78887
8.79622
8.80228
8.81004
8.81957
8.82601
8.83257
8.8409
8.85095
8.85773
8.86629
8.87667
8.88361
8.89056
8.89749
8.91281
8.92129
8.92301
8.93689
8.94571
8.95656
8.96209
8.97131
8.98238
8.98964
8.99669
9.00526
9.01367
9.02361
9.03013
9.0366
9.04468
9.05438
9.06091
9.07401
9.08203
9.08999
9.09956
9.10441
9.11252
9.12241
9.1291
9.13589
9.14444
9.15463
9.15968
9.16811
9.17823
9.18489
9.19786
9.20589
9.21542
9.22017
9.2282
9.23626
9.24603
9.25269
9.26117
9.27143
9.2766
9.28518
9.29543
9.30217
9.30885
9.3237
9.32695
9.33337
9.34605
9.35564
9.36203
9.3699
9.37923
9.38534
9.39142
9.39742
9.40482
9.41357
9.41941
9.42526
9.43845
9.44594
9.44746
9.45994
9.46803
9.47793
9.48464
9.49137
9.49815
9.50497
9.51344
9.52353
9.53041
9.54651
9.55545
9.56433
9.57131
9.57992
9.58996
9.5965
9.60296
9.61089
9.62024
9.62644
9.63411
9.64319
9.64925
9.65528
9.66121
9.67283
9.68001
9.68857
9.69419
9.69983
9.70703
9.71585
9.72181
9.72789
9.73559
9.74491
9.7511
9.75727
9.76494
9.77243
9.78105
9.78663
9.79903
9.80447
9.81244
9.81773
9.82444
9.83253
9.83659
9.84331
9.85128
9.8566
9.86198
9.86885
9.87587
9.88434
9.88996
9.89703
9.90572
9.91163
9.91757
9.92494
9.93355
9.94477
9.95042
9.95749
9.96585
9.9714
9.97828
9.98661
9.99222
9.99779
10.0034
10.0102
10.0184
10.0238
10.0292
10.0345
10.0475
10.054
10.0591
10.0642
10.0705
10.0782
10.0834
10.0885
10.0936
10.1001
10.1079
10.1131
10.1238
10.1306
10.1389
10.1446
10.1517
10.1601
10.1657
10.1726
10.1809
10.1864
10.1918
10.1986
10.2068
10.2123
10.2177
10.2232
10.23
10.2381
10.2435
10.2557
10.2585
10.2639
10.2764
10.2834
10.2906
10.2963
10.3036
10.3124
10.3183
10.3243
10.3317
10.3406
10.3464
10.352
10.3575
10.3641
10.3722
10.3778
10.389
10.3962
10.4035
10.4123
10.4181
10.4252
10.4338
10.4395
10.4454
10.4527
10.4618
10.4678
10.4737
10.4796
10.493
10.496
10.5077
10.515
10.5223
10.528
10.5352
10.5437
10.5494
10.5551
10.5608
10.5679
10.5763
10.582
10.5877
10.6005
10.6077
10.6149
10.6207
10.6265
10.6339
10.6427
10.6486
10.6546
10.6621
10.6696
10.6784
10.6842
10.69
10.6956
10.7094
10.7161
10.7213
10.7278
10.7356
10.7406
10.7457
10.7507
10.757
10.7649
10.769
10.776
10.7847
10.7905
10.8021
10.8092
10.8176
10.823
10.8284
10.8337
10.8404
10.8485
10.8538
10.859
10.8654
10.873
10.8829
10.8894
10.8959
10.9011
10.9077
10.9158
10.9214
10.927
10.9326
10.9396
10.9478
10.9534
10.9603
10.9687
10.9742
10.9796
10.9912
10.9937
10.9988
11.01
11.0161
11.0222
11.0282
11.033
11.0378
11.0436
11.0506
11.0553
11.0601
11.0662
11.0738
11.079
11.0842
11.0947
11.1013
11.109
11.1141
11.1191
11.1239
11.1296
11.1362
11.1404
11.1486
11.1527
11.1568
11.162
11.1672
11.1736
11.1778
11.182
11.1873
11.1926
11.1991
11.2035
11.2079
11.2177
11.2232
11.2288
11.2334
11.2381
11.2429
11.249
11.2564
11.2613
11.266
11.2762
11.2817
11.2872
11.2915
11.2969
11.3034
11.3077
11.3121
11.3178
11.3249
11.3285
11.3345
11.3406
11.348
11.3528
11.3577
11.3638
11.371
11.3792
11.3852
11.3924
11.3972
11.4021
11.407
11.4132
11.4204
11.4252
11.43
11.4358
11.4427
11.4472
11.4563
11.4619
11.4674
11.4739
11.4782
11.4824
11.4876
11.4939
11.4981
11.5023
11.5075
11.5138
11.518
11.5222
11.5317
11.5371
11.5426
11.5472
11.5531
11.5607
11.5646
11.5712
11.578
11.5863
11.5921
11.5982
11.606
11.6156
11.6221
11.6286
11.6413
11.649
11.6582
11.6642
11.6701
11.6775
11.685
11.694
11.6986
11.706
11.7149
11.7208
11.7269
11.7345
11.7438
11.7498
11.7618
11.7694
11.7784
11.7843
11.7902
11.7961
11.8035
11.8124
11.8184
11.8259
11.8351
11.8412
11.8475
11.8555
11.8636
11.8736
11.8804
11.8889
11.8993
11.913
11.9216
11.9232
11.9384
11.9469
11.9555
11.9623
11.9707
11.9807
11.9856
11.9938
12.0035
12.0099
12.0162
12.0241
12.0336
12.04
12.0464
12.0526
12.0676
12.0752
12.0812
12.0888
12.0979
12.104
12.1101
12.1495
12.1495
12.1553
12.1623
12.1691
12.177
12.1822
12.1874
12.1937
12.2011
12.2057
12.2101
12.2152
12.2206
12.2238
12.2303
12.2336
12.2368
12.2393
12.2418
12.2448
12.2483
12.2507
12.2537
12.2574
12.2599
12.2624
12.265
12.2682
12.2713
12.2747
12.2768
12.2811
12.2834
12.2854
12.2869
12.2883
12.2897
12.2905
12.2913
12.2921
12.2932
12.2946
12.2958
12.297
12.2987
12.3011
12.3027
12.3061
12.3077
12.3092
12.3112
12.3137
12.3155
12.3173
12.321
12.3233
12.326
12.3276
12.3292
12.3307
12.3324
12.334
12.3359
12.337
12.3381
12.3393
12.3406
12.3421
12.3429
12.3436
12.3444
12.3453
12.3457
12.3462
12.3467
12.3474
12.3483
12.3501
12.3557
12.3571
12.362
12.364
12.3661
12.3677
12.3683
12.3687
12.369
12.369
12.3688
12.3681
12.3673
12.3661
12.3647
12.363
12.3617
12.3585
12.3565
12.3548
12.3526
12.3499
12.3479
12.3458
12.3435
12.3404
12.3365
12.334
12.3315
12.3257
12.3243
12.3217
12.3159
12.3129
12.3099
12.3076
12.3054
12.3026
12.2992
12.2969
12.2946
12.2922
12.2891
12.2852
12.2826
12.2773
12.274
12.2701
12.2675
12.2649
12.2624
12.2594
12.2565
12.2535
12.2516
12.2497
12.248
12.244
12.242
12.2402
12.2389
12.2377
12.2361
12.2342
12.2331
12.2322
12.2311
12.23
12.2294
12.2288
12.2278
12.2273
12.2267
12.2262
12.2256
12.2246
12.2232
12.2225
12.2211
12.2195
12.2184
12.2173
12.2149
12.2143
12.2132
12.2121
12.2091
12.2076
12.2065
12.2054
12.2041
12.2026
12.2016
12.2006
12.1996
12.1984
12.1971
12.1953
12.194
12.1909
12.1892
12.1875
12.1862
12.185
12.1839
12.1825
12.1807
12.1796
12.1785
12.1773
12.1756
12.1752
12.1737
12.1728
12.1718
12.1709
12.1697
12.168
12.1669
12.1659
12.165
12.164
12.1631
12.1627
12.1623
12.1617
12.1609
12.1604
12.1595
12.1593
12.1593
12.1592
12.1591
12.1588
12.1587
12.1584
12.1581
12.1579
12.1576
12.1572
12.1569
12.1563
12.1555
12.1552
12.1547
12.1545
12.1545
12.154
12.1534
12.1528
12.1522
12.1516
12.1504
12.1491
12.1473
12.146
12.1447
12.143
12.1403
12.1376
12.1344
12.1296
12.1231
12.1183
12.1068
12.1001
12.0948
12.0882
12.0803
12.075
12.0697
12.0645
12.0579
12.05
12.0459
12.0339
12.0312
12.0258
12.0192
12.0111
12.0057
11.9939
11.9872
11.9807
11.9754
11.9701
11.9648
11.9581
11.9499
11.9445
11.939
11.9265
11.9194
11.912
11.906
11.8983
11.8904
11.8839
11.8772
11.8704
11.8617
11.8512
11.8443
11.8309
11.8228
11.8134
11.8073
11.8012
11.7938
11.785
11.7792
11.7734
11.7677
11.7607
11.7523
11.7415
11.7349
11.7282
11.7228
11.716
11.7077
11.7022
11.6967
11.6897
11.6811
11.6768
11.6694
11.6602
11.6539
11.6414
11.6337
11.6259
11.618
11.6116
11.6052
11.5972
11.5892
11.5796
11.5733
11.567
11.5607
11.5544
11.5388
11.5372
11.5248
11.517
11.5078
11.5018
11.4958
11.4899
11.4828
11.4745
11.469
11.4635
11.4515
11.4451
11.4389
11.4342
11.4285
11.4219
11.4177
11.4134
11.4079
11.4013
11.3969
11.3702
11.3653
11.3592
11.3517
11.3466
11.3415
11.3351
11.3276
11.3227
11.318
11.3134
11.3077
11.3009
11.2964
11.2918
11.2801
11.274
11.2728
11.2679
11.2549
11.2482
11.2429
11.2377
11.2311
11.2233
11.2181
11.2131
11.2068
11.2005
11.1928
11.1876
11.1825
11.1761
11.1684
11.1645
11.1517
11.1453
11.1388
11.1334
11.1268
11.1187
11.1134
11.1081
11.1028
11.0963
11.0886
11.0834
11.0782
11.0718
11.0642
11.0543
11.0494
11.0436
11.0368
11.0325
11.0282
11.0238
11.0193
11.0137
11.007
11.0027
10.9972
10.9906
10.9819
10.9774
10.9718
10.9652
10.961
10.9568
10.9515
10.945
10.9407
10.9363
10.9319
10.9262
10.9194
10.9148
10.9043
10.8983
10.8923
10.8875
10.8814
10.8741
10.8691
10.8641
10.8579
10.8507
10.846
10.8412
10.8364
10.8303
10.8229
10.8126
10.8072
10.8004
10.7935
10.7851
10.7795
10.774
10.7685
10.7616
10.7534
10.7479
10.7424
10.7315
10.7249
10.7185
10.7109
10.7058
10.7005
10.6939
10.6859
10.6806
10.6752
10.6698
10.663
10.6547
10.6439
10.6371
10.6358
10.6253
10.6188
10.6111
10.606
10.5996
10.592
10.5869
10.582
10.5771
10.571
10.5637
10.5588
10.5539
10.5428
10.5366
10.5316
10.5253
10.5189
10.5124
10.5044
10.4992
10.4926
10.4848
10.4797
10.4745
10.4694
10.4627
10.4545
10.4488
10.4414
10.4324
10.4261
10.4182
10.4087
10.4026
10.3953
10.3842
10.3789
10.3737
10.3685
10.3621
10.3545
10.3506
10.3442
10.3376
10.3297
10.3257
10.319
10.3056
10.3003
10.2936
10.2857
10.2805
10.2752
10.2687
10.2608
10.2554
10.25
10.2444
10.2373
10.2288
10.2232
10.212
10.2049
10.1963
10.1906
10.1849
10.1779
10.1696
10.1641
10.1586
10.153
10.1458
10.1371
10.1313
10.118
10.1107
10.1033
10.0975
10.0903
10.0816
10.0759
10.0702
10.0633
10.0565
10.0511
10.0444
10.0367
10.0315
10.0264
10.0199
10.0134
10.0056
10.0004
9.99006
9.98364
9.97587
9.9707
9.96551
9.95892
9.95076
9.94519
9.9396
9.93397
9.92123
9.91406
9.90682
9.90093
9.8936
9.88497
9.87925
9.87355
9.8678
9.86046
9.8515
9.84545
9.83939
9.82588
9.81848
9.81699
9.80391
9.79696
9.79148
9.78466
9.7766
9.77125
9.76592
9.76051
9.75507
9.74825
9.74136
9.73431
9.72563
9.71976
9.71232
9.70315
9.69696
9.68445
9.67666
9.66748
9.66146
9.65543
9.64941
9.64185
9.63276
9.62675
9.62082
9.61351
9.60627
9.59768
9.58633
9.58077
9.57523
9.56966
9.56256
9.55385
9.54947
9.54221
9.53372
9.52816
9.51703
9.51003
9.50174
9.49624
9.49082
9.48411
9.47615
9.47224
9.46595
9.46001
9.4532
9.44873
9.44431
9.43428
9.42853
9.42737
9.418
9.41215
9.40533
9.4008
9.3962
9.39038
9.38343
9.37996
9.37407
9.36689
9.3633
9.35728
9.35006
9.34045
9.33553
9.32928
9.32171
9.31658
9.31148
9.30652
9.30061
9.29382
9.28944
9.28514
9.27528
9.26965
9.2639
9.25928
9.25357
9.24666
9.24318
9.23745
9.23177
9.22505
9.22057
9.2161
9.21171
9.20201
9.19657
9.19115
9.1869
9.18163
9.17533
9.17104
9.16561
9.15892
9.15438
9.14983
9.1442
9.13768
9.13346
9.12927
9.10217
9.10217
9.09713
9.09387
9.09067
9.08677
9.08199
9.07868
9.07447
9.0692
9.06556
9.06189
9.05816
9.05336
9.04744
9.04344
9.03551
9.03052
9.02435
9.02015
9.01582
9.01138
9.00573
8.99897
8.99446
8.99
8.98559
8.97496
8.96972
8.96559
8.96059
8.95582
8.95021
8.94653
8.9429
8.93923
8.93463
8.92902
8.92511
8.92107
8.91586
8.91051
8.90407
8.89974
8.88991
8.88459
8.88355
8.87542
8.87047
8.86447
8.86038
8.85625
8.85093
8.84427
8.83976
8.83522
8.8307
8.82511
8.81843
8.81509
8.80959
8.79859
8.79286
8.78817
8.78342
8.77736
8.77
8.76506
8.76008
8.75507
8.74884
8.74139
8.73143
8.72655
8.72066
8.71375
8.70924
8.70379
8.69736
8.69313
8.6878
8.68353
8.67923
8.67386
8.6674
8.66315
8.65894
8.65375
8.64759
8.64346
8.63829
8.63205
8.62787
8.61942
8.61395
8.6074
8.60308
8.59878
8.59348
8.58735
8.58337
8.57952
8.57576
8.57108
8.56542
8.56254
8.55268
8.55171
8.54393
8.53918
8.5335
8.52973
8.52602
8.52241
8.51792
8.51248
8.50876
8.505
8.50121
8.4916
8.49065
8.48295
8.47893
8.47362
8.467
8.4625
8.45804
8.45361
8.44812
8.44153
8.43814
8.42624
8.42503
8.41518
8.40892
8.40146
8.39663
8.39195
8.38731
8.38267
8.37677
8.36951
8.36461
8.35853
8.3513
8.34641
8.33616
8.32939
8.32095
8.3152
8.30939
8.30199
8.29307
8.28716
8.28124
8.27538
8.26827
8.26013
8.25488
8.2485
8.24097
8.23595
8.22599
8.2198
8.21254
8.20777
8.203
8.19701
8.18986
8.18519
8.1806
8.17493
8.16799
8.16332
8.15857
8.15374
8.14136
8.14009
8.13497
8.12328
8.12066
8.10879
8.1022
8.09566
8.09055
8.08553
8.07933
8.07187
8.06808
8.06174
8.05544
8.048
8.04304
8.03799
8.03154
8.02369
8.01976
8.00673
8.00028
7.999
7.99391
7.98116
7.97606
7.96965
7.96198
7.95812
7.95171
7.94392
7.93858
7.93183
7.92382
7.91851
7.9118
7.9064
7.8997
7.89169
7.8864
7.88123
7.87013
7.8643
7.85858
7.85402
7.84817
7.84226
7.83523
7.83057
7.82595
7.8203
7.81361
7.80919
7.80473
7.79914
7.79231
7.78769
7.78298
7.77691
7.76931
7.76541
7.75216
7.74528
7.73973
7.73422
7.72871
7.7218
7.7134
7.70774
7.70201
7.69477
7.68608
7.67484
7.66799
7.66663
7.65598
7.6508
7.64452
7.63707
7.63217
7.62729
7.62232
7.61598
7.60824
7.6031
7.59311
7.587
7.57958
7.57448
7.56934
7.56289
7.55502
7.54973
7.54439
7.53902
7.53223
7.52395
7.51835
7.5071
7.50006
7.49166
7.48616
7.47935
7.47134
7.46601
7.46064
7.45396
7.446
7.4421
7.43559
7.42776
7.42248
7.41707
7.40597
7.39891
7.39048
7.38491
7.37946
7.37274
7.36489
7.35975
7.3547
7.34844
7.34095
7.33598
7.33101
7.3199
7.31389
7.30785
7.30299
7.29809
7.29192
7.28453
7.27965
7.27472
7.26975
7.26344
7.25555
7.25016
7.23915
7.23213
7.22352
7.21776
7.21199
7.20481
7.19637
7.19224
7.18536
7.17846
7.17013
7.16459
7.15911
7.15369
7.14012
7.13876
7.12801
7.12133
7.11333
7.10795
7.10247
7.09683
7.08964
7.08086
7.07485
7.06875
7.06104
7.05164
7.04539
7.03916
7.02345
7.02186
7.00928
7.00155
6.99256
6.98675
6.981
6.97533
6.96834
6.95989
6.95423
6.94854
6.93682
6.92928
6.92021
6.91422
6.90824
6.90067
6.89157
6.88551
6.87938
6.87168
6.86239
6.85624
6.85009
6.84241
6.83338
6.82755
6.81479
6.80784
6.80645
6.79534
6.7885
6.78018
6.7745
6.76727
6.75857
6.75274
6.74542
6.738
6.72902
6.7229
6.71671
6.70899
6.69968
6.69503
6.68724
6.67781
6.67151
6.66358
6.65412
6.64784
6.64163
6.63394
6.62477
6.62024
6.6056
6.60418
6.59284
6.58579
6.57744
6.57186
6.5662
6.55906
6.55046
6.54469
6.53892
6.53177
6.52316
6.51736
6.51155
6.50575
6.49116
6.48968
6.47792
6.47052
6.46162
6.4572
6.4498
6.44102
6.43527
6.42958
6.42246
6.41402
6.40854
6.40313
6.3964
6.38843
6.38319
6.37266
6.36608
6.35823
6.35297
6.34761
6.34084
6.33406
6.3258
6.32023
6.3146
6.30745
6.29862
6.29262
6.28663
6.27914
6.27018
6.26421
6.25823
6.25071
6.23556
6.23407
6.22068
6.2132
6.20575
6.19986
6.19407
6.18689
6.17819
6.17383
6.16666
6.15832
6.1529
6.14761
6.14114
6.13338
6.12817
6.11768
6.11103
6.10287
6.09739
6.0919
6.08511
6.07702
6.0717
6.06644
6.06119
6.05458
6.04642
6.04086
6.03522
6.02107
6.01398
6.00831
6.00119
5.99269
5.98711
5.98016
5.97196
5.96654
5.96113
5.95575
5.95034
5.94355
5.93669
5.9282
5.92243
5.91061
5.90307
5.89384
5.88771
5.88157
5.87549
5.86789
5.85877
5.85269
5.84655
5.84038
5.82499
5.82345
5.81121
5.80355
5.79593
5.78678
5.78072
5.77312
5.76406
5.75806
5.75214
5.74473
5.73726
5.72835
5.72247
5.71665
5.71083
5.70356
5.69494
5.68352
5.6777
5.67181
5.66449
5.6559
5.65162
5.64457
5.63754
5.62891
5.62309
5.61731
5.61158
5.59727
5.59008
5.5843
5.57858
5.57146
5.56297
5.55739
5.55181
5.54477
5.5363
5.53201
5.52482
5.51608
5.51024
5.49885
5.49187
5.48345
5.47769
5.47026
5.46121
5.45523
5.4493
5.44336
5.4359
5.42701
5.4211
5.41519
5.40937
5.39513
5.38944
5.38236
5.37374
5.36935
5.36202
5.35326
5.34744
5.34165
5.33585
5.33
5.31529
5.31383
5.30212
5.2947
5.28575
5.27976
5.27233
5.26334
5.25724
5.24959
5.24042
5.23433
5.22668
5.21753
5.21141
5.20535
5.1994
5.19207
5.1833
5.17749
5.17173
5.15872
5.15583
5.15001
5.14271
5.134
5.12823
5.11669
5.1094
5.10067
5.09631
5.0891
5.08039
5.07456
5.06866
5.06266
5.05494
5.04701
5.03906
5.02524
5.01786
5.01064
5.00499
4.99942
4.99243
4.9839
4.97821
4.97253
4.96537
4.95681
4.95127
4.94586
4.93924
4.93149
4.9264
4.92011
4.91271
4.90795
4.90218
4.89539
4.89196
4.88023
4.87434
4.86958
4.8648
4.85872
4.85121
4.84621
4.84128
4.83642
4.83045
4.8234
4.81866
4.80911
4.80321
4.79616
4.79155
4.78704
4.78256
4.777
4.7703
4.76577
4.76119
4.75552
4.74874
4.74419
4.73407
4.72843
4.72382
4.71796
4.71089
4.70628
4.70182
4.69637
4.69002
4.68582
4.68169
4.67658
4.67055
4.66656
4.66252
4.65294
4.6474
4.64628
4.63716
4.63133
4.62435
4.61979
4.61529
4.6109
4.60564
4.59958
4.59561
4.59058
4.58427
4.58103
4.57565
4.5692
4.56063
4.55536
4.55001
4.54572
4.54037
4.53388
4.52958
4.52533
4.52105
4.51567
4.51026
4.50364
4.50031
4.49472
4.4879
4.48334
4.47435
4.46878
4.46317
4.45625
4.45155
4.44566
4.43864
4.43405
4.42955
4.42511
4.41951
4.41272
4.40808
4.40337
4.39394
4.38804
4.3807
4.37556
4.37025
4.36346
4.35501
4.35066
4.34318
4.33386
4.32912
4.32108
4.31294
4.30319
4.29665
4.28201
4.27393
4.26584
4.2594
4.25302
4.24675
4.23896
4.22967
4.22342
4.21559
4.20608
4.19968
4.19323
4.18671
4.17038
4.16241
4.15618
4.14845
4.1392
4.13295
4.12671
4.11892
4.10974
4.10364
4.09754
4.0914
4.0837
4.07447
4.06826
4.05585
4.04822
4.03931
4.03345
4.02613
4.01725
4.01134
4.00392
3.99488
3.98877
3.98254
3.97467
3.96511
3.96027
3.95216
3.94239
3.93578
3.92913
3.92078
3.91068
3.9056
3.89717
3.88041
3.87201
3.8653
3.85866
3.85054
3.841
3.83475
3.82692
3.81745
3.81107
3.80472
3.79845
3.79078
3.78168
3.77557
3.76932
3.75316
3.74489
3.73819
3.73153
3.72332
3.71357
3.70707
3.70061
3.69254
3.68285
3.67633
3.66802
3.65797
3.65139
3.64493
3.6322
3.62419
3.61454
3.60803
3.59985
3.58988
3.58487
3.57648
3.56648
3.55985
3.55332
3.54696
3.5392
3.53013
3.52418
3.51076
3.50314
3.4661
3.4661
3.45592
3.44904
3.44214
3.43526
3.4198
3.41638
3.40287
3.39462
3.3849
3.37856
3.37228
3.36454
3.35538
3.34931
3.34183
3.33287
3.32682
3.32076
3.31468
3.30708
3.29786
3.29164
3.28373
3.27413
3.26767
3.26116
3.24649
3.24328
3.23048
3.22262
3.21484
3.20721
3.2012
3.19385
3.18522
3.17951
3.17374
3.16796
3.16067
3.1518
3.14577
3.13961
3.12399
3.12244
3.10996
3.10363
3.09722
3.08924
3.07976
3.07345
3.06712
3.05915
3.05116
3.04156
3.03509
3.02213
3.01417
3.00633
2.9987
2.99134
2.98417
2.97705
2.97137
2.96425
2.95556
2.94969
2.94374
2.93778
2.93043
2.92172
2.91592
2.91008
2.90259
2.88855
2.88061
2.87254
2.86434
2.8578
2.84966
2.83992
2.83351
2.82568
2.81636
2.81006
2.80382
2.79771
2.79026
2.78155
2.77588
2.77027
2.75918
2.75236
2.74567
2.73915
2.73151
2.72655
2.72167
2.71683
2.71075
2.70345
2.69857
2.69369
2.68274
2.6767
2.67073
2.66595
2.66121
2.65541
2.64964
2.64263
2.63794
2.63332
2.62873
2.62308
2.6164
2.60739
2.60174
2.59488
2.59023
2.5856
2.58093
2.57505
2.56802
2.56332
2.55864
2.55274
2.54677
2.53945
2.53456
2.52842
2.52101
2.51607
2.50609
2.49978
2.49344
2.48841
2.48215
2.47471
2.46985
2.465
2.46011
2.45386
2.44626
2.44123
2.43624
2.42541
2.41963
2.41394
2.40937
2.40365
2.39792
2.39097
2.38637
2.38184
2.37736
2.37181
2.36634
2.3598
2.35538
2.34983
2.34316
2.33868
2.33417
2.32411
2.32193
2.3176
2.30782
2.30565
2.29694
2.29249
2.288
2.2823
2.27548
2.2709
2.26634
2.26066
2.25499
2.24814
2.24348
2.23758
2.23165
2.22464
2.22119
2.21092
2.20415
2.19958
2.19498
2.18911
2.182
2.17719
2.17098
2.1634
2.1583
2.15325
2.147
2.13962
2.13593
2.12973
2.12336
2.11557
2.11038
2.10519
2.09871
2.09091
2.08567
2.07371
2.06702
2.06032
2.05502
2.04972
2.043
2.03485
2.02936
2.02391
2.01711
2.00895
2.0035
1.99238
1.98521
1.97783
1.97038
1.96443
1.95854
1.95118
1.94246
1.93684
1.93136
1.92479
1.91719
1.91219
1.90718
1.90088
1.89332
1.88835
1.87726
1.86974
1.86592
1.85945
1.85146
1.84609
1.84069
1.83386
1.8257
1.82038
1.81521
1.81014
1.79876
1.79624
1.78626
1.78141
1.77556
1.7686
1.76402
1.75943
1.75484
1.74903
1.74176
1.73678
1.73179
1.72063
1.71815
1.70807
1.703
1.69659
1.68862
1.6831
1.67748
1.67188
1.66492
1.65675
1.65137
1.64603
1.63943
1.63157
1.62626
1.61377
1.60663
1.59946
1.59368
1.58791
1.58219
1.57504
1.56654
1.56093
1.54985
1.54295
1.53618
1.52947
1.52288
1.51765
1.5112
1.50357
1.49853
1.49233
1.48486
1.48104
1.47461
1.46676
1.46152
1.45624
1.44965
1.44168
1.43628
1.43086
1.41842
1.41565
1.40487
1.39833
1.39199
1.38585
1.38099
1.37482
1.36742
1.36258
1.3578
1.35184
1.34473
1.33998
1.33517
1.32896
1.32258
1.31212
1.30546
1.29881
1.2936
1.28728
1.27979
1.27477
1.26979
1.26487
1.2588
1.25148
1.24653
1.24146
1.22967
1.22305
1.21645
1.21115
1.20445
1.19639
1.19099
1.18559
1.18012
1.17323
1.16484
1.15922
1.15361
1.13986
1.13851
1.12803
1.12163
1.11407
1.10902
1.10395
1.09881
1.09355
1.08686
1.07874
1.07462
1.06217
1.05514
1.04941
1.04221
1.0335
1.02774
1.02213
1.01533
1.00737
1.00212
0.996961
0.990671
