3.51708
3.53706
3.56208
3.60652
3.61629
3.63564
3.67722
3.68608
3.70345
3.73625
3.75508
3.77571
3.78876
3.80144
3.82855
3.82855
3.84493
3.85251
3.87261
3.87452
3.88816
3.89532
3.90211
3.9097
3.91411
3.91808
3.92165
3.92577
3.93069
3.93393
3.93724
3.94427
3.94803
3.95147
3.95514
3.95789
3.96131
3.96512
3.9675
3.96986
3.9721
3.974
3.97582
3.97728
3.97837
3.97952
3.97969
3.97994
3.98108
3.98187
3.98282
3.98434
3.98677
3.98807
3.99014
3.99287
3.99457
3.9965
3.99896
3.99928
3.99958
3.99856
3.99761
3.99688
3.99672
3.99656
3.99617
3.9962
3.99643
3.99696
3.99807
3.99929
4.00082
4.00218
4.00381
4.00597
4.00645
4.00741
4.00804
4.0074
4.00666
4.00594
4.00529
4.00531
4.00562
4.00699
4.00835
4.01074
4.012
4.01379
4.0149
4.01589
4.0169
4.01736
4.01741
4.01739
4.01703
4.01651
4.01654
4.01689
4.01894
4.02039
4.02196
4.02306
4.02424
4.02593
4.02781
4.0292
4.0308
4.03253
4.03451
4.03628
4.03717
4.03804
4.03801
4.03775
4.0376
4.03746
4.03723
4.03726
4.03751
4.03802
4.03825
4.0381
4.03726
4.03558
4.03418
4.03246
4.02957
4.02926
4.02889
4.02897
4.02922
4.02971
4.03016
4.03079
4.03198
4.03275
4.0335
4.03424
4.0344
4.03459
4.03492
4.03558
4.03644
4.03748
4.03807
4.03946
4.0399
4.04203
4.04289
4.0441
4.04521
4.04577
4.04612
4.04626
4.04625
4.04591
4.0448
4.04228
4.04052
4.03897
4.03763
4.03683
4.03591
4.0347
4.03353
4.03259
4.03139
4.02974
4.02756
4.02626
4.0245
4.02198
4.02061
4.01846
4.01628
4.0139
4.01301
4.01278
4.01303
4.01348
4.0137
4.01427
4.01506
4.01534
4.01575
4.01622
4.01664
4.01725
4.01773
4.01798
4.01832
4.01832
4.01825
4.01836
4.01828
4.01788
4.0169
4.01537
4.01473
4.01384
4.01282
4.01224
4.01217
4.01253
4.01292
4.01305
4.01299
4.0124
4.01124
4.01033
4.00911
4.00723
4.00478
4.00337
4.00212
4.00098
4.00007
3.99879
3.99723
3.99666
3.99636
3.997
3.99775
3.99932
4.0016
4.00324
4.0051
4.00694
4.00791
4.00876
4.00976
4.0103
4.01033
4.00974
4.00727
4.0056
4.00525
4.00375
4.00106
3.99968
3.99871
3.99848
3.99852
3.99916
3.99979
4.00047
4.00121
4.00227
4.00339
4.00407
4.00499
4.00567
4.00627
4.00659
4.00654
4.00614
4.00552
4.00454
4.00342
4.00185
4.0002
3.99994
4.00028
4.00135
4.0031
4.00476
4.00591
4.00679
4.00657
4.00564
4.00455
4.00104
3.99929
3.99731
3.99576
3.99393
3.99216
3.99111
3.99
3.98897
3.988
3.98688
3.98637
3.98602
3.98602
3.98655
3.98715
3.98804
3.98938
3.99145
3.99283
3.99401
3.99521
3.99565
3.99621
3.99738
3.99828
3.9992
4.00059
4.00226
4.00343
4.00421
4.00421
4.00234
4.00027
3.99825
3.99645
3.99511
3.99452
3.99415
3.99409
3.99491
3.99544
3.99675
3.99874
3.99995
4.00102
4.00209
4.00366
4.00493
4.00614
4.00865
4.01012
4.01129
4.01219
4.01283
4.01284
4.01215
4.01118
4.01041
4.00947
4.00846
4.00902
4.00946
4.01037
4.01147
4.01271
4.01336
4.01407
4.01478
4.01538
4.01562
4.01515
4.01454
4.01388
4.013
4.01212
4.01186
4.01205
4.01216
4.01213
4.01206
4.01209
4.01221
4.01261
4.01264
4.01259
4.01256
4.01164
4.00706
4.00706
4.00618
4.00545
4.00433
4.00284
4.00205
4.00084
3.99974
3.99957
3.99745
3.99583
3.99389
3.99304
3.9925
3.99244
3.99299
3.99407
3.99551
3.99578
3.99542
3.99419
3.99391
3.99164
3.99065
3.98974
3.9893
3.98885
3.98889
3.98916
3.98955
3.98997
3.99024
3.9904
3.99078
3.99189
3.99336
3.9944
3.99559
3.99912
3.99936
4.00159
4.00267
4.00324
4.00302
4.00261
4.00208
4.00118
3.99979
3.99926
3.99883
3.99886
3.999
3.99992
3.99984
3.99909
3.99812
3.9968
3.99581
3.99421
3.9919
3.99049
3.98886
3.98683
3.98495
3.98419
3.98374
3.98355
3.98376
3.98658
3.98804
3.98995
3.9921
3.99483
3.99786
3.99993
4.00179
4.01232
4.01232
4.01356
4.01457
4.01535
4.01611
4.01665
4.01673
4.01683
4.01746
4.0178
4.01814
4.01851
4.01834
4.01737
4.01613
4.01429
4.01151
4.00963
4.00786
4.00601
4.00418
4.00223
4.00035
3.99972
3.99898
3.9983
3.99819
3.9981
3.99812
3.99845
3.99871
3.99887
3.99886
3.99926
3.99986
4.0006
4.00161
4.0023
4.003
4.00315
4.00336
4.00309
4.00276
4.0028
4.00296
4.00317
4.00334
4.00376
4.00448
4.00561
4.00744
4.00963
4.01098
4.01256
4.0144
4.01532
4.0163
4.01742
4.01793
4.01689
4.01523
4.01361
4.01196
4.00958
4.00616
4.0038
4.00086
3.99802
3.99693
3.99631
3.99602
3.99642
3.99779
3.99861
3.99925
3.99962
3.99963
3.9997
3.99992
4.00109
4.00223
4.00418
4.00539
4.00664
4.00812
4.00919
4.0098
4.01047
4.01109
4.01145
4.01184
4.01242
4.0132
4.01393
4.01435
4.01478
4.01545
4.01619
4.01642
4.01632
4.01592
4.01533
4.01452
4.01473
4.01492
4.01499
4.01516
4.01532
4.01539
4.01557
4.01576
4.01625
4.01652
4.01658
4.01645
4.01685
4.01717
4.01694
4.01652
4.01615
4.01553
4.01414
4.01339
4.01192
4.01166
4.01117
4.01076
4.01137
4.01196
4.01261
4.01359
4.0151
4.01647
4.01646
4.01585
4.01453
4.01256
4.01124
4.01043
4.00998
4.01006
4.01055
4.01236
4.01325
4.01415
4.01493
4.01493
4.01481
4.0146
4.01449
4.01436
4.01382
4.01283
4.01236
4.01196
4.01191
4.01254
4.01337
4.01401
4.01433
4.01453
4.01388
4.01349
4.0139
4.01474
4.01612
4.01843
4.02149
4.02307
4.02436
4.02526
4.02558
4.02564
4.02577
4.02585
4.02715
4.02746
4.02908
4.03055
4.03201
4.03369
4.03548
4.0372
4.03881
4.04004
4.04042
4.04062
4.04037
4.03998
4.03972
4.03991
4.04003
4.03994
4.03969
4.03927
4.0384
4.03733
4.03686
4.03618
4.03522
4.0338
4.03224
4.03103
4.0304
4.03062
4.0322
4.03419
4.03545
4.03605
4.03589
4.03515
4.03377
4.03209
4.03038
4.02897
4.02842
4.02753
4.02651
4.02542
4.02225
4.02032
4.01839
4.01721
4.01667
4.017
4.01807
4.01994
4.02099
4.02168
4.02218
4.02231
4.02185
4.02103
4.0203
4.01992
4.01963
4.01939
4.01926
4.01979
4.02046
4.02104
4.02203
4.02211
4.02189
4.02099
4.01901
4.01713
4.01499
4.01301
4.01132
4.01017
4.0096
4.00929
4.00935
4.00968
4.00982
4.00999
4.0099
4.0096
4.00924
4.00882
4.00794
4.00702
4.00499
4.00307
3.99884
3.99565
3.99163
3.989
3.98659
3.98392
3.98076
3.97888
3.97758
3.97687
3.97663
3.97689
3.97848
3.97967
3.98046
3.98153
3.98327
3.98451
3.98603
3.98813
3.98952
3.99069
3.99206
3.99329
3.99477
3.99644
3.9975
3.99861
3.99956
3.99939
3.99922
3.99794
3.99655
3.99464
3.99351
3.99217
3.99082
3.98947
3.98848
3.98805
3.98743
3.98734
3.98769
3.9883
3.98883
3.9894
3.99071
3.99135
3.99178
3.99201
3.99202
3.99189
3.99153
3.99096
3.98999
3.98939
3.98893
3.98844
3.98842
3.98882
3.98885
3.98948
3.98986
3.99009
3.99042
3.99069
3.9909
3.99131
3.9916
3.99185
3.99222
3.99307
3.99426
3.9949
3.99483
3.99477
3.99463
3.99454
3.99474
3.99519
3.99608
3.9971
3.99763
3.99841
3.99923
4.00003
4.00085
4.00299
4.00381
4.00398
4.00366
4.00317
4.00206
4.00068
3.99895
3.99644
3.99321
3.99111
3.98925
3.98706
3.985
3.98397
3.98319
3.98281
3.98298
3.98368
3.98524
3.98716
3.98829
3.99156
3.99337
3.99367
3.9954
3.99547
3.99523
3.99453
3.99404
3.99366
3.99313
3.99204
3.99138
3.99075
3.99016
3.98988
3.98959
3.98967
3.99014
3.99108
3.9928
3.99439
3.99597
3.99814
4.00053
4.00347
4.00534
4.00701
4.00905
4.01138
4.01239
4.01318
4.01306
4.01257
4.0121
4.0122
4.0123
4.01231
4.01257
4.01264
4.01271
4.01261
4.01254
4.01228
4.01177
4.01042
4.00825
4.00666
4.00492
4.00239
3.99999
3.99881
3.99805
3.99629
3.9958
3.99475
3.99187
3.99056
3.9897
3.98904
3.98832
3.98737
3.98693
3.98646
3.9858
3.98492
3.98398
3.98339
3.98257
3.98138
3.98098
3.98096
3.98254
3.98403
3.98519
3.98691
3.98869
3.98976
3.9906
3.9913
3.99207
3.99294
3.99433
3.99552
3.99708
3.99941
4.00335
4.00335
4.00584
4.00873
4.00999
4.01064
4.01128
4.01188
4.01268
4.01445
4.01604
4.0177
4.01973
4.02228
4.02363
4.02471
4.02556
4.02597
4.02648
4.02715
4.02814
4.02957
4.03149
4.03267
4.03396
4.03499
4.0357
4.03639
4.0366
4.0361
4.03499
4.0335
4.03159
4.02917
4.02766
4.02624
4.02487
4.02351
4.0213
4.01982
4.01779
4.016
4.01351
4.01112
4.01001
4.00919
4.00872
4.00862
4.00858
4.00856
4.00881
4.00902
4.00941
4.00944
4.00906
4.00868
4.00798
4.00675
4.00614
4.00514
4.00414
4.00354
4.00298
4.00211
4.00116
4.00063
3.99928
3.99844
3.99799
3.99765
3.99733
3.9976
3.99776
3.998
3.99825
3.99837
3.99832
3.99824
3.99809
3.99807
3.99796
3.99807
3.99828
3.99815
3.99815
3.99782
3.99748
3.99708
3.99604
3.99529
3.99385
3.99226
3.99106
3.98974
3.98839
3.98809
3.98865
3.98932
3.99057
3.99244
3.99363
3.99485
3.99665
3.99921
4.0009
4.00288
4.00451
4.00508
4.006
4.00687
4.00699
4.00675
4.00641
4.00595
4.00583
4.0062
4.0059
4.00534
4.00432
4.00344
4.00193
4.00007
3.99862
3.99699
3.99536
3.99417
3.99326
3.99263
3.9921
3.99144
3.99084
3.98997
3.98947
3.98812
3.98842
3.98899
3.98948
3.99029
3.99157
3.99242
3.99267
3.99268
3.99238
3.99181
3.99209
3.99256
3.99358
3.99433
3.99526
3.99671
3.99913
4.00103
4.0029
4.00478
4.00684
4.00953
4.01304
4.01515
4.0166
4.01772
4.01848
4.01912
4.01938
4.01894
4.01788
4.01622
4.0134
4.01047
4.00651
4.00421
4.00093
3.99978
3.99914
3.99874
3.99826
3.99767
3.99704
3.99653
3.9962
3.99584
3.99533
3.99479
3.99485
3.99521
3.99563
3.99644
3.99731
3.99806
3.99857
3.99848
3.99802
3.99721
3.99598
3.99375
3.99224
3.99089
3.98942
3.98587
3.98507
3.98543
3.98639
3.98755
3.98935
3.9922
3.994
3.99572
3.99739
3.99977
4.00239
4.00401
4.00725
4.00848
4.00954
4.01019
4.01017
4.00963
4.00885
4.00774
4.00614
4.00529
4.00448
4.00303
4.00078
3.99924
3.99742
3.99275
3.99053
3.98806
3.98628
3.98449
3.9823
3.9801
3.97891
3.97773
3.97637
3.9741
3.97282
3.97168
3.97089
3.97053
3.97024
3.96979
3.9695
3.96914
3.96919
3.96925
3.96939
3.97007
3.97119
3.97174
3.97292
3.97436
3.9757
3.97629
3.97661
3.97631
3.97529
3.9743
3.97314
3.97231
3.97207
3.97217
3.97301
3.97376
3.97458
3.97556
3.97734
3.97976
3.98128
3.98243
3.9832
3.98462
3.98452
3.98454
3.98472
3.98501
3.98535
3.98617
3.98678
3.9872
3.98784
3.98827
3.98846
3.98867
3.98941
3.99013
3.99142
3.99264
3.99292
3.99555
3.9973
3.99954
4.00094
4.00212
4.00337
4.00464
4.00526
4.00581
4.00631
4.00674
4.00671
4.00656
4.0063
4.00636
4.00685
4.00814
4.0097
4.0111
4.01305
4.01417
4.01518
4.01632
4.01781
4.01912
4.02058
4.02216
4.02329
4.02447
4.02692
4.02754
4.02755
4.02753
4.02728
4.02673
4.02614
4.0255
4.02485
4.0242
4.0236
4.02252
4.02085
4.01969
4.01795
4.01627
4.01537
4.01459
4.01427
4.0136
4.01307
4.01266
4.01206
4.01143
4.01097
4.01026
4.00913
4.00782
4.00672
4.00541
4.00295
4.00212
4.00141
4.00118
4.00112
4.00101
4.00052
4.00038
4.00028
4.00002
3.99995
3.9997
3.99961
3.99937
3.9991
3.99859
3.9979
3.99694
3.99537
3.99296
3.99142
3.98998
3.9887
3.98679
3.98603
3.98587
3.98471
3.98444
3.98422
3.98444
3.98461
3.98462
3.98446
3.98389
3.98369
3.98367
3.98412
3.98459
3.98624
3.98728
3.98827
3.98871
3.98887
3.98878
3.98819
3.98727
3.9868
3.98625
3.9858
3.98502
3.98453
3.98458
3.98484
3.98626
3.98692
3.98764
3.98839
3.98902
3.98974
3.99032
3.99049
3.99087
3.99115
3.99189
3.99269
3.99364
3.99527
3.99573
3.99646
3.99738
3.99829
3.99914
3.99989
4.00027
4.00098
4.00185
4.00319
4.00399
4.00448
4.00501
4.0044
4.00336
4.00258
4.00185
4.00075
3.99936
3.99838
3.99722
3.99555
3.99385
3.99163
3.99052
3.98968
3.988
3.98729
3.98657
3.98574
3.98474
3.98337
3.98252
3.98122
3.97997
3.97818
3.97706
3.97597
3.97474
3.97375
3.97328
3.97263
3.97168
3.97115
3.97216
3.97384
3.97656
3.97956
3.98164
3.98376
3.98519
3.98541
3.98535
3.98516
3.98472
3.98424
3.98374
3.98278
3.98115
3.98032
3.97962
3.97818
3.97749
3.9774
3.97845
3.98036
3.98215
3.98489
3.98793
3.98955
3.99083
3.99149
3.99151
3.99083
3.99036
3.99014
3.98971
3.98944
3.98933
3.98869
3.98772
3.98727
3.98664
3.98646
3.98685
3.98722
3.98776
3.98864
3.98971
3.99025
3.9909
3.99172
3.99244
3.993
3.99401
3.99569
3.9972
3.99885
4.00036
4.00325
4.00442
4.00457
4.0054
4.00596
4.00679
4.00719
4.00796
4.0087
4.00922
4.00991
4.01079
4.01191
4.01304
4.01362
4.01396
4.01388
4.0132
4.01271
4.01252
4.01325
4.01464
4.01719
4.01853
4.02085
4.02313
4.02455
4.02584
4.02688
4.02753
4.02772
4.02742
4.02612
4.02479
4.02233
4.02128
4.02067
4.02042
4.02021
4.02024
4.02018
4.02005
4.02002
4.02041
4.02055
4.02048
4.01984
4.01928
4.01856
4.01659
4.01627
4.01572
4.01496
4.01387
4.01283
4.01119
4.00917
4.00813
4.00699
4.00566
4.00387
4.00237
4.00157
4.00082
3.99972
3.99951
3.99951
4.00035
4.00115
4.00179
4.00211
4.00225
4.00227
4.00234
4.00272
4.00324
4.00342
4.00406
4.00429
4.00396
4.00321
4.00214
4.00105
4.0001
3.99924
3.99862
3.99854
3.99898
4.00019
4.00213
4.00342
4.00482
4.00618
4.00917
4.01125
4.01333
4.01467
4.01603
4.0176
4.01919
4.01996
4.02051
4.02105
4.02155
4.02189
4.02194
4.02136
4.02051
4.01926
4.01827
4.01728
4.0174
4.01765
4.01802
4.01832
4.01842
4.01817
4.01735
4.01634
4.01575
4.01509
4.0143
4.01354
4.01232
4.01168
4.01093
4.0098
4.0092
4.00871
4.0085
4.00792
4.00678
4.00582
4.00473
4.00317
4.00209
4.00068
3.99864
3.99682
3.99515
3.99396
3.9931
3.99311
3.99344
3.99404
3.99475
3.99601
3.99665
3.99699
3.99718
3.99738
3.99756
3.99769
3.99801
3.99852
3.99959
4.00076
4.00147
4.0036
4.00495
4.00573
4.00572
4.00501
4.0032
4.00185
4.00001
3.99799
3.99707
3.99625
3.99539
3.99512
3.99528
3.99558
3.99607
3.99729
3.99856
3.99939
4.00093
4.00121
4.00181
4.00263
4.00347
4.00409
4.00478
4.00541
4.00607
4.00635
4.00657
4.00672
4.00695
4.00751
4.00819
4.00884
4.00952
4.01077
4.01155
4.01266
4.01343
4.014
4.01387
4.01336
4.01248
4.01052
4.00887
4.00705
4.00482
4.00233
4.0007
3.99913
3.99777
3.9953
3.99488
3.99314
3.99168
3.99077
3.99017
3.98968
3.9897
3.99004
3.99027
3.99007
3.98933
3.98811
3.98675
3.98499
3.98131
3.9799
3.97845
3.97717
3.97613
3.97514
3.97436
3.97417
3.97396
3.97359
3.97272
3.97167
3.97118
3.9708
3.97033
3.97021
3.9704
3.97042
3.97063
3.97076
3.97104
3.97127
3.97138
3.9713
3.97127
3.97152
3.9718
3.97214
3.97275
3.97431
3.97551
3.97759
3.97929
3.9811
3.98287
3.98487
3.9871
3.9886
3.98991
3.99133
3.99321
3.99521
3.99634
3.99746
3.99808
3.99887
3.99952
3.99945
3.99897
3.99825
3.99754
3.99673
3.99605
3.99509
3.99363
3.99284
3.99205
3.98991
3.98955
3.98902
3.98981
3.99107
3.99269
3.99492
3.99672
3.99843
4.00039
4.00205
4.00288
4.00369
4.00523
4.00788
4.00978
4.01164
4.01594
4.01772
4.01887
4.01886
4.01837
4.01764
4.01715
4.01737
4.01771
4.01906
4.01966
4.02017
4.02069
4.02116
4.0218
4.02206
4.02201
4.02183
4.02154
4.02055
4.01975
4.01923
4.01871
4.01907
4.01987
4.02031
4.02083
4.02135
4.02183
4.02246
4.02294
4.02354
4.02485
4.02618
4.0276
4.02842
4.02908
4.02936
4.02946
4.02921
4.02869
4.02813
4.02773
4.02708
4.02673
4.0267
4.02645
4.026
4.02564
4.02484
4.0237
4.0221
4.01944
4.01733
4.01506
4.01269
4.01002
4.00741
4.00588
4.00432
4.00285
4.00204
4.00171
4.00181
4.00249
4.00326
4.00391
4.00455
4.00505
4.00566
4.00604
4.00541
4.004
4.0012
3.99683
3.99376
3.99115
3.98795
3.98724
3.98688
3.98647
3.98581
3.98519
3.98476
3.98387
3.98288
3.98145
3.98043
3.97943
3.97824
3.9766
3.97572
3.97491
3.97419
3.97425
3.9745
3.97494
3.97547
3.97626
3.97683
3.977
3.97674
3.97574
3.97383
3.9725
3.9712
3.96943
3.96776
3.96693
3.96608
3.96618
3.96667
3.96738
3.96833
3.96954
3.97139
3.97307
3.97386
3.97468
3.97526
3.97537
3.9752
3.9749
3.97411
3.97237
3.97111
3.96952
3.96733
3.96485
3.96321
3.9629
3.96149
3.96148
3.96202
3.96297
3.96417
3.96558
3.96635
3.96751
3.96847
3.96909
3.96967
3.97028
3.97107
3.97158
3.97226
3.97288
3.97517
3.9767
3.97834
3.98042
3.98238
3.98363
3.98495
3.99271
3.99271
3.99329
3.99377
3.99436
3.99527
3.9958
3.99615
3.99642
3.99682
3.99698
3.99696
3.9967
3.99674
3.99671
3.99766
3.99816
3.99903
3.99961
3.99994
3.99999
3.99994
3.99974
3.99947
3.99927
3.99926
3.99953
3.99995
4.00025
4.00079
4.00174
4.00241
4.00387
4.0047
4.00534
4.0056
4.00596
4.00635
4.00673
4.00703
4.00746
4.00841
4.01014
4.01128
4.0121
4.01258
4.01291
4.01275
4.01171
4.01118
4.01072
4.00983
4.00845
4.00774
4.00727
4.00666
4.00646
4.0064
4.00623
4.00601
4.00577
4.00534
4.00509
4.00445
4.00399
4.00377
4.00347
4.00337
4.00334
4.00386
4.00452
4.00536
4.00615
4.00663
4.0074
4.00816
4.00949
4.01063
4.01185
4.01391
4.0142
4.01474
4.01438
4.01401
4.01413
4.01424
4.01458
4.01505
4.01545
4.01526
4.01417
4.01323
4.01197
4.01012
4.00817
4.00681
4.00421
4.003
4.00252
4.003
4.00485
4.00649
4.00837
4.01027
4.01221
4.01432
4.01534
4.01606
4.01752
4.01784
4.01849
4.01947
4.01933
4.01906
4.0187
4.01842
4.01801
4.0173
4.01675
4.01609
4.01533
4.01395
4.01185
4.01024
4.00785
4.007
4.00622
4.00566
4.00541
4.00535
4.00546
4.00575
4.00602
4.00598
4.00565
4.00491
4.00243
4.0005
3.9987
3.9977
3.99678
3.99567
3.99425
3.99345
3.99296
3.99247
3.99156
3.99086
3.99043
3.98874
3.9875
3.98588
3.98494
3.98417
3.9837
3.9838
3.98424
3.98531
3.98633
3.98625
3.98575
3.98358
3.98276
3.98092
3.97942
3.97793
3.97817
3.97841
3.9785
3.97867
3.97905
3.9794
3.97979
3.98002
3.98038
3.98037
3.9805
3.98048
3.9797
3.97945
3.97966
3.9797
3.97988
3.98027
3.98091
3.98158
3.98217
3.98266
3.9836
3.98465
3.98482
3.98612
3.98723
3.98782
3.98817
3.98803
3.98678
3.98577
3.98481
3.98408
3.98332
3.98204
3.98102
3.97985
3.97866
3.97861
3.97931
3.98193
3.98337
3.98386
3.98403
3.98368
3.98287
3.98224
3.98108
3.97919
3.97767
3.97575
3.97378
3.97303
3.97216
3.97124
3.97085
3.97082
3.97176
3.97298
3.97673
3.97928
3.98183
3.9836
3.9854
3.98776
3.99008
3.99276
3.99445
3.99592
3.99754
3.99948
4.0006
4.00155
4.00292
4.00415
4.00472
4.00686
4.00864
4.01008
4.01241
4.0155
4.01736
4.01879
4.0197
4.02023
4.0205
4.02031
4.01815
4.01749
4.01601
4.01357
4.00996
4.00778
4.00394
4.00235
4.00073
3.99939
3.99833
3.99744
3.99628
3.99476
3.99393
3.99301
3.99067
3.98962
3.9886
3.98822
3.988
3.98788
3.98806
3.98848
3.98892
3.98964
3.99016
3.99055
3.99073
3.9911
3.99125
3.99116
3.99118
3.99121
3.99121
3.99136
3.99175
3.99227
3.99278
3.99293
3.99259
3.9919
3.99048
3.98928
3.98809
3.98756
3.98735
3.98705
3.9868
3.98639
3.98596
3.98501
3.98415
3.98361
3.98241
3.98221
3.9827
3.98327
3.98407
3.9849
3.98585
3.98715
3.98893
3.99013
3.99134
3.99277
3.99407
3.99743
3.9978
4.00065
4.00198
4.00327
4.00383
4.00403
4.00399
4.00456
4.00576
4.00666
4.00786
4.01039
4.01156
4.01239
4.01272
4.01314
4.01399
4.01447
4.01514
4.01595
4.01638
4.01679
4.02598
4.02845
4.03106
4.03298
4.03343
4.03351
4.03347
4.03351
4.03357
4.03382
4.03422
4.03487
4.03505
4.03477
4.03448
4.03262
4.03213
4.03204
4.03168
4.03132
4.03199
4.03311
4.03463
4.03689
4.03971
4.04136
4.04272
4.04386
4.04458
4.04445
4.04372
4.04259
4.04163
4.04103
4.04107
4.04306
4.04381
4.04367
4.04289
4.04173
4.04016
4.03948
4.03887
4.03824
4.03761
4.03722
4.03688
4.03631
4.03581
4.03532
4.03477
4.03381
4.03214
4.03026
4.02891
4.02717
4.02511
4.02327
4.02144
4.01925
4.01773
4.01602
4.01463
4.01342
4.01284
4.01254
4.01224
4.01194
4.0116
4.01135
4.01108
4.01111
4.01113
4.01108
4.01117
4.0114
4.01125
4.01076
4.01007
4.00943
4.00852
4.00737
4.00612
4.00548
4.00473
4.00378
4.00304
4.00301
4.00329
4.00387
4.00508
4.00625
4.00634
4.00606
4.00531
4.00398
4.00235
4.00133
4.00047
3.99968
3.99835
3.99659
3.99575
3.99513
3.99361
3.99249
3.99145
3.9901
3.9893
3.98852
3.98764
3.98651
3.98548
3.98428
3.983
3.98168
3.98001
3.97826
3.97747
3.97731
3.97564
3.97468
3.97388
3.97325
3.97278
3.97231
3.97242
3.97295
3.97368
3.97458
3.97584
3.97687
3.97766
3.97937
3.97971
3.98003
3.98006
3.98017
3.98001
3.97989
3.98009
3.98007
3.97957
3.97924
3.97892
3.9787
3.97849
3.97834
3.97853
3.97897
3.97949
3.97991
3.98106
3.98322
3.98511
3.98794
3.99247
3.99447
3.99654
3.99854
4.0007
4.00283
4.00372
4.00459
4.00477
4.00444
4.00428
4.00351
4.00129
4.00064
3.99963
3.99886
3.99827
3.99772
3.99694
3.99592
3.99526
3.99452
3.9936
3.99272
3.99206
3.99152
3.98945
3.9879
3.98551
3.98341
3.98137
3.97949
3.97854
3.97867
3.97915
3.97959
3.97958
3.97951
3.97948
3.9787
3.97886
3.97942
3.9801
3.98122
3.98335
3.9848
3.98609
3.98734
3.98846
3.98921
3.98995
3.99097
3.99178
3.99289
3.99438
3.99612
3.99742
3.99769
3.99717
3.99627
3.99477
3.99352
3.9922
3.99058
3.98899
3.98826
3.98753
3.98677
3.9857
3.98514
3.98446
3.98366
3.98284
3.98167
3.98095
3.98024
3.97965
3.97925
3.97918
3.97903
3.97884
3.97905
3.97897
3.97896
3.97952
3.98075
3.98192
3.98387
3.98666
3.98902
3.9915
3.99372
3.99573
3.99801
3.99979
4.00094
4.00158
4.00162
4.00178
4.00143
4.00093
4.00039
3.99998
3.99979
3.99958
3.99906
3.99811
3.99627
3.99353
3.99158
3.98944
3.9873
3.98606
3.98468
3.98336
3.98279
3.98232
3.98192
3.98148
3.98121
3.98132
3.98186
3.98287
3.98376
3.98555
3.98701
3.98903
3.99026
3.99168
3.9935
3.99576
3.99695
3.99914
4.00175
4.00494
4.00709
4.00896
4.01134
4.01206
4.01213
4.0123
4.01293
4.01465
4.01592
4.0175
4.01955
4.02128
4.02205
4.02321
4.02413
4.0242
4.02429
4.02379
4.02312
4.02245
4.02163
4.02061
4.02016
4.01966
4.01923
4.01901
4.01841
4.01786
4.01701
4.01432
4.01352
4.01285
4.01278
4.01311
4.01375
4.01408
4.01458
4.0149
4.01513
4.01537
4.01579
4.01642
4.01771
4.01863
4.01946
4.0197
4.01943
4.01873
4.01822
4.01715
4.01589
4.01533
4.01482
4.01439
4.0144
4.01454
4.01457
4.01363
4.01363
4.01406
4.01439
4.01473
4.01504
4.01487
4.01456
4.01384
4.0127
4.01178
4.01093
4.01008
4.00887
4.00739
4.00669
4.00593
4.00586
4.00572
4.00586
4.00572
4.00557
4.00572
4.00607
4.00617
4.00646
4.0067
4.00782
4.00806
4.00792
4.0079
4.00823
4.00868
4.00913
4.00948
4.00956
4.00947
4.00897
4.00846
4.00804
4.00789
4.00823
4.00873
4.00942
4.01152
4.01219
4.01221
4.01139
4.01034
4.00853
4.00739
4.0064
4.00514
4.00383
4.00304
4.00234
4.00183
4.00095
3.99973
3.99931
3.99859
3.99929
4.00002
4.00092
4.00233
4.00417
4.00546
4.0057
4.00564
4.00546
4.00532
4.00526
4.00534
4.00541
4.00532
4.00466
4.00423
4.00334
4.00157
4.00048
3.99948
3.99868
3.99791
3.99705
3.99578
3.99499
3.99441
3.99396
3.99316
3.99256
3.99201
3.99199
3.99231
3.99318
3.99403
3.99518
3.99582
3.99658
3.99742
3.99859
3.99906
3.99927
3.99928
3.99898
3.99795
3.99726
3.99659
3.99666
3.99777
3.99895
4.00024
4.00096
4.00186
4.00301
4.00448
4.00579
4.00626
4.00662
4.00688
4.008
4.00822
4.00964
4.01052
4.01166
4.01286
4.01334
4.01375
4.01397
4.01383
4.01308
4.01247
4.01018
4.00984
4.0073
4.0058
4.00441
4.00392
4.00336
4.00271
4.00214
4.00147
4.0008
4.00028
3.99975
3.99883
3.99802
3.99592
3.99431
3.99216
3.99034
3.98873
3.98773
3.9878
3.98834
3.98903
3.98986
3.99052
3.99101
3.99087
3.99065
3.99055
3.99066
3.99116
3.99148
3.99161
3.9913
3.99095
3.99046
3.98936
3.98864
3.98804
3.98734
3.98631
3.98571
3.9854
3.9852
3.98284
3.98239
3.98049
3.97516
3.97376
3.96902
3.96758
3.967
3.96727
3.96772
3.96831
3.96925
3.9698
3.97101
3.97237
3.97413
3.97543
3.97666
3.97794
3.97949
3.98029
3.98238
3.98324
3.98334
3.98368
3.98471
3.98489
3.98484
3.98479
3.98504
3.9859
3.98793
3.98965
3.99222
3.99614
3.99892
4.00271
4.00586
4.01007
4.01521
4.01771
4.01957
4.02226
4.02302
4.02298
4.02213
4.02054
4.0182
4.01493
4.01314
4.01172
4.0107
4.00989
4.00976
4.00966
4.00931
4.00879
4.00847
4.00802
4.00754
4.00608
4.00492
4.00081
3.99783
3.99561
3.99348
3.99168
3.98972
3.98763
3.98669
3.9859
3.98495
3.98446
3.98399
3.98414
3.98411
3.98419
3.98437
3.98481
3.98502
3.98501
3.98472
3.98402
3.98292
3.9811
3.97996
3.97822
3.9775
3.97649
3.97602
3.97592
3.97638
3.97743
3.97815
3.97886
3.97965
3.98059
3.98143
3.9816
3.98146
3.98148
3.98102
3.98094
3.98076
3.98104
3.98174
3.98241
3.98308
3.98334
3.98333
3.98325
3.98323
3.983
3.98255
3.98212
3.98174
3.98154
3.9811
3.98066
3.9803
3.98095
3.98211
3.98356
3.98583
3.98889
3.99052
3.99161
3.99248
3.9928
3.99304
3.99305
3.99281
3.99251
3.99188
3.99114
3.99026
3.98926
3.98761
3.98529
3.98348
3.98007
3.97814
3.97629
3.97567
3.97505
3.97403
3.97275
3.97221
3.97128
3.9705
3.97069
3.97152
3.97293
3.97466
3.97912
3.97958
3.98261
3.98407
3.98505
3.98551
3.98597
3.9863
3.98633
3.98606
3.98594
3.986
3.98615
3.98689
3.98761
3.98816
3.9903
3.99044
3.9916
3.99227
3.99237
3.99225
3.9919
3.99149
3.99098
3.98984
3.98883
3.98774
3.98486
3.98281
3.98079
3.9797
3.9787
3.97772
3.97717
3.97679
3.97635
3.97585
3.97495
3.97437
3.9739
3.97392
3.97484
3.97574
3.97865
3.98007
3.98039
3.98272
3.98412
3.98534
3.98633
3.988
3.99096
3.99308
3.99555
3.99768
3.99963
4.00046
4.00117
4.0017
4.00147
4.00115
4.00037
3.99885
3.99752
3.99557
3.99295
3.99118
3.98951
3.98724
3.98502
3.984
3.98084
3.98053
3.97874
3.97796
3.97709
3.97692
3.9767
3.97638
3.97646
3.97645
3.9765
3.97677
3.97705
3.97728
3.97729
3.97699
3.97684
3.97678
3.97688
3.97699
3.97689
3.97701
3.9769
3.9767
3.97684
3.977
3.97709
3.97726
3.97733
3.97716
3.97668
3.97655
3.97669
3.97722
3.97774
3.97808
3.97852
3.97916
3.97997
3.98033
3.98031
3.98037
3.98037
3.98027
3.98046
3.98093
3.98169
3.98285
3.98399
3.98427
3.98421
3.98386
3.98222
3.98213
3.98155
3.98137
3.98164
3.98207
3.98238
3.98282
3.9834
3.98385
3.98471
3.98561
3.98558
3.98499
3.98363
3.98133
3.9793
3.97563
3.97326
3.97057
3.96909
3.96797
3.96755
3.96792
3.96849
3.96924
3.97001
3.97077
3.97128
3.9715
3.97177
3.9725
3.97276
3.97328
3.97361
3.97409
3.97434
3.97425
3.97403
3.97411
3.9739
3.97363
3.97338
3.97288
3.97227
3.97196
3.97169
3.97099
3.97108
3.97113
3.97094
3.97093
3.97119
3.97173
3.97321
3.97451
3.97571
3.97675
3.97872
3.97886
3.97979
3.97981
3.97932
3.97842
3.97809
3.9773
3.97676
3.97649
3.97617
3.97588
3.97565
3.97581
3.97661
3.97771
3.97888
3.98075
3.98307
3.9869
3.98878
3.99071
3.99341
3.99655
3.99804
4.00059
4.00303
4.00536
4.00684
4.00823
4.00933
4.01177
4.01311
4.01375
4.0144
4.01488
4.01503
4.01493
4.01474
4.01464
4.01445
4.01403
4.01305
4.0118
4.01066
4.00749
4.0054
4.00307
4.00173
4.00007
3.99782
3.99667
3.9954
3.99405
3.99243
3.9905
3.98913
3.98788
3.98683
3.98674
3.98736
3.98887
3.99134
3.99245
3.99382
3.99507
3.99528
3.9952
3.99493
3.99468
3.99347
3.99347
3.99336
3.99352
3.99456
3.9953
3.99612
3.9975
3.99843
3.99931
3.99964
3.99982
3.99947
3.99894
3.99867
3.99813
3.99727
3.99589
3.99445
3.9941
3.99412
3.99451
3.99487
3.99561
3.99631
3.99653
3.99643
3.99626
3.99644
3.99645
3.99652
3.99673
3.9972
3.99757
3.99811
3.9988
3.99961
4.00045
4.00093
4.00028
3.99927
3.99749
3.99607
3.99489
3.99365
3.99289
3.99313
3.9936
3.99428
3.99507
3.99572
3.99658
3.99771
3.99951
4.00061
4.00209
4.00389
4.00477
4.00576
4.00624
4.00622
4.0049
4.00412
4.00387
4.00391
4.00443
4.00596
4.00719
4.00826
4.00917
4.01039
4.01209
4.01322
4.01527
4.01633
4.01694
4.01741
4.01808
4.01868
4.01948
4.02062
4.02139
4.02245
4.02403
4.02499
4.02512
4.02447
4.02321
4.02229
4.02101
4.01994
4.01905
4.0184
4.01744
4.01617
4.01538
4.01487
4.01463
4.0145
4.01424
4.01387
4.01218
4.01101
4.01069
4.00802
4.00643
4.00435
4.00321
4.00198
4.00082
3.99983
3.99908
3.99884
3.99895
3.99955
4.00002
4.00129
4.0028
4.00483
4.00587
4.00598
4.00586
4.00526
4.00477
4.00507
4.00555
4.00605
4.00666
4.00699
4.00672
4.00653
4.00608
4.00489
4.00393
4.00267
4.00193
4.0012
4.00049
3.99975
3.99845
3.99698
3.99637
3.99557
3.99444
3.99268
3.99051
3.9888
3.98687
3.98386
3.98276
3.98185
3.98173
3.98166
3.98184
3.98235
3.98256
3.98306
3.98412
3.98468
3.98539
3.98583
3.98626
3.98622
3.98657
3.9869
3.98755
3.98784
3.98827
3.98868
3.98886
3.98894
3.98879
3.9885
3.98757
3.98655
3.9852
3.9839
3.97965
3.97815
3.97743
3.97683
3.97686
3.97678
3.97669
3.97665
3.97678
3.97696
3.97702
3.97688
3.977
3.97796
3.979
3.98164
3.98329
3.98488
3.98599
3.98697
3.98803
3.9884
3.98865
3.98805
3.98741
3.98649
3.98542
3.98506
3.98502
3.98543
3.98644
3.98705
3.98734
3.98726
3.98646
3.98595
3.98524
3.98296
3.9816
3.98008
3.97861
3.97716
3.9768
3.97763
3.97929
3.98203
3.98391
3.98544
3.98678
3.98818
3.98911
3.98955
3.98974
3.99008
3.99011
3.98977
3.98957
3.98979
3.99053
3.99134
3.9926
3.99435
3.99613
3.99711
3.99797
3.99859
3.99888
3.99912
3.99889
3.99817
3.99697
3.99621
3.99488
3.99312
3.99221
3.99033
3.98813
3.987
3.98593
3.98496
3.9841
3.98346
3.98314
3.98316
3.98352
3.98592
3.98592
3.9867
3.98716
3.98736
3.98762
3.98763
3.98772
3.9886
3.98978
3.99143
3.99243
3.99313
3.99367
3.99456
3.99492
3.99512
3.99488
3.9946
3.99417
3.99358
3.9931
3.99267
3.99213
3.99189
3.99175
3.99202
3.99227
3.99314
3.99346
3.99514
3.99629
3.99797
3.99934
4.00016
4.00093
4.00161
4.00212
4.00229
4.00239
4.00246
4.002
4.0015
4.00087
3.99851
3.99828
3.99581
3.99466
3.9936
3.99205
3.99005
3.98859
3.98708
3.98546
3.98455
3.98423
3.98421
3.9849
3.98601
3.98732
3.98864
3.99052
3.99277
3.99454
3.99507
3.99518
3.99443
3.99324
3.99192
3.99092
3.9898
3.98899
3.9887
3.98876
3.98871
3.98922
3.98977
3.99021
3.99055
3.99088
3.99119
3.99161
3.99186
3.99238
3.99308
3.99372
3.99443
3.99513
3.9961
3.99662
3.99662
3.99652
3.99525
3.99414
3.99364
3.99333
3.99324
3.99324
3.99327
3.9936
3.99376
3.99432
3.99491
3.99553
3.99811
3.99958
4.00129
4.00297
4.00457
4.00645
4.00815
4.00963
4.01018
4.01046
4.01085
4.01176
4.01285
4.01442
4.01515
4.01547
4.01497
4.01445
4.01387
4.01277
4.01097
4.00981
4.00857
4.00673
4.00449
4.00241
4.00144
4.00082
4.00043
4.00023
3.99947
3.99847
3.99752
3.99685
3.99637
3.99611
3.99639
3.99689
3.99754
3.99879
3.9998
4.0002
4.00039
4.00089
4.00072
4.0002
3.99957
3.99862
3.99723
3.99543
3.99465
3.99429
3.99431
3.99441
3.99495
3.99602
3.99669
3.99776
3.99922
4.00005
4.00092
4.00285
4.00312
4.00367
4.00585
4.00655
4.00984
4.01141
4.01321
4.01566
4.01741
4.01791
4.01819
4.01802
4.01754
4.01753
4.01791
4.01835
4.0189
4.01933
4.01961
4.01999
4.02032
4.02072
4.02069
4.02005
4.01855
4.01736
4.01526
4.01255
4.01118
4.01014
4.00911
4.00795
4.00747
4.00711
4.00754
4.00887
4.00996
4.01133
4.01298
4.01455
4.01524
4.01692
4.01783
4.01868
4.01906
4.01923
4.0192
4.01873
4.01842
4.01791
4.017
4.01591
4.01521
4.013
4.01155
4.0096
4.00773
4.00646
4.00512
4.00319
4.0008
3.99928
3.99776
3.99643
3.99545
3.99492
3.99442
3.99375
3.99365
3.99384
3.99526
3.99685
3.99806
4.0005
4.00371
4.00623
4.0088
4.01178
4.01492
4.01667
4.01813
4.01921
4.02201
4.02288
4.02691
4.02923
4.03249
4.03649
4.03891
4.04145
4.04398
4.04711
4.05112
4.05341
4.05529
4.05877
4.0594
4.06111
4.06124
4.0609
4.06012
4.05933
4.0586
4.05805
4.05714
4.05637
4.05594
4.05538
4.055
4.05424
4.05382
4.05348
4.0529
4.05103
4.04919
4.04717
4.0448
4.04124
4.03743
4.03521
4.03168
4.02965
4.02757
4.02582
4.02404
4.02269
4.0208
4.01853
4.01691
4.01482
4.01244
4.01162
4.01031
4.0087
4.00747
4.00643
4.00527
4.00371
4.00282
4.00186
3.99965
3.99921
3.9985
3.99871
3.99928
4.00011
4.00126
4.0027
4.00416
4.00534
4.00637
4.00755
4.00881
4.00934
4.00969
4.01014
4.01041
4.0097
4.0089
4.00777
4.00654
4.00502
4.00364
4.00303
4.00276
4.00292
4.00357
4.00466
4.00531
4.00603
4.00719
4.00741
4.00738
4.00745
4.00748
4.00697
4.0065
4.00605
4.00552
4.00477
4.00408
4.00349
4.00311
4.0037
4.00392
4.00617
4.00837
4.01045
4.0109
4.01115
4.0112
4.01103
4.00997
4.009
4.00887
4.00855
4.00871
4.00887
4.00859
4.00726
4.00629
4.0051
4.00355
4.00249
4.00235
4.00261
4.00351
