0, 0
0, 0
0, 0
0, 0
0, 0
0, 0
0, 0
0, 0
0, 0
0, 0
0, 0
0, 0
0, 0
0, 0
0, 0
0, 0
0, 0
0, 0
0, 0
0, 0
0, 0
0, 0
0, 0
0, 0
0, 0
0, 0
0, 0
0, 0
0, 0
0, 0
0, 0
0, 0
0, 0
0, 0
0, 0
0, 0
0, 0
0, 0
0, 0
0, 0
0, 0
0, 0
0, 0
0, 0
0, 0
0, 0
0, 0
0, 0
0, 0
0, 0
0, 0
0, 0
0, 0
0, 0
0, 0
0, 0
0, 0
0, 0
0, 0
0, 0
0, 0
0, 0
0, 0
0, 0
0, 0
0, 0
0, 0
0, 0
0, 0
0, 0
0, 0
0, 0
0, 0
0, 0
0, 0
0, 0
0, 0
0, 0
0, 0
0, 0
0, 0
0, 0
0, 0
0, 0
0, 0
0, 0
0, 0
0, 0
0, 0
0, 0
0, 0
0, 0
0, 0
0, 0
0, 0
0, 0
0, 0
0, 0
0, 0
0, 0
0, 0
0, 0
0, 0
0, 0
0, 0
0, 0
0, 0
0, 0
0, 0
0, 0
0, 0
0, 0
0, 0
0, 0
0, 0
0, 0
0, 0
0, 0
0, 0
0, 0
0, 0
0, 0
0, 0
0, 0
0, 0
0, 0
0, 0
0, 0
0, 0
0, 0
0, 0
0, 0
0, 0
0, 0
0, 0
0, 0
0, 0
0, 0
0, 0
0, 0
0, 0
0, 0
0, 0
0, 0
0.190476, 0.235294
0.097561, 0.121212
0.0655738, 0.0816327
0.0493827, 0.0615385
0.039604, 0.0493827
0.0330579, 0.0412371
0.0283688, 0.0353982
0.0248447, 0.0310078
0.0220994, 0.0275862
0.0199005, 0.0248447
0.0180995, 0.0225989
0.0165975, 0.0207254
0.0153257, 0.0191388
0.0142349, 0.0177778
0.013289, 0.0165975
0.0124611, 0.0155642
0.0117302, 0.014652
0.0110803, 0.0138408
0.0104987, 0.0131148
0.00997506, 0.0124611
0.00950119, 0.0118694
0.00907029, 0.0113314
0.00907029, 0.0113314
0.00867679, 0.0108401
0.00831601, 0.0103896
0.00798403, 0.00997506
0.00767754, 0.00959233
0.00739372, 0.00923788
0.00713012, 0.00890869
0.00688468, 0.00860215
0.00665557, 0.00831601
0.00644122, 0.00804829
0.00624025, 0.00779727
0.00605144, 0.00756144
0.00587372, 0.00733945
0.00570613, 0.00713012
0.00554785, 0.00693241
0.00539811, 0.00674536
0.00525624, 0.00656814
0.00512164, 0.0064
0.00499376, 0.00624025
0.00487211, 0.00608828
0.00475624, 0.00594354
0.00464576, 0.00580552
0.0045403, 0.00567376
0.00443951, 0.00554785
0.00434311, 0.00542741
0.0042508, 0.00531208
0.00416233, 0.00520156
0.00407747, 0.00509554
0.003996, 0.00499376
0.00391773, 0.00489596
0.00384246, 0.00480192
0.00377003, 0.00471143
0.00370028, 0.00462428
0.00363306, 0.0045403
0.00356824, 0.00445931
0.0035057, 0.00438116
0.00344531, 0.00430571
0.00338696, 0.0042328
0.00333056, 0.00416233
0.003276, 0.00409417
0.00322321, 0.0040282
0.00317209, 0.00396432
0.00312256, 0.00390244
0.00307456, 0.00384246
0.00302801, 0.0037843
0.00298285, 0.00372787
0.00293902, 0.00367309
0.00289645, 0.00361991
0.0028551, 0.00356824
0.00281492, 0.00351803
0.00277585, 0.00346921
0.00273785, 0.00342173
0.00270088, 0.00337553
0.00266489, 0.00333056
0.00262985, 0.00328677
0.00259572, 0.00324412
0.00256246, 0.00320256
0.00253004, 0.00316206
0.00249844, 0.00312256
0.00246761, 0.00308404
0.00243754, 0.00304646
0.00240819, 0.00300978
0.00237954, 0.00297398
0.00235156, 0.00293902
0.00232423, 0.00290487
0.00229753, 0.0028715
0.00227144, 0.00283889
0.00224593, 0.00280702
0.00222099, 0.00277585
0.0021966, 0.00274537
0.00217273, 0.00271555
0.00214938, 0.00268637
0.00212653, 0.00265781
0.00210416, 0.00262985
0.00208225, 0.00260247
0.00206079, 0.00257566
0.00203978, 0.00254939
0.00201918, 0.00252366
0.001999, 0.00249844
0.00197922, 0.00247372
0.00195982, 0.00244948
0.00194081, 0.00242571
0.00192215, 0.0024024
0.00190386, 0.00237954
0.0018859, 0.0023571
0.00186829, 0.00233508
0.00185099, 0.00231348
0.00183402, 0.00229226
0.00181736, 0.00227144
0.00180099, 0.00225098
0.00178492, 0.0022309
0.00176913, 0.00221117
0.00175362, 0.00219178
0.00173837, 0.00217273
0.0017234, 0.00215401
0.00170867, 0.00213561
0.0016942, 0.00211752
0.00167997, 0.00209974
0.00166597, 0.00208225
0.00165221, 0.00206505
0.00163867, 0.00204813
0.00162536, 0.00203149
0.00161225, 0.00201511
0.00159936, 0.001999
0.00158667, 0.00198314
0.00157418, 0.00196754
0.00156189, 0.00195217
0.00154979, 0.00193705
0.00153787, 0.00192215
0.00152614, 0.00190749
0.00151458, 0.00189304
0.00150319, 0.00187882
0.00149198, 0.0018648
0.00148093, 0.00185099
0.00147005, 0.00183739
0.00145932, 0.00182399
0.00144875, 0.00181077
0.00143833, 0.00179775
0.00142806, 0.00178492
0.00141794, 0.00177226
0.00140795, 0.00175979
0.00139811, 0.00174749
0.00138841, 0.00173536
0.00137883, 0.0017234
0.00136939, 0.0017116
0.00136008, 0.00169996
0.00135089, 0.00168848
0.00134183, 0.00167715
0.00133289, 0.00166597
0.00132406, 0.00165494
0.00131536, 0.00164406
0.00130676, 0.00163332
0.00129828, 0.00162272
0.00128991, 0.00161225
0.00128164, 0.00160192
0.00127348, 0.00159172
0.00126542, 0.00158165
0.00125747, 0.00157171
0.00124961, 0.00156189
0.00124185, 0.00155219
0.00123419, 0.00154261
0.00122662, 0.00153315
0.00122662, 0.00153315
0.00121914, 0.00152381
0.00121175, 0.00151458
0.00120446, 0.00150546
0.00119725, 0.00149645
0.00119012, 0.00148754
0.00118308, 0.00147874
0.00117612, 0.00147005
0.00116925, 0.00146145
0.00116245, 0.00145296
0.00115574, 0.00144456
0.0011491, 0.00143627
0.00114253, 0.00142806
0.00113604, 0.00141995
0.00112962, 0.00141193
0.00112328, 0.001404
0.00111701, 0.00139616
0.0011108, 0.00138841
0.00110467, 0.00138074
0.0010986, 0.00137315
0.0010926, 0.00136565
0.00108666, 0.00135823
0.00108079, 0.00135089
0.00107498, 0.00134363
0.00106923, 0.00133645
0.00106355, 0.00132935
0.00105792, 0.00132231
0.00105235, 0.00131536
0.00104685, 0.00130847
0.0010414, 0.00130166
0.001036, 0.00129492
0.00103066, 0.00128824
0.00102538, 0.00128164
0.00102015, 0.0012751
0.00101497, 0.00126863
0.00100985, 0.00126223
0.00100477, 0.00125589
0.00099975, 0.00124961
0.000994777, 0.00124339
0.000989854, 0.00123724
0.000984979, 0.00123115
0.000980152, 0.00122511
0.000975372, 0.00121914
0.000975372, 0.00121914
0.000970638, 0.00121322
0.00096595, 0.00120736
0.000961307, 0.00120156
0.000956709, 0.00119581
0.000952154, 0.00119012
0.000947643, 0.00118448
0.000943174, 0.0011789
0.000938747, 0.00117336
0.000934361, 0.00116788
0.000930016, 0.00116245
0.000925712, 0.00115707
0.000921447, 0.00115174
0.000917221, 0.00114646
0.000913034, 0.00114123
0.000908884, 0.00113604
0.000904773, 0.0011309
0.000900698, 0.00112581
0.00089666, 0.00112076
0.000892658, 0.00111576
0.000888691, 0.0011108
0.00088476, 0.00110589
0.000880863, 0.00110102
0.000877001, 0.00109619
0.000873172, 0.00109141
0.000869376, 0.00108666
0.000865614, 0.00108196
0.000861883, 0.0010773
0.000858185, 0.00107267
0.000854518, 0.00106809
0.000850883, 0.00106355
0.000847278, 0.00105904
0.000843704, 0.00105457
0.00084016, 0.00105014
0.000836645, 0.00104575
0.00083316, 0.0010414
0.000829703, 0.00103708
0.000826276, 0.00103279
0.000822876, 0.00102854
0.000819504, 0.00102433
0.00081616, 0.00102015
0.000812843, 0.001016
0.000809553, 0.00101189
0.000806289, 0.00100781
0.000803052, 0.00100376
0.00079984, 0.00099975
0.000796654, 0.000995768
0.000793493, 0.000991818
0.000790358, 0.000987898
0.000787247, 0.00098401
0.00078416, 0.000980152
0.000781097, 0.000976324
0.000778059, 0.000972526
0.000775044, 0.000968758
0.000772052, 0.000965018
0.000769083, 0.000961307
0.000766137, 0.000957625
0.000763213, 0.000953971
0.000760312, 0.000950344
0.000757432, 0.000946746
0.000754575, 0.000943174
0.000751738, 0.000939629
0.000748923, 0.00093611
0.000746129, 0.000932618
0.000743356, 0.000929152
0.000740604, 0.000925712
0.000737871, 0.000922297
0.000735159, 0.000918907
0.000732467, 0.000915541
0.000729794, 0.000912201
0.000727141, 0.000908884
0.000724506, 0.000905592
0.000721891, 0.000902323
0.000719295, 0.000899078
0.000716717, 0.000895857
0.000714158, 0.000892658
0.000711617, 0.000889482
0.000709094, 0.000886328
0.000706589, 0.000883197
0.000704101, 0.000880088
0.000701631, 0.000877001
0.000699178, 0.000873935
0.000696743, 0.00087089
0.000694324, 0.000867867
0.000691922, 0.000864865
0.000689536, 0.000861883
0.000687167, 0.000858922
0.000684814, 0.000855981
0.000682477, 0.00085306
0.000680156, 0.000850159
0.000677851, 0.000847278
0.000675562, 0.000844416
0.000673287, 0.000841574
0.000671028, 0.00083875
0.000668784, 0.000835946
0.000666556, 0.00083316
0.000664341, 0.000830392
0.000662142, 0.000827643
0.000659957, 0.000824912
0.000657787, 0.000822199
0.00065563, 0.000819504
0.000653488, 0.000816827
0.00065136, 0.000814166
0.000649245, 0.000811524
0.000647144, 0.000808898
0.000645057, 0.000806289
0.000642983, 0.000803697
0.000640923, 0.000801122
0.000638876, 0.000798563
0.000636841, 0.00079602
0.00063482, 0.000793493
0.000632811, 0.000790983
0.000630815, 0.000788488
0.000628832, 0.000786009
0.000626861, 0.000783546
0.000624902, 0.000781097
0.000622956, 0.000778665
0.000621022, 0.000776247
0.000619099, 0.000773844
0.000617189, 0.000771456
0.00061529, 0.000769083
0.000613403, 0.000766724
0.000611527, 0.00076438
0.000609663, 0.00076205
0.00060781, 0.000759734
0.000605969, 0.000757432
0.000604138, 0.000755144
0.000602319, 0.00075287
0.00060051, 0.00075061
0.000598713, 0.000748363
0.000596926, 0.000746129
0.00059515, 0.000743909
0.000593384, 0.000741702
0.000591628, 0.000739508
0.000589883, 0.000737327
0.000588149, 0.000735159
0.000586424, 0.000733003
0.00058471, 0.000730861
0.000583005, 0.00072873
0.000581311, 0.000726612
0.000579626, 0.000724506
0.000577951, 0.000722413
0.000576286, 0.000720331
0.00057463, 0.000718262
0.000572984, 0.000716204
0.000571347, 0.000714158
0.000569719, 0.000712124
0.000568101, 0.000710101
0.000566492, 0.00070809
0.000564892, 0.00070609
0.000563301, 0.000704101
0.000561719, 0.000702124
0.000560146, 0.000700158
0.000558581, 0.000698202
0.000557025, 0.000696258
0.000555478, 0.000694324
0.00055394, 0.000692401
0.00055241, 0.000690489
0.000550888, 0.000688587
0.000549375, 0.000686695
0.00054787, 0.000684814
0.000546373, 0.000682943
0.000544885, 0.000681083
0.000543404, 0.000679232
0.000541932, 0.000677392
0.000540468, 0.000675562
0.000539011, 0.000673741
0.000537562, 0.00067193
0.000536121, 0.000670129
0.000534688, 0.000668338
0.000533262, 0.000666556
0.000531844, 0.000664783
0.000530434, 0.00066302
0.000529031, 0.000661266
0.000527635, 0.000659522
0.000526247, 0.000657787
0.000524866, 0.00065606
0.000523492, 0.000654343
0.000522125, 0.000652635
0.000520766, 0.000650936
0.000519413, 0.000649245
0.000518068, 0.000647564
0.000516729, 0.000645891
0.000515398, 0.000644226
0.000514073, 0.00064257
0.000512755, 0.000640923
0.000511444, 0.000639284
0.000510139, 0.000637653
0.000508841, 0.000636031
0.00050755, 0.000634417
0.000506265, 0.000632811
0.000504987, 0.000631214
0.000503715, 0.000629624
0.000502449, 0.000628042
0.00050119, 0.000626468
0.000499938, 0.000624902
0.000498691, 0.000623344
0.000497451, 0.000621794
0.000496216, 0.000620251
0.000494988, 0.000618716
0.000493766, 0.000617189
0.00049255, 0.000615669
0.00049134, 0.000614156
0.000490136, 0.000612651
0.000488938, 0.000611154
0.000487745, 0.000609663
0.000486559, 0.00060818
0.000485378, 0.000606704
0.000484203, 0.000605235
0.000483033, 0.000603774
0.00048187, 0.000602319
0.000480711, 0.000600871
0.000479559, 0.000599431
0.000478412, 0.000597997
0.00047727, 0.00059657
0.000476134, 0.00059515
0.000475003, 0.000593736
0.000473878, 0.000592329
0.000472757, 0.000590929
0.000471642, 0.000589536
0.000470533, 0.000588149
0.000469428, 0.000586768
0.000468329, 0.000585394
0.000467235, 0.000584027
0.000466146, 0.000582666
0.000465062, 0.000581311
0.000463983, 0.000579962
0.000462909, 0.00057862
0.00046184, 0.000577284
0.000460776, 0.000575954
0.000459717, 0.00057463
0.000458663, 0.000573312
0.000457614, 0.000572001
0.000456569, 0.000570695
0.000455529, 0.000569395
0.000454494, 0.000568101
0.000454494, 0.000568101
0.000454494, 0.000568101
0.000454494, 0.000568101
0.000454494, 0.000568101
0.000454494, 0.000568101
0.000454494, 0.000568101
0.000454494, 0.000568101
0.000454494, 0.000568101
0.000454494, 0.000568101
0.000454494, 0.000568101
0.000454494, 0.000568101
0.000454494, 0.000568101
0.000454494, 0.000568101
0.000454494, 0.000568101
0.000454494, 0.000568101
0.000454494, 0.000568101
0.000453463, 0.000566813
0.000452438, 0.000565531
0.000451416, 0.000564254
0.0004504, 0.000562984
0.000449388, 0.000561719
0.00044838, 0.00056046
0.000447377, 0.000559206
0.000446379, 0.000557958
0.000445385, 0.000556715
0.000444395, 0.000555478
0.00044341, 0.000554247
0.000442429, 0.000553021
0.000441452, 0.0005518
0.00044048, 0.000550585
0.000439512, 0.000549375
0.000438548, 0.00054817
0.000437589, 0.000546971
0.000436634, 0.000545777
0.000435682, 0.000544588
0.000434735, 0.000543404
0.000433792, 0.000542226
0.000432854, 0.000541052
0.000431919, 0.000539884
0.000430988, 0.000538721
0.000430061, 0.000537562
0.000429139, 0.000536409
0.00042822, 0.00053526
0.000427305, 0.000534117
0.000426394, 0.000532978
0.000425487, 0.000531844
0.000424583, 0.000530715
0.000423684, 0.000529591
0.000422788, 0.000528471
0.000421896, 0.000527357
0.000421008, 0.000526247
0.000420124, 0.000525141
0.000419243, 0.00052404
0.000418366, 0.000522944
0.000417493, 0.000521853
0.000416623, 0.000520766
0.000415757, 0.000519683
0.000414895, 0.000518605
0.000414036, 0.000517531
0.00041318, 0.000516462
0.000412329, 0.000515398
0.00041148, 0.000514337
0.000410635, 0.000513281
0.000409794, 0.000512229
0.000408956, 0.000511182
0.000408122, 0.000510139
0.00040729, 0.0005091
0.000406463, 0.000508066
0.000405638, 0.000507035
0.000404817, 0.000506009
0.000404, 0.000504987
0.000403185, 0.000503969
0.000402374, 0.000502955
0.000401566, 0.000501945
0.000400761, 0.000500939
0.00039996, 0.000499938
0.000399162, 0.00049894
0.000398367, 0.000497946
0.000397575, 0.000496956
0.000396786, 0.00049597
0.000396, 0.000494988
0.000395218, 0.00049401
0.000394438, 0.000493036
0.000393662, 0.000492065
0.000392889, 0.000491099
0.000392118, 0.000490136
0.000391351, 0.000489177
0.000390587, 0.000488222
0.000389826, 0.00048727
0.000389067, 0.000486322
0.000388312, 0.000485378
0.000387559, 0.000484437
0.00038681, 0.000483501
0.000386063, 0.000482567
0.000385319, 0.000481638
0.000384578, 0.000480711
0.00038384, 0.000479789
0.000383105, 0.00047887
0.000382373, 0.000477954
0.000381643, 0.000477042
0.000380916, 0.000476134
0.000380192, 0.000475229
0.000379471, 0.000474327
0.000378752, 0.000473429
0.000378036, 0.000472534
0.000377323, 0.000471642
0.000376612, 0.000470754
0.000375905, 0.00046987
0.000375199, 0.000468988
0.000374497, 0.00046811
0.000373797, 0.000467235
0.0003731, 0.000466364
0.000372405, 0.000465495
0.000371713, 0.00046463
0.000371023, 0.000463768
0.000370336, 0.000462909
0.000369652, 0.000462054
0.00036897, 0.000461201
0.00036829, 0.000460352
0.000367613, 0.000459506
0.000366939, 0.000458663
0.000366267, 0.000457823
0.000365597, 0.000456986
0.00036493, 0.000456152
0.000364266, 0.000455322
0.000363603, 0.000454494
0.000362943, 0.000453669
0.000362286, 0.000452847
0.000361631, 0.000452028
0.000360978, 0.000451213
0.000360328, 0.0004504
0.00035968, 0.00044959
0.000359034, 0.000448783
0.000358391, 0.000447978
0.00035775, 0.000447177
0.00035775, 0.000447177
0.00035775, 0.000447177
0.00035775, 0.000447177
0.00035775, 0.000447177
0.00035775, 0.000447177
0.00035775, 0.000447177
0.00035775, 0.000447177
0.00035775, 0.000447177
0.00035775, 0.000447177
0.00035775, 0.000447177
0.00035775, 0.000447177
0.00035775, 0.000447177
0.00035775, 0.000447177
0.00035775, 0.000447177
0.00035775, 0.000447177
0.00035775, 0.000447177
0.00035775, 0.000447177
0.000357111, 0.000446379
0.000356474, 0.000445583
0.00035584, 0.00044479
0.000355208, 0.000444
0.000354578, 0.000443213
0.000353951, 0.000442429
0.000353326, 0.000441647
0.000352703, 0.000440869
0.000352082, 0.000440092
0.000351463, 0.000439319
0.000350846, 0.000438548
0.000350232, 0.00043778
0.00034962, 0.000437015
0.00034901, 0.000436253
0.000348402, 0.000435493
0.000347796, 0.000434735
0.000347192, 0.000433981
0.00034659, 0.000433229
0.000345991, 0.000432479
0.000345393, 0.000431732
0.000344798, 0.000430988
0.000344204, 0.000430246
0.000343613, 0.000429507
0.000343024, 0.000428771
0.000342436, 0.000428036
0.000341851, 0.000427305
0.000341268, 0.000426576
0.000340686, 0.000425849
0.000340107, 0.000425125
0.00033953, 0.000424403
0.000338954, 0.000423684
0.000338954, 0.000423684
0.000338381, 0.000422967
0.000337809, 0.000422253
0.00033724, 0.000421541
0.000336672, 0.000420831
0.000336106, 0.000420124
0.000335542, 0.000419419
0.00033498, 0.000418717
0.00033442, 0.000418017
0.000333862, 0.000417319
0.000333306, 0.000416623
0.000332751, 0.00041593
0.000332198, 0.000415239
0.000331647, 0.000414551
0.000331098, 0.000413864
0.000330551, 0.00041318
0.000330006, 0.000412499
0.000329462, 0.000411819
0.00032892, 0.000411142
0.00032838, 0.000410467
0.000327842, 0.000409794
0.000327305, 0.000409123
0.000326771, 0.000408455
0.000326238, 0.000407789
0.000325706, 0.000407125
0.000325177, 0.000406463
0.000324649, 0.000405803
0.000324123, 0.000405145
0.000323598, 0.00040449
0.000323076, 0.000403836
0.000322555, 0.000403185
0.000322035, 0.000402536
0.000321518, 0.000401889
0.000321002, 0.000401244
0.000320487, 0.000400601
0.000319974, 0.00039996
0.000319463, 0.000399321
0.000318954, 0.000398684
0.000318446, 0.00039805
0.00031794, 0.000397417
0.000317435, 0.000396786
0.000316932, 0.000396157
0.000316431, 0.000395531
0.000315931, 0.000394906
0.000315931, 0.000394906
0.000315931, 0.000394906
0.000315931, 0.000394906
0.000315931, 0.000394906
0.000315931, 0.000394906
0.000315931, 0.000394906
0.000315931, 0.000394906
0.000315931, 0.000394906
0.000315931, 0.000394906
0.000315931, 0.000394906
0.000315931, 0.000394906
0.000315931, 0.000394906
0.000315931, 0.000394906
0.000315931, 0.000394906
0.000315931, 0.000394906
0.000315931, 0.000394906
0.000315433, 0.000394283
0.000314936, 0.000393662
0.000314441, 0.000393043
0.000313947, 0.000392426
0.000313455, 0.000391811
0.000312965, 0.000391198
0.000312476, 0.000390587
0.000311988, 0.000389978
0.000311502, 0.00038937
0.000311018, 0.000388765
0.000310535, 0.000388161
0.000310053, 0.000387559
0.000309574, 0.000386959
0.000309095, 0.000386361
0.000308618, 0.000385765
0.000308143, 0.000385171
0.000307669, 0.000384578
0.000307196, 0.000383988
0.000306725, 0.000383399
0.000306255, 0.000382812
0.000305787, 0.000382226
0.00030532, 0.000381643
0.000304855, 0.000381061
0.000304391, 0.000380481
0.000303928, 0.000379903
0.000303467, 0.000379327
0.000303007, 0.000378752
0.000302549, 0.000378179
0.000302092, 0.000377608
0.000301636, 0.000377038
0.000301182, 0.000376471
0.000300729, 0.000375905
0.000300278, 0.00037534
0.000299828, 0.000374777
0.000299379, 0.000374216
0.000298931, 0.000373657
0.000298485, 0.0003731
0.00029804, 0.000372544
0.000297597, 0.000371989
0.000297155, 0.000371437
0.000296714, 0.000370885
0.000296274, 0.000370336
0.000295836, 0.000369788
0.000295399, 0.000369242
0.000294963, 0.000368698
0.000294529, 0.000368155
0.000294096, 0.000367613
0.000293664, 0.000367074
0.000293234, 0.000366535
0.000292804, 0.000365999
0.000292376, 0.000365464
0.000291949, 0.00036493
0.000291524, 0.000364398
0.0002911, 0.000363868
0.000290677, 0.000363339
0.000290255, 0.000362812
0.000289834, 0.000362286
0.000289415, 0.000361762
0.000288996, 0.000361239
0.000288579, 0.000360718
0.000288164, 0.000360198
0.000287749, 0.00035968
0.000287336, 0.000359163
0.000286923, 0.000358648
0.000286512, 0.000358134
0.000286103, 0.000357622
0.000285694, 0.000357111
0.000285286, 0.000356602
0.00028488, 0.000356094
0.000284475, 0.000355587
0.000284071, 0.000355082
0.000283668, 0.000354578
0.000283266, 0.000354076
0.000282865, 0.000353576
0.000282466, 0.000353076
0.000282068, 0.000352578
0.00028167, 0.000352082
0.000281274, 0.000351587
0.000280879, 0.000351093
0.000280485, 0.0003506
0.000280092, 0.000350109
0.000279701, 0.00034962
0.00027931, 0.000349132
0.000278921, 0.000348645
0.000278532, 0.000348159
0.000278145, 0.000347675
0.000277758, 0.000347192
0.000277373, 0.000346711
0.000276989, 0.00034623
0.000276606, 0.000345752
0.000276224, 0.000345274
0.000275843, 0.000344798
0.000275463, 0.000344323
0.000275084, 0.000343849
0.000274706, 0.000343377
0.00027433, 0.000342906
0.000273954, 0.000342436
0.000273579, 0.000341968
0.000273205, 0.000341501
0.000272833, 0.000341035
0.000272461, 0.00034057
0.00027209, 0.000340107
0.000271721, 0.000339645
0.000271352, 0.000339184
0.000270984, 0.000338725
0.000270618, 0.000338266
0.000270252, 0.000337809
0.000269887, 0.000337353
0.000269524, 0.000336899
0.000269161, 0.000336445
0.000268799, 0.000335993
0.000268438, 0.000335542
0.000268079, 0.000335093
0.00026772, 0.000334644
0.000267362, 0.000334197
0.000267005, 0.000333751
0.000266649, 0.000333306
0.000266294, 0.000332862
0.00026594, 0.000332419
0.000265587, 0.000331978
0.000265234, 0.000331538
0.000264883, 0.000331098
0.000264533, 0.00033066
0.000264183, 0.000330224
0.000263835, 0.000329788
0.000263487, 0.000329354
0.000263141, 0.00032892
0.000262795, 0.000328488
0.00026245, 0.000328057
0.000262106, 0.000327627
0.000261763, 0.000327198
0.000261421, 0.000326771
0.00026108, 0.000326344
0.000260739, 0.000325919
0.0002604, 0.000325494
0.000260061, 0.000325071
0.000259723, 0.000324649
0.000259387, 0.000324228
0.000259051, 0.000323808
0.000258715, 0.000323389
0.000258381, 0.000322971
0.000258048, 0.000322555
0.000257715, 0.000322139
0.000257384, 0.000321724
0.000257053, 0.000321311
0.000256723, 0.000320899
0.000256394, 0.000320487
0.000256066, 0.000320077
0.000255738, 0.000319668
0.000255412, 0.000319259
0.000255086, 0.000318852
0.000254761, 0.000318446
0.000254437, 0.000318041
0.000254113, 0.000317637
0.000253791, 0.000317234
0.000253469, 0.000316832
0.000253149, 0.000316431
0.000252829, 0.000316031
0.000252509, 0.000315632
0.000252191, 0.000315234
0.000251873, 0.000314837
0.000251557, 0.000314441
0.00025124, 0.000314046
0.000250925, 0.000313652
0.000250611, 0.000313259
0.000250297, 0.000312867
0.000249984, 0.000312476
0.000249672, 0.000312086
0.000249361, 0.000311696
0.00024905, 0.000311308
0.000248741, 0.000310921
0.000248432, 0.000310535
0.000248124, 0.00031015
0.000247816, 0.000309765
0.000247509, 0.000309382
0.000247204, 0.000309
0.000246898, 0.000308618
0.000246594, 0.000308238
0.00024629, 0.000307858
0.000245987, 0.000307479
0.000245685, 0.000307102
0.000245384, 0.000306725
0.000245083, 0.000306349
0.000244783, 0.000305974
0.000244484, 0.0003056
0.000244185, 0.000305227
0.000243888, 0.000304855
0.000243591, 0.000304484
0.000243294, 0.000304113
0.000242999, 0.000303744
0.000242704, 0.000303375
0.00024241, 0.000303007
0.000242116, 0.000302641
0.000241823, 0.000302275
0.000241531, 0.00030191
0.00024124, 0.000301545
0.000240949, 0.000301182
0.000240659, 0.00030082
0.00024037, 0.000300458
0.000240082, 0.000300098
0.000239794, 0.000299738
0.000239507, 0.000299379
0.00023922, 0.000299021
0.000238934, 0.000298663
0.000238649, 0.000298307
0.000238365, 0.000297952
0.000238081, 0.000297597
0.000237798, 0.000297243
0.000237516, 0.00029689
0.000237234, 0.000296538
0.000236953, 0.000296187
0.000236672, 0.000295836
0.000236393, 0.000295486
0.000236114, 0.000295138
0.000235835, 0.00029479
0.000235557, 0.000294442
0.00023528, 0.000294096
0.000235004, 0.00029375
0.000234728, 0.000293406
0.000234453, 0.000293062
0.000234178, 0.000292719
0.000233904, 0.000292376
0.000233631, 0.000292035
0.000233359, 0.000291694
0.000233087, 0.000291354
0.000232815, 0.000291015
0.000232545, 0.000290677
0.000232275, 0.000290339
0.000232005, 0.000290002
0.000231736, 0.000289666
0.000231468, 0.000289331
0.000231201, 0.000288996
0.000230934, 0.000288663
0.000230667, 0.00028833
0.000230401, 0.000287998
0.000230136, 0.000287666
0.000229872, 0.000287336
0.000229608, 0.000287006
0.000229345, 0.000286677
0.000229082, 0.000286348
0.00022882, 0.000286021
0.000228558, 0.000285694
0.000228297, 0.000285368
0.000228037, 0.000285042
0.000227777, 0.000284718
0.000227518, 0.000284394
0.00022726, 0.000284071
0.000227002, 0.000283748
0.000226745, 0.000283427
0.000226488, 0.000283106
0.000226232, 0.000282785
0.000225976, 0.000282466
0.000225721, 0.000282147
0.000225466, 0.000281829
0.000225213, 0.000281512
0.000224959, 0.000281195
0.000224706, 0.000280879
0.000224454, 0.000280564
0.000224203, 0.000280249
0.000223952, 0.000279936
0.000223701, 0.000279623
0.000223451, 0.00027931
0.000223202, 0.000278998
0.000222953, 0.000278687
0.000222705, 0.000278377
0.000222457, 0.000278067
0.00022221, 0.000277758
0.000221963, 0.00027745
0.000221717, 0.000277143
0.000221472, 0.000276836
0.000221227, 0.00027653
0.000220982, 0.000276224
0.000220738, 0.000275919
0.000220495, 0.000275615
0.000220252, 0.000275311
0.00022001, 0.000275009
0.000219768, 0.000274706
0.000219527, 0.000274405
0.000219286, 0.000274104
0.000219046, 0.000273804
0.000218806, 0.000273504
0.000218567, 0.000273205
0.000218329, 0.000272907
0.000218091, 0.00027261
0.000217853, 0.000272313
0.000217616, 0.000272016
0.000217379, 0.000271721
0.000217143, 0.000271426
0.000216908, 0.000271131
0.000216673, 0.000270838
0.000216673, 0.000270838
0.000216439, 0.000270544
0.000216205, 0.000270252
0.000215971, 0.00026996
0.000215738, 0.000269669
0.000215506, 0.000269378
0.000215274, 0.000269088
0.000215042, 0.000268799
0.000214811, 0.00026851
0.000214581, 0.000268222
0.000214351, 0.000267935
0.000214121, 0.000267648
0.000213892, 0.000267362
0.000213664, 0.000267076
0.000213436, 0.000266791
0.000213208, 0.000266507
0.000212981, 0.000266223
0.000212755, 0.00026594
0.000212529, 0.000265657
0.000212303, 0.000265375
0.000212078, 0.000265094
0.000211853, 0.000264813
0.000211629, 0.000264533
0.000211405, 0.000264253
0.000211182, 0.000263974
0.000210959, 0.000263696
0.000210737, 0.000263418
0.000210515, 0.000263141
0.000210294, 0.000262864
0.000210073, 0.000262588
0.000209853, 0.000262312
0.000209633, 0.000262037
0.000209413, 0.000261763
0.000209194, 0.000261489
0.000208975, 0.000261216
0.000208757, 0.000260943
0.00020854, 0.000260671
0.000208322, 0.0002604
0.000208106, 0.000260129
0.000207889, 0.000259858
0.000207674, 0.000259589
0.000207458, 0.000259319
0.000207243, 0.000259051
0.000207029, 0.000258782
0.000206815, 0.000258515
0.000206601, 0.000258248
0.000206388, 0.000257981
0.000206175, 0.000257715
0.000205963, 0.00025745
0.000205751, 0.000257185
0.000205539, 0.000256921
0.000205328, 0.000256657
0.000205118, 0.000256394
0.000204908, 0.000256131
0.000204698, 0.000255869
0.000204489, 0.000255607
0.00020428, 0.000255346
0.000204071, 0.000255086
0.000203863, 0.000254826
0.000203656, 0.000254566
0.000203448, 0.000254307
0.000203242, 0.000254049
0.000203035, 0.000253791
0.000202829, 0.000253534
0.000202624, 0.000253277
0.000202419, 0.00025302
0.000202214, 0.000252765
0.00020201, 0.000252509
0.000201806, 0.000252255
0.000201603, 0.000252
0.0002014, 0.000251746
0.000201197, 0.000251493
0.000200995, 0.00025124
0.000200793, 0.000250988
0.000200592, 0.000250737
0.000200391, 0.000250485
0.00020019, 0.000250235
0.00019999, 0.000249984
0.00019979, 0.000249735
0.000199591, 0.000249485
0.000199392, 0.000249237
0.000199193, 0.000248988
0.000198995, 0.000248741
0.000198797, 0.000248494
0.0001986, 0.000248247
0.000198403, 0.000248
0.000198206, 0.000247755
0.00019801, 0.000247509
0.000197814, 0.000247265
0.000197619, 0.00024702
0.000197424, 0.000246776
0.000197229, 0.000246533
0.000197035, 0.00024629
0.000196841, 0.000246048
0.000196647, 0.000245806
0.000196454, 0.000245564
0.000196261, 0.000245324
0.000196069, 0.000245083
0.000195877, 0.000244843
0.000195685, 0.000244603
0.000195494, 0.000244364
0.000195303, 0.000244126
0.000195112, 0.000243888
0.000194922, 0.00024365
0.000194732, 0.000243413
0.000194543, 0.000243176
0.000194354, 0.00024294
0.000194165, 0.000242704
0.000193977, 0.000242468
0.000193789, 0.000242233
0.000193601, 0.000241999
0.000193414, 0.000241765
0.000193227, 0.000241531
0.000193041, 0.000241298
0.000192855, 0.000241066
0.000192669, 0.000240833
0.000192484, 0.000240602
0.000192298, 0.00024037
0.000192114, 0.000240139
0.000191929, 0.000239909
0.000191745, 0.000239679
0.000191562, 0.000239449
0.000191378, 0.00023922
0.000191195, 0.000238991
0.000191013, 0.000238763
0.000190831, 0.000238535
0.000190649, 0.000238308
0.000190467, 0.000238081
0.000190286, 0.000237855
0.000190105, 0.000237628
0.000189925, 0.000237403
0.000189744, 0.000237178
0.000189564, 0.000236953
0.000189385, 0.000236728
0.000189206, 0.000236504
0.000189027, 0.000236281
0.000188848, 0.000236058
0.00018867, 0.000235835
0.000188493, 0.000235613
0.000188315, 0.000235391
0.000188138, 0.00023517
0.000187961, 0.000234949
0.000187785, 0.000234728
0.000187608, 0.000234508
0.000187433, 0.000234288
0.000187257, 0.000234069
0.000187082, 0.00023385
0.000186907, 0.000233631
0.000186733, 0.000233413
0.000186558, 0.000233195
0.000186385, 0.000232978
0.000186211, 0.000232761
0.000186038, 0.000232545
0.000185865, 0.000232329
0.000185692, 0.000232113
0.00018552, 0.000231898
0.000185348, 0.000231683
0.000185177, 0.000231468
0.000185005, 0.000231254
0.000184834, 0.00023104
0.000184664, 0.000230827
0.000184493, 0.000230614
0.000184323, 0.000230401
0.000184154, 0.000230189
0.000184154, 0.000230189
0.000183984, 0.000229978
0.000183815, 0.000229766
0.000183646, 0.000229555
0.000183478, 0.000229345
0.00018331, 0.000229134
0.000183142, 0.000228925
0.000182974, 0.000228715
0.000182807, 0.000228506
0.00018264, 0.000228297
0.000182473, 0.000228089
0.000182307, 0.000227881
0.000182141, 0.000227674
0.000181975, 0.000227467
0.00018181, 0.00022726
0.000181645, 0.000227053
0.00018148, 0.000226847
0.000181315, 0.000226642
0.000181151, 0.000226436
0.000180987, 0.000226232
0.000180824, 0.000226027
0.00018066, 0.000225823
0.000180497, 0.000225619
0.000180335, 0.000225416
0.000180172, 0.000225213
0.00018001, 0.00022501
0.000179848, 0.000224808
0.000179686, 0.000224606
0.000179525, 0.000224404
0.000179364, 0.000224203
0.000179203, 0.000224002
0.000179043, 0.000223801
0.000178883, 0.000223601
0.000178723, 0.000223401
0.000178563, 0.000223202
0.000178404, 0.000223003
0.000178245, 0.000222804
0.000178086, 0.000222606
0.000177928, 0.000222408
0.00017777, 0.00022221
0.000177612, 0.000222013
0.000177454, 0.000221816
0.000177297, 0.000221619
0.00017714, 0.000221423
0.000176983, 0.000221227
0.000176827, 0.000221031
0.000176671, 0.000220836
0.000176515, 0.000220641
0.000176359, 0.000220446
0.000176204, 0.000220252
0.000176049, 0.000220058
0.000175894, 0.000219865
0.000175739, 0.000219672
0.000175585, 0.000219479
0.000175431, 0.000219286
0.000175277, 0.000219094
0.000175124, 0.000218902
0.00017497, 0.000218711
0.000174818, 0.00021852
0.000174665, 0.000218329
0.000174512, 0.000218138
0.00017436, 0.000217948
0.000174208, 0.000217758
0.000174057, 0.000217569
0.000173905, 0.000217379
0.000173754, 0.000217191
0.000173604, 0.000217002
0.000173453, 0.000216814
0.000173303, 0.000216626
0.000173153, 0.000216439
0.000173003, 0.000216251
0.000172853, 0.000216064
0.000172704, 0.000215878
0.000172555, 0.000215692
0.000172406, 0.000215506
0.000172258, 0.00021532
0.00017211, 0.000215135
0.000171962, 0.00021495
0.000171814, 0.000214765
0.000171666, 0.000214581
0.000171519, 0.000214397
0.000171372, 0.000214213
0.000171226, 0.00021403
0.000171079, 0.000213847
0.000170933, 0.000213664
0.000170787, 0.000213481
0.000170641, 0.000213299
0.000170496, 0.000213117
0.00017035, 0.000212936
0.000170206, 0.000212755
0.000170061, 0.000212574
0.000169916, 0.000212393
0.000169772, 0.000212213
0.000169628, 0.000212033
0.000169484, 0.000211853
0.000169341, 0.000211674
0.000169198, 0.000211495
0.000169055, 0.000211316
0.000168912, 0.000211138
0.000168769, 0.000210959
0.000168627, 0.000210781
0.000168485, 0.000210604
0.000168343, 0.000210427
0.000168202, 0.00021025
0.00016806, 0.000210073
0.000167919, 0.000209897
0.000167778, 0.000209721
0.000167638, 0.000209545
0.000167497, 0.000209369
0.000167357, 0.000209194
0.000167217, 0.000209019
0.000167077, 0.000208845
0.000166938, 0.00020867
0.000166799, 0.000208496
0.00016666, 0.000208322
0.000166521, 0.000208149
0.000166382, 0.000207976
0.000166382, 0.000207976
0.000166382, 0.000207976
0.000166382, 0.000207976
0.000166382, 0.000207976
0.000166382, 0.000207976
0.000166382, 0.000207976
0.000166382, 0.000207976
0.000166382, 0.000207976
0.000166382, 0.000207976
0.000166382, 0.000207976
0.000166382, 0.000207976
0.000166382, 0.000207976
0.000166382, 0.000207976
0.000166382, 0.000207976
0.000166382, 0.000207976
0.000166382, 0.000207976
0.000166382, 0.000207976
0.000166244, 0.000207803
0.000166106, 0.00020763
0.000165968, 0.000207458
0.000165831, 0.000207286
0.000165693, 0.000207114
0.000165556, 0.000206943
0.000165419, 0.000206772
0.000165282, 0.000206601
0.000165146, 0.00020643
0.00016501, 0.00020626
0.000164874, 0.00020609
0.000164738, 0.00020592
0.000164602, 0.000205751
0.000164467, 0.000205582
0.000164332, 0.000205413
0.000164197, 0.000205244
0.000164062, 0.000205076
0.000163928, 0.000204908
0.000163793, 0.00020474
0.000163659, 0.000204572
0.000163526, 0.000204405
0.000163392, 0.000204238
0.000163259, 0.000204071
0.000163125, 0.000203905
0.000162993, 0.000203739
0.00016286, 0.000203573
0.000162727, 0.000203407
0.000162595, 0.000203242
0.000162463, 0.000203077
0.000162331, 0.000202912
0.000162199, 0.000202747
0.000162068, 0.000202583
0.000161937, 0.000202419
0.000161806, 0.000202255
0.000161675, 0.000202092
0.000161544, 0.000201928
0.000161414, 0.000201765
0.000161284, 0.000201603
0.000161154, 0.00020144
0.000161024, 0.000201278
0.000160895, 0.000201116
0.000160765, 0.000200955
0.000160636, 0.000200793
0.000160507, 0.000200632
0.000160378, 0.000200471
0.00016025, 0.00020031
0.000160122, 0.00020015
0.000159994, 0.00019999
0.000159866, 0.00019983
0.000159738, 0.000199671
0.000159611, 0.000199511
0.000159483, 0.000199352
0.000159356, 0.000199193
0.000159229, 0.000199035
0.000159103, 0.000198876
0.000158976, 0.000198718
0.00015885, 0.00019856
0.000158724, 0.000198403
0.000158598, 0.000198246
0.000158472, 0.000198088
0.000158347, 0.000197932
0.000158222, 0.000197775
0.000158097, 0.000197619
0.000157972, 0.000197463
0.000157847, 0.000197307
0.000157722, 0.000197151
0.000157598, 0.000196996
0.000157598, 0.000196996
0.000157474, 0.000196841
0.00015735, 0.000196686
0.000157227, 0.000196531
0.000157103, 0.000196377
0.00015698, 0.000196223
0.000156857, 0.000196069
0.000156734, 0.000195915
0.000156611, 0.000195762
0.000156488, 0.000195609
0.000156366, 0.000195456
0.000156244, 0.000195303
0.000156122, 0.000195151
0.000156, 0.000194998
0.000155879, 0.000194846
0.000155757, 0.000194695
0.000155636, 0.000194543
0.000155515, 0.000194392
0.000155394, 0.000194241
0.000155273, 0.00019409
0.000155153, 0.000193939
0.000155033, 0.000193789
0.000154913, 0.000193639
0.000154793, 0.000193489
0.000154673, 0.000193339
0.000154554, 0.00019319
0.000154434, 0.000193041
0.000154315, 0.000192892
0.000154196, 0.000192743
0.000154077, 0.000192595
0.000153959, 0.000192446
0.00015384, 0.000192298
0.000153722, 0.000192151
0.000153604, 0.000192003
0.000153486, 0.000191856
0.000153368, 0.000191709
0.000153251, 0.000191562
0.000153133, 0.000191415
0.000153016, 0.000191269
0.000152899, 0.000191122
0.000152783, 0.000190976
0.000152666, 0.000190831
0.000152549, 0.000190685
0.000152433, 0.00019054
0.000152317, 0.000190395
0.000152201, 0.00019025
0.000152085, 0.000190105
0.00015197, 0.000189961
0.000151855, 0.000189816
0.000151739, 0.000189672
0.000151624, 0.000189529
0.000151509, 0.000189385
0.000151395, 0.000189242
0.00015128, 0.000189098
0.000151166, 0.000188956
0.000151052, 0.000188813
0.000150938, 0.00018867
0.000150824, 0.000188528
0.00015071, 0.000188386
0.000150597, 0.000188244
0.000150483, 0.000188103
0.00015037, 0.000187961
0.000150257, 0.00018782
0.000150145, 0.000187679
0.000150032, 0.000187538
0.000149919, 0.000187398
0.000149807, 0.000187257
0.000149695, 0.000187117
0.000149583, 0.000186977
0.000149471, 0.000186837
0.00014936, 0.000186698
0.000149248, 0.000186558
0.000149137, 0.000186419
0.000149026, 0.00018628
0.000148915, 0.000186142
0.000148804, 0.000186003
0.000148693, 0.000185865
0.000148583, 0.000185727
0.000148473, 0.000185589
0.000148362, 0.000185451
0.000148252, 0.000185314
0.000148143, 0.000185177
0.000148033, 0.00018504
0.000147924, 0.000184903
0.000147814, 0.000184766
0.000147705, 0.00018463
0.000147596, 0.000184493
0.000147487, 0.000184357
0.000147379, 0.000184221
0.00014727, 0.000184086
0.000147162, 0.00018395
0.000147053, 0.000183815
0.000146945, 0.00018368
0.000146837, 0.000183545
0.00014673, 0.000183411
0.000146622, 0.000183276
0.000146515, 0.000183142
0.000146408, 0.000183008
0.0001463, 0.000182874
0.000146193, 0.00018274
0.000146087, 0.000182607
0.00014598, 0.000182473
0.000145874, 0.00018234
0.000145767, 0.000182207
0.000145661, 0.000182075
0.000145555, 0.000181942
0.000145449, 0.00018181
0.000145344, 0.000181678
0.000145238, 0.000181546
0.000145133, 0.000181414
0.000145027, 0.000181283
0.000144922, 0.000181151
0.000144817, 0.00018102
0.000144713, 0.000180889
0.000144608, 0.000180758
0.000144503, 0.000180628
0.000144399, 0.000180497
0.000144295, 0.000180367
0.000144191, 0.000180237
0.000144087, 0.000180107
0.000143983, 0.000179978
0.00014388, 0.000179848
0.000143776, 0.000179719
0.000143673, 0.00017959
0.00014357, 0.000179461
0.000143467, 0.000179332
0.000143364, 0.000179203
0.000143261, 0.000179075
0.000143159, 0.000178947
0.000143056, 0.000178819
0.000142954, 0.000178691
0.000142852, 0.000178563
0.00014275, 0.000178436
0.000142648, 0.000178309
0.000142547, 0.000178182
0.000142445, 0.000178055
0.000142344, 0.000177928
0.000142242, 0.000177801
0.000142141, 0.000177675
0.00014204, 0.000177549
0.00014194, 0.000177423
0.00014194, 0.000177423
0.000141839, 0.000177297
0.000141738, 0.000177171
0.000141638, 0.000177046
0.000141538, 0.000176921
0.000141438, 0.000176796
0.000141338, 0.000176671
0.000141238, 0.000176546
0.000141138, 0.000176421
0.000141039, 0.000176297
0.000140939, 0.000176173
0.00014084, 0.000176049
0.000140741, 0.000175925
0.000140642, 0.000175801
0.000140543, 0.000175677
0.000140445, 0.000175554
0.000140445, 0.000175554
0.000140346, 0.000175431
0.000140248, 0.000175308
0.000140149, 0.000175185
0.000140051, 0.000175062
0.000139953, 0.00017494
0.000139855, 0.000174818
0.000139758, 0.000174695
0.00013966, 0.000174573
0.000139562, 0.000174452
0.000139465, 0.00017433
0.000139368, 0.000174208
0.000139271, 0.000174087
0.000139271, 0.000174087
0.000139271, 0.000174087
0.000139271, 0.000174087
0.000139271, 0.000174087
0.000139271, 0.000174087
0.000139271, 0.000174087
0.000139271, 0.000174087
0.000139271, 0.000174087
0.000139271, 0.000174087
0.000139271, 0.000174087
0.000139271, 0.000174087
0.000139271, 0.000174087
0.000139271, 0.000174087
0.000139271, 0.000174087
0.000139271, 0.000174087
0.000139174, 0.000173966
0.000139077, 0.000173845
0.000138981, 0.000173724
0.000138884, 0.000173604
0.000138788, 0.000173483
0.000138691, 0.000173363
0.000138595, 0.000173243
0.000138499, 0.000173123
0.000138404, 0.000173003
0.000138308, 0.000172883
0.000138212, 0.000172764
0.000138117, 0.000172644
0.000138021, 0.000172525
0.000137926, 0.000172406
0.000137831, 0.000172288
0.000137736, 0.000172169
0.000137642, 0.00017205
0.000137547, 0.000171932
0.000137452, 0.000171814
0.000137358, 0.000171696
0.000137264, 0.000171578
0.00013717, 0.00017146
0.000137075, 0.000171343
0.000136982, 0.000171226
0.000136888, 0.000171108
0.000136794, 0.000170991
0.000136701, 0.000170874
0.000136607, 0.000170758
0.000136514, 0.000170641
0.000136421, 0.000170525
0.000136328, 0.000170409
0.000136235, 0.000170292
0.000136235, 0.000170292
0.000136142, 0.000170177
0.00013605, 0.000170061
0.000135957, 0.000169945
0.000135865, 0.00016983
0.000135773, 0.000169714
0.000135681, 0.000169599
0.000135589, 0.000169484
0.000135497, 0.00016937
0.000135405, 0.000169255
0.000135313, 0.00016914
0.000135222, 0.000169026
0.000135131, 0.000168912
0.000135039, 0.000168798
0.000134948, 0.000168684
0.000134857, 0.00016857
0.000134766, 0.000168457
0.000134676, 0.000168343
0.000134585, 0.00016823
0.000134494, 0.000168117
0.000134404, 0.000168004
0.000134314, 0.000167891
0.000134224, 0.000167778
0.000134134, 0.000167666
0.000134044, 0.000167553
0.000133954, 0.000167441
0.000133864, 0.000167329
0.000133775, 0.000167217
0.000133685, 0.000167105
0.000133596, 0.000166994
0.000133507, 0.000166882
0.000133418, 0.000166771
0.000133329, 0.00016666
0.00013324, 0.000166549
0.000133151, 0.000166438
0.000133063, 0.000166327
0.000132974, 0.000166216
0.000132886, 0.000166106
0.000132798, 0.000165996
0.00013271, 0.000165886
0.000132622, 0.000165776
0.000132534, 0.000165666
0.000132446, 0.000165556
0.000132358, 0.000165446
0.000132271, 0.000165337
0.000132183, 0.000165228
0.000132096, 0.000165119
0.000132009, 0.00016501
0.000131922, 0.000164901
0.000131835, 0.000164792
0.000131748, 0.000164684
0.000131661, 0.000164575
0.000131575, 0.000164467
0.000131488, 0.000164359
0.000131402, 0.000164251
0.000131315, 0.000164143
0.000131229, 0.000164035
0.000131143, 0.000163928
0.000131057, 0.00016382
0.000130971, 0.000163713
0.000130886, 0.000163606
0.0001308, 0.000163499
0.000130715, 0.000163392
0.000130629, 0.000163285
0.000130544, 0.000163179
0.000130459, 0.000163072
0.000130374, 0.000162966
0.000130289, 0.00016286
0.000130204, 0.000162754
0.000130119, 0.000162648
0.000130035, 0.000162542
0.00012995, 0.000162437
0.000129866, 0.000162331
0.000129782, 0.000162226
0.000129697, 0.000162121
0.000129613, 0.000162015
0.000129529, 0.000161911
0.000129446, 0.000161806
0.000129362, 0.000161701
0.000129278, 0.000161597
0.000129195, 0.000161492
0.000129111, 0.000161388
0.000129028, 0.000161284
0.000128945, 0.00016118
0.000128862, 0.000161076
0.000128779, 0.000160972
0.000128696, 0.000160869
0.000128613, 0.000160765
0.000128531, 0.000160662
0.000128448, 0.000160559
0.000128366, 0.000160456
0.000128283, 0.000160353
0.000128201, 0.00016025
0.000128119, 0.000160147
0.000128037, 0.000160045
0.000127955, 0.000159942
0.000127873, 0.00015984
0.000127791, 0.000159738
0.00012771, 0.000159636
0.000127628, 0.000159534
0.000127547, 0.000159432
0.000127466, 0.000159331
0.000127384, 0.000159229
0.000127303, 0.000159128
0.000127222, 0.000159027
0.000127142, 0.000158926
0.000127061, 0.000158825
0.00012698, 0.000158724
0.0001269, 0.000158623
0.000126819, 0.000158523
0.000126739, 0.000158422
0.000126658, 0.000158322
0.000126658, 0.000158322
0.000126578, 0.000158222
0.000126498, 0.000158122
0.000126418, 0.000158022
0.000126338, 0.000157922
0.000126259, 0.000157822
0.000126179, 0.000157722
0.000126099, 0.000157623
0.00012602, 0.000157524
0.000125941, 0.000157425
0.000125861, 0.000157325
0.000125782, 0.000157227
0.000125703, 0.000157128
0.000125624, 0.000157029
0.000125545, 0.00015693
0.000125467, 0.000156832
0.000125388, 0.000156734
0.000125309, 0.000156635
0.000125231, 0.000156537
0.000125153, 0.000156439
0.000125074, 0.000156342
0.000124996, 0.000156244
0.000124918, 0.000156146
0.00012484, 0.000156049
0.000124762, 0.000155951
0.000124684, 0.000155854
0.000124607, 0.000155757
0.000124529, 0.00015566
0.000124452, 0.000155563
0.000124374, 0.000155467
0.000124297, 0.00015537
0.00012422, 0.000155273
0.000124143, 0.000155177
0.000124066, 0.000155081
0.000123989, 0.000154985
0.000123912, 0.000154889
0.000123835, 0.000154793
0.000123759, 0.000154697
0.000123682, 0.000154601
0.000123606, 0.000154506
0.000123529, 0.00015441
0.000123529, 0.00015441
0.000123453, 0.000154315
0.000123377, 0.00015422
0.000123301, 0.000154125
0.000123225, 0.00015403
0.000123225, 0.00015403
0.000123225, 0.00015403
0.000123225, 0.00015403
0.000123225, 0.00015403
0.000123225, 0.00015403
0.000123225, 0.00015403
0.000123225, 0.00015403
0.000123225, 0.00015403
0.000123225, 0.00015403
0.000123225, 0.00015403
0.000123225, 0.00015403
0.000123225, 0.00015403
0.000123225, 0.00015403
0.000123225, 0.00015403
0.000123225, 0.00015403
0.000123225, 0.00015403
0.000123225, 0.00015403
0.000123225, 0.00015403
0.000123225, 0.00015403
0.000123225, 0.00015403
0.000123225, 0.00015403
0.000123225, 0.00015403
0.000123225, 0.00015403
0.000123225, 0.00015403
0.000123225, 0.00015403
0.000123225, 0.00015403
0.000123225, 0.00015403
0.000123225, 0.00015403
0.000123225, 0.00015403
0.000123225, 0.00015403
0.000123225, 0.00015403
0.000123225, 0.00015403
0.000123225, 0.00015403
0.000123225, 0.00015403
0.000123225, 0.00015403
0.000123225, 0.00015403
0.000123225, 0.00015403
0.000123225, 0.00015403
0.000123225, 0.00015403
0.000123225, 0.00015403
0.000123225, 0.00015403
0.000123225, 0.00015403
0.000123225, 0.00015403
0.000123225, 0.00015403
0.000123225, 0.00015403
0.000123225, 0.00015403
0.000123225, 0.00015403
0.000123225, 0.00015403
0.000123225, 0.00015403
0.000123225, 0.00015403
0.000123225, 0.00015403
0.000123225, 0.00015403
0.000123225, 0.00015403
0.000123225, 0.00015403
0.000123225, 0.00015403
0.000123225, 0.00015403
0.000123225, 0.00015403
0.000123225, 0.00015403
0.000123225, 0.00015403
0.000123225, 0.00015403
0.000123225, 0.00015403
0.000123225, 0.00015403
0.000123225, 0.00015403
0.000123225, 0.00015403
0.000123225, 0.00015403
0.000123225, 0.00015403
0.000123225, 0.00015403
0.000123225, 0.00015403
0.000123225, 0.00015403
0.000123225, 0.00015403
0.000123225, 0.00015403
0.000123225, 0.00015403
0.000123225, 0.00015403
0.000123225, 0.00015403
0.000123225, 0.00015403
0.000123225, 0.00015403
0.000123225, 0.00015403
0.000123225, 0.00015403
0.000123225, 0.00015403
0.000123225, 0.00015403
0.000123225, 0.00015403
0.000123225, 0.00015403
0.000123225, 0.00015403
0.000123225, 0.00015403
0.000123225, 0.00015403
0.000123225, 0.00015403
0.000123225, 0.00015403
0.000123225, 0.00015403
0.000123225, 0.00015403
0.000123225, 0.00015403
0.000123225, 0.00015403
0.000123225, 0.00015403
0.000123225, 0.00015403
0.000123225, 0.00015403
0.000123225, 0.00015403
0.000123225, 0.00015403
0.000123225, 0.00015403
0.000123225, 0.00015403
0.000123225, 0.00015403
0.000123225, 0.00015403
0.000123225, 0.00015403
0.000123225, 0.00015403
0.000123225, 0.00015403
0.000123225, 0.00015403
0.000123225, 0.00015403
0.000123225, 0.00015403
0.000123225, 0.00015403
0.000123225, 0.00015403
0.000123225, 0.00015403
0.000123225, 0.00015403
0.000123225, 0.00015403
0.000123225, 0.00015403
0.000123225, 0.00015403
0.000123225, 0.00015403
0.000123225, 0.00015403
0.000123225, 0.00015403
0.000123225, 0.00015403
0.000123225, 0.00015403
0.000123225, 0.00015403
0.000123225, 0.00015403
0.000123225, 0.00015403
0.000123225, 0.00015403
0.000123225, 0.00015403
0.000123225, 0.00015403
0.000123225, 0.00015403
0.000123225, 0.00015403
0.000123225, 0.00015403
0.000123225, 0.00015403
0.000123225, 0.00015403
0.000123225, 0.00015403
0.000123225, 0.00015403
0.000123225, 0.00015403
0.000123225, 0.00015403
0.000123225, 0.00015403
0.000123225, 0.00015403
0.000123225, 0.00015403
0.000123225, 0.00015403
0.000123225, 0.00015403
0.000123225, 0.00015403
0.000123225, 0.00015403
0.000123225, 0.00015403
0.000123225, 0.00015403
0.000123225, 0.00015403
0.000123225, 0.00015403
0.000123225, 0.00015403
0.000123225, 0.00015403
0.000123225, 0.00015403
0.000123225, 0.00015403
0.000123225, 0.00015403
0.000123225, 0.00015403
0.000123225, 0.00015403
0.000123225, 0.00015403
0.000123225, 0.00015403
0.000123225, 0.00015403
0.000123225, 0.00015403
0.000123225, 0.00015403
0.000123225, 0.00015403
0.000123225, 0.00015403
0.000123225, 0.00015403
0.000123225, 0.00015403
0.000123225, 0.00015403
0.000123225, 0.00015403
0.000123225, 0.00015403
0.000123225, 0.00015403
0.000123225, 0.00015403
0.000123225, 0.00015403
0.000123225, 0.00015403
0.000123225, 0.00015403
0.000123225, 0.00015403
0.000123225, 0.00015403
0.000123225, 0.00015403
0.000123225, 0.00015403
0.000123225, 0.00015403
0.000123225, 0.00015403
0.000123225, 0.00015403
0.000123225, 0.00015403
0.000123225, 0.00015403
0.000123225, 0.00015403
0.000123225, 0.00015403
0.000123225, 0.00015403
0.000123225, 0.00015403
0.000123225, 0.00015403
0.000123225, 0.00015403
0.000123225, 0.00015403
0.000123225, 0.00015403
0.000123225, 0.00015403
0.000123225, 0.00015403
0.000123225, 0.00015403
0.000123225, 0.00015403
0.000123225, 0.00015403
0.000123225, 0.00015403
0.000123225, 0.00015403
0.000123225, 0.00015403
0.000123225, 0.00015403
0.000123225, 0.00015403
0.000123225, 0.00015403
0.000123225, 0.00015403
0.000123225, 0.00015403
0.000123225, 0.00015403
0.000123225, 0.00015403
0.000123225, 0.00015403
0.000123225, 0.00015403
0.000123225, 0.00015403
0.000123225, 0.00015403
0.000123225, 0.00015403
0.000123225, 0.00015403
0.000123225, 0.00015403
0.000123225, 0.00015403
0.000123225, 0.00015403
0.000123225, 0.00015403
0.000123225, 0.00015403
0.000123225, 0.00015403
0.000123225, 0.00015403
0.000123225, 0.00015403
0.000123225, 0.00015403
0.000123225, 0.00015403
0.000123225, 0.00015403
0.000123225, 0.00015403
0.000123225, 0.00015403
0.000123225, 0.00015403
0.000123225, 0.00015403
0.000123225, 0.00015403
0.000123225, 0.00015403
0.000123225, 0.00015403
0.000123225, 0.00015403
0.000123225, 0.00015403
0.000123225, 0.00015403
0.000123225, 0.00015403
0.000123225, 0.00015403
0.000123225, 0.00015403
0.000123225, 0.00015403
0.000123225, 0.00015403
0.000123225, 0.00015403
0.000123225, 0.00015403
0.000123225, 0.00015403
0.000123225, 0.00015403
0.000123225, 0.00015403
0.000123225, 0.00015403
0.000123225, 0.00015403
0.12, 0.136364
0.075, 0.0882353
0.0545455, 0.0652174
0.0428571, 0.0517241
0.0352941, 0.0428571
0.03, 0.0365854
0.026087, 0.0319149
0.0230769, 0.0283019
0.0206897, 0.0254237
0.01875, 0.0230769
0.0171429, 0.0211268
0.0157895, 0.0194805
0.0146341, 0.0180723
0.0136364, 0.0168539
0.012766, 0.0157895
0.012, 0.0148515
0.0113208, 0.0140187
0.0107143, 0.0132743
0.0101695, 0.012605
0.00967742, 0.012
0.00923077, 0.0114504
0.00882353, 0.0109489
0.0084507, 0.0104895
0.00810811, 0.0100671
0.00779221, 0.00967742
0.0075, 0.00931677
0.00722892, 0.00898204
0.00697674, 0.00867052
0.00674157, 0.00837989
0.00652174, 0.00810811
0.00631579, 0.0078534
0.00612245, 0.00761421
0.00594059, 0.00738916
0.00576923, 0.00717703
0.00560748, 0.00697674
0.00545455, 0.00678733
0.00530973, 0.00660793
0.00517241, 0.00643777
0.00504202, 0.00627615
0.00491803, 0.00612245
0.0048, 0.0059761
0.0046875, 0.00583658
0.00458015, 0.00570342
0.00447761, 0.00557621
0.00437956, 0.00545455
0.00428571, 0.00533808
0.0041958, 0.00522648
0.00410959, 0.00511945
0.00402685, 0.00501672
0.00394737, 0.00491803
0.00387097, 0.00482315
0.00379747, 0.00473186
0.00372671, 0.00464396
0.00365854, 0.00455927
0.00359281, 0.00447761
0.00352941, 0.00439883
0.00346821, 0.00432277
0.00340909, 0.00424929
0.00335196, 0.00417827
0.0032967, 0.00410959
0.00324324, 0.00404313
0.00319149, 0.00397878
0.00314136, 0.00391645
0.00309278, 0.00385604
0.00304569, 0.00379747
0.003, 0.00374065
0.00295567, 0.0036855
0.00291262, 0.00363196
0.00287081, 0.00357995
0.00283019, 0.00352941
0.0027907, 0.00348028
0.00275229, 0.00343249
0.00271493, 0.003386
0.00267857, 0.00334076
0.00264317, 0.0032967
0.0026087, 0.0032538
0.00257511, 0.00321199
0.00254237, 0.00317125
0.00251046, 0.00313152
0.00247934, 0.00309278
0.00244898, 0.00305499
0.00241935, 0.00301811
0.00239044, 0.00298211
0.0023622, 0.00294695
0.00233463, 0.00291262
0.00230769, 0.00287908
0.00228137, 0.0028463
0.00225564, 0.00281426
0.00223048, 0.00278293
0.00220588, 0.00275229
0.00218182, 0.00272232
0.00215827, 0.002693
0.00213523, 0.0026643
0.00211268, 0.0026362
0.00209059, 0.0026087
0.00206897, 0.00258176
0.00204778, 0.00255537
0.00202703, 0.00252951
0.00200669, 0.00250417
0.00198675, 0.00247934
0.00196721, 0.00245499
0.00194805, 0.00243112
0.00192926, 0.0024077
0.00191083, 0.00238474
0.00189274, 0.0023622
0.001875, 0.00234009
0.00185759, 0.00231839
0.00184049, 0.00229709
0.00182371, 0.00227618
0.00180723, 0.00225564
0.00179104, 0.00223547
0.00177515, 0.00221566
0.00175953, 0.00219619
0.00174419, 0.00217707
0.00172911, 0.00215827
0.00171429, 0.0021398
0.00169972, 0.00212164
0.00168539, 0.00210379
0.00167131, 0.00208623
0.00165746, 0.00206897
0.00164384, 0.00205198
0.00163043, 0.00203528
0.00161725, 0.00201884
0.00160428, 0.00200267
0.00159151, 0.00198675
0.00157895, 0.00197109
0.00156658, 0.00195567
0.0015544, 0.00194049
0.00154242, 0.00192555
0.00153061, 0.00191083
0.00151899, 0.00189633
0.00150754, 0.00188206
0.00149626, 0.001868
0.00148515, 0.00185414
0.0014742, 0.00184049
0.00146341, 0.00182704
0.00145278, 0.00181378
0.00144231, 0.00180072
0.00143198, 0.00178784
0.0014218, 0.00177515
0.00141176, 0.00176263
0.00140187, 0.00175029
0.00139211, 0.00173812
0.00138249, 0.00172612
0.001373, 0.00171429
0.00136364, 0.00170261
0.0013544, 0.00169109
0.00134529, 0.00167973
0.0013363, 0.00166852
0.00132743, 0.00165746
0.00131868, 0.00164654
0.00131004, 0.00163577
0.00130152, 0.00162514
0.0012931, 0.00161464
0.0012848, 0.00160428
0.0012766, 0.00159405
0.0012685, 0.00158395
0.0012605, 0.00157398
0.00125261, 0.00156413
0.00124481, 0.0015544
0.00123711, 0.0015448
0.00122951, 0.00153531
0.001222, 0.00152594
0.00121457, 0.00151668
0.00120724, 0.00150754
0.0012, 0.0014985
0.00119284, 0.00148957
0.00118577, 0.00148075
0.00117878, 0.00147203
0.00117187, 0.00146341
0.00116505, 0.0014549
0.0011583, 0.00144648
0.00115163, 0.00143816
0.00114504, 0.00142993
0.00113852, 0.0014218
0.00113208, 0.00141376
0.0011257, 0.00140581
0.0011194, 0.00139795
0.00111317, 0.00139018
0.00110701, 0.00138249
0.00110092, 0.00137489
0.00109489, 0.00136737
0.00108893, 0.00135993
0.00108303, 0.00135257
0.0010772, 0.00134529
0.00107143, 0.00133809
0.00106572, 0.00133097
0.00106007, 0.00132392
0.00105448, 0.00131694
0.00104895, 0.00131004
0.00104348, 0.00130321
0.00103806, 0.00129646
0.0010327, 0.00128977
0.0010274, 0.00128315
0.00102215, 0.0012766
0.00101695, 0.00127011
0.0010118, 0.00126369
0.00100671, 0.00125733
0.00100167, 0.00125104
0.000996678, 0.00124481
0.000991736, 0.00123865
0.000986842, 0.00123254
0.000981997, 0.00122649
0.000977199, 0.0012205
0.000972447, 0.00121457
0.000967742, 0.0012087
0.000963082, 0.00120289
0.000958466, 0.00119713
0.000953895, 0.00119142
0.000949367, 0.00118577
0.000944882, 0.00118017
0.000940439, 0.00117463
0.000936037, 0.00116913
0.000931677, 0.00116369
0.000927357, 0.0011583
0.000923077, 0.00115296
0.000918836, 0.00114767
0.000914634, 0.00114242
0.00091047, 0.00113723
0.000906344, 0.00113208
0.000902256, 0.00112697
0.000898204, 0.00112191
0.000894188, 0.0011169
0.000890208, 0.00111193
0.000886263, 0.00110701
0.000882353, 0.00110213
0.000878477, 0.00109729
0.000874636, 0.0010925
0.000870827, 0.00108774
0.000867052, 0.00108303
0.000863309, 0.00107836
0.000859599, 0.00107373
0.00085592, 0.00106914
0.000852273, 0.00106458
0.000848656, 0.00106007
0.00084507, 0.00105559
0.000841515, 0.00105116
0.000837989, 0.00104676
0.000834492, 0.00104239
0.000831025, 0.00103806
0.000827586, 0.00103377
0.000824176, 0.00102951
0.000820793, 0.00102529
0.000817439, 0.0010211
0.000814111, 0.00101695
0.000810811, 0.00101283
0.000807537, 0.00100874
0.00080429, 0.00100469
0.000801068, 0.00100067
0.000797872, 0.000996678
0.000794702, 0.00099272
0.000791557, 0.000988794
0.000788436, 0.000984898
0.00078534, 0.000981033
0.000782269, 0.000977199
0.000779221, 0.000973394
0.000776197, 0.000969619
0.000773196, 0.000965873
0.000770218, 0.000962155
0.000767263, 0.000958466
0.000764331, 0.000954806
0.000761421, 0.000951173
0.000758534, 0.000947568
0.000755668, 0.00094399
0.000752823, 0.000940439
0.00075, 0.000936914
0.000747198, 0.000933416
0.000744417, 0.000929944
0.000741656, 0.000926498
0.000738916, 0.000923077
0.000736196, 0.000919681
0.000733496, 0.00091631
0.000730816, 0.000912964
0.000728155, 0.000909642
0.000725514, 0.000906344
0.000722892, 0.00090307
0.000720288, 0.00089982
0.000717703, 0.000896593
0.000715137, 0.000893389
0.000712589, 0.000890208
0.000710059, 0.000887049
0.000707547, 0.000883913
0.000705053, 0.000880799
0.000702576, 0.000877706
0.000700117, 0.000874636
0.000697674, 0.000871586
0.000695249, 0.000868558
0.000692841, 0.000865551
0.000690449, 0.000862565
0.000688073, 0.000859599
0.000685714, 0.000856653
0.000683371, 0.000853728
0.000681044, 0.000850822
0.000678733, 0.000847937
0.000676437, 0.00084507
0.000674157, 0.000842223
0.000671892, 0.000839396
0.000669643, 0.000836587
0.000667408, 0.000833797
0.000665188, 0.000831025
0.000662983, 0.000828272
0.000660793, 0.000825537
0.000658617, 0.00082282
0.000656455, 0.00082012
0.000654308, 0.000817439
0.000652174, 0.000814775
0.000650054, 0.000812128
0.000647948, 0.000809498
0.000645856, 0.000806885
0.000643777, 0.00080429
0.000641711, 0.00080171
0.000639659, 0.000799148
0.00063762, 0.000796601
0.000635593, 0.000794071
0.00063358, 0.000791557
0.000631579, 0.000789058
0.000629591, 0.000786576
0.000627615, 0.000784109
0.000625652, 0.000781657
0.000623701, 0.000779221
0.000621762, 0.0007768
0.000619835, 0.000774393
0.00061792, 0.000772002
0.000616016, 0.000769625
0.000614125, 0.000767263
0.000612245, 0.000764916
0.000610376, 0.000762583
0.000608519, 0.000760264
0.000606673, 0.000757959
0.000604839, 0.000755668
0.000603015, 0.00075339
0.000601202, 0.000751127
0.000599401, 0.000748877
0.00059761, 0.00074664
0.000595829, 0.000744417
0.000594059, 0.000742207
0.0005923, 0.00074001
0.000590551, 0.000737826
0.000588813, 0.000735655
0.000587084, 0.000733496
0.000585366, 0.000731351
0.000583658, 0.000729217
0.000581959, 0.000727096
0.000580271, 0.000724988
0.000578592, 0.000722892
0.000576923, 0.000720807
0.000575264, 0.000718735
0.000573614, 0.000716675
0.000571973, 0.000714626
0.000570342, 0.000712589
0.00056872, 0.000710564
0.000567108, 0.00070855
0.000565504, 0.000706547
0.00056391, 0.000704556
0.000562324, 0.000702576
0.000560748, 0.000700607
0.00055918, 0.000698649
0.000557621, 0.000696702
0.00055607, 0.000694766
0.000554529, 0.000692841
0.000552995, 0.000690926
0.000551471, 0.000689022
0.000549954, 0.000687128
0.000548446, 0.000685244
0.000546946, 0.000683371
0.000545455, 0.000681508
0.000543971, 0.000679656
0.000542495, 0.000677813
0.000541028, 0.00067598
0.000539568, 0.000674157
0.000538117, 0.000672344
0.000536673, 0.000670541
0.000535236, 0.000668747
0.000533808, 0.000666963
0.000532387, 0.000665188
0.000530973, 0.000663423
0.000529568, 0.000661667
0.000528169, 0.000659921
0.000526778, 0.000658183
0.000525394, 0.000656455
0.000524017, 0.000654736
0.000522648, 0.000653026
0.000521286, 0.000651324
0.000519931, 0.000649632
0.000518583, 0.000647948
0.000517241, 0.000646273
0.000515907, 0.000644607
0.00051458, 0.000642949
0.000513259, 0.0006413
0.000511945, 0.000639659
0.000510638, 0.000638026
0.000509338, 0.000636402
0.000508044, 0.000634786
0.000506757, 0.000633179
0.000505476, 0.000631579
0.000504202, 0.000629987
0.000502934, 0.000628404
0.000501672, 0.000626828
0.000500417, 0.000625261
0.000499168, 0.000623701
0.000497925, 0.000622148
0.000496689, 0.000620604
0.000495458, 0.000619067
0.000494234, 0.000617538
0.000493016, 0.000616016
0.000491803, 0.000614502
0.000490597, 0.000612996
0.000489396, 0.000611496
0.000488202, 0.000610004
0.000487013, 0.000608519
0.00048583, 0.000607042
0.000484653, 0.000605571
0.000483481, 0.000604108
0.000482315, 0.000602652
0.000481155, 0.000601202
0.00048, 0.00059976
0.000478851, 0.000598325
0.000477707, 0.000596896
0.000476569, 0.000595474
0.000475436, 0.000594059
0.000474308, 0.000592651
0.000473186, 0.00059125
0.000472069, 0.000589855
0.000470958, 0.000588466
0.000469851, 0.000587084
0.00046875, 0.000585709
0.000467654, 0.00058434
0.000466563, 0.000582977
0.000465477, 0.000581621
0.000464396, 0.000580271
0.00046332, 0.000578927
0.00046225, 0.00057759
0.000461184, 0.000576258
0.000460123, 0.000574933
0.000459067, 0.000573614
0.000458015, 0.000572301
0.000456969, 0.000570994
0.000455927, 0.000569692
0.00045489, 0.000568397
0.000453858, 0.000567108
0.00045283, 0.000565824
0.000451807, 0.000564546
0.000450789, 0.000563275
0.000449775, 0.000562008
0.000448766, 0.000560748
0.000447761, 0.000559493
0.000446761, 0.000558243
0.000445765, 0.000557
0.000444774, 0.000555761
0.000443787, 0.000554529
0.000442804, 0.000553301
0.000441826, 0.000552079
0.000440852, 0.000550863
0.000439883, 0.000549652
0.000438917, 0.000548446
0.000437956, 0.000547246
0.000436999, 0.00054605
0.000436047, 0.00054486
0.000435098, 0.000543675
0.000434153, 0.000542495
0.000433213, 0.000541321
0.000432277, 0.000540151
0.000431344, 0.000538987
0.000430416, 0.000537827
0.000429492, 0.000536673
0.000428571, 0.000535523
0.000427655, 0.000534378
0.000426743, 0.000533239
0.000425834, 0.000532104
0.000424929, 0.000530973
0.000424028, 0.000529848
0.000423131, 0.000528728
0.000422238, 0.000527612
0.000421348, 0.000526501
0.000420463, 0.000525394
0.00041958, 0.000524292
0.000418702, 0.000523195
0.000417827, 0.000522102
0.000416956, 0.000521014
0.000416089, 0.000519931
0.000415225, 0.000518852
0.000414365, 0.000517777
0.000413508, 0.000516707
0.000412655, 0.000515641
0.000411805, 0.00051458
0.000410959, 0.000513523
0.000410116, 0.00051247
0.000409277, 0.000511422
0.000408441, 0.000510378
0.000407609, 0.000509338
0.00040678, 0.000508302
0.000405954, 0.000507271
0.000405132, 0.000506244
0.000404313, 0.000505221
0.000403497, 0.000504202
0.000402685, 0.000503187
0.000401875, 0.000502176
0.00040107, 0.000501169
0.000400267, 0.000500167
0.000399467, 0.000499168
0.000398671, 0.000498173
0.000397878, 0.000497183
0.000397088, 0.000496196
0.000396301, 0.000495213
0.000395517, 0.000494234
0.000394737, 0.000493259
0.000393959, 0.000492287
0.000393185, 0.00049132
0.000392413, 0.000490356
0.000391645, 0.000489396
0.000390879, 0.00048844
0.000390117, 0.000487488
0.000389358, 0.000486539
0.000388601, 0.000485594
0.000387847, 0.000484653
0.000387097, 0.000483715
0.000386349, 0.000482781
0.000385604, 0.00048185
0.000384862, 0.000480923
0.000384123, 0.00048
0.000383387, 0.00047908
0.000382653, 0.000478164
0.000381922, 0.000477251
0.000381194, 0.000476342
0.000380469, 0.000475436
0.000379747, 0.000474533
0.000379027, 0.000473634
0.00037831, 0.000472739
0.000377596, 0.000471846
0.000376884, 0.000470958
0.000376176, 0.000470072
0.000375469, 0.00046919
0.000374766, 0.000468311
0.000374065, 0.000467435
0.000373367, 0.000466563
0.000372671, 0.000465694
0.000371978, 0.000464828
0.000371287, 0.000463965
0.000370599, 0.000463106
0.000369914, 0.00046225
0.000369231, 0.000461396
0.00036855, 0.000460547
0.000367872, 0.0004597
0.000367197, 0.000458856
0.000366524, 0.000458015
0.000365854, 0.000457178
0.000365186, 0.000456343
0.00036452, 0.000455512
0.000363857, 0.000454683
0.000363196, 0.000453858
0.000362538, 0.000453035
0.000361882, 0.000452216
0.000361228, 0.000451399
0.000360577, 0.000450586
0.000359928, 0.000449775
0.000359281, 0.000448967
0.000358637, 0.000448163
0.000357995, 0.000447361
0.000357356, 0.000446561
0.000356718, 0.000445765
0.000356083, 0.000444972
0.00035545, 0.000444181
0.00035482, 0.000443393
0.000354191, 0.000442608
0.000353565, 0.000441826
0.000352941, 0.000441047
0.000352319, 0.00044027
0.0003517, 0.000439496
0.000351083, 0.000438725
0.000350467, 0.000437956
0.000349854, 0.00043719
0.000349243, 0.000436427
0.000348635, 0.000435667
0.000348028, 0.000434909
0.000347423, 0.000434153
0.000346821, 0.000433401
0.00034622, 0.000432651
0.000345622, 0.000431903
0.000345026, 0.000431158
0.000344432, 0.000430416
0.00034384, 0.000429676
0.000343249, 0.000428939
0.000342661, 0.000428204
0.000342075, 0.000427472
0.000341491, 0.000426743
0.000340909, 0.000426015
0.000340329, 0.000425291
0.000339751, 0.000424568
0.000339175, 0.000423849
0.0003386, 0.000423131
0.000338028, 0.000422416
0.000337458, 0.000421704
0.000336889, 0.000420994
0.000336323, 0.000420286
0.000335758, 0.00041958
0.000335196, 0.000418877
0.000334635, 0.000418177
0.000334076, 0.000417478
0.000333519, 0.000416782
0.000332963, 0.000416089
0.00033241, 0.000415397
0.000331858, 0.000414708
0.000331309, 0.000414022
0.000330761, 0.000413337
0.000330215, 0.000412655
0.00032967, 0.000411975
0.000329128, 0.000411297
0.000328587, 0.000410621
0.000328048, 0.000409948
0.000327511, 0.000409277
0.000326975, 0.000408608
0.000326442, 0.000407941
0.00032591, 0.000407277
0.00032538, 0.000406614
0.000324851, 0.000405954
0.000324324, 0.000405296
0.000323799, 0.00040464
0.000323276, 0.000403986
0.000322754, 0.000403334
0.000322234, 0.000402685
0.000321716, 0.000402037
0.000321199, 0.000401391
0.000320684, 0.000400748
0.000320171, 0.000400107
0.000319659, 0.000399467
0.000319149, 0.00039883
0.00031864, 0.000398195
0.000318134, 0.000397562
0.000317628, 0.00039693
0.000317125, 0.000396301
0.000316623, 0.000395674
0.000316122, 0.000395049
0.000315623, 0.000394425
0.000315126, 0.000393804
0.00031463, 0.000393185
0.000314136, 0.000392567
0.000313643, 0.000391952
0.000313152, 0.000391338
0.000312663, 0.000390727
0.000312175, 0.000390117
0.000311688, 0.000389509
0.000311203, 0.000388903
0.00031072, 0.000388299
0.000310238, 0.000387697
0.000309757, 0.000387097
0.000309278, 0.000386498
0.000308801, 0.000385902
0.000308325, 0.000385307
0.00030785, 0.000384714
0.000307377, 0.000384123
0.000306905, 0.000383534
0.000306435, 0.000382946
0.000305966, 0.00038236
0.000305499, 0.000381777
0.000305033, 0.000381194
0.000304569, 0.000380614
0.000304105, 0.000380035
0.000303644, 0.000379459
0.000303183, 0.000378884
0.000302725, 0.00037831
0.000302267, 0.000377739
0.000301811, 0.000377169
0.000301356, 0.000376601
0.000300903, 0.000376034
0.000300451, 0.000375469
0.0003, 0.000374906
0.000299551, 0.000374345
0.000299103, 0.000373785
0.000298656, 0.000373227
0.000298211, 0.000372671
0.000297767, 0.000372116
0.000297324, 0.000371563
0.000296883, 0.000371012
0.000296443, 0.000370462
0.000296004, 0.000369914
0.000295567, 0.000369367
0.00029513, 0.000368822
0.000294695, 0.000368279
0.000294262, 0.000367737
0.00029383, 0.000367197
0.000293399, 0.000366659
0.000292969, 0.000366122
0.00029254, 0.000365586
0.000292113, 0.000365052
0.000291687, 0.00036452
0.000291262, 0.000363989
0.000290839, 0.00036346
0.000290416, 0.000362932
0.000289995, 0.000362406
0.000289575, 0.000361882
0.000289157, 0.000361359
0.000288739, 0.000360837
0.000288323, 0.000360317
0.000287908, 0.000359799
0.000287494, 0.000359281
0.000287081, 0.000358766
0.00028667, 0.000358252
0.00028626, 0.000357739
0.00028585, 0.000357228
0.000285442, 0.000356718
0.000285036, 0.00035621
0.00028463, 0.000355703
0.000284225, 0.000355198
0.000283822, 0.000354694
0.00028342, 0.000354191
0.000283019, 0.00035369
0.000282619, 0.00035319
0.00028222, 0.000352692
0.000281822, 0.000352195
0.000281426, 0.0003517
0.00028103, 0.000351206
0.000280636, 0.000350713
0.000280243, 0.000350222
0.000279851, 0.000349732
0.00027946, 0.000349243
0.00027907, 0.000348756
0.000278681, 0.00034827
0.000278293, 0.000347786
0.000277906, 0.000347303
0.000277521, 0.000346821
0.000277136, 0.00034634
0.000276753, 0.000345861
0.00027637, 0.000345383
0.000275989, 0.000344907
0.000275609, 0.000344432
0.000275229, 0.000343958
0.000274851, 0.000343485
0.000274474, 0.000343014
0.000274098, 0.000342544
0.000273723, 0.000342075
0.000273349, 0.000341608
0.000272975, 0.000341142
0.000272603, 0.000340677
0.000272232, 0.000340213
0.000271862, 0.000339751
0.000271493, 0.00033929
0.000271125, 0.00033883
0.000270758, 0.000338371
0.000270392, 0.000337914
0.000270027, 0.000337458
0.000269663, 0.000337003
0.0002693, 0.000336549
0.000268938, 0.000336097
0.000268577, 0.000335646
0.000268216, 0.000335196
0.000267857, 0.000334747
0.000267499, 0.000334299
0.000267142, 0.000333853
0.000266785, 0.000333407
0.00026643, 0.000332963
0.000266075, 0.000332521
0.000265722, 0.000332079
0.000265369, 0.000331638
0.000265018, 0.000331199
0.000264667, 0.000330761
0.000264317, 0.000330324
0.000263968, 0.000329888
0.00026362, 0.000329453
0.000263273, 0.00032902
0.000262927, 0.000328587
0.000262582, 0.000328156
0.000262238, 0.000327726
0.000261894, 0.000327297
0.000261552, 0.000326869
0.00026121, 0.000326442
0.00026087, 0.000326016
0.00026053, 0.000325591
0.000260191, 0.000325168
0.000259853, 0.000324746
0.000259516, 0.000324324
0.000259179, 0.000323904
0.000258844, 0.000323485
0.000258509, 0.000323067
0.000258176, 0.00032265
0.000257843, 0.000322234
0.000257511, 0.000321819
0.00025718, 0.000321406
0.000256849, 0.000320993
0.00025652, 0.000320581
0.000256191, 0.000320171
0.000255864, 0.000319761
0.000255537, 0.000319353
0.000255211, 0.000318945
0.000254885, 0.000318539
0.000254561, 0.000318134
0.000254237, 0.000317729
0.000253915, 0.000317326
0.000253593, 0.000316924
0.000253271, 0.000316522
0.000252951, 0.000316122
0.000252632, 0.000315723
0.000252313, 0.000315325
0.000251995, 0.000314928
0.000251678, 0.000314531
0.000251362, 0.000314136
0.000251046, 0.000313742
0.000250731, 0.000313349
0.000250417, 0.000312956
0.000250104, 0.000312565
0.000249792, 0.000312175
0.00024948, 0.000311785
0.000249169, 0.000311397
0.000248859, 0.00031101
0.00024855, 0.000310623
0.000248242, 0.000310238
0.000247934, 0.000309853
0.000247627, 0.00030947
0.000247321, 0.000309087
0.000247015, 0.000308705
0.000246711, 0.000308325
0.000246407, 0.000307945
0.000246103, 0.000307566
0.000245801, 0.000307188
0.000245499, 0.000306811
0.000245198, 0.000306435
0.000244898, 0.00030606
0.000244598, 0.000305686
0.0002443, 0.000305312
0.000244002, 0.00030494
0.000243704, 0.000304569
0.000243408, 0.000304198
0.000243112, 0.000303828
0.000242817, 0.000303459
0.000242522, 0.000303092
0.000242229, 0.000302725
0.000241935, 0.000302358
0.000241643, 0.000301993
0.000241352, 0.000301629
0.000241061, 0.000301265
0.00024077, 0.000300903
0.000240481, 0.000300541
0.000240192, 0.00030018
0.000239904, 0.00029982
0.000239617, 0.000299461
0.00023933, 0.000299103
0.000239044, 0.000298745
0.000238758, 0.000298389
0.000238474, 0.000298033
0.00023819, 0.000297678
0.000237906, 0.000297324
0.000237624, 0.000296971
0.000237342, 0.000296619
0.00023706, 0.000296267
0.00023678, 0.000295916
0.0002365, 0.000295567
0.00023622, 0.000295217
0.000235942, 0.000294869
0.000235664, 0.000294522
0.000235386, 0.000294175
0.00023511, 0.00029383
0.000234834, 0.000293485
0.000234558, 0.000293141
0.000234283, 0.000292797
0.000234009, 0.000292455
0.000233736, 0.000292113
0.000233463, 0.000291772
0.000233191, 0.000291432
0.000232919, 0.000291093
0.000232648, 0.000290754
0.000232378, 0.000290416
0.000232108, 0.000290079
0.000231839, 0.000289743
0.000231571, 0.000289408
0.000231303, 0.000289073
0.000231036, 0.000288739
0.000230769, 0.000288406
0.000230503, 0.000288074
0.000230238, 0.000287742
0.000229973, 0.000287411
0.000229709, 0.000287081
0.000229446, 0.000286752
0.000229183, 0.000286424
0.00022892, 0.000286096
0.000228659, 0.000285769
0.000228397, 0.000285442
0.000228137, 0.000285117
0.000227877, 0.000284792
0.000227618, 0.000284468
0.000227359, 0.000284145
0.000227101, 0.000283822
0.000226843, 0.0002835
0.000226586, 0.000283179
0.00022633, 0.000282859
0.000226074, 0.000282539
0.000225819, 0.00028222
0.000225564, 0.000281902
0.00022531, 0.000281584
0.000225056, 0.000281268
0.000224803, 0.000280951
0.000224551, 0.000280636
0.000224299, 0.000280321
0.000224048, 0.000280007
0.000223797, 0.000279694
0.000223547, 0.000279382
0.000223297, 0.00027907
0.000223048, 0.000278759
0.0002228, 0.000278448
0.000222552, 0.000278138
0.000222305, 0.000277829
0.000222058, 0.000277521
0.000221811, 0.000277213
0.000221566, 0.000276906
0.000221321, 0.0002766
0.000221076, 0.000276294
0.000220832, 0.000275989
0.000220588, 0.000275685
0.000220345, 0.000275381
0.000220103, 0.000275078
0.000219861, 0.000274776
0.000219619, 0.000274474
0.000219378, 0.000274173
0.000219138, 0.000273873
0.000218898, 0.000273573
0.000218659, 0.000273274
0.00021842, 0.000272975
0.000218182, 0.000272678
0.000217944, 0.000272381
0.000217707, 0.000272084
0.00021747, 0.000271788
0.000217234, 0.000271493
0.000216998, 0.000271199
0.000216763, 0.000270905
0.000216528, 0.000270612
0.000216294, 0.000270319
0.00021606, 0.000270027
0.000215827, 0.000269736
0.000215595, 0.000269445
0.000215363, 0.000269155
0.000215131, 0.000268865
0.0002149, 0.000268577
0.000214669, 0.000268288
0.000214439, 0.000268001
0.000214209, 0.000267714
0.00021398, 0.000267427
0.000213751, 0.000267142
0.000213523, 0.000266856
0.000213295, 0.000266572
0.000213068, 0.000266288
0.000213068, 0.000266288
0.000212841, 0.000266005
0.000212615, 0.000265722
0.000212389, 0.00026544
0.000212164, 0.000265158
0.000211939, 0.000264877
0.000211715, 0.000264597
0.000211491, 0.000264317
0.000211268, 0.000264038
0.000211045, 0.000263759
0.000210822, 0.000263481
0.0002106, 0.000263204
0.000210379, 0.000262927
0.000210158, 0.000262651
0.000209937, 0.000262375
0.000209717, 0.0002621
0.000209497, 0.000261826
0.000209278, 0.000261552
0.000209059, 0.000261279
0.000208841, 0.000261006
0.000208623, 0.000260734
0.000208406, 0.000260462
0.000208189, 0.000260191
0.000207972, 0.00025992
0.000207756, 0.00025965
0.000207541, 0.000259381
0.000207326, 0.000259112
0.000207111, 0.000258844
0.000206897, 0.000258576
0.000206683, 0.000258309
0.000206469, 0.000258042
0.000206256, 0.000257776
0.000206044, 0.000257511
0.000206044, 0.000257511
0.000205832, 0.000257246
0.00020562, 0.000256981
0.000205409, 0.000256717
0.000205198, 0.000256454
0.000204988, 0.000256191
0.000204778, 0.000255929
0.000204569, 0.000255667
0.00020436, 0.000255406
0.000204151, 0.000255145
0.000203943, 0.000254885
0.000203735, 0.000254626
0.000203528, 0.000254367
0.000203321, 0.000254108
0.000203114, 0.00025385
0.000202908, 0.000253593
0.000202703, 0.000253336
0.000202497, 0.000253079
0.000202293, 0.000252823
0.000202088, 0.000252568
0.000201884, 0.000252313
0.000201681, 0.000252058
0.000201478, 0.000251805
0.000201275, 0.000251551
0.000201072, 0.000251298
0.00020087, 0.000251046
0.000200669, 0.000250794
0.000200468, 0.000250543
0.000200267, 0.000250292
0.000200067, 0.000250042
0.000199867, 0.000249792
0.000199667, 0.000249543
0.000199468, 0.000249294
0.000199269, 0.000249045
0.000199071, 0.000248797
0.000198873, 0.00024855
0.000198675, 0.000248303
0.000198478, 0.000248057
0.000198282, 0.000247811
0.000198085, 0.000247566
0.000197889, 0.000247321
0.000197694, 0.000247076
0.000197498, 0.000246832
0.000197304, 0.000246589
0.000197109, 0.000246346
0.000196915, 0.000246103
0.000196721, 0.000245861
0.000196528, 0.00024562
0.000196335, 0.000245379
0.000196143, 0.000245138
0.00019595, 0.000244898
0.000195759, 0.000244658
0.000195567, 0.000244419
0.000195376, 0.00024418
0.000195185, 0.000243942
0.000194995, 0.000243704
0.000194805, 0.000243467
0.000194616, 0.00024323
0.000194426, 0.000242994
0.000194238, 0.000242758
0.000194049, 0.000242522
0.000193861, 0.000242287
0.000193673, 0.000242053
0.000193486, 0.000241818
0.000193299, 0.000241585
0.000193112, 0.000241352
0.000192926, 0.000241119
0.00019274, 0.000240886
0.000192555, 0.000240655
0.000192369, 0.000240423
0.000192184, 0.000240192
0.000192, 0.000239962
0.000191816, 0.000239732
0.000191632, 0.000239502
0.000191449, 0.000239273
0.000191266, 0.000239044
0.000191083, 0.000238815
0.0001909, 0.000238588
0.000190718, 0.00023836
0.000190537, 0.000238133
0.000190355, 0.000237906
0.000190174, 0.00023768
0.000189994, 0.000237454
0.000189813, 0.000237229
0.000189633, 0.000237004
0.000189454, 0.00023678
0.000189274, 0.000236556
0.000189095, 0.000236332
0.000188917, 0.000236109
0.000188739, 0.000235886
0.000188561, 0.000235664
0.000188383, 0.000235442
0.000188206, 0.00023522
0.000188029, 0.000234999
0.000187852, 0.000234779
0.000187676, 0.000234558
0.0001875, 0.000234338
0.000187324, 0.000234119
0.000187149, 0.0002339
0.000186974, 0.000233681
0.0001868, 0.000233463
0.000186625, 0.000233245
0.000186451, 0.000233028
0.000186278, 0.000232811
0.000186104, 0.000232594
0.000185931, 0.000232378
0.000185759, 0.000232162
0.000185586, 0.000231947
0.000185414, 0.000231732
0.000185242, 0.000231517
0.000185071, 0.000231303
0.0001849, 0.000231089
0.000184729, 0.000230876
0.000184559, 0.000230663
0.000184388, 0.00023045
0.000184219, 0.000230238
0.000184049, 0.000230026
0.00018388, 0.000229815
0.000183711, 0.000229604
0.000183542, 0.000229393
0.000183374, 0.000229183
0.000183206, 0.000228973
0.000183038, 0.000228763
0.000182871, 0.000228554
0.000182704, 0.000228345
0.000182537, 0.000228137
0.000182371, 0.000227929
0.000182205, 0.000227721
0.000182039, 0.000227514
0.000181873, 0.000227307
0.000181708, 0.000227101
0.000181543, 0.000226895
0.000181378, 0.000226689
0.000181214, 0.000226483
0.00018105, 0.000226278
0.000180886, 0.000226074
0.000180723, 0.00022587
0.00018056, 0.000225666
0.000180397, 0.000225462
0.000180234, 0.000225259
0.000180072, 0.000225056
0.00017991, 0.000224854
0.000179748, 0.000224652
0.000179587, 0.00022445
0.000179426, 0.000224249
0.000179265, 0.000224048
0.000179104, 0.000223847
0.000178944, 0.000223647
0.000178784, 0.000223447
0.000178625, 0.000223248
0.000178465, 0.000223048
0.000178306, 0.00022285
0.000178147, 0.000222651
0.000177989, 0.000222453
0.00017783, 0.000222255
0.000177672, 0.000222058
0.000177515, 0.000221861
0.000177357, 0.000221664
0.0001772, 0.000221468
0.000177043, 0.000221272
0.000176887, 0.000221076
0.00017673, 0.000220881
0.000176574, 0.000220686
0.000176419, 0.000220491
0.000176263, 0.000220297
0.000176108, 0.000220103
0.000175953, 0.000219909
0.000175798, 0.000219716
0.000175644, 0.000219523
0.00017549, 0.00021933
0.000175336, 0.000219138
0.000175182, 0.000218946
0.000175029, 0.000218755
0.000174876, 0.000218563
0.000174723, 0.000218372
0.000174571, 0.000218182
0.000174419, 0.000217992
0.000174267, 0.000217802
0.000174115, 0.000217612
0.000173963, 0.000217423
0.000173812, 0.000217234
0.000173661, 0.000217045
0.000173511, 0.000216857
0.00017336, 0.000216669
0.00017321, 0.000216481
0.00017306, 0.000216294
0.000172911, 0.000216107
0.000172761, 0.000215921
0.000172612, 0.000215734
0.000172463, 0.000215548
0.000172315, 0.000215363
0.000172166, 0.000215177
0.000172018, 0.000214992
0.000171871, 0.000214807
0.000171723, 0.000214623
0.000171576, 0.000214439
0.000171429, 0.000214255
0.000171282, 0.000214072
0.000171135, 0.000213888
0.000170989, 0.000213706
0.000170843, 0.000213523
0.000170697, 0.000213341
0.000170551, 0.000213159
0.000170406, 0.000212977
0.000170261, 0.000212796
0.000170116, 0.000212615
0.000169972, 0.000212434
0.000169827, 0.000212254
0.000169683, 0.000212074
0.000169539, 0.000211894
0.000169396, 0.000211715
0.000169252, 0.000211536
0.000169109, 0.000211357
0.000168966, 0.000211178
0.000168824, 0.000211
0.000168681, 0.000210822
0.000168539, 0.000210645
0.000168397, 0.000210467
0.000168256, 0.00021029
0.000168114, 0.000210113
0.000167973, 0.000209937
0.000167832, 0.000209761
0.000167691, 0.000209585
0.000167551, 0.000209409
0.000167411, 0.000209234
0.000167271, 0.000209059
0.000167131, 0.000208885
0.000166991, 0.00020871
0.000166852, 0.000208536
0.000166713, 0.000208362
0.000166574, 0.000208189
0.000166436, 0.000208016
0.000166297, 0.000207843
0.000166159, 0.00020767
0.000166021, 0.000207498
0.000165883, 0.000207326
0.000165746, 0.000207154
0.000165609, 0.000206982
0.000165472, 0.000206811
0.000165335, 0.00020664
0.000165198, 0.000206469
0.000165062, 0.000206299
0.000164926, 0.000206129
0.00016479, 0.000205959
0.000164654, 0.00020579
0.000164519, 0.00020562
0.000164384, 0.000205451
0.000164249, 0.000205283
0.000164114, 0.000205114
0.000163979, 0.000204946
0.000163845, 0.000204778
0.000163711, 0.000204611
0.000163577, 0.000204443
0.000163443, 0.000204276
0.00016331, 0.000204109
0.000163177, 0.000203943
0.000163043, 0.000203777
0.000162911, 0.000203611
0.000162778, 0.000203445
0.000162646, 0.00020328
0.000162514, 0.000203114
0.000162382, 0.00020295
0.00016225, 0.000202785
0.000162118, 0.000202621
0.000161987, 0.000202456
0.000161856, 0.000202293
0.000161725, 0.000202129
0.000161594, 0.000201966
0.000161464, 0.000201803
0.000161334, 0.00020164
0.000161204, 0.000201478
0.000161074, 0.000201315
0.000160944, 0.000201153
0.000160815, 0.000200992
0.000160686, 0.00020083
0.000160557, 0.000200669
0.000160428, 0.000200508
0.000160299, 0.000200347
0.000160171, 0.000200187
0.000160043, 0.000200027
0.000159915, 0.000199867
0.000159787, 0.000199707
0.000159659, 0.000199548
0.000159532, 0.000199389
0.000159405, 0.00019923
0.000159278, 0.000199071
0.000159151, 0.000198913
0.000159025, 0.000198754
0.000158898, 0.000198597
0.000158772, 0.000198439
0.000158646, 0.000198282
0.00015852, 0.000198124
0.000158395, 0.000197968
0.00015827, 0.000197811
0.000158144, 0.000197654
0.000158019, 0.000197498
0.000157895, 0.000197342
0.00015777, 0.000197187
0.000157646, 0.000197031
0.000157522, 0.000196876
0.000157398, 0.000196721
0.000157274, 0.000196567
0.00015715, 0.000196412
0.000157027, 0.000196258
0.000156904, 0.000196104
0.000156781, 0.00019595
0.000156658, 0.000195797
0.000156535, 0.000195644
0.000156413, 0.000195491
0.000156291, 0.000195338
0.000156169, 0.000195185
0.000156047, 0.000195033
0.000155925, 0.000194881
0.000155804, 0.000194729
0.000155682, 0.000194578
0.000155561, 0.000194426
0.00015544, 0.000194275
0.00015532, 0.000194124
0.000155199, 0.000193974
0.000155079, 0.000193823
0.000154959, 0.000193673
0.000154839, 0.000193523
0.000154719, 0.000193374
0.000154599, 0.000193224
0.00015448, 0.000193075
0.000154361, 0.000192926
0.000154242, 0.000192777
0.000154123, 0.000192629
0.000154004, 0.00019248
0.000153886, 0.000192332
0.000153767, 0.000192184
0.000153649, 0.000192037
0.000153531, 0.000191889
0.000153413, 0.000191742
0.000153296, 0.000191595
0.000153178, 0.000191449
0.000153061, 0.000191302
0.000152944, 0.000191156
0.000152827, 0.00019101
0.000152711, 0.000190864
0.000152594, 0.000190718
0.000152478, 0.000190573
0.000152362, 0.000190428
0.000152246, 0.000190283
0.00015213, 0.000190138
0.000152014, 0.000189994
0.000151899, 0.000189849
0.000151783, 0.000189705
0.000151668, 0.000189561
0.000151553, 0.000189418
0.000151439, 0.000189274
0.000151324, 0.000189131
0.00015121, 0.000188988
0.000151095, 0.000188846
0.000150981, 0.000188703
0.000150867, 0.000188561
0.000150754, 0.000188419
0.00015064, 0.000188277
0.000150527, 0.000188135
0.000150414, 0.000187993
0.000150301, 0.000187852
0.000150188, 0.000187711
0.000150075, 0.00018757
0.000149963, 0.00018743
0.00014985, 0.000187289
0.000149738, 0.000187149
0.000149626, 0.000187009
0.000149514, 0.000186869
0.000149402, 0.00018673
0.000149291, 0.00018659
0.00014918, 0.000186451
0.000149068, 0.000186312
0.000148957, 0.000186174
0.000148846, 0.000186035
0.000148736, 0.000185897
0.000148625, 0.000185759
0.000148515, 0.000185621
0.000148405, 0.000185483
0.000148295, 0.000185345
0.000148185, 0.000185208
0.000148075, 0.000185071
0.000147965, 0.000184934
0.000147856, 0.000184797
0.000147747, 0.000184661
0.000147638, 0.000184525
0.000147529, 0.000184388
0.00014742, 0.000184253
0.000147312, 0.000184117
0.000147203, 0.000183981
0.000147095, 0.000183846
0.000146987, 0.000183711
0.000146879, 0.000183576
0.000146771, 0.000183441
0.000146663, 0.000183307
0.000146556, 0.000183173
0.000146449, 0.000183038
0.000146341, 0.000182905
0.000146234, 0.000182771
0.000146128, 0.000182637
0.000146021, 0.000182504
0.000145914, 0.000182371
0.000145808, 0.000182238
0.000145702, 0.000182105
0.000145596, 0.000181973
0.00014549, 0.00018184
0.000145384, 0.000181708
0.000145278, 0.000181576
0.000145173, 0.000181444
0.000145068, 0.000181313
0.000144963, 0.000181181
0.000144858, 0.00018105
0.000144753, 0.000180919
0.000144648, 0.000180788
0.000144543, 0.000180658
0.000144439, 0.000180527
0.000144335, 0.000180397
0.000144231, 0.000180267
0.000144127, 0.000180137
0.000144023, 0.000180007
0.000143919, 0.000179878
0.000143816, 0.000179748
0.000143713, 0.000179619
0.000143609, 0.00017949
0.000143506, 0.000179361
0.000143403, 0.000179233
0.000143301, 0.000179104
0.000143198, 0.000178976
0.000143096, 0.000178848
0.000142993, 0.00017872
0.000142891, 0.000178593
0.000142789, 0.000178465
0.000142687, 0.000178338
0.000142586, 0.000178211
0.000142484, 0.000178084
0.000142383, 0.000177957
0.000142281, 0.00017783
0.00014218, 0.000177704
0.000142079, 0.000177578
0.000141978, 0.000177452
0.000141878, 0.000177326
0.000141777, 0.0001772
0.000141677, 0.000177075
0.000141576, 0.000176949
0.000141476, 0.000176824
0.000141376, 0.000176699
0.000141276, 0.000176574
0.000141176, 0.00017645
0.000141077, 0.000176325
0.000140977, 0.000176201
0.000140878, 0.000176077
0.000140779, 0.000175953
0.00014068, 0.000175829
0.000140581, 0.000175706
0.000140482, 0.000175582
0.000140384, 0.000175459
0.000140285, 0.000175336
0.000140187, 0.000175213
0.000140089, 0.00017509
0.000139991, 0.000174968
0.000139893, 0.000174846
0.000139795, 0.000174723
0.000139697, 0.000174601
0.0001396, 0.000174479
0.000139502, 0.000174358
0.000139405, 0.000174236
0.000139308, 0.000174115
0.000139211, 0.000173994
0.000139114, 0.000173873
0.000139018, 0.000173752
0.000138921, 0.000173631
0.000138825, 0.000173511
0.000138728, 0.00017339
0.000138632, 0.00017327
0.000138536, 0.00017315
0.00013844, 0.00017303
0.000138344, 0.000172911
0.000138249, 0.000172791
0.000138153, 0.000172672
0.000138058, 0.000172553
0.000137963, 0.000172434
0.000137868, 0.000172315
0.000137773, 0.000172196
0.000137678, 0.000172078
0.000137583, 0.000171959
0.000137489, 0.000171841
0.000137394, 0.000171723
0.0001373, 0.000171605
0.000137206, 0.000171487
0.000137112, 0.00017137
0.000137018, 0.000171252
0.000136924, 0.000171135
0.00013683, 0.000171018
0.000136737, 0.000170901
0.000136643, 0.000170784
0.00013655, 0.000170668
0.000136457, 0.000170551
0.000136364, 0.000170435
0.000136271, 0.000170319
0.000136178, 0.000170203
0.000136085, 0.000170087
0.000135993, 0.000169972
0.0001359, 0.000169856
0.000135808, 0.000169741
0.000135716, 0.000169626
0.000135624, 0.000169511
0.000135532, 0.000169396
0.00013544, 0.000169281
0.000135349, 0.000169167
0.000135257, 0.000169052
0.000135166, 0.000168938
0.000135074, 0.000168824
0.000134983, 0.00016871
0.000134892, 0.000168596
0.000134801, 0.000168483
0.00013471, 0.000168369
0.00013462, 0.000168256
0.000134529, 0.000168143
0.000134439, 0.00016803
0.000134348, 0.000167917
0.000134258, 0.000167804
0.000134168, 0.000167691
0.000134078, 0.000167579
0.000133988, 0.000167467
0.000133899, 0.000167355
0.000133809, 0.000167243
0.00013372, 0.000167131
0.00013363, 0.000167019
0.000133541, 0.000166908
0.000133452, 0.000166796
0.000133363, 0.000166685
0.000133274, 0.000166574
0.000133185, 0.000166463
0.000133097, 0.000166352
0.000133008, 0.000166242
0.00013292, 0.000166131
0.000132832, 0.000166021
0.000132743, 0.000165911
0.000132655, 0.000165801
0.000132567, 0.000165691
0.00013248, 0.000165581
0.000132392, 0.000165472
0.000132304, 0.000165362
0.000132217, 0.000165253
0.000132129, 0.000165144
0.000132042, 0.000165035
0.000131955, 0.000164926
0.000131868, 0.000164817
0.000131781, 0.000164708
0.000131694, 0.0001646
0.000131608, 0.000164492
0.000131521, 0.000164384
0.000131435, 0.000164276
0.000131349, 0.000164168
0.000131262, 0.00016406
0.000131176, 0.000163952
0.00013109, 0.000163845
0.000131004, 0.000163738
0.000130919, 0.00016363
0.000130833, 0.000163523
0.000130747, 0.000163416
0.000130662, 0.00016331
0.000130577, 0.000163203
0.000130492, 0.000163097
0.000130406, 0.00016299
0.000130321, 0.000162884
0.000130237, 0.000162778
0.000130152, 0.000162672
0.000130067, 0.000162566
0.000129983, 0.000162461
0.000129898, 0.000162355
0.000129814, 0.00016225
0.00012973, 0.000162145
0.000129646, 0.00016204
0.000129562, 0.000161935
0.000129478, 0.00016183
0.000129394, 0.000161725
0.00012931, 0.000161621
0.000129227, 0.000161516
0.000129143, 0.000161412
0.00012906, 0.000161308
0.000128977, 0.000161204
0.000128894, 0.0001611
0.000128811, 0.000160996
0.000128728, 0.000160892
0.000128645, 0.000160789
0.000128562, 0.000160686
0.00012848, 0.000160582
0.000128397, 0.000160479
0.000128315, 0.000160376
0.000128233, 0.000160274
0.00012815, 0.000160171
0.000128068, 0.000160068
0.000127986, 0.000159966
0.000127904, 0.000159864
0.000127823, 0.000159761
0.000127741, 0.000159659
0.00012766, 0.000159557
0.000127578, 0.000159456
0.000127497, 0.000159354
0.000127416, 0.000159253
0.000127334, 0.000159151
0.000127253, 0.00015905
0.000127173, 0.000158949
0.000127092, 0.000158848
0.000127011, 0.000158747
0.00012693, 0.000158646
0.00012685, 0.000158546
0.000126769, 0.000158445
0.000126689, 0.000158345
0.000126609, 0.000158245
0.000126529, 0.000158144
0.000126449, 0.000158044
0.000126369, 0.000157945
0.000126289, 0.000157845
0.00012621, 0.000157745
0.00012613, 0.000157646
0.00012605, 0.000157546
0.000125971, 0.000157447
0.000125892, 0.000157348
0.000125813, 0.000157249
0.000125733, 0.00015715
0.000125654, 0.000157052
0.000125576, 0.000156953
0.000125497, 0.000156855
0.000125418, 0.000156756
0.000125339, 0.000156658
0.000125261, 0.00015656
0.000125183, 0.000156462
0.000125104, 0.000156364
0.000125026, 0.000156266
0.000124948, 0.000156169
0.00012487, 0.000156071
0.000124792, 0.000155974
0.000124714, 0.000155877
0.000124636, 0.000155779
0.000124559, 0.000155682
0.000124481, 0.000155586
0.000124404, 0.000155489
0.000124327, 0.000155392
0.000124249, 0.000155296
0.000124172, 0.000155199
0.000124095, 0.000155103
0.000124018, 0.000155007
0.000123941, 0.000154911
0.000123865, 0.000154815
0.000123788, 0.000154719
0.000123711, 0.000154623
0.000123635, 0.000154528
0.000123558, 0.000154432
0.000123482, 0.000154337
0.000123406, 0.000154242
0.00012333, 0.000154147
0.000123254, 0.000154052
0.000123178, 0.000153957
0.000123102, 0.000153862
0.000123026, 0.000153767
0.000122951, 0.000153673
0.000122875, 0.000153578
0.0001228, 0.000153484
0.000122724, 0.00015339
0.000122649, 0.000153296
0.000122574, 0.000153202
0.000122499, 0.000153108
0.000122424, 0.000153014
0.000122349, 0.000152921
0.000122274, 0.000152827
0.0001222, 0.000152734
0.000122125, 0.000152641
0.00012205, 0.000152548
0.000121976, 0.000152455
0.000121902, 0.000152362
0.000121827, 0.000152269
0.000121753, 0.000152176
0.000121679, 0.000152084
0.000121605, 0.000151991
0.000121531, 0.000151899
0.000121457, 0.000151806
0.000121384, 0.000151714
0.00012131, 0.000151622
0.000121237, 0.00015153
0.000121163, 0.000151439
0.00012109, 0.000151347
0.000121017, 0.000151255
0.000120943, 0.000151164
0.00012087, 0.000151073
0.000120797, 0.000150981
0.000120724, 0.00015089
0.000120652, 0.000150799
0.000120579, 0.000150708
0.000120506, 0.000150618
0.000120434, 0.000150527
0.000120361, 0.000150436
0.000120289, 0.000150346
0.000120216, 0.000150255
0.000120144, 0.000150165
0.000120072, 0.000150075
0.00012, 0.000149985
0.000119928, 0.000149895
0.000119856, 0.000149805
0.000119784, 0.000149716
0.000119713, 0.000149626
0.000119641, 0.000149536
0.00011957, 0.000149447
0.000119498, 0.000149358
