2.01155
2.01095
2.01025
2.00603
2.00368
1.99728
1.97501
1.96866
1.95453
1.92145
1.89825
1.86869
1.84831
1.8276
1.78053
1.78053
1.74893
1.73321
1.68641
1.68124
1.64005
1.61473
1.58969
1.56008
1.54066
1.52146
1.50252
1.47914
1.45151
1.4333
1.41523
1.37518
1.3532
1.33139
1.30991
1.2929
1.2719
1.24701
1.23056
1.21427
1.19815
1.18223
1.16268
1.14361
1.12122
1.09188
1.07744
1.05961
1.03868
1.02498
1.01142
0.9947
0.97493
0.965089
0.94872
0.92927
0.916463
0.903714
0.875283
0.869036
0.856681
0.829579
0.814931
0.800478
0.78911
0.775208
0.75894
0.748392
0.738053
0.725482
0.710786
0.701078
0.691455
0.681976
0.670361
0.649916
0.645362
0.636246
0.61604
0.604965
0.596237
0.587717
0.579357
0.571057
0.560721
0.548437
0.540277
0.524154
0.514433
0.50308
0.495692
0.488374
0.479352
0.468777
0.461844
0.455021
0.44834
0.440274
0.431028
0.42514
0.412791
0.406258
0.39977
0.39458
0.389442
0.383175
0.375713
0.370707
0.365688
0.360699
0.354614
0.347655
0.343172
0.334359
0.32888
0.322199
0.317734
0.312131
0.305519
0.3022
0.296728
0.290407
0.286316
0.282355
0.277506
0.271846
0.268133
0.264387
0.255838
0.253958
0.250203
0.241861
0.237197
0.232572
0.228143
0.223962
0.220044
0.217104
0.213524
0.209384
0.206716
0.204052
0.201394
0.198135
0.195032
0.191373
0.189541
0.184241
0.1831
0.17864
0.17639
0.173638
0.170532
0.168459
0.166303
0.164058
0.161761
0.15881
0.155162
0.150175
0.147067
0.14394
0.14088
0.138479
0.136179
0.133313
0.129881
0.127564
0.125286
0.122494
0.119287
0.11726
0.114769
0.111798
0.110287
0.10774
0.104728
0.100846
0.0984213
0.0964407
0.0939627
0.0910587
0.0891635
0.0869044
0.0844289
0.0828347
0.0812803
0.0798212
0.0780944
0.0760342
0.0746649
0.0733284
0.0706876
0.0690719
0.0672793
0.0662846
0.0654085
0.0646789
0.0640378
0.0635594
0.0634109
0.0633072
0.0633175
0.0635352
0.0637286
0.0638319
0.0637763
0.0636468
0.0635163
0.0633095
0.0631125
0.0631176
0.0631633
0.063249
0.0634021
0.0635981
0.0639299
0.0644758
0.064976
0.0654414
0.0657385
0.0657653
0.0657335
0.0656081
0.0655774
0.0656677
0.0658203
0.0658344
0.0657904
0.0655946
0.065361
0.0650665
0.0646768
0.0641366
0.063541
0.0631255
0.0619668
0.0612174
0.061072
0.0604851
0.0589271
0.0580289
0.0570168
0.0561077
0.0552972
0.0545578
0.054107
0.053796
0.0536842
0.0539527
0.0548818
0.0558183
0.0569396
0.0584686
0.0602984
0.0614103
0.0635653
0.0646359
0.0656812
0.0664378
0.0671557
0.0679541
0.0686318
0.0688738
0.0691042
0.0691805
0.0691376
0.0690222
0.068875
0.068678
0.0685516
0.0685566
0.0686559
0.0692833
0.0696309
0.0699929
0.0703377
0.0709226
0.0719011
0.0725632
0.0731725
0.0736553
0.0741318
0.0744664
0.074588
0.0746479
0.0747112
0.0747444
0.0748626
0.0750706
0.0753212
0.0755241
0.0756125
0.0757025
0.0757156
0.0756762
0.0755188
0.0753152
0.0751665
0.0750681
0.0750305
0.0749906
0.0749292
0.074629
0.074629
0.0741252
0.0738023
0.0733393
0.0727127
0.0720098
0.0710188
0.0690316
0.0660956
0.0631743
0.0619416
0.0603009
0.0589764
0.0583993
0.0579715
0.0575283
0.0571187
0.0569912
0.0569787
0.0574656
0.0581296
0.0589863
0.059726
0.0604948
0.0612074
0.061997
0.0628968
0.0634502
0.0639283
0.0649091
0.0657458
0.0663844
0.0670116
0.0677325
0.0683554
0.0686348
0.0687356
0.06872
0.0685754
0.0683795
0.0682241
0.0681268
0.0680474
0.0680196
0.068061
0.0680699
0.0682312
0.0682983
0.0681926
0.0678926
0.0664591
0.0638115
0.0612694
0.0600634
0.0591701
0.0585634
0.058035
0.0581187
0.0581187
0.0579948
0.0579261
0.0579176
0.0579545
0.0581171
0.0586579
0.0590036
0.0590802
0.0596733
0.0599163
0.0600186
0.0599224
0.0597513
0.0594926
0.059211
0.0588626
0.0585572
0.0584456
0.0584015
0.0584849
0.058502
0.0587448
0.05888
0.0587462
0.0584837
0.0576947
0.0566575
0.0554098
0.054575
0.0536671
0.0523605
0.0506204
0.0497331
0.0483134
0.0466639
0.0455941
0.0445417
0.0420437
0.0418157
0.0403613
0.0396413
0.0389277
0.0385361
0.0382929
0.0382203
0.0382842
0.0385986
0.0387976
0.0391545
0.0396159
0.0398997
0.0408038
0.0409287
0.0408444
0.0404197
0.0397026
0.0392255
0.0385618
0.0377441
0.0372211
0.0366806
0.0360235
0.0354124
0.0351722
0.0350244
0.0350007
0.0350589
0.0350941
0.0349422
0.0347292
0.0345438
0.034326
0.0339507
0.0335456
0.0330716
0.0294464
0.0294464
0.0281591
0.0264703
0.0253304
0.0241742
0.0228067
0.0218097
0.0208911
0.0186259
0.0176127
0.0168681
0.0160022
0.014925
0.0140991
0.0132803
0.0122544
0.0109563
0.010112
0.00928853
0.0084521
0.00738972
0.00614231
0.00468023
0.00406624
0.0034532
0.00279529
0.00232869
0.00183577
0.00109668
7.92978e-05
0.00069872
0.00149937
0.00242896
0.00327746
0.00359683
0.00382756
0.0039141
0.00390225
0.00393631
0.00409917
0.00420556
0.00442326
0.0046495
0.00486779
0.00498771
0.00511472
0.00515442
0.00484552
0.00447048
0.0040706
0.00352929
0.00284245
0.00235156
0.00165447
0.000790835
0.000181127
0.000474889
0.00140826
0.00272649
0.00453582
0.00572862
0.00698569
0.00802844
0.00947282
0.0114536
0.0127813
0.0143912
0.0162369
0.0172948
0.0182323
0.0190504
0.0199921
0.0209914
0.0216174
0.0222092
0.022814
0.0232762
0.0233172
0.0234575
0.024025
0.0244928
0.0252487
0.0259511
0.026777
0.0279742
0.0294878
0.0304624
0.0313225
0.032243
0.032949
0.0333656
0.0337034
0.0345351
0.0351762
0.0358544
0.0366607
0.0379042
0.0395002
0.0405228
0.0415467
0.0425687
0.043539
0.0457719
0.0467993
0.0475352
0.0482499
0.0491945
0.0502488
0.0507615
0.051142
0.0515164
0.0518678
0.052124
0.0524164
0.0534469
0.0543229
0.0552929
0.0561095
0.0568587
0.0574413
0.0579985
0.0584535
0.0586024
0.0586889
0.0586221
0.0584124
0.0578465
0.0577321
0.0578296
0.0581085
0.0585412
0.0591755
0.0600262
0.0605806
0.0611558
0.0618683
0.0627128
0.0632214
0.0636191
0.0640482
0.0640809
0.0640697
0.0639378
0.0638312
0.0637787
0.0636994
0.0636739
0.0636068
0.0633544
0.0630555
0.0626141
0.0609804
0.0559303
0.0510797
0.0453289
0.037234
0.0267442
0.0196091
0.0108813
0.000974863
0.00526693
0.0170695
0.024012
0.0320462
0.0372127
0.0422093
0.0481623
0.0531467
0.054746
0.0553275
0.0544752
0.0532994
0.0518923
0.0504623
0.0488302
0.0465245
0.0460821
0.044678
0.0440962
0.0438295
0.0437649
0.0437789
0.0437839
0.0436494
0.0433826
0.0432913
0.0432882
0.0433778
0.0436277
0.0442204
0.0446557
0.0453741
0.0462142
0.04724
0.0478606
0.0486039
0.0493144
0.0497117
0.0500107
0.0502501
0.0504509
0.0504978
0.0504868
0.0505062
0.0507224
0.0508035
0.0507674
0.0507031
0.0505679
0.0504827
0.0504542
0.0503724
0.0503004
0.0502674
0.0502147
0.0501932
0.0501918
0.0501053
0.0499969
0.0496627
0.0493153
0.0488964
0.0485755
0.048427
0.04836
0.0482622
0.0482689
0.0482569
0.0481635
0.0480034
0.0477264
0.047501
0.0472553
0.0470521
0.046892
0.0467146
0.0464833
0.0460561
0.0453465
0.0447708
0.0440854
0.042007
0.0412238
0.0405851
0.0399387
0.0394184
0.0391611
0.0389039
0.0385833
0.0379794
0.037034
0.0363074
0.0346071
0.0335434
0.0322584
0.0315729
0.0304609
0.0291157
0.0282174
0.0273947
0.026656
0.0258036
0.024891
0.0237164
0.0229128
0.0211435
0.0200095
0.0187566
0.0179309
0.0170928
0.0160863
0.0150075
0.0142985
0.0136135
0.0129384
0.0120536
0.0109358
0.0095713
0.00895173
0.00861382
0.0084532
0.00837914
0.00833884
0.00828354
0.00801667
0.00776281
0.00860954
0.0116087
0.0152484
0.0208665
0.0286336
0.0341286
0.0397637
0.046841
0.0588503
0.0601202
0.0698013
0.0753283
0.0813789
0.0851718
0.088816
0.0923065
0.0964645
0.0996339
0.0998356
0.0987037
0.0957401
0.0931134
0.0869806
0.0830464
0.0793766
0.0754529
0.0730639
0.0708674
0.0684383
0.0658517
0.0642979
0.0629204
0.0613467
0.0594814
0.0582392
0.0570664
0.0547271
0.0536137
0.0526199
0.0524474
0.0511734
0.0504788
0.0497035
0.0491048
0.0484819
0.0476628
0.0466683
0.045923
0.0460547
0.0472219
0.04824
0.0488003
0.0485068
0.0479393
0.0470841
0.0457187
0.0438931
0.0426861
0.0414646
0.0399347
0.038228
0.0372911
0.0364852
0.0356546
0.0349078
0.0345082
0.0339686
0.0339105
0.0339055
0.0339526
0.033997
0.0341456
0.0343705
0.0346281
0.0348908
0.035186
0.0353342
0.0354517
0.0356549
0.0359554
0.036169
0.0363702
0.0364827
0.0364423
0.0363066
0.0360186
0.0355532
0.0351772
0.0342851
0.033948
0.0339092
0.0339287
0.035996
0.0403881
0.0476543
0.0533528
0.0595379
0.0676454
0.0774554
0.0838868
0.09013
0.0961094
0.103134
0.11088
0.120278
0.124771
0.130213
0.136133
0.138262
0.138868
0.137964
0.135884
0.132671
0.130342
0.128067
0.125361
0.122394
0.120675
0.118772
0.116655
0.115252
0.113795
0.110437
0.108722
0.107224
0.106253
0.10527
0.104264
0.103623
0.102926
0.10209
0.101592
0.100692
0.0996784
0.0990913
0.0985566
0.0980158
0.0974199
0.0970337
0.0966952
0.0959394
0.0957676
0.0954819
0.0950049
0.0948398
0.0946489
0.0943732
0.0939258
0.093355
0.0930327
0.0926925
0.0923439
0.0918299
0.0910076
0.0905512
0.0898567
0.0891728
0.0886734
0.0881156
0.0864436
0.0856048
0.0849492
0.083997
0.0826833
0.0816346
0.080406
0.0790755
0.077674
0.0758153
0.073392
0.0717098
0.0696143
0.0671883
0.0636719
0.0636719
0.0614154
0.0583572
0.0564828
0.0546833
0.0533514
0.0521614
0.0508108
0.0493746
0.0485358
0.0477203
0.0466052
0.0451605
0.0441667
0.0431055
0.0417029
0.0399675
0.0375006
0.0359451
0.0346332
0.0330174
0.0312796
0.0302605
0.0290469
0.0276235
0.0267027
0.0255583
0.0240852
0.023121
0.0221585
0.0211431
0.0198529
0.0183356
0.0172864
0.016131
0.0145381
0.0123959
0.00925282
0.0071811
0.00517815
0.00371528
0.00200299
0.000182723
0.000823196
0.00163752
0.00226599
0.00279941
0.00322348
0.00338376
0.00347098
0.00359555
0.00389206
0.0047416
0.00528829
0.0058111
0.00638607
0.00709722
0.00753408
0.00836991
0.00952389
0.0103844
0.0112416
0.0122744
0.0134325
0.0140633
0.0148707
0.0149863
0.0148821
0.0147534
0.0146876
0.014707
0.0148445
0.0150099
0.0152143
0.0155835
0.0161651
0.0170527
0.0175298
0.0183682
0.0194047
0.0201231
0.0217071
0.022651
0.023732
0.024603
0.0254807
0.0265295
0.0277661
0.0283968
0.0294056
0.0304485
0.0310724
0.0317079
0.0333609
0.0343343
0.0352516
0.0359709
0.036755
0.0375369
0.0379714
0.0384368
0.0390883
0.0399324
0.0405953
0.0414572
0.0425438
0.0430834
0.0440094
0.0450542
0.0457146
0.0463603
0.0470625
0.0477673
0.0481174
0.0494912
0.0502896
0.0510364
0.0516575
0.0520896
0.0524912
0.0528163
0.0528926
0.0528965
0.0529945
0.0531798
0.0534011
0.0536185
0.0538385
0.0541991
0.0547044
0.0554424
0.0559717
0.0569634
0.0573178
0.0576803
0.0579823
0.0582223
0.0584422
0.0586567
0.0587432
0.058848
0.0589687
0.0590594
0.0590739
0.0591309
0.0592227
0.0592218
0.0592523
0.0593631
0.0595716
0.0596945
0.059753
0.0596966
0.0594768
0.0590522
0.0584366
0.0580192
0.0575288
0.0571383
0.0567817
0.0565047
0.0564114
0.0564639
0.0566059
0.0567835
0.0570603
0.0574946
0.0581813
0.0587489
0.0601903
0.0612633
0.0624281
0.0633657
0.0642419
0.0651439
0.0659216
0.0663492
0.0668065
0.0674158
0.0678914
0.0682299
0.068425
0.0687904
0.0690084
0.0694066
0.0698814
0.0704188
0.0711349
0.0718927
0.0723309
0.0727511
0.0732611
0.0739476
0.0745358
0.0751944
0.0758213
0.0771902
0.0780048
0.078805
0.079501
0.0802232
0.0811229
0.0821195
0.0827812
0.083497
0.0842802
0.0852775
0.0863659
0.0870353
0.0884364
0.0892248
0.0903723
0.0915658
0.0930296
0.0940929
0.0952724
0.0968427
0.098681
0.0997343
0.100641
0.101628
0.102732
0.103463
0.104147
0.102738
0.100613
0.0988429
0.0976449
0.0966672
0.0956811
0.0949355
0.0946191
0.0944035
0.0942845
0.0941428
0.0940381
0.0938428
0.0937159
0.0937786
0.0939329
0.0940729
0.094367
0.0947371
0.094865
0.0949014
0.0948937
0.0947809
0.0943733
0.0940575
0.0934551
0.0928558
0.0922907
0.0920365
0.0917445
0.0918707
0.0922219
0.0926043
0.0932093
0.0940151
0.0946453
0.0955076
0.096742
0.097665
0.0986057
0.0994607
0.10042
0.10138
0.101886
0.102338
0.102715
0.103144
0.103179
0.103186
0.103183
0.103236
0.103307
0.10333
0.10337
0.103396
0.103407
0.1035
0.103572
0.103667
0.10358
0.103502
0.103507
0.103593
0.103619
0.104086
0.10448
0.105026
0.105321
0.105527
0.105542
0.105232
0.104838
0.104257
0.103561
0.102033
0.101711
0.101115
0.0998191
0.099044
0.0983334
0.0973542
0.0962343
0.0949176
0.0932459
0.0921507
0.0910645
0.0900538
0.0888695
0.087776
0.0866827
0.0854176
0.0846159
0.0838949
0.0824183
0.081564
0.0807075
0.0800171
0.0792768
0.0782091
0.0771025
0.075795
0.0750244
0.0743202
0.0737332
0.0731972
0.0726084
0.0721666
0.0715558
0.0708195
0.0703463
0.0692207
0.0685337
0.0679404
0.0676745
0.0674293
0.067017
0.0664644
0.0660709
0.0657003
0.065259
0.0647249
0.0644425
0.0642497
0.063921
0.0637055
0.0635508
0.0635279
0.0635594
0.0637135
0.0640561
0.0642994
0.0645736
0.0648706
0.0655902
0.0660837
0.0666391
0.067021
0.0674332
0.0679529
0.0683682
0.0687279
0.0691296
0.0694858
0.0695961
0.0695662
0.0694538
0.0689783
0.0687251
0.0686747
0.068307
0.0682213
0.0682433
0.0683287
0.0684908
0.0686584
0.0689131
0.069443
0.0699113
0.0704157
0.0711365
0.0720849
0.0734513
0.0740537
0.0744639
0.0721159
0.0695968
0.0670929
0.0641845
0.0612843
0.0596729
0.0582192
0.0569151
0.0554891
0.0537188
0.0534913
0.0531338
0.0527123
0.0526187
0.052457
0.052308
0.0521745
0.0521026
0.0522041
0.0522911
0.0523541
0.0522794
0.0520549
0.0518847
0.0517724
0.0515861
0.0513327
0.0508712
0.0504031
0.0498724
0.0492177
0.0483803
0.0478982
0.0470881
0.0462911
0.0453273
0.0447501
0.0442037
0.0431001
0.042573
0.0421494
0.0419459
0.0418433
0.0419206
0.0423855
0.042854
0.04338
0.0441291
0.0449036
0.0458688
0.0464711
0.0469999
0.0476626
0.0476024
0.0473379
0.0469927
0.0464666
0.0458009
0.0454269
0.0447997
0.0441639
0.0434569
0.043033
0.0427202
0.0424258
0.0421283
0.0419831
0.0419308
0.0419835
0.0422131
0.0425871
0.0428248
0.0430091
0.0432225
0.0434688
0.0437711
0.0440819
0.044211
0.0442916
0.0441564
0.0439502
0.043699
0.0433728
0.0429612
0.0425879
0.0423758
0.042207
0.0419996
0.0418742
0.0418358
0.04148
0.0412287
0.0409872
0.0406857
0.04022
0.0399146
0.0396086
0.039366
0.0392158
0.0392441
0.0393344
0.0394128
0.0395849
0.0395974
0.0396062
0.0396334
0.0396148
0.0395716
0.0396562
0.0397593
0.0398429
0.0399716
0.0401504
0.0403659
0.0404849
0.0405566
0.040665
0.0393793
0.0346496
0.0301012
0.0234271
0.0145043
0.00821895
0.00175368
0.00475639
0.0191843
0.0269192
0.0284346
0.040167
0.0470788
0.0550462
0.0589836
0.0654531
0.0728612
0.0762678
0.0778769
0.0779416
0.0764743
0.0735368
0.071202
0.0687496
0.0656943
0.0621971
0.0600166
0.0563631
0.0545681
0.0531493
0.0516982
0.0510091
0.0498052
0.0483061
0.0472562
0.0460901
0.0443983
0.0421485
0.0409973
0.0391169
0.0369506
0.0355614
0.0329363
0.03133
0.029557
0.0286695
0.0271758
0.0257506
0.0241354
0.0231275
0.0218921
0.0205203
0.0198662
0.0188701
0.0176871
0.0169151
0.0161404
0.0140105
0.0134862
0.0124621
0.010413
0.00867477
0.00750557
0.00605802
0.0044612
0.00344079
0.00238401
0.00123324
0.000315037
0.00243578
0.00395743
0.00544578
0.00818223
0.0093352
0.00955616
0.0111319
0.0120735
0.0132252
0.0140116
0.0148863
0.0157957
0.0167345
0.0178933
0.0191213
0.0190909
0.0147669
0.0124737
0.0104628
0.00905837
0.00752212
0.00607823
0.0053604
0.00484382
0.00450112
0.00461243
0.0049685
0.00574767
0.00720755
0.00850969
0.0100811
0.011811
0.0153683
0.0175881
0.020318
0.0220967
0.0238703
0.0260488
0.028489
0.0299426
0.0313135
0.0328591
0.0344319
0.0353629
0.036156
0.0369764
0.0376565
0.0383375
0.0387857
0.0400309
0.0407474
0.0419568
0.0428737
0.0440442
0.0452993
0.0458792
0.0467472
0.0477714
0.0484737
0.0492499
0.0502247
0.0511824
0.052288
0.0529343
0.0536569
0.0545467
0.0551406
0.0556776
0.0562562
0.056946
0.0579208
0.0583093
0.0587135
0.0590329
0.0591992
0.0594759
0.0599283
0.0603438
0.0608098
0.0613802
0.0623364
0.0636902
0.0646112
0.0655135
0.066402
0.0687563
0.0700991
0.0711718
0.0722709
0.0737329
0.0755225
0.0766059
0.077585
0.0785177
0.0796065
0.0807555
0.0814957
0.0829313
0.0837808
0.084682
0.0852968
0.0861776
0.0872759
0.0880601
0.0890102
0.0900442
0.0905721
0.0909138
0.0911886
0.0912494
0.0911444
0.0909993
0.0907844
0.0904142
0.0898825
0.0895406
0.0886064
0.0883244
0.0876158
0.0854738
0.0840658
0.0824718
0.08117
0.0795018
0.0775605
0.0763606
0.0751639
0.0737307
0.0720685
0.07104
0.0700711
0.0691186
0.0678845
0.0663754
0.0653858
0.0633207
0.0620216
0.0607771
0.0590671
0.057747
0.0560357
0.0539058
0.0524405
0.0508947
0.0489754
0.0467619
0.0454009
0.0441744
0.0430504
0.0408492
0.0404475
0.0389112
0.0379612
0.0369534
0.0361523
0.0352507
0.0341235
0.033237
0.0322901
0.0312204
0.0297188
0.0278515
0.0266178
0.025348
0.0223459
0.0206321
0.0188788
0.0175445
0.0162469
0.0145869
0.0126258
0.0114511
0.0103599
0.00910029
0.00786558
0.00642611
0.00542635
0.00441097
0.00337506
0.000704225
0.000622768
0.00164401
0.00275043
0.00372674
0.00421903
0.00459134
0.00492621
0.00526773
0.00544405
0.00546554
0.00549075
0.0055559
0.00563176
0.00580863
0.00600796
0.00649969
0.00689144
0.00731659
0.00782131
0.00864594
0.00984822
0.0106878
0.0115538
0.0126234
0.0137977
0.0150835
0.0157685
0.0163581
0.0168224
0.0173059
0.0177796
0.018118
0.0184241
0.0186366
0.0187945
0.0187691
0.018693
0.0185824
0.0182945
0.0180096
0.0176782
0.0169666
0.0168112
0.0164411
0.0153873
0.0146539
0.0137755
0.0127733
0.0119567
0.0111735
0.0103254
0.00960311
0.00921728
0.00877872
0.00815035
0.00739877
0.0068618
0.00621206
0.00454975
0.00337874
0.00199332
0.00105382
0.000142175
0.000746127
0.0017521
0.00290217
0.00360285
0.00493316
0.00552465
0.00602402
0.00646374
0.00675985
0.00707528
0.00724129
0.00737076
0.00752052
0.00773227
0.00805191
0.00823384
0.00840412
0.00897231
0.00930191
0.00953341
0.00967319
0.0097177
0.0097276
0.00974831
0.00977821
0.00985778
0.0100188
0.0105491
0.0109787
0.01148
0.0119167
0.0124244
0.0128713
0.0130105
0.013099
0.0130972
0.0130788
0.0131472
0.0134802
0.0141297
0.0153097
0.0162722
0.017269
0.0183722
0.0194273
0.020419
0.020873
0.0212067
0.0214144
0.0215749
0.0217366
0.0220635
0.0225401
0.0227813
0.0229591
0.0231525
0.0233835
0.0234385
0.023335
0.0230999
0.0227841
0.0224217
0.0221866
0.0220461
0.0220042
0.0220985
0.0221716
0.0221794
0.0221801
0.0222543
0.0223587
0.022444
0.0224109
0.0223438
0.0223539
0.0223612
0.0222771
0.0220435
0.0218392
0.0214403
0.0209948
0.020485
0.0202224
0.019976
0.0195887
0.0189349
0.0184503
0.0179915
0.0170648
0.0165004
0.0158601
0.0153717
0.0148321
0.0140334
0.0131746
0.0122108
0.0118117
0.0113461
0.0110162
0.0108065
0.0105874
0.0103052
0.00984502
0.00944907
0.00872432
0.00827877
0.00772968
0.00738913
0.0070339
0.00663802
0.00613204
0.00545254
0.00489269
0.00412613
0.00323924
0.00266577
0.00207724
0.00125816
0.000360825
0.000752405
0.00146631
0.00215647
0.00270679
0.00301914
0.00294868
0.00292206
0.00243217
0.00215358
0.0020391
0.00198871
0.00201514
0.00212746
0.00218798
0.00231644
0.00259576
0.00281301
0.0030803
0.00344573
0.00381393
0.00406274
0.00432014
0.00458228
0.00504419
0.0052069
0.0052069
0.0052069
0.0052069
0.0052069
0.0052069
0.0052069
0.0052069
0.0052069
0.0052069
0.0052069
0.0052069
0.0052069
0.0052069
0.0052069
0.0052069
0.0052069
0.0052069
0.0052069
0.0052069
0.0052069
0.0052069
0.0052069
0.0052069
0.0052069
0.0052069
0.0052069
0.0052069
0.0052069
0.0052069
0.0052069
0.0052069
0.0052069
0.0052069
0.0052069
0.0052069
0.0052069
0.0052069
0.0052069
0.0052069
0.0052069
0.0052069
0.0052069
0.0052069
0.0052069
0.0052069
0.0052069
0.0052069
0.0052069
0.0052069
0.0052069
0.0052069
0.0052069
0.0052069
0.0052069
0.0052069
0.0052069
0.0052069
0.0052069
0.0052069
0.0052069
0.0052069
0.0052069
0.0052069
0.0052069
0.0052069
0.0052069
0.0052069
0.0052069
0.0052069
0.0052069
0.0052069
0.0052069
0.0052069
0.0052069
0.0052069
0.0052069
0.0052069
0.0052069
0.0052069
0.0052069
0.0052069
0.0052069
0.0052069
0.0052069
0.0052069
0.0052069
0.0052069
0.0052069
0.0052069
0.0052069
0.0052069
0.0052069
0.0052069
0.0052069
0.0052069
0.0052069
0.0052069
0.0052069
0.0052069
0.0052069
0.0052069
0.0052069
0.0052069
0.0052069
0.0052069
0.0052069
0.0052069
0.0052069
0.0052069
0.0052069
0.0052069
0.0052069
0.0052069
0.0052069
0.0052069
0.0052069
0.0052069
0.0052069
0.0052069
0.0052069
0.0052069
0.0052069
0.0052069
0.0052069
0.0052069
0.0052069
0.0052069
0.0052069
0.0052069
0.0052069
0.0052069
0.0052069
0.0052069
0.0052069
0.0052069
0.0052069
0.0052069
0.0052069
0.0052069
0.0052069
0.0052069
0.0052069
0.0052069
0.0052069
0.0052069
0.0052069
0.0052069
0.0052069
0.0052069
0.0052069
0.0052069
0.0052069
0.0052069
0.0052069
0.0052069
0.0052069
0.0052069
0.0052069
0.0052069
0.0052069
0.0052069
0.0052069
0.0052069
0.0052069
0.0052069
0.0052069
0.0052069
0.0052069
0.0052069
0.0052069
0.0052069
0.0052069
0.0052069
0.0052069
0.0052069
0.0052069
0.0052069
0.0052069
0.0052069
0.0052069
0.0052069
0.0052069
0.0052069
0.0052069
0.0052069
0.0052069
0.0052069
0.0052069
0.0052069
0.0052069
0.0052069
0.0052069
0.0052069
0.0052069
0.0052069
0.0052069
0.0052069
0.0052069
0.0052069
0.0052069
0.0052069
0.0052069
0.0052069
0.0052069
0.0052069
0.0052069
0.0052069
0.0052069
0.0052069
0.0052069
0.0052069
0.0052069
0.0052069
0.0052069
0.0052069
0.0052069
0.0052069
0.0052069
0.0052069
0.0052069
0.0052069
0.0052069
0.0052069
0.0052069
0.0052069
0.0052069
0.0052069
0.0052069
0.0052069
0.0052069
0.0052069
0.0052069
0.0052069
0.0052069
0.0052069
0.0052069
0.0052069
0.0052069
0.0052069
0.187769
0.185819
0.183502
0.180927
0.179224
0.177468
0.175135
0.172198
0.170201
0.165676
0.163162
0.161111
0.15843
0.155059
0.152684
0.150193
0.147697
0.144614
0.140901
0.13901
0.133373
0.132172
0.129801
0.126889
0.123547
0.121417
0.117119
0.114919
0.112675
0.110902
0.109224
0.107604
0.105684
0.10363
0.102382
0.101172
0.0982888
0.096559
0.0948641
0.0935448
0.0920081
0.0906763
0.0896805
0.0887693
0.0879154
0.0869442
0.085902
0.0852349
0.0838045
0.0828571
0.0817839
0.0810468
0.0803144
0.0794945
0.0785696
0.0778789
0.0771805
0.076462
0.0755368
0.0744223
0.0727309
0.0714552
0.070056
0.0689154
0.0673921
0.0655021
0.0641892
0.0628102
0.060977
0.0588454
0.0578213
0.0562283
0.0546742
0.0538764
0.0526486
0.0520887
0.051524
0.0509499
0.0504986
0.0500962
0.0497305
0.0494637
0.0493121
0.0493304
0.0493545
0.0494026
0.0494911
0.0496069
0.0495768
0.0492033
0.0489378
0.0485719
0.0482522
0.047886
0.0473767
0.0465453
0.0452921
0.0443785
0.043449
0.0412057
0.0399115
0.038548
0.0374642
0.0360383
0.0346375
0.033967
0.0335493
0.0332301
0.0330767
0.0331167
0.0326776
0.0322905
0.0316667
0.030706
0.029955
0.029197
0.0282567
0.0272417
0.0266118
0.0259744
0.0253439
0.0246195
0.0238835
0.0234388
0.0230284
0.0221196
0.0216217
0.0215265
0.0211103
0.0200397
0.0197179
0.0195419
0.0193408
0.019085
0.018635
0.0182757
0.0178712
0.0172378
0.016491
0.0155871
0.0149665
0.0142492
0.0131969
0.011821
0.0111534
0.00945911
0.00903624
0.0088171
0.00875095
0.0088468
0.00904125
0.00922893
0.00943167
0.00959593
0.00980018
0.0100028
0.0101129
0.0101594
0.0100201
0.00953011
0.008321
0.00743494
0.00620273
0.00467269
0.00372442
0.00278679
0.00200964
0.00148398
0.00110156
0.000863086
0.000762782
0.000665819
0.000483403
8.79117e-05
0.0001034
0.000294745
0.000524059
0.000592233
0.000643473
0.000735464
0.000792446
0.000709788
0.000540658
0.000347346
0.000142903
5.74219e-05
0.000256761
0.00111987
0.00176084
0.00245805
0.00303463
0.00381624
0.00474641
0.00542361
0.00614117
0.00700713
0.00798826
0.00869236
0.00939335
0.0101337
0.011149
0.0124677
0.0144301
0.0154224
0.0165991
0.0178193
0.0193209
0.0204135
0.0215613
0.0227727
0.0243521
0.0262473
0.0275009
0.0287906
0.0316429
0.0336518
0.0357634
0.0382533
0.03986
0.0413657
0.0431287
0.0450198
0.0460952
0.04709
0.0479725
0.0488945
0.0499229
0.0514606
0.0524555
0.0526683
0.0544082
0.0554305
0.0566468
0.0575431
0.0587505
0.0603843
0.0615259
0.0626372
0.0637608
0.0651521
0.0669008
0.0682063
0.0695948
0.0731034
0.0751751
0.0768667
0.0790776
0.0814098
0.0837234
0.0862967
0.087905
0.0897024
0.0917158
0.0929169
0.0940558
0.0951658
0.0965999
0.0983958
0.0995644
0.101031
0.102786
0.104008
0.105638
0.107649
0.108941
0.110547
0.113396
0.115026
0.116714
0.118447
0.120593
0.123194
0.124479
0.126592
0.128699
0.131256
0.132513
0.134585
0.13861
0.140175
0.142045
0.144129
0.145505
0.146815
0.14837
0.150214
0.151504
0.152804
0.154121
0.15583
0.158125
0.159766
0.163251
0.16553
0.168255
0.170097
0.171918
0.174077
0.176513
0.178075
0.179562
0.181018
0.182789
0.184919
0.186466
0.190437
0.192808
0.195206
0.197033
0.199199
0.201716
0.203376
0.204983
0.206975
0.209047
0.210788
0.21296
0.215449
0.216948
0.218316
0.2198
0.22107
0.222609
0.22372
0.226051
0.22765
0.229608
0.230855
0.232097
0.233752
0.235893
0.237341
0.238714
0.240059
0.243066
0.244814
0.246711
0.248323
0.250406
0.252849
0.254337
0.255743
0.257021
0.258414
0.259936
0.260935
0.261916
0.263973
0.265099
0.265321
0.267517
0.269008
0.27037
0.272089
0.274119
0.275485
0.276775
0.278022
0.279184
0.280472
0.281627
0.282677
0.283817
0.284555
0.285479
0.286606
0.287454
0.289339
0.290601
0.292173
0.293318
0.294515
0.295737
0.297216
0.298869
0.299815
0.30056
0.301228
0.301811
0.302471
0.3032
0.303507
0.303788
0.304003
0.304268
0.30453
0.304621
0.304799
0.305007
0.305063
0.304995
0.304774
0.304492
0.30435
0.304209
0.304095
0.30412
0.304234
0.30447
0.304767
0.305188
0.305443
0.305626
0.305571
0.305306
0.305241
0.304682
0.304238
0.303712
0.303382
0.303153
0.303012
0.302882
0.302803
0.302568
0.301989
0.3016
0.300942
0.300321
0.29973
0.299375
0.298906
0.2985
0.298383
0.298345
0.298437
0.298807
0.299506
0.300061
0.300596
0.301707
0.302241
0.302693
0.303012
0.30329
0.30359
0.303697
0.303732
0.303626
0.303395
0.303142
0.302829
0.302512
0.301745
0.301151
0.300497
0.299958
0.299202
0.298259
0.29766
0.296871
0.295864
0.295191
0.29453
0.293665
0.292726
0.292128
0.291584
0.290511
0.290511
0.291329
0.291939
0.292589
0.293473
0.294525
0.295212
0.295902
0.296311
0.296358
0.296305
0.296245
0.296165
0.296198
0.296298
0.296559
0.296839
0.29736
0.297767
0.298223
0.298621
0.299026
0.299308
0.299375
0.299408
0.299458
0.299422
0.299189
0.298872
0.298412
0.297987
0.29751
0.297267
0.297012
0.296781
0.296502
0.296241
0.29607
0.295922
0.295833
0.295766
0.295639
0.295558
0.295336
0.295259
0.295237
0.295075
0.29489
0.294471
0.294148
0.293899
0.293653
0.293455
0.29327
0.293047
0.2928
0.292523
0.292338
0.292284
0.292171
0.291977
0.291786
0.291656
0.291477
0.291155
0.290695
0.290302
0.289825
0.289307
0.28871
0.28819
0.287704
0.287558
0.28735
0.287049
0.286893
0.286827
0.286794
0.286734
0.286644
0.28652
0.286421
0.286311
0.286085
0.285897
0.28563
0.285172
0.284533
0.284111
0.283556
0.282872
0.282409
0.281366
0.28068
0.279803
0.279261
0.278742
0.278169
0.277498
0.276991
0.27645
0.275942
0.275367
0.274749
0.274533
0.274164
0.274131
0.273949
0.273791
0.273339
0.272837
0.272279
0.271666
0.270897
0.269937
0.26934
0.268786
0.26832
0.267613
0.26756
0.267017
0.26671
0.26636
0.266141
0.266018
0.265813
0.265583
0.265273
0.264765
0.264478
0.263554
0.263472
0.262913
0.262541
0.261983
0.261463
0.26087
0.26014
0.259324
0.25827
0.256875
0.255909
0.254763
0.253601
0.252917
0.251763
0.251221
0.2506
0.250253
0.249919
0.249544
0.249144
0.248822
0.248498
0.248193
0.247907
0.247628
0.247454
0.247292
0.247089
0.246891
0.246205
0.245443
0.244098
0.243012
0.241874
0.240347
0.238396
0.236978
0.235512
0.233701
0.23176
0.230625
0.22955
0.228471
0.225826
0.225593
0.224783
0.223793
0.223728
0.223915
0.224164
0.224541
0.224939
0.225338
0.225857
0.226578
0.226958
0.227663
0.228347
0.229033
0.229381
0.229677
0.229909
0.23
0.229997
0.229944
0.229846
0.229822
0.229684
0.229035
0.228599
0.227985
0.227175
0.226722
0.226008
0.225269
0.224931
0.224641
0.224282
0.223915
0.223397
0.222925
0.222367
0.221742
0.221372
0.22101
0.220287
0.21986
0.219297
0.218835
0.218371
0.218026
0.217596
0.217336
0.217046
0.216677
0.216369
0.216172
0.216012
0.215877
0.215681
0.215531
0.215439
0.215363
0.215226
0.215159
0.214868
0.214624
0.214326
0.213958
0.213484
0.212667
0.211427
0.210547
0.209578
0.20825
0.206638
0.204583
0.203287
0.203025
0.201093
0.200293
0.199339
0.198122
0.197238
0.196322
0.195334
0.19406
0.192668
0.191841
0.19055
0.189897
0.189291
0.188978
0.18873
0.188562
0.188357
0.188097
0.187741
0.187335
0.186704
0.185751
0.185127
0.18391
0.183188
0.182511
0.182226
0.18195
0.181539
0.181233
0.180955
0.180626
0.180122
0.179814
0.179207
0.178451
0.177926
0.177325
0.176005
0.175108
0.174107
0.173498
0.172905
0.17226
0.171745
0.171512
0.171297
0.171002
0.170666
0.17048
0.170375
0.170299
0.17024
0.17017
0.17005
0.169928
0.169718
0.169302
0.16889
0.168443
0.167946
0.167273
0.166348
0.165691
0.164391
0.16357
0.162535
0.16186
0.16115
0.160271
0.159143
0.15851
0.157436
0.156322
0.154962
0.154056
0.153095
0.152094
0.149691
0.149474
0.148051
0.147338
0.146442
0.145743
0.144883
0.143959
0.142872
0.141604
0.140674
0.139599
0.138101
0.136195
0.134893
0.133562
0.130286
0.129977
0.127395
0.12581
0.124062
0.12309
0.122278
0.121592
0.120825
0.120045
0.119663
0.119356
0.118673
0.118202
0.117553
0.117103
0.11663
0.115922
0.114802
0.113999
0.113137
0.111992
0.110612
0.109632
0.108615
0.107248
0.105498
0.104298
0.101688
0.100256
0.0999547
0.0976241
0.0963805
0.0950002
0.0940762
0.0928892
0.0913281
0.0901868
0.0888163
0.0874765
0.0859947
0.0851651
0.0843974
0.0834101
0.0822458
0.0817115
0.0808637
0.0799258
0.0792801
0.0784818
0.0775224
0.0768202
0.0761268
0.0753165
0.0743429
0.0738315
0.0719638
0.0717654
0.070457
0.0698638
0.0693246
0.069148
0.0691596
0.0694678
0.0700279
0.0703991
0.0706594
0.0708189
0.0708462
0.070777
0.0707105
0.0706589
0.0703864
0.0703519
0.0703117
0.0703377
0.0701833
0.0700202
0.0695362
0.0687331
0.0681689
0.0675549
0.0667458
0.0658299
0.0653195
0.0648507
0.0643271
0.0638335
0.0635348
0.0627773
0.0622467
0.061548
0.0610829
0.0606465
0.060196
0.0599234
0.0596913
0.0595699
0.0595389
0.059592
0.0598345
0.0600334
0.0602244
0.0604902
0.0607864
0.0609838
0.0611749
0.0613131
0.0610234
0.0609859
0.0605227
0.0601037
0.0596048
0.0592092
0.0587995
0.0583397
0.0577302
0.0573969
0.0568418
0.0563015
0.056005
0.0556827
0.0552793
0.0547968
0.0545326
0.0541578
0.0540149
0.0538248
0.0535939
0.0532249
0.0526552
0.0520151
0.0516402
0.0513049
0.0509622
0.0504415
0.0497121
0.0499911
0.0516491
0.0547536
0.05555
0.0559459
0.0562283
0.0563845
0.0563103
0.0560504
0.0554471
0.0549283
0.0543109
0.0536441
0.0529815
0.0521187
0.0512274
0.0503431
0.0498762
0.0492121
0.0488441
0.048461
0.0481952
0.0479676
0.0477239
0.0474018
0.047031
0.0468563
0.0468192
0.0468643
0.0469941
0.0470056
0.0471843
0.0473915
0.0493796
0.0520891
0.053289
0.0543547
0.0550622
0.0553376
0.0555677
0.0558775
0.0561471
0.0564826
0.0567836
0.0570484
0.0572547
0.0575021
0.0579186
0.058582
0.0589974
0.0594278
0.0599072
0.060522
0.0608202
0.0612228
0.0615828
0.0619606
0.0621302
0.0622544
0.0622965
0.0621823
0.0620799
0.0620329
0.0620894
0.0623699
0.0628683
0.0631932
0.0634268
0.0636787
0.0641571
0.0644771
0.0650911
0.0658123
0.066237
0.0667597
0.0669227
0.0669238
0.0669024
0.0669124
0.0671266
0.0673315
0.0675229
0.0677734
0.0681703
0.0686148
0.0688985
0.0691519
0.069383
0.0700519
0.0702679
0.070434
0.070369
0.0702726
0.0700302
0.0696004
0.0692084
0.0687786
0.0683555
0.0679956
0.0676933
0.0676927
0.067882
0.0681579
0.0687199
0.0691781
0.0697243
0.0702448
0.070469
0.0706602
0.0707368
0.070766
0.0707699
0.0708146
0.0709277
0.0710581
0.0711503
0.0712711
0.0714264
0.0715441
0.071715
0.0721048
0.0721989
0.0723711
0.0725866
0.0727953
0.0728791
0.0731983
0.0734346
0.073535
0.0735671
0.0735465
0.0734565
0.0734382
0.0733942
0.073332
0.0732112
0.0729952
0.0727338
0.0725291
0.0725284
0.072647
0.0727754
0.072959
0.0731898
0.073322
0.0733818
0.0733842
0.0733016
0.0731509
0.0730981
0.0731397
0.0733936
0.0739607
0.0744757
0.0752994
0.076359
0.0770892
0.0780608
0.0794115
0.0801471
0.0827979
0.0841586
0.0852818
0.0863686
0.0875828
0.08898
0.0899059
0.0907849
0.0915523
0.0923076
0.0930074
0.0934758
0.0945045
0.0950766
0.0955794
0.0958137
0.0959581
0.0960578
0.096204
0.0965456
0.0968246
0.0970531
0.0972667
0.0973924
0.0973423
0.0968152
0.0963037
0.095784
0.0950908
0.0942827
0.0937395
0.0932048
0.0925789
0.0919007
0.0915776
0.0913527
0.0911594
0.0909182
0.0906572
0.0903451
0.0896565
0.089293
0.089225
0.0889365
0.0890132
0.0893876
0.0897048
0.0899995
0.0903379
0.0909615
0.0918926
0.0924525
0.0930749
0.0938173
0.0942458
0.0951461
0.0964261
0.0979724
0.0988608
0.0996705
0.100298
0.101
0.101875
0.102567
0.103336
0.104112
0.105129
0.106176
0.107452
0.10811
0.109178
0.110385
0.111091
0.112413
0.113156
0.113886
0.114745
0.115351
0.116069
0.116907
0.117364
0.117695
0.117985
0.118448
0.119105
0.119529
0.119858
0.120357
0.120594
0.120628
0.120542
0.120419
0.120275
0.120027
0.119905
0.119797
0.119787
0.119861
0.120059
0.120382
0.121041
0.12162
0.123177
0.124069
0.124966
0.125577
0.126028
0.126386
0.12677
0.127119
0.127246
0.127333
0.127451
0.127507
0.127468
0.127347
0.126792
0.126554
0.126453
0.126427
0.126591
0.126756
0.126932
0.12723
0.127798
0.128252
0.128658
0.129035
0.129428
0.129654
0.129704
0.129749
0.129867
0.129978
0.130024
0.130122
0.130335
0.130462
0.13056
0.130537
0.130532
0.13052
0.130481
0.13026
0.130017
0.129472
0.128613
0.128011
0.127395
0.126546
0.125495
0.125014
0.12425
0.122554
0.121752
0.121163
0.120633
0.120155
0.119791
0.119684
0.119624
0.11975
0.119899
0.119992
0.120046
0.120061
0.119832
0.119563
0.1193
0.118753
0.118391
0.118075
0.117813
0.117509
0.117078
0.116799
0.116595
0.116381
0.116208
0.116229
0.116356
0.116461
0.116522
0.116658
0.117181
0.117528
0.117938
0.118125
0.118237
0.118256
0.118221
0.118168
0.117941
0.117627
0.117231
0.116842
0.116363
0.115791
0.11541
0.11468
0.114395
0.113469
0.113469
0.113505
0.113549
0.113556
0.113541
0.113464
0.113454
0.113513
0.113455
0.113241
0.113043
0.112737
0.112242
0.111624
0.111216
0.11079
0.110274
0.109949
0.109617
0.109195
0.10856
0.107691
0.107098
0.106309
0.105318
0.104606
0.103871
0.102187
0.101823
0.100275
0.0991389
0.0979833
0.0968236
0.0958629
0.0947319
0.0934284
0.092644
0.0918727
0.0911553
0.0902995
0.089245
0.0884459
0.0875779
0.0854024
0.0852024
0.0838944
0.0834212
0.0831207
0.0829245
0.082865
0.0828031
0.0826703
0.0824584
0.0822155
0.081728
0.0812944
0.0801364
0.0793152
0.0784672
0.0776788
0.0769155
0.0761471
0.0753209
0.0746968
0.0739585
0.0730204
0.0723285
0.0716492
0.0709505
0.0700842
0.0692123
0.0687449
0.068362
0.0679184
0.0671232
0.0667103
0.0662331
0.0655866
0.0649426
0.0640568
0.0628353
0.0619165
0.0607297
0.0591499
0.0580023
0.0568617
0.055762
0.054569
0.0534042
0.0528281
0.0524534
0.0521295
0.0522227
0.0526292
0.0532194
0.0541793
0.0549603
0.0557126
0.0563909
0.0571347
0.0579735
0.0585133
0.0589941
0.0596714
0.0598461
0.0598849
0.0598673
0.0597611
0.0594428
0.0589345
0.058217
0.0577333
0.0572198
0.0566967
0.0560295
0.0550989
0.0534987
0.0524757
0.0514791
0.0509288
0.0505449
0.0503561
0.050285
0.0504176
0.0506051
0.0507969
0.050907
0.0508836
0.0508535
0.0508279
0.0506493
0.0502752
0.0500193
0.0494175
0.0488729
0.0482951
0.0478831
0.0473977
0.0468209
0.046531
0.046307
0.0460981
0.0457603
0.0453131
0.044994
0.0446582
0.0438182
0.0434038
0.0430423
0.0428441
0.0427845
0.0429288
0.0432433
0.043554
0.0439416
0.0443543
0.0449617
0.0456555
0.0466225
0.0472951
0.0481792
0.0492034
0.0495921
0.0495412
0.0484779
0.0481299
0.0472969
0.0447696
0.0441179
0.0415369
0.040323
0.0391545
0.0376732
0.0359225
0.0348349
0.0337885
0.0325584
0.0315238
0.0304923
0.0297978
0.0289486
0.0281537
0.0270857
0.0264315
0.0242546
0.0230165
0.0223905
0.0218414
0.021312
0.0209216
0.0206931
0.0203227
0.0198408
0.0195718
0.0193608
0.0190856
0.0186522
0.0183547
0.0177831
0.0172188
0.0165361
0.016013
0.0154922
0.0149256
0.0142886
0.013825
0.0127854
0.0122415
0.0118044
0.0115272
0.0112916
0.011006
0.0107779
0.0107836
0.0108762
0.0110769
0.0114303
0.0116921
0.012057
0.0122657
0.0124647
0.0125558
0.0125814
0.0125205
0.0123729
0.0121448
0.0119223
0.0116748
0.0113997
0.0112601
0.0112563
0.0112573
0.0113218
0.0115244
0.0116494
0.0119483
0.012144
0.0122496
0.0123237
0.0123171
0.01224
0.0121913
0.0121362
0.0121257
0.0122053
0.0122977
0.0124172
0.0126401
0.0126674
0.0127333
0.0126319
0.0123851
0.0118536
0.0113945
0.0109364
0.010483
0.00989932
0.00914589
0.00867032
0.00824074
0.00746988
0.0073345
0.00672726
0.00638077
0.00592924
0.0052895
0.00487475
0.00442938
0.00400789
0.00351175
0.00294225
0.00261617
0.00238848
0.00222124
0.00220766
0.0023159
0.00249746
0.00251524
0.00248827
0.00252784
0.00268489
0.00292698
0.00328144
0.00367715
0.00380654
0.00390354
0.00410868
0.00436298
0.00473071
0.00516381
0.00548984
0.00584596
0.00632852
0.00676072
0.00749701
0.00845153
0.00898162
0.0100438
0.0114392
0.012438
0.0135076
0.0148669
0.0164741
0.017557
0.0185874
0.0206364
0.0210731
0.0226351
0.0235897
0.0244752
0.0254193
0.0262584
0.0272878
0.0284464
0.0291565
0.0297481
0.0304097
0.0311433
0.0315505
0.0319077
0.0322235
0.0324232
0.0327449
0.032936
0.0331308
0.0333596
0.0336914
0.0340072
0.0341171
0.0341627
0.0341908
0.0342258
0.0343753
0.0345115
0.0347059
0.035494
0.0359828
0.0363841
0.0366997
0.0371174
0.0375132
0.0376879
0.0378575
0.0380132
0.0382837
0.0389322
0.0394929
0.0401017
0.042101
0.0423509
0.0447112
0.0462709
0.0480528
0.0491322
0.0501664
0.0512039
0.0521973
0.0532559
0.0542893
0.0548069
0.0564851
0.0574796
0.0583639
0.0594553
0.0607944
0.0617045
0.0626267
0.0637639
0.0651027
0.0659042
0.0665823
0.0672926
