0
0
0
0
0
0
0
0
0
0
0
0
0
0
0
0
0
0
0
0
0
0
0
0
0
0
0
0
0
0
0
0
0
0
0
0
0
0
0
0
0
0
0
0
0
0
0
0
0
0
0
0
0
0
0
0
0
0
0
0
0
0
0
0
0
0
0
0
0
0
0
0
0
0
0
0
0
0
0
0
0
0
0
0
0
0
0
0
0
0
0
0
0
0
0
0
0
0
0
0
0
0
0
0
0
0
0
0
0
0
0
0
0
0
0
0
0
0
0
0
0
0
0
0
0
0
0
0
0
0
0
0
0
0
0
0
0
0
0
0
0
0
0
0
nan
nan
nan
nan
nan
nan
nan
nan
nan
nan
nan
nan
nan
nan
nan
nan
nan
nan
nan
nan
nan
nan
nan
nan
nan
nan
nan
nan
nan
nan
nan
nan
nan
nan
nan
nan
nan
nan
nan
nan
nan
nan
nan
nan
nan
nan
nan
nan
nan
nan
nan
nan
nan
nan
nan
nan
nan
nan
nan
nan
nan
nan
nan
nan
nan
nan
nan
nan
nan
nan
nan
nan
nan
nan
nan
nan
nan
nan
nan
nan
nan
nan
nan
nan
nan
nan
nan
nan
nan
nan
nan
nan
nan
nan
nan
nan
nan
nan
nan
nan
nan
0.0311938
0.0315078
0.0316809
0.031662
0.0311123
0.0297834
0.0287885
0.0276224
0.0259103
0.0237482
0.0226051
0.0195855
0.0182932
0.0170396
0.0162431
0.0154963
0.0145199
0.0135032
0.0134017
0.0129874
0.0127145
0.0123928
0.0125125
0.0126694
0.0127162
0.0125206
0.0124876
0.0123442
0.0106527
0.0100867
0.0095136
0.00912427
0.00832908
0.0070005
0.00633983
0.00574357
0.00527788
0.00466378
0.00404597
0.00394822
0.0039186
0.00321734
0.00312822
0.00294734
0.00281243
0.00250006
0.00209656
0.00207602
0.00188435
0.0016189
0.00165702
0.00164407
0.00148919
0.00156806
0.00158447
0.00137441
0.00114798
0.00109394
0.000628947
0.00116041
0.000551892
0.000560299
0.000685677
0.358719
0.000744758
0.001355
0.00313459
0.00570021
0.0081035
0.00930887
0.0106174
0.0114544
0.0118356
0.0120633
0.0121547
0.0120706
0.0120025
0.0118261
0.0104298
0.00944293
0.00827308
0.00736589
0.00643188
0.00555177
0.00443227
0.00303298
0.00228826
0.00163076
0.00025463
0.00152833
0.00230888
0.00307786
0.0040888
0.0051496
0.00556823
0.00580465
0.00591419
0.00603499
0.00610164
0.00634803
0.00637209
0.00641549
0.00664813
0.00709132
0.00722285
0.00821583
0.365782
0.00913666
0.00894027
0.00762719
0.00526073
0.00315432
0.00209686
0.0013586
0.000908866
0.00124903
0.00422169
0.00379749
0.0038482
0.00395162
0.00424733
0.00471592
0.00502375
0.00629556
0.00684988
0.00666316
0.00778397
0.00820009
0.0085781
0.00853919
0.00843263
0.00824295
0.00802947
0.00785953
0.00783898
0.00778811
0.00830538
0.00852897
0.00828416
0.00896669
0.00923971
0.00935772
0.00904067
0.00840724
0.00752963
0.00655219
0.00578485
0.00494421
0.0038136
0.00235944
0.00145237
0.00021902
0.00113315
0.00209453
0.00303082
0.00477034
0.00518104
0.00608765
0.00657642
0.00695764
0.00721469
0.00731933
0.00724273
0.00692281
0.00625144
0.00601655
0.00543524
0.00466788
0.00437637
0.00293603
0.00291912
0.00261463
0.00290908
0.00340942
0.00383015
0.00434686
0.00492209
0.00536861
0.00582505
0.00630366
0.00663977
0.00678747
0.00684674
0.00678428
0.00663938
0.00599852
0.00606124
0.0061839
0.00628603
0.00634196
0.00648381
0.00682093
0.00722694
0.00905304
0.00928545
0.0104536
0.0119583
0.0130446
0.0141421
0.0153772
0.016307
0.0171508
0.0189016
0.0197462
0.0203909
0.0210897
0.0219293
0.0226566
0.0233707
0.0242145
0.0252466
0.0259677
0.0266688
0.0273823
0.0282503
0.0292323
0.0302922
0.0307809
0.0311925
0.0315837
0.0319198
0.0322882
0.0328357
0.0335909
0.0342428
0.0349158
0.0356559
0.0362532
0.0364463
0.0364848
0.0363168
0.0362437
0.0361014
0.0382361
0.0382835
0.0382142
0.0383248
0.0383649
0.0384256
0.038498
0.0384294
0.0379588
0.0375371
0.0370951
0.0364584
0.0356223
0.0350952
0.0343105
0.0333122
0.0326809
0.0320088
0.0310235
0.0296077
0.0276065
0.0263724
0.0250721
0.0240382
0.0225487
0.0204689
0.0191534
0.017505
0.0155657
0.0145204
0.0136061
0.012813
0.0118458
0.0107764
0.0101975
0.00965546
0.00904386
0.00837451
0.00849573
0.00842142
0.00772105
0.00727646
0.00649879
0.00587766
0.00513165
0.00397353
0.00245251
0.00156047
0.000792469
8.15558e-05
0.00073436
0.0010561
0.00129631
0.00230044
0.00288284
0.00345754
0.00416281
0.00534476
0.00692476
0.00784164
0.00875609
0.00966713
0.0105237
0.0129166
0.0138784
0.014493
0.0150908
0.0159649
0.0169957
0.0173941
0.0176633
0.0179738
0.0183106
0.0184583
0.018636
0.0197896
0.0205984
0.0214943
0.0221904
0.022814
0.0232663
0.0237368
0.0241488
0.0241281
0.0243329
0.024052
0.0237295
0.0232936
0.0231167
0.0231546
0.0233239
0.0236384
0.0241932
0.0250056
0.0254309
0.0258755
0.0264956
0.0272991
0.0276797
0.0279535
0.0284856
0.028307
0.0281745
0.0281074
0.0279274
0.0278017
0.0276926
0.0274988
0.0273538
0.427333
0.427242
0.426995
0.425608
0.420844
0.41619
0.410626
0.402761
0.392538
0.385578
0.37705
0.36738
0.361288
0.34979
0.343035
0.335231
0.0703976
0.0752839
0.0810761
0.0858522
0.0873081
0.087711
0.0866398
0.0853192
0.0837671
0.0821985
0.0803981
0.0777998
0.0773008
0.0756421
0.0749061
0.0744745
0.0742871
0.0741777
0.0740638
0.0737766
0.0733273
0.073122
0.0730051
0.07295
0.073028
0.0733909
0.0737118
0.0743893
0.0751826
0.0761266
0.0767265
0.0774134
0.078036
0.0784119
0.0786828
0.0788959
0.0790437
0.0790185
0.0789935
0.078999
0.0790644
0.079105
0.0790343
0.0789592
0.0787948
0.0786576
0.078627
0.0785415
0.0784633
0.0784034
0.0782961
0.0782916
0.0782532
0.0781124
0.077991
0.0775091
0.077123
0.0766612
0.0777331
0.0775449
0.0774615
0.0773188
0.0772675
0.0772438
0.0771459
0.0769537
0.0766229
0.0763885
0.07612
0.0758643
0.0757049
0.0755321
0.0753011
0.074854
0.0741088
0.0749186
0.0742387
0.0720477
0.0712743
0.0706495
0.0699967
0.0694423
0.0691986
0.0689483
0.0686398
0.0680252
0.0670538
0.0663491
0.0645946
0.0635353
0.0622387
0.0616062
0.0605053
0.0591584
0.058296
0.0575109
0.0568167
0.055986
0.0551101
0.0539572
0.0532189
0.0514501
0.0503748
0.049169
0.0484224
0.0476632
0.0467228
0.0456965
0.0450688
0.0444625
0.0438706
0.0430557
0.0419948
0.0406644
0.040116
0.0398617
0.0397735
0.0397536
0.0397982
0.381949
0.382445
0.382863
0.382174
0.379392
0.375923
0.370532
0.36304
0.357718
0.352268
0.345415
0.333812
0.33259
0.323251
0.317937
0.312138
0.308511
0.118839
0.122226
0.126261
0.129289
0.129402
0.128156
0.125075
0.122363
0.116118
0.112109
0.108376
0.104384
0.101954
0.0997181
0.097249
0.0946177
0.0930351
0.0916437
0.0900333
0.0881413
0.0868847
0.0856996
0.0833119
0.0821885
0.0811842
0.0810347
0.0797338
0.0790363
0.0782587
0.0776664
0.0770542
0.351778
0.0752665
0.0745931
0.0748001
0.0760361
0.0771259
0.0777454
0.0775017
0.0770119
0.0762301
0.0749413
0.0731874
0.0720614
0.0709286
0.069484
0.0678604
0.0670102
0.0662845
0.0655369
0.0648694
0.064563
0.0640968
0.0641248
0.0642064
0.064344
0.064477
0.0647137
0.0650276
0.0653771
0.0657255
0.0661102
0.0663449
0.0665553
0.0668292
0.0671953
0.067483
0.067754
0.0679377
0.0679699
0.0679058
0.0676918
0.0673004
0.0670038
0.0661917
0.374644
0.37473
0.375055
0.373219
0.369064
0.362081
0.356577
0.350586
0.342721
0.333195
0.326949
0.320893
0.315098
0.308312
0.30083
0.291795
0.15672
0.162085
0.167924
0.169965
0.170483
0.169493
0.16733
0.164047
0.161644
0.159301
0.156535
0.153512
0.151738
0.149785
0.147621
0.146183
0.144689
0.141315
0.139577
0.138063
0.137066
0.136067
0.135052
0.134397
0.13369
0.132851
0.132338
0.131434
0.130419
0.129825
0.129289
0.128744
0.128158
0.127768
0.127424
0.126691
0.126501
0.126219
0.125766
0.125611
0.125422
0.125155
0.124711
0.124156
0.123842
0.123509
0.123169
0.122669
0.12187
0.121418
0.120741
0.120084
0.119597
0.11906
0.117451
0.116643
0.116007
0.115088
0.113819
0.112799
0.111602
0.110309
0.10894
0.107122
0.104756
0.103117
0.101072
0.0987067
0.095285
0.0953136
0.0931309
0.0901689
0.0883661
0.0866459
0.0853855
0.0842711
0.0830085
0.0816594
0.0808912
0.0801606
0.0791327
0.0777853
0.0768693
0.0758948
0.0745905
0.0729539
0.0706075
0.0691613
0.06794
0.0664338
0.0648022
0.0638802
0.0627679
0.0614709
0.0606532
0.0596187
0.0582583
0.0574019
0.0565599
0.0556456
0.0544834
0.0530856
0.0521515
0.0511152
0.0496562
0.0476608
0.044686
0.0427532
0.0409037
0.0395719
0.0380207
0.0363623
0.0355102
0.0348336
0.0343457
0.0339579
0.033703
0.0336836
0.0337412
0.0337632
0.0336418
0.0329651
0.0325657
0.0321808
0.0317663
0.031206
0.0309157
0.0302292
0.0292389
0.0285245
0.0278148
0.0269388
0.0259494
0.0254851
0.0248683
0.0249288
0.0252004
0.0254911
0.0257274
0.0258878
0.0259094
0.025901
0.0258524
0.0256648
0.0252616
0.0245529
0.0242374
0.0235727
0.0227258
0.0221643
0.0208058
0.0200524
0.0191355
0.0184295
0.0177255
0.0168499
0.0158163
0.0153357
0.0145082
0.01367
0.0132227
0.0127517
0.0113307
0.0105455
0.00981633
0.00927163
0.00866618
0.00808561
0.00783173
0.00753661
0.00706897
0.0064224
0.00593831
0.00526088
0.00437866
0.00402177
0.00329437
0.00245182
0.00197758
0.00152008
0.00100453
0.000529964
0.000348904
0.000760282
0.00136759
0.001918
0.00233383
0.00258445
0.00278628
0.00289689
0.00278753
0.00259354
0.0024915
0.00251095
0.00253673
0.00257198
0.0026204
0.0027909
0.00309246
0.00364233
0.00398632
0.00474552
0.00490958
0.0050676
0.00518678
0.00524624
0.00526516
0.00527242
0.00517774
0.00510525
0.00504351
0.00490845
0.00474259
0.00460758
0.00450562
0.00431836
0.00417699
0.00410077
0.0041156
0.00406499
0.003946
0.00371067
0.00330445
0.00268336
0.00187739
0.00130686
0.00066061
0.000138952
0.000358403
0.000774109
0.00101848
0.00109612
0.00108639
0.00103045
0.000895263
0.000596911
6.08811e-05
0.000390259
0.00166794
0.00259726
0.00362921
0.00443282
0.00517515
0.00594973
0.00657756
0.0068711
0.00719969
0.0076699
0.00799525
0.00819646
0.00825462
0.00845461
0.0085376
0.00879316
0.0091415
0.00955174
0.0101324
0.0107418
0.0110526
0.0113383
0.0117235
0.0122568
0.0127205
0.0132443
0.0137395
0.0149599
0.0156322
0.0162932
0.0168665
0.0183521
0.0200104
0.0217652
0.0231842
0.02465
0.0261934
0.0279398
0.0297777
0.0311909
0.033328
0.0348508
0.0367423
0.0386617
0.0408688
0.0426659
0.0445634
0.0468723
0.0494337
0.0512052
0.052833
0.0545374
0.578245
0.0570814
0.0584814
0.0577877
0.0563846
0.0553312
0.0548611
0.0546032
0.0543408
0.0543108
0.05472
0.0552257
0.0558238
0.0563974
0.0561466
0.055817
0.0555586
0.0554772
0.0554965
0.0554932
0.0556525
0.0558818
0.0558756
0.055772
0.0556355
0.0553909
0.0548405
0.0552439
0.0553467
0.0554633
0.0556048
0.0560673
0.0564883
0.0573249
0.0583983
0.059482
0.0607836
0.0622932
0.063633
0.0651861
0.0671163
0.0687269
0.0703639
0.0719021
0.0735559
0.0751944
0.0763811
0.0775149
0.0785754
0.0797008
0.080418
0.0810945
0.0817672
0.0824986
0.083237
0.0839488
0.0846489
0.0853439
0.0860234
0.0867865
0.0875252
0.0883116
0.0888973
0.0894834
0.0901482
0.0909079
0.0915741
0.0927215
0.0937792
0.094998
0.0959386
0.096799
0.0974723
0.0978338
0.0980943
0.0981648
0.098117
0.0972692
0.0975906
0.0976378
0.0970265
0.0969072
0.0968457
0.0965287
0.0960705
0.0954145
0.0944008
0.0939643
0.093535
0.0931789
0.0926505
0.092221
0.0917868
0.0911878
0.091034
0.0909649
0.0901815
0.0899825
0.0897864
0.0897445
0.089662
0.0892485
0.0880238
0.0866107
0.0857252
0.0848972
0.0841954
0.0835455
0.0828469
0.0822949
0.0815757
0.0807455
0.0801595
0.0789593
0.0781681
0.0774781
0.0771091
0.0767471
0.0762313
0.0755856
0.0750893
0.0746065
0.074067
0.0734491
0.0730622
0.0727637
0.0723748
0.0720675
0.0718208
0.0716946
0.0716219
0.0716738
0.071927
0.0720689
0.0722287
0.072423
0.0730713
0.0734609
0.0739139
0.0741848
0.0744977
0.0749223
0.0752241
0.0754715
0.0757671
0.0760225
0.0760284
0.0758788
0.0756506
0.0751
0.0747405
0.0745493
0.0740909
0.073898
0.0738143
0.0737878
0.0738316
0.073879
0.0740245
0.074444
0.0747947
0.0751819
0.0757861
0.0766343
0.591477
0.0785416
0.0788383
0.0763838
0.0737552
0.0711403
0.0681301
0.0651303
0.0634129
0.0618446
0.0604369
0.0589095
0.057067
0.056723
0.0562621
0.0557628
0.0555676
0.0553105
0.0550566
0.0548325
0.054656
0.0546676
0.0546463
0.054613
0.0544385
0.0541276
0.053851
0.0536403
0.053377
0.0530292
0.0524716
0.0519018
0.051266
0.0505213
0.0495972
0.0490138
0.0481176
0.0472279
0.0461815
0.045505
0.0448726
0.0436955
0.0430845
0.0425742
0.0422837
0.0420949
0.0420769
0.0424686
0.0428429
0.0432784
0.0439436
0.044627
0.045502
0.0460106
0.0464446
0.0470274
0.0468643
0.0465028
0.0460642
0.0454419
0.0446804
0.0442016
0.0434818
0.0427466
0.0419526
0.0414308
0.0410214
0.0406298
0.0402458
0.0400053
0.0398591
0.0398188
0.0399553
0.0402396
0.0403747
0.0404645
0.0405785
0.0407269
0.0409276
0.0411431
0.0411716
0.0411604
0.0409218
0.0406191
0.0402698
0.0398485
0.0393282
0.0388707
0.0385501
0.0382938
0.0379952
0.0377803
0.0376283
0.0371948
0.0368519
0.0365106
0.0361136
0.0355567
0.0351568
0.0347525
0.0344175
0.0341714
0.0341067
0.0341013
0.0340875
0.0341688
0.0340874
0.0339955
0.033939
0.033833
0.0336847
0.0336933
0.0336979
0.0336874
0.0337287
0.0338038
0.0339351
0.587925
0.588222
0.588559
0.587566
0.583175
0.578886
0.572519
0.563956
0.55792
0.55169
0.545431
0.531534
0.524112
0.522657
0.511412
0.504825
0.497233
0.0652894
0.071773
0.0791723
0.0825784
0.0841959
0.0842458
0.0827786
0.0798461
0.077502
0.0750753
0.0720257
0.0685449
0.0663716
0.0627419
0.060957
0.0595713
0.0581432
0.0574855
0.0562946
0.0548276
0.0538071
0.0526667
0.051006
0.048793
0.0476809
0.0458388
0.0437064
0.0423712
0.0397869
0.038231
0.036495
0.0356533
0.034223
0.0328793
0.0313445
0.0304152
0.0292686
0.027985
0.0274192
0.0265159
0.0254313
0.0247352
0.024065
0.0220346
0.0215989
0.0206824
0.0187301
0.017084
0.0160285
0.0146787
0.0131928
0.012261
0.0112993
0.0102416
0.00881957
0.00678569
0.00537393
0.0039966
0.00137272
0.000337764
0.000217263
0.00121676
0.00204268
0.0030922
0.00375037
0.00451327
0.00529366
0.588094
0.00726114
0.00838042
0.00823442
0.00377053
0.00136502
0.000761401
0.00227097
0.00391216
0.00545984
0.00628434
0.00692258
0.00736653
0.00735383
0.0071057
0.00643325
0.00508046
0.00386282
0.00239875
0.000761208
0.00267123
0.00477011
0.00739962
0.00906317
0.0107262
0.0127951
0.0151142
0.0164487
0.0177065
0.0191387
0.0205781
0.0213913
0.0220797
0.0227679
0.0233281
0.0238868
0.0242281
0.0253347
0.0259408
0.0270315
0.0278406
0.0288791
0.0300091
0.0304831
0.0312279
0.0321184
0.032694
0.033354
0.0341973
0.0350264
0.0359861
0.0365046
0.0370886
0.0378445
0.0383087
0.0387114
0.0391801
0.0397018
0.040523
0.0407948
0.0410773
0.0412632
0.0413039
0.0414572
0.041793
0.0420967
0.0424321
0.0428614
0.043706
0.0449308
0.0457433
0.0465186
0.0472809
0.0494875
0.0507087
0.0516525
0.0526406
0.0539796
0.0556272
0.0565961
0.0574612
0.0582431
0.0592283
0.0602269
0.0608317
0.0621524
0.0628652
0.0636309
0.0641223
0.064891
0.0658385
0.0664961
0.0673266
0.0682084
0.0686147
0.0688198
0.0689512
0.0689078
0.0686763
0.0683986
0.0680627
0.0675619
0.0669047
0.0664427
0.065352
0.0649686
0.0641276
0.0618506
0.0603127
0.0586136
0.0571791
0.0554012
0.0533474
0.052036
0.0507281
0.0491877
0.0474225
0.046286
0.0452105
0.0441586
0.0428359
0.0412164
0.0401262
0.0379412
0.0365523
0.0352322
0.0334202
0.0320114
0.0301845
0.0279922
0.02643
0.0248113
0.0227901
0.0204925
0.0190517
0.0177608
0.0165545
0.0142547
0.0137813
0.0121586
0.0111235
0.64379
0.00922008
0.00825202
0.00704128
0.00607922
0.00505663
0.00392796
0.00234304
0.000422227
0.000892877
0.00223933
0.0053116
0.00709289
0.00891015
0.010321
0.0116571
0.62533
0.0153882
0.0166116
0.0177721
0.0190901
0.0203843
0.021891
0.0229494
0.0240276
0.0251235
0.0278784
0.029247
0.0303276
0.61127
0.610563
0.610248
0.610061
0.609902
0.609775
0.609879
0.61
0.610224
0.610437
0.610572
0.610805
0.610849
0.610656
0.61046
0.0364576
0.0369958
0.037886
0.0391734
0.0400703
0.0409706
0.0421207
0.0433365
0.044701
0.0454636
0.0461026
0.0466123
0.0471568
0.0476909
0.0481002
0.0484523
0.0487178
0.048951
0.0490009
0.0489834
0.0489296
0.0487116
0.0484934
0.0482285
0.0476073
0.0474958
0.0471876
0.0462139
0.0455587
0.0447518
0.0438177
0.043058
0.613667
0.0415357
0.0408845
0.0405714
0.0401812
0.0396495
0.038973
0.0384953
0.0379353
0.0363635
0.0352719
0.0339779
0.0331144
0.0322881
0.0314668
0.0305461
0.0294772
0.0288352
0.0276211
0.0271039
0.0266744
0.0263141
0.0261006
0.0258691
0.0257901
0.0257324
0.0256525
0.0255332
0.0252999
0.0251873
0.0251129
0.0246549
0.0243932
0.0242549
0.024196
0.024241
0.0243107
0.0243793
0.0244494
0.0244417
0.0243731
0.0239457
0.0236041
0.0231883
0.0228358
0.0224149
0.0220553
0.0219961
0.0220028
0.0220915
0.0222152
0.0221981
0.0219592
0.0214033
0.0203077
0.0194368
0.0185177
0.0175128
0.0165546
0.0156849
0.0153047
0.0150959
0.0149608
0.0148958
0.0148217
0.0145698
0.0142108
0.0140495
0.0139406
0.0138449
0.0137188
0.0137636
0.013967
0.0142905
0.0146806
0.0151619
0.0154636
0.0157014
0.0158114
0.0158136
0.0158202
0.0158924
0.0159848
0.0159863
0.0159472
0.015942
0.0161017
0.0162569
0.0167692
0.0168509
0.0170243
0.0173532
0.0176332
0.018137
0.018652
0.019286
0.0196182
0.0199429
0.0204352
0.0211863
0.0217712
0.0223178
0.0233618
0.024003
0.0247633
0.025323
0.0259419
0.0268224
0.0277565
0.02883
0.0292741
0.029838
0.659463
0.0305223
0.0308072
0.0311854
0.0317456
0.0322182
0.0330342
0.0335598
0.0342062
0.0346301
0.0350595
0.0355086
0.0360989
0.0368625
0.0374935
0.038351
0.0393286
0.0399763
0.0406386
0.0415344
0.0424991
0.0437249
0.0444953
0.0452789
0.0459115
0.0463423
0.046349
0.0463596
0.046018
0.0458088
0.045759
0.0457929
0.0458859
0.046112
0.0462109
0.0464206
0.0467975
0.0470783
0.0474175
0.0478594
0.0483114
0.655735
0.0489142
0.0492433
0.0498192
0.0500607
0.0500607
0.0500607
0.0500607
0.0500607
0.0500607
0.0500607
0.0500607
0.0500607
0.0500607
0.0500607
0.0500607
0.0500607
0.0500607
0.0500607
0.0500607
0.0500607
0.0500607
0.0500607
0.0500607
0.0500607
0.0500607
0.0500607
0.0500607
0.0500607
0.0500607
0.0500607
0.0500607
0.0500607
0.0500607
0.0500607
0.0500607
0.0500607
0.0500607
0.0500607
0.0500607
0.0500607
0.0500607
0.0500607
0.0500607
0.0500607
0.0500607
0.0500607
0.0500607
0.0500607
0.0500607
0.0500607
0.0500607
0.0500607
0.0500607
0.0500607
0.0500607
0.0500607
0.0500607
0.0500607
0.0500607
0.0500607
0.0500607
0.0500607
0.0500607
0.0500607
0.0500607
0.0500607
0.0500607
0.0500607
0.0500607
0.0500607
0.0500607
0.0500607
0.0500607
0.0500607
0.0500607
0.0500607
0.0500607
0.0500607
0.0500607
0.0500607
0.0500607
0.0500607
0.0500607
0.0500607
0.0500607
0.0500607
0.0500607
0.0500607
0.0500607
0.0500607
0.0500607
0.0500607
0.0500607
0.0500607
0.0500607
0.0500607
0.0500607
0.0500607
0.0500607
0.0500607
0.0500607
0.0500607
0.0500607
0.0500607
0.0500607
0.0500607
0.0500607
0.0500607
0.0500607
0.0500607
0.0500607
0.0500607
0.0500607
0.0500607
0.0500607
0.0500607
0.0500607
0.0500607
0.0500607
0.0500607
0.0500607
0.0500607
0.0500607
0.0500607
0.0500607
0.0500607
0.0500607
0.0500607
0.0500607
0.0500607
0.0500607
0.0500607
0.0500607
0.0500607
0.0500607
0.0500607
0.0500607
0.0500607
0.0500607
0.0500607
0.0500607
0.0500607
0.0500607
0.0500607
0.0500607
0.0500607
0.0500607
0.0500607
0.0500607
0.0500607
0.0500607
0.0500607
0.0500607
0.0500607
0.0500607
0.0500607
0.0500607
0.0500607
0.0500607
0.0500607
0.0500607
0.0500607
0.0500607
0.0500607
0.0500607
0.0500607
0.0500607
0.0500607
0.0500607
0.0500607
0.0500607
0.0500607
0.0500607
0.0500607
0.0500607
0.0500607
0.0500607
0.0500607
0.0500607
0.0500607
0.0500607
0.0500607
0.0500607
0.0500607
0.0500607
0.0500607
0.0500607
0.0500607
0.0500607
0.0500607
0.0500607
0.0500607
0.0500607
0.0500607
0.0500607
0.0500607
0.0500607
0.0500607
0.0500607
0.0500607
0.0500607
0.0500607
0.0500607
0.0500607
0.0500607
0.0500607
0.0500607
0.0500607
0.0500607
0.0500607
0.0500607
0.0500607
0.0500607
0.0500607
0.0500607
0.0500607
0.0500607
0.0500607
0.0500607
0.0500607
0.0500607
0.0500607
0.0500607
0.0500607
0.0500607
0.0500607
0.0500607
0.0500607
0.0500607
0.0500607
0.0500607
0.0500607
0.0500607
0.0500607
0.0500607
0.0500607
0.0500607
0.0500607
0.0500607
0.0500607
0.0500607
0.0500607
0.0500607
nan
nan
nan
nan
nan
nan
nan
nan
nan
nan
nan
nan
nan
nan
nan
nan
nan
nan
nan
nan
nan
nan
nan
nan
nan
nan
nan
nan
nan
nan
nan
nan
nan
nan
nan
nan
nan
nan
nan
nan
nan
nan
nan
nan
nan
nan
nan
nan
nan
nan
nan
nan
nan
nan
nan
nan
nan
nan
nan
nan
nan
nan
nan
nan
nan
nan
nan
nan
nan
nan
nan
nan
nan
nan
nan
nan
nan
nan
nan
nan
nan
nan
nan
nan
nan
nan
nan
nan
nan
nan
nan
nan
nan
nan
nan
nan
nan
nan
nan
nan
0.0449004
0.0449872
0.0447912
0.0450602
0.045325
0.044846
0.0441323
0.043353
0.0424421
0.0413305
0.0409952
0.0403443
0.0399617
0.0399401
0.0396906
0.0394602
0.0394287
0.0394942
0.039153
0.0388285
0.0385071
0.038303
0.0381332
0.0376563
0.0371579
0.0372537
0.0368784
0.0360534
0.0356071
0.0359206
0.0354169
0.0347622
0.0342001
0.0337195
0.0334567
0.0330782
0.0327521
0.0326766
0.0327197
0.0329416
0.0328546
0.0328697
0.0332384
0.0339477
0.0339055
0.0349996
0.0347502
0.0343069
0.033704
0.0329954
0.0322158
0.0314189
0.0306173
0.0298635
0.0290977
0.0283582
0.0276864
0.0270883
0.0266983
0.0266819
0.0274183
0.0327561
0.0383923
0.0442784
0.0494901
0.0546349
0.0595669
0.064196
0.068649
0.0729262
0.0769828
0.0810083
0.0850911
0.0893739
0.093343
0.0972862
0.0966862
0.0958985
0.0951044
0.0943777
0.0936454
0.0927499
0.09178
0.0907955
0.0898311
0.0889018
0.0879452
0.0907158
0.0935959
0.0963891
0.0992496
0.101895
0.104384
0.107054
0.109656
0.112098
0.114417
0.11694
0.119431
0.121855
0.123997
0.125839
0.127064
0.129148
0.131046
0.132881
0.134437
0.13633
0.138146
0.139875
0.141235
0.142283
0.143909
0.145481
0.141843
0.138998
0.13607
0.132794
0.130383
0.128082
0.125566
0.12295
0.121127
0.119396
0.117788
0.119676
0.121463
0.122755
0.124519
0.126963
0.127989
0.129658
0.131129
0.132864
0.134293
0.135291
0.136735
0.138153
0.139542
0.14066
0.141425
0.142585
0.143651
0.142658
0.143035
0.143764
0.143977
0.144063
0.144153
0.143976
0.144724
0.145283
0.145626
0.146741
0.147902
0.149079
0.149932
0.150429
0.151514
0.152301
0.152787
0.153771
0.154353
0.154551
0.155431
0.155993
0.155339
0.155848
0.156287
0.156668
0.156639
0.156153
0.156955
0.156931
0.156901
0.156431
0.154291
0.148802
0.141431
0.136505
0.131314
0.12594
0.12129
0.116734
0.111967
0.106943
0.102488
0.0980484
0.0936207
0.0888288
0.0834867
0.0788156
0.0747657
0.0719203
0.0686452
0.0662539
0.0638929
0.0612073
0.0582605
0.0561865
0.0541966
0.0522449
0.0499912
0.0473903
0.0453743
0.0409186
0.0380608
0.0351876
0.0328898
0.0302656
0.0273038
0.0252026
0.0231609
0.0207457
0.018258
0.0161077
0.016076
0.0157236
0.0163484
0.0170967
0.0177216
0.018552
0.0191075
0.0200779
0.0198309
0.0203015
0.0204096
0.0212158
0.019476
0.017335
0.0147194
0.0127983
0.0109601
0.00915748
0.00571521
0.00353191
0.00120661
0.000828292
0.00332232
0.006165
0.00805256
0.00984967
0.0115133
0.0132832
0.0151729
0.0165396
0.017883
0.0202823
0.0217556
0.022332
0.0248555
0.026677
0.0283672
0.0304053
0.0327445
0.0344184
0.0360108
0.0375561
0.0390098
0.0405823
0.042018
0.0433433
0.0447521
0.0457588
0.0469458
0.0483284
0.0494336
0.0515586
0.0530647
0.054872
0.0562526
0.0576809
0.05913
0.0608283
0.0626942
0.0638529
0.0648066
0.065681
0.0664651
0.0673233
0.0682438
0.0687482
0.0692243
0.0696339
0.0700889
0.0705377
0.0708193
0.071183
0.0715719
0.0718136
0.0719215
0.0718811
0.0717798
0.0718203
0.0718616
0.0719271
0.0721285
0.0724225
0.0728363
0.0733089
0.0739014
0.0743307
0.0746859
0.074793
0.0746982
0.0748093
0.0744136
0.0741385
0.0737808
0.0736225
0.0735641
0.0735921
0.0736305
0.0737231
0.0736554
0.0732433
0.0730264
0.0725378
0.0720839
0.071658
0.0714768
0.0711777
0.0709403
0.0709955
0.0711296
0.0713913
0.0719294
0.0727926
0.0735124
0.0742114
0.0754753
0.0761662
0.0767724
0.0772467
0.0776766
0.0781262
0.0783856
0.0785701
0.0786131
0.0785306
0.078427
0.0782643
0.0780979
0.0774762
0.0770324
0.0765303
0.0761451
0.0755423
0.074753
0.0743107
0.0736781
0.0729406
0.0725389
0.07215
0.0715557
0.070888
0.070564
0.0702943
0.0694695
0.069748
0.0708369
0.0717151
0.0726322
0.0737807
0.0750921
0.076037
0.0769814
0.0776422
0.0779421
0.0781394
0.0783297
0.078498
0.0787772
0.0791242
0.079625
0.0801468
0.0809079
0.0815537
0.0822462
0.0828789
0.0835161
0.0840266
0.0843234
0.0845813
0.084855
0.085035
0.0850227
0.0849277
0.08469
0.0844865
0.0842296
0.0842095
0.0841766
0.0841669
0.0841082
0.0840657
0.0841144
0.0841865
0.0843147
0.0844653
0.084553
0.0846891
0.0846774
0.084815
0.0850113
0.0850602
0.0850887
0.084881
0.0847717
0.0847363
0.0847027
0.0847138
0.0847414
0.0847291
0.0846939
0.0846264
0.0846503
0.0848068
0.0849025
0.0849113
0.0849275
0.0850055
0.0850331
0.084918
0.0846634
0.0844764
0.0842081
0.0838978
0.0835078
0.0831941
0.0829131
0.0829745
0.0829732
0.0828784
0.0829303
0.0830698
0.083242
0.0833874
0.0835008
0.083582
0.0836824
0.083771
0.0837424
0.0837529
0.0836846
0.0834245
0.0829831
0.0827613
0.0824052
0.0819195
0.0816565
0.0808125
0.0803256
0.0796478
0.0793065
0.0789888
0.0786165
0.0781461
0.0778418
0.0775032
0.0771985
0.0768261
0.0764109
0.0763982
0.0762297
0.0764014
0.07642
0.0764641
0.076213
0.0759143
0.0755594
0.0751501
0.0745844
0.0738292
0.0734382
0.07309
0.0728299
0.0723283
0.0724821
0.0721448
0.0720437
0.0719
0.0718872
0.0719701
0.0719701
0.0719445
0.0718401
0.0715371
0.0714552
0.0707379
0.0708612
0.0705084
0.070342
0.0699901
0.069677
0.0692911
0.0687686
0.0681609
0.0673169
0.066134
0.0653801
0.0644487
0.063502
0.0630335
0.0620981
0.0617729
0.0613704
0.0612407
0.0611239
0.0609667
0.0607846
0.0606808
0.0605739
0.0604862
0.0604168
0.0603563
0.0603984
0.0604522
0.0604659
0.0604824
0.0600145
0.0594486
0.0583025
0.057416
0.0564769
0.0551527
0.0534062
0.0521949
0.0509365
0.0493351
0.047608
0.046686
0.0458255
0.0449614
0.042541
0.042524
0.0419343
0.0411689
0.0413225
0.0417336
0.0422017
0.0427972
0.0434101
0.0440245
0.0447573
0.0456914
0.0462803
0.047195
0.0480865
0.04898
0.0495328
0.0500316
0.050467
0.0507614
0.0509586
0.0511123
0.0512154
0.0513877
0.0514489
0.0510056
0.0507691
0.0503564
0.0497491
0.0494957
0.0489844
0.0484494
0.0483134
0.0482083
0.0480347
0.0478515
0.0475177
0.0472295
0.0468565
0.0464187
0.0462329
0.0460556
0.0455226
0.0452809
0.0449036
0.044626
0.0443481
0.0441888
0.0439466
0.0438709
0.043766
0.0435825
0.0434607
0.0434475
0.0434716
0.0435218
0.0435108
0.0435444
0.0436347
0.0437432
0.043791
0.043905
0.0438035
0.0437434
0.0436273
0.0434414
0.04315
0.0425179
0.0414642
0.0407695
0.0399871
0.0388474
0.037428
0.0355699
0.0344686
0.0343948
0.032662
0.0320568
0.0313002
0.0302824
0.0295951
0.0288768
0.0280877
0.0270089
0.0258151
0.0251847
0.0240961
0.0236417
0.0232359
0.0231219
0.0230721
0.0231035
0.0230988
0.0230364
0.0228787
0.0226706
0.0222387
0.0214872
0.0210635
0.0200515
0.0195323
0.0190587
0.0189756
0.0189015
0.0186936
0.0185893
0.0185123
0.018385
0.0180842
0.0179751
0.0175706
0.0170186
0.016695
0.0162963
0.015185
0.0144933
0.0136997
0.0132957
0.012908
0.0124709
0.0121634
0.0121361
0.0121266
0.0120373
0.0119086
0.0119276
0.0120262
0.0121596
0.0123047
0.0124379
0.0125206
0.0126008
0.0125934
0.0123816
0.0121709
0.0119262
0.0116316
0.011162
0.0104422
0.00998998
0.00889937
0.00828536
0.007459
0.00699096
0.00648893
0.00581935
0.0049027
0.00447751
0.00361513
0.00271296
0.00156831
0.000874098
0.000127083
0.000659709
0.00287038
0.00290651
0.00413787
0.00466336
0.00537011
0.00588126
0.00655244
0.00728739
0.00818204
0.0092545
0.00999207
0.0108734
0.012174
0.0138785
0.0149816
0.0161127
0.0191731
0.0192839
0.0216521
0.0230271
0.0245621
0.025324
0.0259259
0.0264012
0.0269553
0.0275199
0.0276903
0.0277848
0.0282475
0.0285038
0.0289357
0.0291713
0.0294311
0.029923
0.030824
0.0314114
0.0320571
0.0329828
0.0341397
0.0348998
0.0356969
0.0368411
0.0383634
0.0393399
0.0417123
0.0429153
0.0429966
0.0450883
0.0460997
0.0472438
0.0479355
0.0488863
0.0502073
0.0511127
0.0522434
0.0533421
0.0545788
0.0551684
0.0556952
0.0564378
0.0573536
0.0576485
0.0582498
0.0589378
0.0593394
0.0598894
0.0605971
0.0610533
0.0615011
0.0620617
0.06282
0.0631243
0.0647632
0.0647601
0.065845
0.0662241
0.0665455
0.0665106
0.0662879
0.0657657
0.0649896
0.0644094
0.0639415
0.0635706
0.0633298
0.0631916
0.0630573
0.0629083
0.0629607
0.0628053
0.0626321
0.0624033
0.0623519
0.0623193
0.0626009
0.0631988
0.0635634
0.0639784
0.0645844
0.065294
0.0656043
0.065873
0.0661978
0.06649
0.0665938
0.0671431
0.0674748
0.0679713
0.0682401
0.0684797
0.0687303
0.0688024
0.0688311
0.0687549
0.0685888
0.0683357
0.0678896
0.0674944
0.0671113
0.0666512
0.0661573
0.0657695
0.0653891
0.0650579
0.065135
0.064995
0.0652499
0.0654758
0.0657806
0.0659869
0.0662074
0.0664734
0.0668846
0.0670318
0.0673948
0.0677391
0.0678479
0.0679828
0.0681954
0.0684827
0.0685591
0.0687311
0.0686819
0.0686758
0.0687188
0.0688987
0.0692761
0.0697194
0.0699049
0.070052
2.59899
0.070706
0.0712379
0.0707699
0.0689249
0.0656074
0.0646229
0.0640449
0.0635756
0.0632269
0.0631196
0.0631928
0.063604
0.0639407
0.0643752
0.0648593
0.0653379
0.066008
0.066706
0.0673889
0.067665
0.0681126
0.068282
0.0684578
0.0685308
0.0685644
0.0686149
0.0687368
0.0689001
0.0688809
0.0687234
0.0684845
0.0681185
2.59465
0.0677077
0.0673086
0.0651309
0.0622281
0.0608499
0.0595999
0.0587014
0.0582508
0.057846
0.057354
0.0569019
0.0563769
0.0559031
0.0554654
0.0550855
0.0546565
0.0540518
0.0531852
0.0525975
0.0519962
0.051337
0.0505362
0.0500773
0.049498
0.0489623
0.0483994
0.0480616
0.0477703
0.0475611
0.0474556
0.0473819
0.0480619
0.0478402
0.0473866
0.0467063
0.0462188
0.0458226
0.0453996
0.0447411
0.0442685
0.0434839
0.0425833
0.0419978
0.0412786
0.0409487
0.0407714
0.0406338
0.0404532
0.0400555
0.0396871
0.0393329
0.03892
0.0383504
0.0377235
0.0372791
0.0368647
0.0364739
0.035586
0.0352115
0.0348778
0.0347639
0.0347116
0.0347841
0.0350331
0.0352627
0.0355316
0.0357924
0.0359898
0.0360643
0.0359347
0.03554
0.0350914
0.0343463
0.033727
0.0330103
0.0323084
0.0319241
0.0315625
0.0313037
0.0311161
0.0309386
0.0307096
0.0304347
0.030143
0.0298911
0.0296
0.0292645
0.0289893
0.0286615
0.0280606
0.0278316
0.0275028
0.0271225
0.0267381
0.0265013
0.0259863
0.0255865
0.0253122
0.0251398
0.024999
0.0249166
0.0247836
0.0246773
0.0245876
0.0245442
0.0245943
0.0246879
0.0246813
0.0245193
0.0242393
0.0239617
0.0236297
0.0232406
0.0229394
0.0227319
0.0225819
0.0225053
0.0224876
0.0231408
0.0236999
0.0240359
0.0240509
0.0241367
0.0239047
0.0234288
0.0233014
0.0229243
0.0221621
0.0220377
0.0199401
0.0191745
0.0186544
0.0181704
0.0175503
0.0167367
0.0164118
0.0161349
0.0159685
0.0158075
0.0156928
0.0158257
0.0153642
0.0153842
0.0154652
0.0158313
0.0162868
0.016786
0.0172308
0.0174712
0.0177884
0.0181554
0.0185286
0.0189813
0.0196238
0.0207038
0.0217981
0.0229061
0.0241777
0.0255542
0.026681
0.0277989
0.0289997
0.0302453
0.0311485
0.031953
0.0327183
0.0335239
0.034362
0.0352497
0.0364744
0.0374005
0.0380594
0.0388841
0.0393648
0.0395394
0.0397867
0.0400562
0.0402824
0.0402168
0.0398384
0.0398446
0.0397809
0.0395885
0.0397298
0.0393848
0.0386532
0.0376417
0.0373098
0.0370561
0.0369911
0.0368435
0.0365164
0.0363861
0.0354728
0.0345538
0.0333868
0.0321918
0.0307602
0.0299703
0.0287555
0.0273945
0.0265511
0.0250635
0.0241783
0.0233072
0.022299
0.0215603
0.020704
0.0197203
0.019135
0.0186759
0.0182594
0.0176634
0.0168648
0.0163148
0.0158599
0.0152047
0.0148343
0.0146512
0.0146016
0.0145888
0.0145867
0.0146776
0.0146694
0.0146278
0.0144758
0.0142706
0.0139195
0.013444
0.0126223
0.0119005
0.0101502
0.00910776
0.00806154
0.00731254
0.00672472
0.00623127
0.00570238
0.00519903
0.0049372
0.00470674
0.00443287
0.00423804
0.0041381
0.00411918
0.0044707
0.00455983
0.00452294
0.00440176
0.00408089
0.00377985
0.00346633
0.00302266
0.00230069
0.00171344
0.00117456
0.000663716
0.000128504
0.000248479
0.000431104
0.000647366
0.000905989
0.00116533
0.00134035
0.00157697
0.00193725
0.00219254
0.00242699
0.00255203
0.00267589
0.00279364
0.00289414
0.00282339
0.00270025
0.00229702
0.00158959
0.00112092
0.000637945
6.69078e-05
0.000962082
0.00131834
0.00193628
0.00343282
0.0040875
0.0045396
0.00493304
0.00526551
0.00547446
0.00544722
0.0053633
0.00508355
0.00480051
0.00457318
0.00438625
0.00422928
0.00430823
0.00444541
0.00457525
0.00492835
0.00514503
0.00532466
0.00545163
0.00561059
0.00588691
0.00603135
0.00610089
0.0061706
0.00618931
0.00603424
0.00576197
0.00550134
0.00530727
0.00503879
0.00434527
0.00385692
0.00329639
0.00297897
0.00272592
0.00255497
0.00246938
0.0023803
0.00245617
0.0026394
0.00290485
0.00316486
0.00350602
0.00393179
0.00418486
0.00474185
0.00488939
0.00549884
0.00540692
0.00521738
0.00504042
0.00489989
0.00478197
0.00467467
0.00457291
0.00434221
0.00426024
0.00432469
0.00439434
0.00457137
0.00492898
0.00540101
0.00568126
0.00597134
0.00634154
0.00653852
0.00674308
0.00703604
0.00753349
0.00825518
0.0087177
0.00936612
0.010206
0.0107849
0.0113868
0.0128876
0.0131363
0.0145111
0.0155037
0.016515
0.0175309
0.0183566
0.0193441
0.0204959
0.0211454
0.021781
0.0223623
0.0230728
0.023972
0.0246322
0.02536
0.0273384
0.0274241
0.0285525
0.0288824
0.0290393
0.0290824
0.0289805
0.0288994
0.0288895
0.0289491
0.0290395
0.029365
0.0296549
0.0306306
0.0312983
0.0319931
0.032629
0.0332413
0.0338593
0.0345352
0.0350167
0.0356043
0.0363818
0.0369293
0.0374634
0.0380164
0.0387286
0.0394383
0.03976
0.0399971
0.0402849
0.0408865
0.0411408
0.0414588
0.0419447
0.0424379
0.0431631
0.0442141
0.0449814
0.0460078
0.0474177
0.0484121
0.0493993
0.0503457
0.0513773
0.0523727
0.0527966
0.0530193
0.0531602
0.0529083
0.0523444
0.0515984
0.0504772
0.0495505
0.0486539
0.0478323
0.0469386
0.0459438
0.0452624
0.0446405
0.0437876
0.043466
0.0432808
0.043159
0.043126
0.0432991
0.0436618
0.0442264
0.0445704
0.0449442
0.0453277
0.0458488
0.0466267
0.0480782
0.0489716
0.0498311
0.0502568
0.0505161
0.0505802
0.0505193
0.0502479
0.0499359
0.0496198
0.0493785
0.04927
0.0491603
0.0490589
0.0491031
0.0493346
0.0494631
0.049906
0.0503138
0.0507544
0.051037
0.0513851
0.0518173
0.0519781
0.0520731
0.0521539
0.0523548
0.0526567
0.0528461
0.0530526
0.0537255
0.0540044
0.0542311
0.0543015
0.0542259
0.0539465
0.0534894
0.053053
0.0525403
0.0520034
0.0512648
0.0504412
0.0493377
0.0485431
0.0475302
0.0463703
0.0458609
0.045791
0.0466945
0.0469367
0.0476486
0.0500152
0.0505588
0.052984
0.0540713
0.0551124
0.0564564
0.0580605
0.0590169
0.0599315
0.0610205
0.0619142
0.0627962
0.0633565
0.064062
0.0647124
0.065627
0.0661541
0.0681506
0.0692343
0.069722
0.0701322
0.0705129
0.0707444
0.0708282
0.0710429
0.071358
0.0714796
0.0715434
0.0716621
0.07193
0.0720907
0.0725056
0.0729116
0.0734246
0.0737982
0.0741695
0.0745762
0.0750422
0.0753551
0.0761908
0.0760956
0.0758943
0.0755446
0.0751541
0.0748031
0.0743838
0.0737528
0.0730356
0.0722009
0.071204
0.0703206
0.0692907
0.0684494
0.0680965
0.0678515
0.0676836
0.0676031
0.0675983
0.0676634
0.0677469
0.0678567
0.0679856
0.0679713
0.0678416
0.0677071
0.0674994
0.0671447
0.0668875
0.0664118
0.0660667
0.0658407
0.065626
0.0654813
0.0654268
0.0653442
0.0652575
0.0651169
0.0649072
0.0646865
0.0644397
0.0640439
0.0639087
0.0636811
0.063658
0.0637733
0.0641654
0.0645018
0.0648375
0.0651683
0.0656207
0.0662326
0.0665826
0.0668865
0.0674891
0.0675161
0.0679628
0.0681831
0.0684993
0.0689931
0.0692787
0.0695942
0.069886
0.0702434
0.0706663
0.070864
0.0709639
0.0709953
0.0708654
0.0706301
0.0702764
0.0701209
0.0700102
0.0698423
0.0695573
0.0691882
0.068698
0.0681593
0.0679049
0.0676497
0.0673125
0.0669275
0.0664271
0.0658622
0.0654135
0.0649277
0.0643089
0.0637566
0.0628942
0.0618069
0.0611659
0.0599786
0.0584511
0.0573359
0.0561509
0.0546715
0.0529375
0.0517435
0.0506028
0.0484051
0.0478751
0.0461755
0.0451084
0.0441122
0.0430591
0.0421189
0.0409823
0.0397101
0.0389016
0.0382134
0.0374494
0.0366077
0.0361057
0.0356538
0.035236
0.0349337
0.0344876
0.0341928
0.0338948
0.0335711
0.0331387
0.0327161
0.0325132
0.0323748
0.0322547
0.0321214
0.0318674
0.0316395
0.0313533
0.0304382
0.0298503
0.0293504
0.0289434
0.0284272
0.0279264
0.0276607
0.0274005
0.027154
0.0267856
0.026032
0.025381
0.0246767
0.0225412
0.0222195
0.0197415
0.0180863
0.0162042
0.0150381
0.0139179
0.0127948
0.0117158
0.0105647
0.00943193
0.00883577
0.00703617
0.0059496
0.00498055
0.00379742
0.00235935
0.0013665
0.000362894
0.000861224
0.00229235
0.00317119
0.00392565
0.00471924
