0.000821322
0.00103556
-0.00166762
-0.128921
-0.133765
-0.131978
-0.121627
-0.118457
-0.105515
-0.0750062
-0.0556151
-0.0306046
-0.0216287
-0.00993516
-0.00696577
-0.00696577
0.00576077
0.00903941
0.00465158
0.00330332
0.0157091
0.010343
0.0127756
0.0169665
0.0131466
0.0162747
0.0131356
0.0138423
0.00779259
0.00852632
0.0106948
0.0042699
0.00303468
0.0148499
0.0085942
0.0113842
0.0091597
0.00466621
0.00982737
0.00842155
0.0122499
0.016617
0.0204335
0.016438
0.00910576
0.010536
0.00742472
0.013291
0.0119007
0.00592366
0.00964073
0.00782736
0.00133277
0.00230841
0.00550623
0.00668345
0.00174456
0.00444145
0.00629981
0.0105397
0.0114026
0.0127056
0.0059289
0.0100609
0.0155019
0.0129115
0.0156471
0.0120127
0.0157746
0.0119475
0.00230331
0.00411035
0.00874449
0.0106247
0.00915346
-0.00474977
-0.0014441
0.00395381
0.00127389
0.00728927
0.0136718
0.00930826
0.00227333
0.00160138
0.00363084
0.000406153
0.00170985
0.0147017
0.01025
0.0117023
0.00597587
0.00625897
0.00913272
0.00560285
0.00713812
0.00981173
0.0129544
0.0123331
0.0131759
0.0151898
0.00787347
0.000408609
-0.00109867
0.0028767
0.00711416
0.00161103
-0.00290884
-0.00125372
0.00250255
0.0071334
0.0114211
0.00754312
0.00371397
0.00142288
-0.00411805
0.00126296
-0.000842506
0.00451059
-0.00168507
0.00218558
0.00701212
0.00508793
0.0082507
0.00477816
0.00641275
0.00238807
-0.0028428
-0.00283328
0.00158112
-0.00072544
0.00249944
-0.00339247
0.00123645
0.0076174
0.0123084
0.0102523
0.013226
0.00421825
0.00439135
0.00468347
-0.000164985
0.000823192
0.00265525
0.00570257
0.00106892
7.23548e-06
0.00297003
0.00419361
0.00591765
0.000985526
0.00440166
0.00836929
0.00193343
-0.00524578
-0.00494228
-0.00159927
-0.00180636
-0.00254306
-0.00362536
0.00264458
-0.00173934
0.00372821
0.00225786
0.00662088
0.000990056
0.00230998
-0.00204802
0.00270067
0.00222409
0.00494748
0.00546037
0.00141813
0.00143857
-0.00324803
-0.00184323
0.00124675
0.00187739
-0.00198814
-0.00340157
-9.65427e-05
0.00308636
0.000891738
0.00371037
0.00872889
0.00126755
0.0018519
0.00593489
0.00404786
0.000639185
0.00109151
0.00320671
0.000275491
0.00152059
0.00381645
0.0116685
0.00722997
0.00993023
0.0134005
0.00932393
0.00765222
0.00581535
0.00362202
0.00504326
0.00185507
-0.00222971
-0.00757858
-0.00584916
-0.00012133
-0.00248556
0.00223021
0.00809167
0.00192614
0.00118704
0.00125397
0.00520268
0.00864442
0.00623481
-0.00242392
-0.00446496
-0.00625965
-0.00555299
-0.00198385
-0.00329053
0.00215244
0.00681643
0.00119585
-0.00540158
-0.00259538
-0.0053348
-0.00609595
-0.00339793
-0.00556641
-0.00260668
0.000534978
-0.00244233
-0.00283808
-0.00392306
0.00164201
-0.000556021
8.75829e-05
-0.00300646
-0.00574312
0.0050177
0.00583233
0.00187176
0.00911224
0.008514
0.0124597
0.0180233
0.0186805
0.0162551
0.0111837
0.00554656
0.00118253
-0.00624636
-0.00590417
-0.00410064
0.000756343
-0.00546409
-0.00283505
-0.00504221
-0.00907143
-0.00549716
-0.00824
-0.00621227
-0.00422625
-0.00497649
-0.0019499
-0.00152423
0.0038114
0.00483905
0.00658032
0.00901837
-0.000390676
-0.00115923
0.00257081
0.00628049
0.00953934
-0.00147101
-0.00328304
-0.00866074
-0.00610806
-0.00699348
-0.00382528
-0.00454686
-0.00325151
-0.000872373
0.00312411
0.00658049
-0.000965608
-0.00319709
-0.00279932
-0.000496405
-0.00389496
-0.000704146
-0.00514959
0.000759479
-0.00279925
0.00399374
0.0042562
-0.000788063
-0.00141652
-0.00434045
0.000453061
0.000453061
-0.000239149
-0.00556692
-0.00802642
-0.00196339
-0.00350051
-0.0777917
-0.0220629
0.0184419
0.0166592
0.0208689
0.0198497
0.0146808
0.00932132
0.00432355
0.00450092
0.008338
0.00687307
0.00891068
0.0128399
0.00965735
0.00187195
0.00179161
-0.00379839
-0.00344277
-0.00101692
-0.00375778
-0.00442138
-0.00277969
0.00597857
0.00562782
-0.00112062
-0.0025032
-0.00796662
-0.0065522
-0.0113974
-0.00685124
-0.00647561
-0.00154205
0.00378165
-0.000143625
0.00172547
0.00401419
0.00208165
-1.57017e-05
0.00214987
-0.00118002
-0.00666668
-0.00794357
-0.0732223
-0.0435971
0.0200442
0.0262725
0.0199456
0.0184819
0.0166728
0.00902734
-0.00391431
-0.00391431
0.00409374
0.00337577
0.00176089
0.0075907
0.00470573
0.00309359
0.00238083
-6.21993e-05
-0.0059635
-0.00465706
-0.00998728
-0.00378287
-0.0053533
-0.00114117
-0.00101178
0.00404154
0.00401818
0.00456574
0.00376301
0.000403357
0.00307566
-0.00092673
-0.00826752
-0.0147145
-0.0180289
-0.00999213
0.000306449
-0.000119536
-0.00477087
-0.00792826
-0.0049492
-0.00039892
0.0029974
0.00119454
0.00191341
0.000697151
-0.00119272
0.005572
0.00883594
0.00395764
0.00347881
0.00360504
0.00790926
0.0109153
0.00709964
0.00798267
0.00195451
0.00192946
0.00203229
0.00532393
0.00541795
-0.0101379
-0.0140534
-0.00942997
-0.00755785
0.00192148
-0.00364446
-0.00187965
0.0018933
-0.00249377
0.000221643
0.00556529
0.00931243
0.00575539
0.00800459
0.00463913
-0.00191777
-0.00957283
-0.00418796
0.00215506
0.000507789
-0.00352534
-0.00827131
-0.00391882
0.00302062
-0.0100495
-0.0100495
-0.00451972
-0.000153915
-0.00102921
0.0038943
0.00499588
0.00395875
-0.000839673
0.00530788
0.00191703
0.00391685
-0.000619642
-0.00659079
0.000244055
-0.000365758
-0.00268786
0.00216353
0.00103905
-0.00156659
0.000274671
-1.2542e-05
0.00415138
0.00442026
0.00751669
0.00318031
-0.00309762
-0.00148104
-0.00582394
-0.0034559
-0.00550919
-0.000999836
0.00382535
0.0085104
0.0127709
0.00758004
0.00627956
0.0026437
-0.00196478
-0.00355605
0.00133617
0.000343238
-0.00408883
0.00245834
0.0019805
-0.000707872
0.00493105
0.0117453
0.00772547
0.00123849
0.00245831
0.000744509
0.00198881
0.00434569
-0.00018967
0.00280558
0.00252153
0.00569679
0.00598299
0.000365342
0.00428217
0.00353871
0.00192596
0.00568837
0.00916026
-0.00115271
-0.00276279
-0.00163511
-0.00971033
-0.00742477
-0.00764621
-0.00329172
-0.00439719
-0.000986505
-0.0021191
-0.0073051
-0.0110254
-0.00189604
0.00369543
0.00530965
0.001403
0.00522769
0.0109554
0.00773084
0.00845727
0.00319172
-0.00279261
-0.00794402
-0.00617693
-0.00947399
-0.00772563
-0.00460705
-0.00313521
0.00729933
0.0102431
0.00776044
0.0108583
0.00293974
-0.00289387
0.000119354
-0.00116075
-0.00357494
-0.00565382
-0.00306553
-0.0050474
-0.00161503
0.00235412
-0.00234156
-0.0104019
-0.00788849
-0.00451335
-0.00307758
0.00258863
0.00240736
0.00576335
0.0099886
0.00293909
0.0028475
-0.00435709
-0.0109503
-0.00764413
-0.00699808
-0.00520486
-0.0062473
-0.0079443
-0.00684779
-0.00347806
0.00863607
0.00740584
0.0119699
0.00972751
0.00362468
0.00355919
-0.00169171
0.00130982
-0.000674965
0.000287754
-0.00368462
-0.00673366
-0.00941098
-0.00325096
-0.00576535
-0.00300796
-0.00132137
0.00324301
-0.00143737
0.00167946
-0.000991999
-0.00597595
-0.00656064
-0.0102386
-0.0429586
-0.102394
-0.0713448
-0.0576497
-0.0408472
-0.0236577
-0.00410367
0.00907752
0.016266
0.0179055
0.0158986
0.0148996
0.00846767
0.00755954
0.0102274
0.0127456
0.0663093
0.085199
0.0673262
0.0502945
0.0293091
0.014922
0.00109609
-0.00596557
-0.0105666
-0.00492272
-0.00862036
-0.00803437
-0.0135851
-0.00776508
-0.00507673
0.000825057
0.00645598
0.00329261
-0.00551781
-0.00543754
-0.00363911
-0.00463521
-0.00391987
-0.0054293
-0.00858819
-0.00547465
-0.00207913
0.00462761
0.00112611
0.00690157
0.0022903
0.00682038
0.00372971
0.00498547
0.00717152
0.000769136
-0.0013416
-0.00209224
0.00185514
0.00586884
0.00141258
0.00315458
-0.00302781
-0.00173546
0.00399032
-0.00103995
-0.00190229
0.000954837
-0.00188796
-0.00147399
0.00284244
0.00168165
0.000476189
0.00682179
0.00401231
-0.00241642
-0.00868351
-0.00346012
0.00145497
-0.00433795
0.000566478
0.00633398
0.00177659
0.00333233
0.0019832
-0.00193786
-0.00297153
0.0026559
0.000857572
0.00357302
0.00683717
0.005234
0.00591901
0.00784587
0.00828888
-0.00379969
-0.00961323
-0.006929
-0.00888088
-0.00487277
-0.000186118
0.00474781
0.00876063
0.00769816
0.00530211
0.00510779
-0.00263715
-0.000770376
0.00495604
-0.000833849
0.000875303
5.29366e-06
-0.00510695
-0.00462914
-0.0026454
0.00364746
0.0025976
0.00222776
0.00476631
0.000129257
-0.00385911
-0.00122894
0.00153978
-0.0015254
-0.00498652
0.000741708
-0.00170649
-0.000144011
0.00201244
0.00171581
-0.00131562
-0.00850788
-0.00912479
-0.0122775
-0.00339118
0.00047757
-0.000268694
0.00567887
0.00950769
-0.0753784
-0.0891685
-0.0695046
-0.0494286
-0.033132
-0.0141994
-0.00934023
-0.00172585
0.0118435
0.0110884
0.0127092
0.0171476
0.0194903
0.00999197
0.0094424
0.00994338
0.010208
0.0480411
0.10069
0.0790257
0.0504432
0.0316048
0.0223275
0.000345457
-0.0117666
-0.0158972
-0.00961994
-0.0122081
-0.0148916
-0.0104422
-0.00803506
-0.0113037
-0.00736555
-0.00136196
-0.000467428
-0.00437879
-0.00543858
-0.00586846
-0.00398963
-0.00838559
-0.00518888
-0.00410093
-0.00269138
0.0055904
0.00110715
0.00225036
-0.000276942
0.0061633
-0.0557019
-0.0671133
0.0284531
0.0206409
0.0201001
0.0177343
0.0188356
0.0133259
0.00609705
-0.00190379
0.000991433
-0.000362257
-0.00438783
-0.0113311
-0.00855291
-0.00801238
-0.00721136
-0.00415754
-0.00555333
-0.00802367
-0.00154764
-0.00328348
0.0012467
-0.00287206
-0.00800163
-0.0033866
0.00245914
-0.000101974
0.00375935
0.00158982
-0.00289225
-0.000861819
-0.00134777
0.00183582
0.00568408
0.00491534
0.0049592
0.00642908
0.00374331
0.00370956
0.00238776
-0.00483952
-0.00980902
-0.00721036
-0.0905703
-0.0958181
-0.0622767
-0.0402345
-0.0311531
-0.0181436
-0.00235276
0.00635417
0.0124028
0.0175672
0.0199973
0.0221552
0.0176357
0.00575456
0.00740985
0.00952974
0.113849
0.095517
0.0765738
0.0468323
0.0227937
0.00807514
-0.00393074
-0.00574951
-0.00887969
-0.0144035
-0.0109993
-0.00557295
0.000284605
0.00395475
0.00191006
-0.00699919
-0.00821037
-0.014012
-0.0112119
-0.00626728
-0.000440787
-0.00524082
-0.000555055
0.00780834
0.00426224
-0.00271087
-0.00505974
-0.0032114
-0.00636174
-0.00151339
-0.00122986
-0.00206114
-0.000993941
-0.000640907
-0.00426067
-0.00289302
-0.0048274
-6.68636e-06
0.00736597
0.00591799
0.00166481
-0.00416618
0.00155471
0.00051754
0.00416361
0.00729809
0.00167265
-0.00397177
-0.00423407
0.00276573
0.00322839
0.00286526
-0.00368032
-0.00186649
0.00652774
0.00439768
0.00819056
0.0120692
0.00664274
0.00521649
0.00531459
0.00702093
0.00166443
0.00100255
-0.00343827
-0.00159849
-0.00392626
-0.00392626
0.0017784
-0.00399857
-0.00208138
-0.00485351
-0.00956626
-0.00609312
-0.00540402
-0.00636587
-0.00136408
0.00437426
0.00317614
0.0017478
0.00449184
0.00398449
0.00142503
0.00226151
-0.00101801
0.00484729
-0.000451588
-0.00636343
-0.00837252
-0.00291694
0.000148891
-0.000940459
-0.00143482
0.00409572
-0.00232054
-0.000531035
0.00335334
0.000207862
-0.000320385
0.00329658
0.00739692
0.00538468
0.0080517
0.00458652
0.0046183
-0.00101078
-0.0090369
-0.00519832
-0.00692188
-0.00929914
-0.011683
-0.0118414
-0.0119449
-0.00643812
-0.00686986
-0.00374968
0.00116598
0.005602
0.00957634
0.0047219
-0.00167301
-0.00370327
0.000124331
0.00714318
0.00551093
0.00385144
0.00479428
9.764e-05
-0.00138549
-0.00368933
-0.00764175
-0.0112086
-0.00857137
-0.0103129
-0.00339997
0.0050721
0.00223482
0.00796536
0.00118063
0.00263209
0.0057273
0.00950416
0.00545299
0.00220777
0.00322717
0.000127702
0.00160052
-0.000384096
0.00171007
0.00734586
-0.0010355
0.000964372
-0.00245646
-0.00121216
0.000945874
-0.00219359
-0.00597204
-0.00277673
0.00128431
0.00391164
0.00187312
-0.00362628
0.000181636
-0.0053885
-0.00404088
-0.00592094
0.00207982
0.00282917
0.00147095
0.00602962
0.00127323
0.00292202
-0.000844712
0.00132936
-0.00253835
-0.00100069
-0.00133146
-0.00502272
-0.00449871
-0.000708553
0.000154262
0.00318072
-0.00103144
-0.00679806
-0.00307725
-0.00711999
-0.00418277
-0.00827125
-0.00529749
0.00256808
0.00781505
0.00177726
-0.000409785
0.000959865
0.004047
0.00564848
0.00357663
0.00226158
-0.00211987
-0.00775088
0.0016491
0.00254699
-0.00379687
-0.00338151
-0.000777418
-0.00258759
0.00156523
-0.000553675
-0.00365786
0.000573783
0.00236176
0.00142932
-0.00505774
0.0025713
0.00342543
0.00210135
-0.00074613
-0.00366543
-0.00729999
-0.00569695
-0.00509735
-3.30321e-05
-0.000254894
-0.00471613
-0.00161763
0.0017879
0.00752868
0.0068964
0.00545541
0.00584456
0.00190543
0.00289693
0.00655786
0.00508306
0.00680059
0.00607098
0.00654782
0.00410699
0.000151005
-0.00401733
-0.00898435
-0.00902797
-0.00337224
0.00295767
0.00188578
-0.00619863
-0.00641494
0.000205804
-0.00111251
0.00062304
0.00655754
0.0101637
0.00300107
0.00223651
-0.00361255
-0.00399541
-0.00131756
-0.000863237
0.00300679
0.0075698
0.00360589
-0.0026494
-0.00689983
0.00650009
-0.00209296
0.00375158
0.00253198
0.000402754
-0.00300714
-0.000283547
0.00346908
0.00416362
0.00104226
-0.0019065
-0.00192486
0.000904932
0.00401391
0.00773545
0.00106011
0.000394696
0.00447879
0.00748896
0.00414083
-0.00141238
-0.0100461
-0.00915084
-0.00649129
-0.00165505
-0.00086216
-0.00376033
-0.00873739
0.00119516
0.0152532
0.0110489
0.0148112
0.0108217
0.0140803
0.00716356
0.00678487
0.00695207
0.0025611
-0.000269657
-0.00537303
0.00211257
0.00855136
0.00440065
0.000262191
0.00601482
0.000595677
-0.0074301
-0.00592112
-0.00227413
-0.00496734
-0.00915734
-0.00827656
-0.00450346
1.05014e-05
0.00545059
0.00584938
0.00513087
0.0107875
0.0106717
0.00525989
0.00617101
0.00120792
0.00529126
0.00292439
0.00654894
0.00527575
0.000678653
-0.00599574
-0.00455788
-0.00585039
-0.00609442
-0.00249297
-0.00474512
-0.00580392
-0.00165678
0.00035651
-0.000906346
0.00373002
0.000101819
-0.00189515
0.0019958
-0.00108573
-0.00114582
0.00296992
6.08863e-05
-0.00445492
-0.00485086
-0.000660193
0.00486634
0.00376544
0.00399548
0.00673177
0.0008986
0.00366175
-0.00526329
-0.00579934
-0.011348
-0.00947682
-0.0095441
-0.0122104
-0.00708855
-0.000779302
0.000104363
0.00322895
0.00208339
-0.00103541
-0.00615918
-0.00421866
-0.00489683
-0.00837681
-0.0038667
0.00273588
0.000513607
0.0048226
0.00279515
0.00431721
-1.02191e-05
0.00252093
0.00136229
0.00496073
0.00336168
-0.00303382
0.000175265
0.000100687
-0.00301726
-0.00671335
-0.000925529
-0.000238791
0.00626197
0.00420809
0.00830266
0.00834131
0.00197439
-0.00266597
-0.00220325
0.000109988
-0.000384294
-0.00413475
0.00147661
0.00792067
0.00779473
0.00160746
-0.00490765
-0.00162395
-0.00210778
0.00188807
0.000648748
-0.00135497
0.00499119
0.0044409
0.00287877
-0.00246293
0.000866999
0.0064243
0.00311769
0.0053096
0.00573865
-0.000703238
0.00215098
0.00147371
-0.000316813
0.00451094
0.00392622
-0.00493348
-0.00348141
0.000507971
0.00454608
-0.00377263
-0.00185693
-0.00391464
-0.00668903
-0.00913489
-0.0046209
-0.0047706
0.0029368
0.000609635
0.000736338
0.00606431
0.0047526
0.00245675
0.00513807
0.000482414
0.00249294
0.00753196
0.00548004
0.00182734
0.00401999
0.00238152
0.00283233
-0.00496214
-0.0115853
-0.0956219
-0.0249124
-8.85467e-05
0.00989988
0.0191783
0.0159185
0.0100823
0.00993748
0.0102186
0.0131861
0.0148666
0.00937124
0.00721201
0.00405177
-0.00360396
-0.00208114
0.000370817
0.00432638
0.00666343
0.00210401
-0.00356829
-0.0053628
-0.00379972
0.000155311
0.00409396
0.00209514
-0.00468597
-0.00966584
-0.00565395
-0.00388466
0.000991989
-0.00150029
-0.00532674
-0.000884348
-0.000223577
-0.000938035
0.00421297
0.00165106
0.00266105
0.00178873
0.00319267
0.00895342
0.00612038
0.00934761
0.0124338
0.00722365
0.00359924
0.00501139
0.000168484
0.00214325
-0.00369414
-0.00466138
-0.00840026
-0.0141058
-0.00682897
-0.00892167
-0.00505712
0.000262446
-0.00449877
-0.000176478
-0.000955046
0.00192364
0.00219009
0.00707456
0.00440519
0.0025437
0.00311333
0.00583237
0.00470025
0.00491099
0.000937777
0.00141818
-0.0036952
0.000647827
0.00505443
-0.000902885
-0.000517474
-0.00558896
-0.00269328
-0.00829914
-0.00674899
-0.00243925
-0.00480212
-0.000166101
0.00339803
0.000866895
0.00261017
0.0024534
6.61847e-05
-0.00420674
-0.00150872
-0.000421571
-0.0031802
0.000900285
-0.00458642
0.00177292
-0.000242681
0.00448076
0.00715018
0.00609836
0.00297891
-0.00115228
0.000889747
-0.004778
0.00338235
0.000947447
-0.000976118
-0.000785317
0.00263576
0.00097696
-0.00219322
0.000310905
0.00587118
0.000367542
-0.00561117
2.65529e-05
0.00285996
-0.0593955
-0.101311
-0.0674986
-0.0451721
-0.0285652
-0.0154548
-0.0117509
-0.00233729
0.00342946
0.011629
0.0106022
0.0103038
0.0150184
0.0105489
0.00203416
0.0043572
0.00805766
0.0944993
0.11183
0.0900861
0.0608523
0.0386241
0.0170157
0.0075507
-0.00104771
-0.00505652
-0.00943845
-0.0146913
-0.0138662
-0.0155362
-0.00827534
-0.00256104
0.00240322
0.00128833
0.00226241
0.0075816
0.0109049
0.00686282
0.00225638
-0.00217008
-0.0023532
-0.00430808
-0.00376597
-0.000979178
-0.00561077
0.00181555
0.000738572
-0.0034202
-0.00244078
-0.00466822
-0.00108587
-0.00433364
-0.00237182
-0.00485863
0.000436788
-0.00117348
0.00123107
0.0062742
0.00176811
-0.00088811
-0.00124523
0.00669785
-0.00150467
-4.25756e-05
-0.00486828
-0.00253096
0.0017813
0.00652291
0.00529716
0.00874209
0.00419894
-0.00310759
-0.0101856
-0.0118481
-0.00302732
-0.00508751
0.000678035
0.00144274
-6.30496e-05
0.00592875
0.00161753
0.00174676
-0.000591472
-0.00621951
-0.0514644
-0.129135
0.0116584
0.0132868
0.0129185
0.0100545
0.0118828
0.0122323
0.0120538
0.0133965
0.0170237
0.0131901
0.0146534
0.0161245
0.0166997
0.0172847
0.0100163
0.00389632
-0.000343435
0.0033872
-0.00391508
-0.000497819
-0.00190995
-0.00460296
-0.00987306
-0.00569788
-0.00799326
-0.00805373
-0.00545947
-0.00924819
-0.00790302
-0.0062914
-0.00374627
0.00100343
0.00241056
0.00783907
0.00335215
0.00647347
0.00182253
-0.00550461
-0.0026585
-0.00511348
0.00012034
0.00055627
0.00455356
0.000168381
-7.02259e-05
-0.00145917
-0.0042518
-0.00310044
0.000788431
-0.00158554
-0.00334845
-0.00335507
9.37414e-05
0.000850335
-0.00568939
-0.00298594
-0.00652272
-0.00317098
0.00402035
0.00285179
0.00703017
0.0033076
0.00694402
0.0109225
0.00616437
0.000561215
-0.00112037
-0.000838533
0.001191
0.00702619
-0.00161874
0.00058074
0.00395269
0.00161591
-0.00693659
-0.00599147
-0.00200974
-0.00380282
-0.00548146
-0.00115268
-0.00142604
-0.000445944
-0.00484366
0.000797995
0.00624967
0.000358276
0.00370432
-0.00140795
-0.00249811
-0.0080523
-0.0119931
-0.00700525
-0.00878958
-0.00658094
-0.0023722
-0.0050646
-0.00409865
-0.00209849
0.0018228
-0.00112309
-0.00775013
-0.0113773
-0.0102037
-0.0040457
-0.00969708
-0.000458728
-0.00268121
0.00223465
0.00568771
0.000238212
0.0035639
0.00126046
0.00498311
0.00330396
-0.000487265
-0.0021615
-0.000383442
0.000397918
-0.00170871
0.000536246
0.00305593
-0.00807972
-0.0102032
-0.00216024
-0.00262548
-0.00163103
-0.00566983
0.000587539
0.00162956
0.00642879
0.00877279
0.00548028
0.0065279
0.00890474
0.00412447
0.00189021
-0.00375003
-0.000239903
0.00513783
-0.000631622
-0.00822794
-0.00425761
-0.00849714
-0.0069022
-0.00167293
0.000548458
-0.0029455
-0.00225305
-0.000520667
-0.00290403
0.00516879
0.00215948
-0.00222228
0.00061666
0.00803677
0.00505623
0.00453244
-0.000419761
0.00225423
-0.00255021
-0.000505331
-0.00159866
-0.00360436
-0.00129107
0.00156331
0.00655206
0.0120885
0.00699844
0.00761419
0.00232631
0.00404936
0.00725369
0.00367577
5.39802e-05
-0.000327045
-0.00223597
0.000148673
-0.0027112
-0.00844845
-0.00135606
-0.00154543
-0.00504232
-0.009013
-0.00664461
-0.000898178
-0.00197928
0.00114218
0.00286216
0.00645484
0.00191395
0.00553926
-0.00185017
0.00437853
0.00419487
-0.00282614
0.0012924
0.00596522
0.00459896
0.00710747
0.00190164
0.000549663
0.0052531
0.00365209
0.00361869
-9.86715e-05
0.000313266
0.00416896
0.00389924
0.00340421
0.00750037
0.00557138
0.00235338
-0.00185091
-0.0062494
-0.010341
-0.00394568
0.00352025
0.00323476
-0.000837306
0.00275093
0.00721834
0.00758238
0.00373529
-0.00146041
0.00221582
-0.00260958
-0.00150335
-0.00505693
-0.0012562
-0.00372543
-0.00179047
-0.00386782
-0.00546134
-0.00899068
-0.00591943
-0.000137541
-0.00285712
-0.00228917
-0.000623356
0.00297393
0.00184151
-0.00224709
0.000205812
0.0036855
0.00126487
-0.00588283
-0.00124144
-0.00619403
-0.00190245
0.000260604
-0.000568439
0.0036579
0.00496293
0.00223301
0.00541123
0.00148018
0.00302705
-0.000797359
-0.00462109
-0.00893673
-0.00330804
-0.00559183
-0.000419483
0.00684887
0.0108874
0.0132604
0.0124253
0.00816002
0.00221983
-0.00679656
-0.00958114
-0.00542676
-0.0100977
-0.00762734
0.00154402
-0.00373559
0.000159974
0.00584997
0.00290233
-0.00450678
-0.00378445
-0.000929184
-0.000725392
-0.00567008
-0.00457065
-0.00629042
-0.00425453
0.00167819
-0.000625196
0.00592889
0.00588551
0.00480956
4.54182e-05
-0.0043886
-0.000274619
0.00145011
0.00223406
-0.0017318
-0.00253808
-0.00246917
0.00500135
0.000567029
-0.00479935
-0.00261359
-0.0073869
-0.00350524
-0.00234116
0.000554989
0.00520416
0.00104701
-0.00500009
-0.00659517
-0.000641188
0.000836472
0.000678577
0.00127753
0.00236626
-0.00467215
-0.00264591
-0.00572974
-0.00233383
0.00202244
0.00664898
0.00992923
0.00713684
-0.000266994
0.000147428
-0.00170531
-0.00403948
-0.00363064
0.00141989
-0.00178469
-0.00119091
0.002191
-0.00125427
-0.00263466
0.000317062
-0.00291051
-0.0056652
-0.00281122
0.00158714
0.000678418
-0.00171373
-0.00439421
-0.00328178
-0.00181786
0.00367072
0.00929785
0.00867129
0.00804152
0.00930584
0.00450598
0.00670351
-0.000229454
-0.00816183
-0.00091024
-0.00503096
-0.00355974
0.000789253
-0.00101945
-0.004551
-0.000759829
-0.00375665
-0.00152921
0.00332186
-0.00126262
-0.000455029
-0.00071079
0.000920423
0.000392896
0.00637059
0.00200063
-0.000147372
0.00362873
0.00186955
-0.00138817
-0.00740056
-0.00740056
-0.00451991
-0.00579012
-0.0043003
-0.00627364
-0.0118719
-0.011215
-0.0139002
-0.0199777
-0.0179637
-0.0177219
-0.0188071
-0.0170721
-0.0176839
-0.0107124
-0.000683901
0.00121487
-0.00212099
-0.00395409
-0.00178204
0.00219592
0.00610025
0.00231658
0.00433737
0.00198526
0.00156555
-0.00155302
-0.00395489
-0.00830921
-0.00891409
-0.00865426
-0.00284643
-0.00728615
-0.0116169
-0.0152668
-0.0120148
-0.00101449
-0.00410447
0.00116393
0.00385323
0.00286447
0.00645081
0.00539993
0.00856431
0.00668745
0.00219503
-0.000491009
-0.0106474
-0.00751901
-0.00161149
0.00555757
0.00388804
0.00675079
0.00563606
0.00381575
-0.00365857
-0.00528525
-0.000582563
-0.00311932
-0.00593324
-0.00284699
-0.00409947
-0.00737106
-0.0107287
-0.00866865
-0.00565952
-0.00517936
0.00175242
-0.00189072
0.000828514
0.00346628
0.00383198
-8.55055e-05
0.00326804
0.00662341
-0.0563343
-0.121361
-0.13548
-0.137992
-0.139056
-0.117672
-0.102524
-0.0820824
-0.0534918
-0.0437693
-0.0264585
-0.0177242
-0.00901622
-0.000323635
0.000606478
0.00423522
0.0140876
0.0151976
0.0187117
0.0190079
0.0158448
0.0165372
0.0177667
0.0201168
0.0110872
0.0161855
0.0149682
0.0112594
0.0113901
0.0174213
0.0218224
0.0191165
0.0157689
0.0109787
0.00916583
0.0131171
0.00576158
0.0105419
0.0151454
0.01514
0.0108418
0.00499857
0.00125653
0.00650579
0.00890508
0.00728554
0.00756048
0.0109477
0.0150693
0.00813163
0.00781314
0.0010046
0.00342986
0.000573138
0.00349308
0.0110753
0.009928
0.0119356
0.0105878
0.00997543
0.00306321
0.00498426
0.0165654
0.0131495
0.010456
0.0107515
0.0123354
0.0162031
0.0132249
0.00593544
0.0049002
0.00924187
0.0101075
0.0138621
0.0105681
0.00501155
0.0016222
0.00546927
0.00168127
0.00374504
0.00314723
0.00782465
0.00626516
0.00455512
0.00539837
0.00114367
-0.00250434
-0.000564283
0.0064028
0.0102987
0.00433593
0.00815865
0.0124443
0.0109555
0.0055738
0.00155853
0.00414951
0.00403749
0.00105665
0.00278381
0.00915272
0.00877425
0.00962124
0.0122842
0.016237
0.0187708
0.0112712
0.00921168
0.00942284
0.0063984
0.00157467
0.000960512
0.00259423
-0.00350924
-0.000572105
0.00531605
-0.00291655
0.00233049
0.00644047
0.00440911
0.0090801
0.00339759
0.00632934
0.00197979
-0.000623495
0.00159089
0.00528597
0.00395346
0.00629198
0.002611
0.00387498
0.00706941
0.00218571
-0.00318093
-0.00160954
0.00440984
0.00808139
0.0053023
0.0023194
0.006353
0.0105751
0.00676922
-0.000495554
0.00212908
-0.000941826
-0.00127803
0.000415602
-0.000864344
-0.00325027
-0.00210291
0.007114
0.00240364
0.00661491
0.0118402
0.0155904
0.0103952
0.00160531
0.000804872
0.00217572
0.0060839
0.00559891
-0.00138437
-0.00286824
-0.00616519
-0.00512816
-0.00223936
-0.00155352
0.00100319
-0.00174237
-0.0059976
-0.00354532
-0.00568832
-0.00794378
-0.00026922
0.00115793
-0.000355412
-0.00291173
-0.000275521
0.00708794
0.00346189
0.000218343
0.00429809
0.00560489
0.0085398
0.00408875
-0.00296142
0.000518824
0.0061435
0.00341576
0.0052032
0.00825587
0.00555108
0.00207407
-0.00243549
-0.00488227
0.00273623
0.00253434
0.00412893
0.00888611
0.00303555
0.00551376
0.00309316
0.0047781
0.00338868
0.00224179
0.000299983
-0.00141575
0.00288996
-0.00275118
-6.74038e-06
0.0050565
0.00236319
-0.00497156
-0.000164293
-0.00143012
-0.00182896
0.000701375
-0.00242248
-0.00889398
-0.00614674
-0.000513568
-0.00495435
-0.000673144
-0.00265875
-0.00388596
-0.00528684
0.00263119
0.00284624
0.00610961
0.0116702
0.0117521
0.00733604
0.00725975
-0.000773104
-0.00187998
-0.000447049
0.00257623
0.006332
0.00346154
0.004938
0.0065565
0.000566644
0.00215226
0.00181975
0.00224677
-0.010283
-0.00705919
7.27998e-05
-0.000358132
-0.00499454
-0.00339867
-0.00961111
-0.00772066
-0.00783329
-0.00295324
-0.00190041
-0.00275903
7.84203e-05
-0.00378913
0.0009164
-0.00433677
0.0107653
0.0129773
0.0160736
0.00868634
0.00694415
0.00786651
0.00086372
-0.00664342
-0.00636114
-0.00669847
-0.00687679
-0.00013718
-0.000510492
0.00419225
0.00310448
-0.000792233
0.000536783
0.00297931
0.00418566
0.00203499
0.00319045
0.0054564
-0.00191321
0.000500274
-0.00246015
-0.00461651
0.00783704
0.00536418
-0.00158028
0.000210126
-0.00524805
-0.0013625
-0.00307667
-0.0066973
-0.00373532
0.000415554
-0.00188488
-0.00717483
-0.00613641
-0.0027705
0.0035786
0.0056142
0.0133268
0.00926882
0.00604988
0.00874905
0.00145763
0.00433033
0.00109093
-0.00279872
0.000245845
-0.00166393
-0.00100607
-0.00459352
-0.00928228
-0.00958792
-0.00964862
-0.0141658
-0.00511183
-0.00229256
0.00618394
0.000268033
0.0103729
0.0146507
0.012542
0.00808096
0.00175788
0.00104021
-0.00219686
-0.00259363
0.000773925
0.0030259
-0.000866062
0.00555012
0.000787602
-0.00132602
0.00154828
0.00702904
0.00562366
0.00147382
-0.000791843
-0.00190691
0.00499827
0.00664565
0.00389889
0.00345356
-0.000302826
0.00376821
-0.00132878
0.00379324
0.00309364
-0.00125179
-0.00142079
0.00363393
-0.000383425
0.00288835
0.00353125
0.00291127
0.0043328
0.00103909
-0.00386608
0.00254242
0.000650013
0.00572783
0.0033633
0.0041159
0.00293375
-0.000575863
0.000417555
0.00264458
0.00571577
0.00762029
0.0047502
-0.00286842
-0.0018693
-0.00652502
-0.00533891
-0.00673587
-0.00979702
-0.00511094
-0.00784177
-0.00727469
-0.00230457
0.00207301
-0.000651249
0.0043472
0.00195566
-0.00421046
-0.00146938
0.00592579
0.00332922
0.00690686
0.00252946
-0.00202195
0.00116411
-0.00105869
0.00251651
0.00783219
0.00557112
0.00657946
0.00111664
0.00118898
0.00364284
0.00600262
-0.000280409
-0.00695772
-0.00481878
-0.00999079
-0.00352184
-0.00860763
-0.00471177
-0.00143928
0.0031562
0.00223061
-0.00159473
0.00123162
-0.000451622
0.00323534
0.00454676
0.00123292
-0.00349895
-0.000723038
0.00468526
0.00970852
0.00282636
0.00308211
-0.00112478
0.00107032
-0.00164106
-0.000662589
0.00028203
0.000229107
-0.00265676
-0.00310864
0.000752747
0.000441005
-0.00268508
-0.00594466
0.000828894
-0.0048001
-0.00411935
-0.00093359
0.00433342
0.000597622
0.0019278
0.00390994
0.00778202
0.00506399
0.00447375
0.0029923
-0.00181696
0.00239784
-0.000285994
-0.00548285
-0.00509932
-0.00227762
-0.00503663
-0.00194657
-0.0030655
0.00028794
0.00736619
0.00882706
0.00193762
0.00286605
-0.00643385
-0.00637239
-0.00373781
0.00103162
-0.00411471
-0.00141125
0.00370538
0.0049488
0.000146015
-0.00271576
-0.0090719
-0.00806007
-0.0109334
-0.008204
0.000619663
0.00380162
0.00190695
0.0062404
0.00217631
-0.00525549
-0.00056737
0.00538172
0.00545486
-0.000134797
-0.00579236
-0.00165868
-0.000372042
0.00164615
0.00740968
0.00595682
0.00358985
-0.000392625
-0.00855307
-0.0055884
-0.00862142
-0.00906415
-0.00386469
-0.000649112
-0.00131745
-0.00367494
0.00247785
-0.000142535
0.00256651
0.00764783
0.0104263
0.00054245
-0.00145367
0.00149344
-0.00572539
-0.00265677
-0.00563591
-0.00628464
-0.00532763
-0.00441476
-0.003314
0.000126515
-0.000911856
0.001322
0.00568976
0.00465006
0.00383884
0.000622593
0.00563475
0.00407475
0.00209937
-0.00185302
-0.00342136
-0.00917408
-0.0130952
-0.0108287
-0.00349698
-0.000233516
-0.00260829
-0.00245612
-0.00104553
-0.00448338
-0.000577612
-0.00192403
-0.00239364
0.000779606
0.000159936
-0.00522043
-0.00343368
-0.00718601
0.000139487
0.00370727
5.60791e-05
0.00320816
0.00458934
0.00767404
0.00296799
0.00329176
0.00188408
-0.00178526
-0.00521824
-0.0083867
-0.00587681
-0.00346096
-0.0017757
-0.00441642
0.00126063
-4.4167e-05
0.00687244
0.00679999
0.000951117
-0.00118983
-0.00537757
-0.0100797
-0.00591941
-0.00097235
0.00562544
0.00466572
-0.0048434
-0.00201874
0.00357201
0.0088079
0.0049544
0.00853113
0.0118153
0.00744283
0.00489974
-0.00130692
-0.00178677
-0.00148946
-0.00422803
-0.00159983
-0.00599425
-0.000108849
-0.0032078
-0.00713472
-0.00574328
-0.00251149
-0.00631576
-0.00371167
0.000573311
-0.000144784
-0.00672582
-0.00260676
0.000289063
-0.00493188
-0.00201673
0.0030735
-0.00172862
-0.0026376
-0.00152984
0.00174509
-0.00174354
0.00333102
0.000318707
0.00376968
0.00122059
0.0118965
0.0118965
0.00193196
0.00172416
0.00363213
-0.00057993
-0.00016946
-0.00733083
-0.0135428
-0.0125956
-0.00677779
-4.99614e-06
-0.00021507
0.00416215
0.00317481
0.000584996
0.00389767
0.0072619
0.00114086
0.00349772
-0.00416031
-0.00376035
-0.00639666
-0.00610804
-0.00174027
-0.0001218
0.00106293
-0.00604523
-0.00946735
-0.00349802
0.00248747
-0.00037689
0.00546795
-0.00128104
0.00197607
0.000145833
0.00295602
-1.1546e-05
0.00263679
0.004979
0.000920388
-0.00240477
0.00023279
-0.00132752
0.00448644
-0.00225522
0.000221811
-0.0032694
-0.00795559
-0.0017574
0.00502313
0.00213985
0.00366983
-0.00380607
-0.00226807
-0.00113117
0.00164053
0.00477178
0.00053633
-0.00321764
0.00359161
-0.00492982
0.00274233
-0.00354254
-0.00418899
-0.00161739
-0.00543325
-0.00495885
-0.00179803
0.00238203
0.0066302
0.0031148
0.00624108
-0.0017878
-0.00253097
0.00163344
0.0073414
0.00107875
-0.00318551
0.000509614
-0.00347221
0.00146947
0.000285511
-0.00357401
-0.00130666
-0.00500013
-0.00492406
-0.0031262
-8.6818e-05
-0.00120779
-0.000279302
-0.00150372
-0.00173883
0.000260314
-0.00296184
0.00377821
0.0008896
0.00385979
0.00113704
-0.00446521
-0.00270908
0.00220595
0.00299765
0.0026956
0.00835459
0.0105895
-0.000799928
0.00132234
-0.00153863
-0.00748939
-0.0120374
-0.00296853
-0.00344895
0.000286416
-0.00206252
0.00339125
0.00233571
0.00634135
0.00945543
0.00172248
-0.00168783
-0.000824511
0.0013079
0.00703638
-2.38071e-05
-0.00505874
-0.00117819
-0.000801207
-0.00326925
-0.00110514
0.00192464
0.00363549
0.00258182
-0.00275196
-0.00248004
-0.0083814
-0.00483224
-0.00884313
-0.00456355
-0.00214307
-0.00447722
-0.000977556
0.00333074
0.00610623
0.00363183
0.00359769
0.00656598
-7.24919e-06
0.0051747
0.000463941
0.00160567
0.00202112
-0.00320792
0.000271995
0.00129165
0.00470224
0.00227211
0.00147165
0.00143498
-0.00108157
-0.00300432
-0.00603798
-0.0109384
-0.0140664
-0.0105448
-0.00310818
-0.00509778
-0.00315312
-0.00653602
-0.00270068
0.0013702
0.00713569
0.007573
0.00330183
-0.000962335
-0.00216323
0.00794516
0.0111733
0.0133592
0.0140079
0.0109884
0.000808407
0.00382719
0.0064056
-0.000318474
0.000691743
0.00383727
0.000612668
0.0033423
-0.00122337
-0.00358675
-0.00589138
-0.0029801
-0.00623255
-0.00692282
-0.00378386
-0.00374273
-0.00531439
-0.00108897
-0.00350944
-0.0025805
-0.00740869
-0.00292014
-0.00148263
-0.00468031
0.00151595
0.0027805
0.00940667
0.00611681
-0.000114383
-0.007432
-0.00261454
-0.00348014
0.00160892
0.000379388
0.00352545
0.000718122
0.000843371
-0.00141643
-0.00813575
-0.00145822
0.00545147
0.00589938
-0.0014371
0.00278088
-0.00232817
-0.000326004
0.00534657
-0.00115633
0.00241617
0.00232807
-0.00116595
-0.000145974
0.00377589
0.00138295
-0.00222682
0.000936276
0.00278874
4.03634e-05
-0.00730515
-0.00360148
-0.00656396
-0.0104593
-0.0079458
-0.00161494
-0.00561401
-0.00586236
-0.000733643
0.00295693
-0.00318738
-0.000243063
0.00283829
0.00826074
0.00184901
-0.00245676
-0.00390349
-0.00162425
-0.00506258
-0.00263521
0.00503129
0.00512879
0.00815158
0.00214468
0.00674926
0.00587015
0.00393191
0.00698288
-0.000717494
-0.0077631
-0.0059545
-0.00286394
-0.00590553
-0.00574246
0.00178426
0.00086748
0.000654931
0.00502486
0.00981895
0.00423228
-0.00280234
-0.00281425
0.00198822
0.000927903
-0.0039746
-0.00400623
-0.0046844
-0.000299597
-0.00151886
-0.00563793
-0.0028844
-0.00399815
0.00316325
0.00437512
0.00136275
0.00430479
0.00833697
0.0053663
0.00131085
-0.00119952
0.00100118
0.00187301
0.00563159
0.00441329
-0.00253413
0.00157795
-0.00515766
-0.000151844
-0.00222807
-0.0049071
-0.00735882
-0.0018673
-0.00361145
-0.00197999
-0.00456325
-0.000567822
3.51733e-05
0.000543099
-0.00268516
0.00213647
-0.00235506
0.00110043
-0.0023127
-0.00559171
-0.0012048
-0.00217189
-0.000395004
-0.00023888
-0.00318357
-0.00121825
-0.0016593
0.00547886
0.00834473
0.00608941
-0.00232892
-0.00540695
-0.0104451
-0.00357843
0.00312773
0.00127401
-0.00474339
-0.00966423
-0.00741207
-0.00344873
-0.00107968
-0.00264987
-0.00252293
0.00113572
-0.00197208
0.00354376
0.0030435
0.010584
0.0118947
0.00842958
0.00366627
0.00426383
0.00774859
0.00460097
-0.000742794
0.000170278
-0.00342578
0.00111941
-0.000766675
-0.00479846
-0.00958073
-0.00110808
-0.00351068
-0.00232693
0.000125089
-0.00396871
-0.00199796
-0.00503286
-0.00285572
-0.00201843
0.00106197
0.000713564
-0.00415608
-0.000988579
0.00893416
0.00438279
-0.00139524
-0.00071737
-0.00306361
-0.0062601
0.00254233
0.000655756
0.00292941
0.00977333
0.00430857
-0.00169175
-0.000100159
0.00455092
0.00232424
0.00255924
-0.00165965
0.00107203
-0.00075181
-0.00348227
0.00131644
0.00206878
-0.000439197
-0.000711327
-0.000803855
0.00142012
0.00511684
0.00689456
0.00454486
0.00855347
0.0119969
0.0139298
0.00520724
-0.000235083
-0.00740046
-0.00749691
-0.00442522
-0.00431239
0.00048466
0.000754507
-0.000399019
0.00207015
0.00544966
0.00062676
-0.00662395
-0.00709993
-0.0111031
-0.00690518
-0.000646178
-0.00377862
-0.00141364
0.00258476
0.00513676
0.00170802
0.00292787
0.00385921
0.000546628
-0.00318541
0.000181851
-0.00306081
-0.000732157
0.0018959
0.00438253
0.00817916
0.00240424
0.00141352
0.00597429
0.0039747
0.0068435
0.000329971
9.65497e-05
0.00156547
-0.00156087
0.000845087
-0.000301729
-0.0038413
-0.0101823
0.0014542
-0.00126912
-0.00576835
-0.0043553
0.000994758
-0.00130612
0.0027513
-0.00225381
-0.00284295
-0.000250067
0.0046358
0.00261933
-0.00174711
0.000388787
-0.000871796
0.00359002
0.00363824
0.00399538
0.000190101
-0.00471036
-0.00895657
-0.00509347
0.00207711
0.00314754
0.00238249
-0.00115498
-0.00392506
-0.0028164
0.0477741
0.0955915
-0.0157992
-0.0197047
-0.0114642
-0.0106033
-0.0046083
-0.0110406
-0.00690879
-0.0106776
-0.00375152
-0.00669656
-0.00329176
0.000524618
-0.00175218
-0.000960364
0.00636392
0.00610583
0.00689808
-0.000449787
0.00349622
-0.00225874
0.00268441
-0.00130424
-0.00036656
0.000694339
0.00439842
0.00885328
0.00581195
-0.00104627
-0.000471599
0.00217715
-0.00226688
0.0887608
0.00921188
-0.0295295
-0.0201967
-0.0188354
-0.0105334
-0.00323943
0.00146802
-0.00221028
-0.000314494
0.00469751
-0.00239929
-0.00293811
1.3085e-05
0.00455091
0.00102716
0.00538673
0.001998
-0.00294362
0.00200311
-0.00140359
-0.00506353
-0.00152133
-0.00165405
-0.00508465
-0.00285522
-0.00604102
-0.00692503
-0.00212206
0.000357386
0.00620375
0.00992069
0.00588012
-0.000596097
-0.0059885
-0.00191674
0.00579536
0.00584123
0.00350384
-0.000680298
-0.002773
-0.00702141
-0.00372254
-0.00741831
0.00057204
0.000573093
0.00789824
0.00339288
-0.00101486
0.0038242
0.00296109
-0.00120655
0.000428983
-0.0019734
-0.000928856
0.00268411
-0.00466934
-0.00412864
-0.0097551
-0.00305181
-0.0039428
-0.00418515
-0.00645566
-0.00231206
0.00132923
0.00494161
0.00933412
0.00265099
0.00492939
0.0042304
0.00774815
0.00449888
0.000226898
-0.00332924
-0.00736387
-0.00341904
-0.00662494
0.00153436
-0.00272893
0.000934931
0.00487912
0.00254599
-0.0024013
7.3198e-05
-0.000617023
0.000808426
0.00372427
0.00126142
0.00354582
-0.000404343
0.000157858
-0.00137094
-0.00162511
0.00346103
0.000111692
-0.00729678
0.000433634
-0.00366744
-0.00244577
0.00321142
-0.00170681
-0.000478537
-0.00226595
-0.00488965
-0.00136302
0.00481396
0.000331331
0.00732314
0.000993346
0.00364128
0.000260343
-0.00519222
0.000578451
-0.00418255
-0.00394958
-0.00119302
0.00269119
0.0061623
0.00977236
0.00815291
0.00780376
0.00714613
0.00230761
0.00181721
0.00234642
0.0061804
0.003571
0.00272495
-0.00235237
0.00324098
-0.00168658
-0.00665786
-0.00127378
0.000559717
-0.00298614
-0.0076816
-0.00918255
-0.00634595
0.00186292
0.00170993
-0.00374989
-0.00652877
-0.0043185
-0.00651753
-0.00305818
0.00110537
0.00595478
0.00201104
-0.00366497
-0.00290668
-0.00472999
-0.00784833
-0.00724825
-0.00597454
-0.00741492
-0.00339214
0.00205817
-0.00164931
-3.46623e-05
0.00228883
0.00201514
0.00754495
0.00635284
0.00388097
-0.000848249
-0.00569601
-0.00269434
0.000638612
0.000174636
0.00195315
0.00523284
0.0082145
0.00985422
0.00358889
-0.00205601
0.00293125
0.00924708
0.00593233
-0.00407593
-0.00337209
5.666e-05
0.00537953
0.00905947
0.00635308
-0.00367263
-0.000381311
-0.0050895
-0.000537414
-0.00465628
-0.000442841
0.00664145
0.00588019
0.000635289
0.0023322
0.000789387
0.000922961
0.000578106
-0.00156673
-0.0033358
-0.00588705
-0.00255456
-0.00489169
0.000500737
-0.00150291
0.00354228
-0.00254449
0.000547288
-0.00459721
-0.00941982
-0.00283547
0.00483441
0.00285681
-0.00115067
-0.00622738
-0.00439263
-0.00212466
-0.00821737
-0.00607707
-0.00301054
0.000876448
-0.00328904
0.000285495
0.00429388
0.00283955
0.006672
0.00387146
0.00563922
0.0092352
0.0062954
0.00581186
-0.00235983
0.00176664
-0.0053331
-0.0102399
-0.00598521
-0.00342167
-0.00346328
-0.00601012
-0.00336773
0.00114025
-0.00180085
-0.00652334
-0.00444139
-0.00297977
0.00174906
0.00660192
0.00340479
0.00687425
0.00405214
0.000135646
0.00319543
0.00736532
0.00340403
-0.00339919
-0.00155008
-0.00345624
-0.00635901
-0.00340001
-0.0022937
0.00441689
-0.00211921
-0.00172255
0.000981423
0.0038516
-0.000840337
-0.00198583
-0.00568318
0.00178971
-0.000227009
-0.000844434
-0.00527347
-0.0108557
-0.00686242
-0.00676317
-0.000237451
-0.00109472
-0.00439609
-0.00147802
0.00265929
0.00402975
-0.000583887
0.00361417
0.00440658
0.00402681
0.00846788
0.00528916
0.00701808
0.0028009
0.00687813
0.00309349
-0.00341051
-0.00181984
-0.00328247
-0.00804488
-0.00535339
0.00123711
0.005033
-0.00487115
-0.00225918
0.00404327
0.00120728
-0.00265677
0.000347597
0.00489531
0.00151419
0.00230775
0.00836957
0.00538075
-0.00226107
-0.000176391
0.00490512
0.00507178
-0.00214906
0.000728162
-0.00609418
-0.00603277
-0.00327801
-0.00407222
0.000722551
-0.0054657
-0.00859739
-0.00489854
0.000523722
-1.76355e-05
-4.50222e-05
-4.59092e-05
0.00203527
0.00479002
-0.00272507
0.00348191
0.00348191
0.000662321
-0.00228446
-0.00111642
-0.00162
0.000842269
0.0034997
-0.00559295
-0.00542953
-0.00175807
-0.00790414
-0.00592437
-0.000248353
-0.000104102
0.00409776
-0.00100337
0.00206477
-0.000686979
-0.00623205
-0.00447803
-0.00354424
-0.000146945
-0.00360105
-0.000720489
-0.00333853
-0.000845515
-0.00139181
0.00253347
-0.00142438
-0.0071263
0.000274796
0.000394284
-0.00252874
0.00366697
0.000523474
0.00555308
0.000797757
0.003793
0.00183473
0.000491089
-0.00575901
-0.00384691
-0.0010718
0.0052442
0.00805284
0.0071337
0.0105335
0.00741617
0.00603497
-0.00258323
-0.00419668
-0.00201123
-0.0027661
-0.00660154
-0.00478719
-0.00727566
-0.000885855
-0.00192222
0.00333667
-0.000688886
0.000562958
-0.00341237
0.00312125
0.00214449
-0.00153509
-0.00409911
0.00110644
-0.00151881
0.000628744
0.00585157
0.00532391
0.00533211
0.00215961
-0.000420634
0.00125706
-0.00183996
-0.0073362
-0.00812659
-0.00353809
-0.00435106
-0.00545652
-0.00142945
-0.00509028
-0.00605451
0.00108787
0.00275064
0.00836047
0.007933
0.0111716
0.0128205
0.00972171
0.0098854
0.012869
0.00699174
0.00705698
0.00778722
-0.00200084
-0.00430299
-0.00437377
-0.00113626
-0.00145292
-0.00438554
-0.00567345
-0.00441183
-0.00638986
-0.00218338
-0.00515249
-0.00870921
-0.00803511
-0.00286776
0.000527764
-0.00206054
0.000110103
-0.00164623
-0.0049455
-0.00774569
0.000697996
0.00862227
0.00437517
0.0103509
0.0128485
0.00734182
0.00706983
0.00513708
1.52189e-05
-0.00702822
-0.00425948
0.000650684
-0.00107203
-0.00711879
-0.00391389
0.000452495
-0.00183383
-0.0067946
-0.00270353
0.00415222
0.00180062
-0.00114585
0.00599072
0.00408505
0.000850975
-0.00295055
-0.00131028
-0.0024452
-8.07014e-06
-0.00251613
0.0027853
0.00115481
0.00462324
0.00828177
0.00895759
0.0038147
0.00464152
0.00519462
0.00137582
0.00392998
0.00311107
0.00544445
0.000344067
0.00250895
-0.00100784
-0.0183221
-0.0275388
-0.0192238
-0.00925183
-0.0122261
-0.0106112
-0.0059132
-0.00133252
0.00482517
0.00341166
-0.0010656
0.00110934
0.0048509
0.00182784
0.00466119
0.00856688
0.00693086
-0.00122521
0.00188504
0.00170552
-0.00393149
-0.00996102
-0.00802558
0.00630669
0.0113453
0.00515385
0.00704038
0.00896935
0.00165791
-0.00408075
-0.00221835
0.00392707
0.00375175
-0.000847309
-0.00235176
-0.00709808
-0.00423544
0.00201011
-0.00103377
-0.00418346
0.000145149
0.00255816
0.00153561
-0.00295105
-0.0013235
-0.00100365
0.00594579
0.00450375
0.00294648
-9.71796e-05
0.00368397
0.00946841
0.00513164
0.00404826
0.00400893
0.000746795
-0.00343456
0.000562198
-0.000125971
-0.00581096
-0.00150511
-0.00532793
-0.00288479
-0.00117529
-0.00434063
-0.000857722
0.00336385
0.00663892
0.00374242
-0.000318365
0.00283798
0.00413122
0.000328599
0.0010634
-0.000217293
0.000659864
-0.00507527
-0.00210722
-0.00421379
0.00197964
-9.14667e-05
0.00176427
0.00490901
0.000905333
0.00304762
0.000299571
-0.00253489
-0.000146532
-0.00732699
-0.00468264
-0.0080932
-0.00562084
0.00016824
-8.47157e-05
-0.00203227
-0.00284154
0.00287815
0.00295904
0.00308152
0.0027833
-0.00123366
-0.00166933
-0.000394548
-0.00442733
0.00206517
-0.00218559
0.00198089
0.00193011
0.00139228
0.00327092
0.00678329
0.00512504
0.00605339
0.00466472
-0.000810948
-0.00177965
-0.00252777
0.00295601
0.00756902
0.00527829
0.00131191
-0.00161161
-0.00775698
-0.00510642
0.00686209
0.00129387
0.00534451
0.00380426
-0.00236262
-0.00259228
0.00232504
0.00543768
0.0091683
0.00150644
0.00408982
0.00900996
0.00369112
0.00412425
0.00407726
0.000423565
0.000128037
0.000680231
-0.00414351
-0.0058906
-0.00141946
-0.00534477
0.00166077
-0.0035501
0.000886872
0.00577395
-0.00139562
-0.00192322
-0.00255698
-0.00811608
-0.00376565
-0.00196495
-0.00548518
-0.00316704
-0.00604628
-0.00331297
-0.000346853
-0.00214815
-0.00157274
0.00566067
0.00243266
-0.0027412
-0.00524901
-0.00419946
-0.000869
-2.44323e-06
0.00371767
0.00121267
0.00454841
0.00605034
0.00128875
-0.00410616
-0.00137282
0.00173771
-0.00392327
-0.00550485
-0.000322322
-0.00119037
0.00383618
0.0112675
0.0052964
0.00390183
0.00691397
0.00914344
0.0116411
-0.000915069
-0.00172067
-0.00691572
-0.0039176
0.000328881
-0.00326711
-0.00944397
-0.00719946
0.00228632
0.00184437
0.000740919
0.00535484
-0.00119734
0.00159513
0.00188399
0.00107121
-0.00112664
-0.00026661
-0.00505456
-0.00756154
-0.00558611
-0.00830529
