0.296065092087
0.299374103546
0.225651979446
0.19588804245
0.215033054352
0.235944986343
0.309823036194
0.398896932602
0.169636964798
0.203887939453
0.253835916519
0.184706926346
0.38636302948
0.329497814178
0.3929438591
0.547394990921
0.569362163544
0.531025886536
0.536431074142
0.536935091019
0.534646987915
0.503979921341
0.510934114456
0.521149873734
0.515515089035
0.581634044647
0.548205137253
0.545787096024
0.574856042862
0.589009046555
0.615448951721
0.52072095871
0.591332912445
0.667507171631
0.660356044769
0.796425104141
0.842278003693
0.692995071411
0.611986875534
0.774112939835
0.288661003113
0.764174938202
0.346826076508
0.25585603714
0.331390857697
0.272588014603
0.271129131317
0.722478151321
0.286541938782
0.575637102127
0.244760036469
0.804488182068
0.849395990372
0.86118221283
0.801356077194
0.656642198563
0.315626859665
0.289839029312
0.26522397995
0.582818031311
0.321146011353
0.572951078415
0.801806926727
0.835494995117
0.707827091217
0.592177867889
0.801809072495
0.853872060776
0.866321086884
0.829164981842
0.801378011703
0.55254983902
0.831801891327
0.839900016785
0.78338098526
0.801465034485
0.851015090942
0.567065000534
0.793002128601
0.794943809509
0.267379999161
0.273247003555
0.296927928925
0.730119943619
0.296016931534
0.258322000504
0.25630903244
0.284280061722
0.290387868881
0.310347080231
0.24595284462
0.299077987671
0.293384075165
0.732026815414
0.291610956192
0.256944894791
0.290151834488
0.274335861206
0.292610883713
0.292021989822
0.268526077271
0.289432048798
0.270493030548
0.275486946106
0.284767866135
0.262568950653
0.293732881546
0.259226083755
0.270934104919
0.753687858582
0.810853004456
0.807687997818
0.829414129257
0.632894992828
0.54901599884
0.541972160339
0.671401023865
0.634588003159
0.559802770615
0.266478061676
0.284782171249
0.265123128891
0.252441167831
0.264596939087
0.247673988342
0.259075164795
0.26450419426
0.519683837891
0.615429878235
0.640370130539
0.802504062653
0.917783975601
0.868690013885
0.873536109924
0.270122051239
0.771708965302
0.83525800705
0.871345996857
0.847206830978
0.850584030151
0.54967212677
0.824965953827
0.893971920013
0.83425784111
0.857111930847
0.87147808075
0.804792165756
0.855396986008
0.625993967056
0.69973897934
0.649115800858
0.626379966736
0.64897608757
0.696322917938
0.711302042007
0.822839021683
0.819966077805
0.601654052734
0.793492078781
0.874882936478
0.784966945648
0.83317899704
0.834344863892
0.808797836304
0.708214044571
0.645148992538
0.612807035446
0.642824888229
0.568204879761
0.53234910965
0.507353067398
0.5490899086
0.500796079636
0.479085206985
0.592278957367
0.507699966431
0.298948049545
0.543521881104
0.613610982895
0.557066202164
0.549133062363
0.530030965805
0.375419139862
0.284273147583
0.572897195816
0.530184030533
0.656378984451
0.484063148499
0.190691947937
0.229546070099
0.242826938629
0.234384059906
0.234225034714
0.24826002121
0.242486953735
0.259196043015
0.584477901459
0.229559183121
0.300966024399
0.706404924393
0.587512016296
0.241945981979
0.642184019089
0.703804969788
0.565412998199
0.680157899857
0.731557846069
0.807759046555
0.810483932495
0.741433143616
0.781781196594
0.857980966568
0.863536119461
0.615821123123
0.705569028854
0.576854944229
0.589047908783
0.804311990738
0.579210042953
0.575521945953
0.588500022888
0.559587955475
0.834169864655
0.832785844803
0.656093120575
0.542181015015
0.603489160538
0.265251159668
0.576033115387
0.275331020355
0.270889997482
0.323922872543
0.273364067078
0.267252206802
0.294432163239
0.302609920502
0.279531002045
0.255255937576
0.282866001129
0.269424915314
0.250590085983
0.304749965668
0.322582006454
0.268934011459
0.583986997604
0.567153930664
0.262393951416
0.71617102623
0.832700014114
0.259561061859
0.267988920212
0.266155004501
0.615854978561
0.25466299057
0.606108903885
0.595742940903
0.597628831863
0.290375947952
0.273480176926
0.246543884277
0.311945199966
0.302472829819
0.562959194183
0.266643047333
0.61185503006
0.602097034454
0.290864944458
0.252628803253
0.310755968094
0.271898984909
0.615172863007
0.587054014206
0.31543803215
0.279004812241
0.561713933945
0.224888086319
0.582010030746
0.578243017197
0.245991945267
0.249376058578
0.256026029587
0.272549152374
0.26451086998
0.631962060928
0.287271976471
0.240740060806
0.527889966965
0.642434120178
0.270920991898
0.254014968872
0.587585926056
0.270756006241
0.302646160126
0.296205997467
0.297789812088
0.603046894073
0.670109033585
0.781847000122
0.838577985764
0.809890985489
0.816663980484
0.852475881577
0.845884084702
0.809902906418
0.779480934143
0.868486166
0.828272819519
0.839106082916
0.781093835831
0.61575293541
0.673129796982
0.616281986237
0.610456943512
0.755712032318
0.545688152313
0.247894048691
0.273020982742
0.577848911285
0.815247058868
0.632880210876
0.619365930557
0.627922058105
0.610176086426
0.242103815079
0.271694898605
0.267588853836
0.270818948746
0.262377977371
0.25546503067
0.318946123123
0.277531862259
0.230966091156
0.262742996216
0.740924835205
0.268293857574
0.290071964264
0.291646957397
0.278699159622
0.273197889328
0.250379085541
0.263794183731
0.575894117355
0.26057600975
0.259151935577
0.272434949875
0.27920293808
0.273571968079
0.279636859894
0.311491966248
0.292892932892
0.244137048721
0.665120840073
0.264175891876
0.615466117859
0.620394945145
0.64146900177
0.621243953705
0.619514942169
0.628834962845
0.633345127106
0.631227016449
0.839787006378
0.706095933914
0.694818019867
0.258377075195
0.265780925751
0.283926963806
0.255398035049
0.294454097748
0.693075180054
0.641760110855
0.653642892838
0.706499814987
0.299211978912
0.634739160538
0.678603887558
0.622326135635
0.618210077286
0.545496940613
0.528898000717
0.741286993027
