0.345119953156
0.300691843033
0.272946834564
0.319245100021
0.316077947617
0.271649837494
0.279820919037
0.270106077194
0.284801959991
0.264523029327
0.260133981705
0.298002004623
0.294039964676
0.237550973892
0.300810813904
0.250565052032
0.308227062225
0.293495178223
0.295621871948
0.303837060928
0.297971010208
0.295919895172
0.267390966415
0.281783103943
0.278847932816
0.316480875015
0.286043167114
0.280786991119
0.265956878662
0.276044130325
0.299942016602
0.280342817307
0.242093801498
0.260031938553
0.289584875107
0.23163318634
0.252786159515
0.261451005936
0.276480197906
0.342723846436
0.289311885834
0.313790082932
0.373522043228
0.410566091537
0.369937181473
0.39497590065
0.420707941055
0.475901126862
0.468473911285
0.465688943863
0.464880943298
0.448308944702
0.526160955429
0.521036148071
0.414415836334
0.450396060944
0.440985918045
0.470242977142
0.445316076279
0.463022947311
0.387677907944
0.405052185059
0.414916992188
0.382015228271
0.444692850113
0.426749944687
0.454545021057
0.525130033493
0.433155059814
0.457134962082
0.452550888062
0.416766881943
0.454181909561
0.453288078308
0.427055120468
0.411417007446
0.437362194061
0.45307302475
0.394546985626
0.400408983231
0.445670843124
0.454454898834
0.490192890167
0.44150686264
0.457080125809
0.446521997452
0.436486005783
0.434781074524
0.446821928024
0.436694145203
0.423350095749
0.443578958511
0.45618891716
0.43483710289
0.422118186951
0.414198875427
0.417311906815
0.412761926651
0.363327026367
0.47437286377
0.42844414711
0.41159081459
0.501211881638
0.450938940048
0.459819078445
0.45326590538
0.466795921326
0.441107988358
0.473011016846
0.435251951218
0.483936071396
0.434871196747
0.422469854355
0.415666103363
0.49645614624
0.487341880798
0.476994991302
0.450875997543
0.533143997192
0.517616033554
0.512871980667
0.420916080475
0.438905000687
0.425517082214
0.420915126801
0.394984006882
0.438199043274
0.437138080597
0.440961122513
0.431105136871
0.392544984818
0.401314973831
0.440196990967
0.406416893005
0.424329996109
0.423819065094
0.426163911819
0.460056066513
0.460860013962
0.442872047424
0.434292793274
0.465481996536
0.471694946289
0.466400146484
0.501383066177
0.453052043915
0.425333023071
0.511327028275
0.550252914429
0.482498884201
0.523195028305
0.470541000366
0.477463960648
0.486017942429
0.544666051865
0.446683883667
0.492928028107
0.477847099304
0.473376989365
0.438930034637
0.442821979523
0.431364059448
0.400151014328
0.506761074066
0.451133966446
0.419044017792
0.475891113281
0.452076911926
0.45027589798
0.461467027664
0.476161003113
0.467350959778
0.417473077774
0.533514022827
0.487747192383
0.488059043884
0.385535001755
0.462764024734
0.548025846481
0.458116054535
0.446538209915
0.432250976562
0.47220993042
0.470637083054
0.466455936432
0.435568809509
0.481637954712
0.412744998932
0.461723089218
0.484564065933
0.489523887634
0.46067905426
0.455678939819
0.455746173859
0.392477989197
0.407306909561
0.437637090683
0.36235499382
0.415087938309
0.446864843369
0.512979984283
0.470085144043
0.438098907471
0.446067094803
0.540788888931
0.441074848175
0.48831486702
0.512817144394
0.428220033646
0.41171503067
0.461889028549
0.46456193924
0.461446046829
0.424541950226
0.43741607666
0.40119099617
0.413157939911
0.495075941086
0.41267991066
0.569645881653
0.481890916824
0.495194196701
0.450151920319
0.422510147095
0.396768093109
0.388800144196
0.421017885208
0.340512990952
0.29386806488
0.312752962112
0.285161972046
0.321902990341
0.314688205719
0.29944396019
0.317178964615
0.303010940552
0.304739952087
0.301310062408
0.284118175507
0.310158967972
0.295669078827
0.302217960358
0.292340993881
0.290399074554
0.303857088089
0.301311969757
0.318513870239
0.30354809761
0.267971038818
0.357594966888
0.333611965179
0.312124013901
0.347915887833
0.283864974976
0.29206609726
0.300408840179
0.309690952301
0.276198863983
0.266891002655
0.314989089966
0.315415859222
0.405308961868
0.34504199028
0.411760091782
0.410268068314
0.419952869415
0.444025039673
0.401547908783
0.466048002243
0.535156011581
0.584457874298
0.559895992279
0.466933012009
0.480447053909
0.534465074539
0.495929956436
0.547857046127
0.437831163406
0.434501886368
0.439904928207
0.452930927277
0.412668943405
0.442931175232
0.459159851074
0.435651063919
0.449481964111
0.420758962631
0.401450157166
0.418762922287
0.410355091095
0.36394405365
0.421027898788
0.436514139175
0.387317895889
0.376483201981
0.432787179947
0.457834005356
0.472101926804
0.452694892883
0.456753015518
0.455306768417
0.512049913406
0.449900150299
0.447848081589
0.472372055054
0.486214876175
0.453249931335
0.495800971985
0.532438993454
0.441211938858
0.472034931183
0.512813091278
0.459887981415
0.453487873077
0.481788158417
0.420778036118
0.480221986771
0.435600996017
0.443022012711
0.465001106262
0.448577880859
0.471781015396
0.429507017136
0.463985919952
0.417337179184
0.429842948914
0.415525197983
0.368422985077
0.435712814331
0.375200986862
0.416558027267
0.402271032333
0.4656021595
0.41835308075
0.450515031815
0.411006212234
0.486660003662
0.480340003967
0.459183931351
0.452406167984
0.479211091995
0.470427036285
0.497012853622
0.466603040695
0.47696185112
0.471465110779
0.452449798584
0.55180311203
0.492727041245
0.470524072647
0.454005002975
0.465149879456
0.43061208725
0.450922012329
0.453434944153
0.471524000168
0.429109811783
0.405997991562
0.412559986115
0.420260190964
0.377589941025
0.40039396286
0.389408111572
0.433449983597
0.407516002655
0.407027006149
0.406824111938
0.417166948318
0.422432899475
0.421344995499
0.392690181732
0.403043031693
0.451486110687
0.456249952316
0.452862977982
0.45002913475
0.425565958023
0.384844064713
0.400589942932
0.440382003784
0.418079137802
0.441944122314
0.518218994141
0.486879110336
0.475922107697
0.515935897827
0.493569135666
0.413161039352
0.451538801193
0.43036198616
0.499395132065
0.431486129761
0.4898250103
0.47617316246
0.472167015076
0.495254039764
0.430057048798
0.431004047394
0.45679807663
0.406305074692
0.437163114548
0.391601085663
0.470893144608
0.402873039246
0.413336992264
0.388464927673
0.434078931808
0.387709140778
0.407632827759
0.406769037247
0.40735411644
0.434042930603
0.411961078644
0.352689981461
0.382325172424
0.402188062668
0.437793970108
0.40248298645
0.427086830139
0.479870080948
0.445472002029
0.456073045731
0.460067987442
0.479211091995
0.423528909683
0.44761800766
0.409478902817
0.425612926483
0.402124881744
0.410799026489
0.436357021332
0.444186210632
0.416532039642
0.406013965607
0.402863025665
0.42587685585
0.383818864822
0.422386169434
0.362076044083
0.427371025085
0.398162841797
0.397833108902
0.420943975449
0.442975997925
0.456845998764
0.439096927643
0.462242126465
0.434194087982
0.497468948364
0.427999973297
0.452116966248
0.488497972488
0.461659193039
0.378719091415
0.388808012009
0.335865974426
0.319149971008
0.615633010864
