0.37
0.37
0.37
0.37
0.37
0.37
0.37
0.37
0.37
0.37
0.37
0.37
0.37
0.37
0.37
0.37
0.37
0.37
0.37
0.37
0.37
0.37
0.37
0.37
0.37
0.37
0.37
0.37
0.37
0.37
0.37
0.37
0.37
0.37
0.37
0.37
0.37
0.37
0.37
0.37
0.37
0.37
0.37
0.37
0.37
0.37
0.37
0.37
0.37
0.37
0.37
0.37
0.37
0.37
0.37
0.37
0.37
0.37
0.37
0.37
0.37
0.37
0.37
0.37
0.37
0.37
0.37
0.37
0.37
0.37
0.37
0.37
0.37
0.37
0.37
0.37
0.37
0.37
0.37
0.37
0.37
0.37
0.37
0.37
0.37
0.37
0.37
0.37
0.37
0.37
0.37
0.37
0.37
0.37
0.37
0.37
0.37
0.37
0.37
0.37
0.37
0.37
0.37
0.37
0.37
0.37
0.37
0.37
0.37
0.37
0.37
0.37
0.37
0.37
0.37
0.37
0.37
0.37
0.37
0.37
0.37
0.37
0.37
0.37
0.37
0.37
0.37
0.37
0.37
0.37
0.37
0.37
0.37
0.37
0.37
0.37
0.37
0.37
0.37
0.37
0.37
0.37
0.37
0.37
0.27102
0.271136
0.271195
0.273718
0.27415
0.275607
0.276797
0.278042
0.278743
0.279741
0.280537
0.281052
0.281484
0.282422
0.283679
0.284857
0.285629
0.286423
0.287123
0.287777
0.288171
0.288553
0.289424
0.289972
0.290454
0.291025
0.291716
0.292129
0.292337
0.292799
0.29305
0.293745
0.294284
0.294368
0.294656
0.294797
0.295206
0.295693
0.295768
0.295798
0.296136
0.296452
0.296682
0.296768
0.296696
0.296676
0.296771
0.296989
0.297008
0.297022
0.297151
0.297083
0.29696
0.296868
0.296865
0.296923
0.297013
0.296912
0.296836
0.296975
0.296939
0.297067
0.297196
0.297319
0.297306
0.297189
0.297271
0.297309
0.297195
0.297044
0.297185
0.297235
0.297241
0.297312
0.297279
0.297191
0.29731
0.297177
0.297197
0.297395
0.297441
0.297535
0.297562
0.297593
0.297687
0.297609
0.297471
0.297431
0.297604
0.297824
0.297864
0.297729
0.297742
0.297811
0.297812
0.297711
0.297811
0.29777
0.297861
0.297784
0.297844
0.297844
0.294856
0.29485
0.294921
0.295095
0.29537
0.295555
0.295679
0.295999
0.296323
0.296421
0.296896
0.297145
0.297271
0.297303
0.297389
0.297582
0.297738
0.297714
0.297697
0.297809
0.297823
0.29781
0.297805
0.297791
0.29786
0.297859
0.297932
0.297985
0.297982
0.298085
0.298159
0.29829
0.298478
0.298489
0.298478
0.298513
0.298643
0.298667
0.298637
0.298626
0.298837
0.298834
0.29876
0.298768
0.298826
0.298834
0.298795
0.298776
0.298809
0.298748
0.298661
0.298592
0.298632
0.298639
0.298619
0.298633
0.298644
0.298599
0.298561
0.298567
0.298532
0.298499
0.308851
0.298505
0.298425
0.298293
0.298048
0.297842
0.297738
0.297555
0.297414
0.297425
0.297469
0.297489
0.297477
0.297479
0.297521
0.297662
0.297746
0.297815
0.297911
0.298038
0.298145
0.298184
0.298204
0.298236
0.298292
0.298436
0.298549
0.298613
0.298675
0.298788
0.298844
0.298876
0.298878
0.298843
0.298808
0.298791
0.298825
0.298804
0.29879
0.298765
0.298846
0.298856
0.299027
0.321029
0.299172
0.299165
0.299082
0.298897
0.298731
0.298654
0.298599
0.298576
0.298578
0.299014
0.298984
0.299001
0.299011
0.299094
0.299133
0.299206
0.299324
0.299326
0.299309
0.299413
0.299472
0.299511
0.299542
0.299528
0.299489
0.299455
0.299464
0.299443
0.29944
0.299415
0.299425
0.29941
0.299448
0.299469
0.29946
0.299421
0.299339
0.299244
0.299189
0.299164
0.299141
0.299084
0.298936
0.298851
0.298723
0.298625
0.29858
0.298501
0.298457
0.29843
0.298364
0.298297
0.298352
0.298282
0.298331
0.298375
0.298387
0.298447
0.298461
0.298568
0.298626
0.298634
0.298829
0.298853
0.2989
0.298839
0.298731
0.298654
0.298543
0.298436
0.298376
0.298384
0.298394
0.298383
0.298359
0.298339
0.298336
0.298331
0.298388
0.29845
0.298488
0.298525
0.298597
0.298667
0.298672
0.29866
0.298603
0.298596
0.298497
0.298393
0.298339
0.298263
0.29813
0.298014
0.298003
0.297834
0.297687
0.297731
0.297711
0.297779
0.297711
0.297709
0.297723
0.297634
0.297545
0.297492
0.297506
0.29733
0.297184
0.297091
0.29698
0.296865
0.296729
0.296745
0.296808
0.296922
0.297055
0.297112
0.29713
0.297097
0.297068
0.297112
0.297195
0.297293
0.297373
0.297404
0.2973
0.297315
0.297283
0.297293
0.297268
0.297258
0.29728
0.29739
0.297527
0.297685
0.297886
0.298042
0.298173
0.298268
0.298359
0.298607
0.298749
0.29889
0.298996
0.299082
0.299178
0.299222
0.299309
0.299336
0.299413
0.299532
0.299563
0.299616
0.299713
0.299742
0.299767
0.299791
0.299807
0.299825
0.299838
0.299829
0.299864
0.299892
0.299894
0.299894
0.299883
0.299899
0.299902
0.299919
0.299938
0.299945
0.299939
0.299955
0.299972
0.29998
0.299985
0.299989
0.299996
0.300008
0.300014
0.30002
0.300029
0.300044
0.300066
0.300082
0.300096
0.300099
0.300112
0.300132
0.300117
0.300129
0.300144
0.300146
0.300118
0.300117
0.300123
0.300105
0.300073
0.300075
0.300098
0.300155
0.300158
0.300178
0.300183
0.300167
0.30015
0.300159
0.300149
0.300121
0.300118
0.300119
0.3001
0.300044
0.300066
0.300059
0.300064
0.300064
0.300051
0.300073
0.3001
0.300121
0.300147
0.300157
0.300138
0.300172
0.300101
0.300097
0.3001
0.300035
0.300021
0.300063
0.300152
0.30018
0.300218
0.307192
0.307938
0.308795
0.309643
0.30993
0.310098
0.310289
0.309652
0.30907
0.308928
0.30988
0.309334
0.309084
0.309505
0.309666
0.310447
0.2982
0.298115
0.298003
0.297749
0.297555
0.297364
0.297163
0.297051
0.296925
0.296769
0.29676
0.296761
0.296762
0.296751
0.296875
0.296769
0.296645
0.296459
0.296256
0.296093
0.296022
0.296027
0.296137
0.296146
0.296208
0.296227
0.296062
0.295848
0.295583
0.295596
0.295663
0.295563
0.295387
0.295412
0.295382
0.295367
0.295373
0.295243
0.295253
0.295227
0.294938
0.29498
0.295158
0.295213
0.295436
0.295503
0.295485
0.295557
0.295687
0.295786
0.295723
0.295679
0.295523
0.295703
0.295817
0.295984
0.296115
0.296326
0.29624
0.296408
0.296551
0.29673
0.296658
0.296714
0.296604
0.296526
0.296369
0.296393
0.29653
0.296502
0.296376
0.296283
0.296332
0.296313
0.296408
0.29649
0.296657
0.296827
0.296774
0.296697
0.2966
0.296375
0.29631
0.296299
0.296224
0.296414
0.296309
0.296342
0.296432
0.296619
0.296869
0.296856
0.29679
0.296674
0.296573
0.296488
0.29642
0.296289
0.296296
0.296474
0.296594
0.296591
0.296719
0.296851
0.297001
0.297011
0.29693
0.296862
0.296782
0.29669
0.296611
0.296529
0.296548
0.296648
0.296579
0.296664
0.296618
0.29656
0.296547
0.334367
0.333827
0.334391
0.334236
0.333862
0.333841
0.332991
0.332064
0.331036
0.329842
0.329025
0.327838
0.32766
0.327245
0.326859
0.326739
0.326091
0.291565
0.291138
0.290768
0.290387
0.29015
0.290002
0.289907
0.289928
0.290391
0.290553
0.290993
0.291697
0.292018
0.292446
0.292779
0.293182
0.293316
0.29331
0.293438
0.293834
0.294012
0.294012
0.294483
0.294638
0.294918
0.294976
0.295091
0.295142
0.295017
0.295062
0.295068
0.329897
0.29504
0.295055
0.295124
0.295085
0.294893
0.295141
0.295507
0.295568
0.295553
0.295618
0.295612
0.295639
0.295723
0.295848
0.296098
0.296178
0.296372
0.296423
0.296574
0.296691
0.296912
0.29684
0.296919
0.296952
0.296977
0.297112
0.297123
0.297237
0.297335
0.297337
0.297291
0.297296
0.297409
0.297361
0.297373
0.297307
0.297403
0.297467
0.297647
0.297699
0.297688
0.297729
0.297755
0.324534
0.324403
0.3244
0.324497
0.323958
0.32327
0.323169
0.322734
0.321788
0.320417
0.319512
0.318923
0.318567
0.317227
0.316134
0.315677
0.297032
0.296783
0.297061
0.297034
0.297226
0.297376
0.297275
0.297098
0.297221
0.297498
0.297562
0.297698
0.297917
0.298003
0.298354
0.298599
0.29877
0.298743
0.298682
0.298771
0.299013
0.299102
0.299168
0.299398
0.299644
0.299545
0.299445
0.299338
0.299365
0.299431
0.299545
0.299818
0.300155
0.300281
0.300202
0.300102
0.300071
0.300021
0.299673
0.299608
0.299379
0.299504
0.29935
0.299314
0.299205
0.299068
0.298901
0.298612
0.298277
0.298113
0.298229
0.297978
0.298158
0.298162
0.298147
0.298449
0.298525
0.298603
0.298691
0.298968
0.299214
0.299353
0.299434
0.299691
0.299826
0.30007
0.299984
0.299993
0.300082
0.300088
0.300278
0.300295
0.300524
0.300674
0.300674
0.300704
0.300731
0.30071
0.3007
0.300714
0.300754
0.30069
0.300668
0.300681
0.300654
0.300616
0.300835
0.300798
0.300767
0.300763
0.300858
0.300949
0.301022
0.300892
0.300763
0.300742
0.3008
0.300786
0.300733
0.300707
0.300807
0.300842
0.300776
0.300682
0.300722
0.300721
0.300801
0.300831
0.300763
0.300689
0.300653
0.300715
0.300693
0.300644
0.30061
0.300633
0.300674
0.300702
0.300711
0.300738
0.300693
0.300641
0.300642
0.300648
0.300647
0.300657
0.30065
0.300601
0.300589
0.300578
0.300524
0.300458
0.300478
0.300449
0.300369
0.300348
0.300366
0.300405
0.300414
0.300358
0.300356
0.300371
0.300388
0.300391
0.300376
0.30037
0.30038
0.300342
0.30032
0.300351
0.300334
0.300342
0.300342
0.30033
0.300304
0.300271
0.300261
0.300259
0.300256
0.300255
0.300249
0.300239
0.300206
0.300184
0.300161
0.300143
0.300122
0.300106
0.300097
0.300083
0.300058
0.300032
0.300013
0.299976
0.29994
0.299928
0.299903
0.299863
0.299832
0.299803
0.299764
0.299747
0.299741
0.299696
0.299672
0.299656
0.29963
0.299603
0.299558
0.299507
0.299501
0.29949
0.299461
0.299449
0.299429
0.299406
0.299387
0.299359
0.299376
0.299305
0.299254
0.299247
0.299196
0.299141
0.299121
0.2991
0.29906
0.299023
0.299056
0.299093
0.299072
0.299031
0.299069
0.299132
0.299118
0.299115
0.299147
0.299212
0.299236
0.299244
0.299263
0.299284
0.299336
0.299365
0.299433
0.299507
0.299566
0.299572
0.299596
0.299623
0.29962
0.29961
0.299594
0.299575
0.299573
0.299555
0.299539
0.299542
0.299428
0.299382
0.299325
0.29927
0.29922
0.299165
0.29912
0.299107
0.299127
0.299116
0.299063
0.299068
0.299114
0.299056
0.299
0.298968
0.298993
0.298966
0.298916
0.298943
0.298989
0.299019
0.299012
0.299015
0.299019
0.298994
0.298956
0.29888
0.298836
0.298854
0.2988
0.298705
0.298645
0.29863
0.298616
0.298596
0.298554
0.298481
0.298481
0.298498
0.298432
0.298394
0.298351
0.298283
0.298165
0.298033
0.297879
0.297715
0.297561
0.297458
0.297326
0.297177
0.295797
0.297395
0.29726
0.297426
0.297614
0.297654
0.297564
0.297511
0.297534
0.297548
0.297478
0.29745
0.297526
0.297522
0.297424
0.29731
0.297272
0.29717
0.297063
0.297161
0.297353
0.297228
0.297131
0.297228
0.297401
0.297543
0.297566
0.297481
0.297337
0.297333
0.297434
0.297447
0.297407
0.297491
0.297345
0.297249
0.297088
0.297003
0.296872
0.296839
0.296955
0.296979
0.296887
0.296754
0.296682
0.296547
0.296408
0.296348
0.296489
0.296297
0.296311
0.296494
0.296645
0.296751
0.296793
0.296743
0.296786
0.296941
0.296882
0.297028
0.297149
0.296804
0.296709
0.296569
0.296748
0.296988
0.297027
0.297296
0.297242
0.297269
0.297396
0.297432
0.297455
0.297678
0.297831
0.297915
0.297918
0.298252
0.298263
0.298279
0.298953
0.29927
0.299376
0.29933
0.299364
0.299613
0.299681
0.299832
0.300005
0.30013
0.300103
0.300051
0.300274
0.300567
0.300614
0.300503
0.300701
0.300821
0.301007
0.301055
0.301046
0.301084
0.301099
0.301072
0.300975
0.300888
0.300936
0.300744
0.300871
0.300966
0.300971
0.300962
0.300856
0.300944
0.300908
0.30086
0.300962
0.301092
0.301253
0.301279
0.301219
0.301233
0.301302
0.301234
0.301204
0.301173
0.301339
0.301448
0.301408
0.301354
0.301284
0.301179
0.301185
0.301128
0.301056
0.301107
0.300986
0.301009
0.300904
0.300799
0.300694
0.300751
0.300708
0.300708
0.300746
0.300799
0.300765
0.300703
0.300718
0.300677
0.300532
0.300518
0.300651
0.300727
0.30092
0.300868
0.300806
0.300798
0.300824
0.300809
0.300883
0.300952
0.300858
0.300817
0.324839
0.300977
0.301059
0.301038
0.301012
0.300941
0.300873
0.30082
0.300794
0.300753
0.300663
0.300632
0.300704
0.300676
0.300594
0.300626
0.300612
0.300719
0.300734
0.300702
0.300674
0.30072
0.300771
0.300862
0.300891
0.300869
0.300924
0.300981
0.300967
0.300867
0.300722
0.300593
0.300552
0.300585
0.300604
0.300601
0.300586
0.300544
0.300547
0.300534
0.300511
0.300508
0.300425
0.300389
0.30041
0.300431
0.300481
0.300558
0.300553
0.300529
0.300531
0.300494
0.300569
0.300578
0.300529
0.30053
0.300571
0.300647
0.300619
0.300582
0.300589
0.30056
0.300545
0.3005
0.300436
0.300403
0.30036
0.300314
0.300347
0.300375
0.300355
0.300344
0.300314
0.300345
0.300367
0.300332
0.300432
0.300465
0.300467
0.300542
0.300526
0.300588
0.300591
0.300586
0.300598
0.300621
0.300661
0.300717
0.300745
0.300717
0.300642
0.300673
0.300674
0.300636
0.30065
0.300617
0.300596
0.300558
0.300527
0.300488
0.300453
0.30042
0.30037
0.300346
0.300316
0.300276
0.300289
0.3003
0.300384
0.300391
0.300379
0.30032
0.300338
0.300322
0.300305
0.30036
0.300422
0.328542
0.329154
0.329447
0.329747
0.329855
0.32995
0.33008
0.330266
0.329984
0.329055
0.328602
0.328267
0.329329
0.329411
0.327858
0.32803
0.327016
0.298543
0.298379
0.298151
0.297902
0.297731
0.297521
0.297448
0.297195
0.297091
0.296943
0.297005
0.297135
0.297306
0.297291
0.29724
0.297153
0.297292
0.297341
0.297471
0.297595
0.297675
0.297731
0.297742
0.297894
0.297899
0.298001
0.29799
0.298147
0.298259
0.29841
0.298457
0.298468
0.298465
0.298433
0.298398
0.298427
0.29845
0.298535
0.298605
0.298714
0.298877
0.298942
0.29897
0.299156
0.29919
0.299253
0.299391
0.299469
0.299532
0.299614
0.29967
0.299695
0.299733
0.299759
0.299755
0.29976
0.299774
0.299806
0.299851
0.299871
0.299876
0.299921
0.299936
0.29995
0.299958
0.29997
0.29999
0.343559
0.300051
0.300096
0.300084
0.299958
0.299912
0.299866
0.299851
0.299827
0.299828
0.299835
0.299862
0.299908
0.299938
0.299953
0.299976
0.299996
0.300002
0.300003
0.300001
0.299983
0.299969
0.299959
0.299955
0.299936
0.299888
0.299882
0.299887
0.299866
0.29982
0.299822
0.299823
0.299824
0.299849
0.299883
0.29984
0.299822
0.299796
0.299826
0.299789
0.299755
0.299697
0.299638
0.299622
0.299626
0.299668
0.299679
0.299651
0.299559
0.299508
0.299428
0.299431
0.299485
0.2995
0.299435
0.299336
0.299254
0.299202
0.29902
0.299072
0.299149
0.299093
0.299015
0.299013
0.298953
0.29889
0.29889
0.298928
0.298937
0.298996
0.299038
0.299008
0.298911
0.298771
0.298839
0.298912
0.298866
0.298727
0.298605
0.298539
0.298524
0.298604
0.298535
0.298437
0.298513
0.298405
0.298391
0.298335
0.298317
0.298385
0.298484
0.298483
0.298545
0.298587
0.298581
0.298644
0.298631
0.298526
0.298633
0.298754
0.29879
0.298611
0.298423
0.298368
0.29847
0.298549
0.29875
0.298893
0.298963
0.299015
0.299041
0.299034
0.29925
0.299306
0.299377
0.299529
0.299706
0.299813
0.29988
0.29987
0.29984
0.299887
0.299887
0.300467
0.300622
0.300694
0.300664
0.300723
0.30084
0.300954
0.301003
0.301031
0.301056
0.300997
0.300979
0.300969
0.300887
0.300912
0.300924
0.301004
0.301069
0.301073
0.301104
0.301134
0.301149
0.301156
0.301109
0.301038
0.300961
0.300873
0.300839
0.300796
0.300681
0.300599
0.300525
0.300471
0.300414
0.300343
0.300265
0.30022
0.300177
0.300132
0.300091
0.30005
0.300021
0.299993
0.299963
0.299845
0.299771
0.299707
0.299646
0.299579
0.299539
0.299536
0.299536
0.299511
0.299541
0.299546
0.299573
0.299571
0.299575
0.29961
0.299621
0.299585
0.299571
0.299557
0.299528
0.299462
0.299403
0.299383
0.299374
0.299321
0.299262
0.299176
0.299126
0.29905
0.299044
0.299063
0.299104
0.299068
0.299055
0.299056
0.299034
0.299051
0.299045
0.299109
0.299156
0.299223
0.299296
0.29941
0.299452
0.299536
0.299678
0.299772
0.299787
0.299848
0.29985
0.299857
0.299879
0.299908
0.299922
0.299933
0.299939
0.299943
0.299944
0.299956
0.299974
0.299977
0.299979
0.29998
0.299989
0.299998
0.300005
0.300008
0.300011
0.300005
0.300002
0.300002
0.299995
0.299978
0.299975
0.29999
0.300001
0.299996
0.299983
0.29997
0.299967
0.299975
0.299967
0.299988
0.299986
0.299991
0.299988
0.299979
0.299983
0.299994
0.299999
0.299994
0.299995
0.300004
0.299983
0.299982
0.299993
0.299978
0.299989
0.299983
0.299966
0.299964
0.299957
0.299935
0.299922
0.29991
0.299892
0.299903
0.299907
0.299892
0.299854
0.299824
0.299798
0.299813
0.29981
0.299792
0.29977
0.299792
0.299828
0.299845
0.299878
0.299869
0.299899
0.299908
0.299932
0.299914
0.299934
0.299966
0.299952
0.299914
0.299874
0.299834
0.299795
0.299786
0.299832
0.299828
0.299806
0.299874
0.299836
0.299828
0.299813
0.299772
0.299804
0.299835
0.299864
0.299859
0.299861
0.299891
0.299933
0.299949
0.299917
0.299927
0.299923
0.299943
0.299909
0.29988
0.299865
0.299875
0.299909
0.299937
0.299968
0.299968
0.299939
0.299911
0.299921
0.299945
0.299945
0.299929
0.299917
0.299933
0.299937
0.29994
0.299952
0.29995
0.299948
0.299961
0.299962
0.29997
0.299976
0.299981
0.299988
0.299994
0.299996
0.299996
0.3
0.300003
0.300005
0.300003
0.299996
0.299999
0.3
0.300006
0.300007
0.300007
0.300006
0.300007
0.300007
0.300007
0.300009
0.300011
0.300012
0.300014
0.300019
0.300022
0.300024
0.300027
0.300027
0.300037
0
12.0752
12.0752
12.0752
12.0752
12.0752
12.0752
12.0752
12.0752
12.0752
12.0752
12.0752
12.0752
12.0752
12.0752
12.0752
12.0752
12.0752
12.0752
12.0752
12.0752
12.0752
12.0752
12.0752
12.0752
12.0752
12.0752
12.0752
12.0752
12.0752
12.0752
12.0752
12.0752
12.0752
12.0752
12.0752
12.0752
12.0752
12.0752
12.0752
12.0752
12.0752
12.0752
12.0752
12.0752
12.0752
12.0752
12.0752
12.0752
12.0752
12.0752
12.0752
12.0752
12.0752
12.0752
12.0752
12.0752
12.0752
12.0752
12.0752
12.0752
12.0752
12.0752
12.0752
12.0752
12.0752
12.0752
12.0752
12.0752
12.0752
12.0752
12.0752
12.0752
12.0752
12.0752
12.0752
12.0752
12.0752
12.0752
12.0752
12.0752
12.0752
12.0752
12.0752
12.0752
12.0752
12.0752
12.0752
12.0752
12.0752
12.0752
12.0752
12.0752
12.0752
12.0752
12.0752
12.0752
12.0752
12.0752
12.0752
12.0752
12.0752
12.0752
12.0752
12.0752
12.0752
12.0752
12.0752
12.0752
12.0752
12.0752
12.0752
12.0752
12.0752
12.0752
12.0752
12.0752
12.0752
12.0752
12.0752
12.0752
12.0752
12.0752
12.0752
12.0752
12.0752
12.0752
12.0752
12.0752
12.0752
12.0752
12.0752
12.0752
12.0752
12.0752
12.0752
12.0752
12.0752
12.0752
12.0752
12.0752
12.0752
12.0752
12.0752
12.0752
12.0752
12.0752
12.0752
12.0752
12.0752
12.0752
12.0752
12.0752
12.0752
12.0752
12.0752
12.0752
12.0752
12.0752
12.0752
12.0752
12.0752
12.0752
12.0752
12.0752
12.0752
12.0752
12.0752
12.0752
12.0752
12.0752
12.0752
12.0752
12.0752
12.0752
12.0752
12.0752
12.0752
12.0752
12.0752
12.0752
12.0752
12.0752
12.0752
12.0752
12.0752
12.0752
12.0752
12.0752
12.0752
12.0752
12.0752
12.0752
12.0752
12.0752
12.0752
12.0752
12.0752
12.0752
12.0752
12.0752
12.0752
12.0752
12.0752
12.0752
12.0752
12.0752
12.0752
12.0752
12.0752
12.0752
12.0752
12.0752
12.0752
12.0752
12.0752
12.0752
12.0752
12.0752
12.0752
12.0752
12.0752
12.0752
12.0752
12.0752
12.0752
12.0752
12.0752
12.0752
12.0752
12.0752
12.0752
12.0752
12.0752
12.0752
12.0752
12.0752
12.0752
12.0752
12.0752
0.30021
0.300243
0.300704
0.300806
0.300539
0.300479
0.300502
0.300265
0.30029
0.299928
0.300216
0.300134
0.299818
0.299904
0.300116
0.300289
0.300333
0.300238
0.300488
0.30066
0.300827
0.300887
0.301037
0.301244
0.30125
0.301108
0.301114
0.300851
0.300775
0.300758
0.300692
0.300597
0.300489
0.300411
0.300463
0.300521
0.300365
0.300221
0.300185
0.30035
0.300507
0.300528
0.300541
0.300554
0.300512
0.300519
0.300315
0.300252
0.300342
0.300449
0.300387
0.300246
0.300118
0.300147
0.300231
0.300194
0.300178
0.300179
0.30012
0.300241
0.300459
0.300363
0.300405
0.300322
0.3002
0.300203
0.300136
0.300082
0.300036
0.299936
0.299899
0.299926
0.300049
0.300157
0.30018
0.300072
0.300133
0.300153
0.300175
0.300159
0.300114
0.300091
0.299996
0.299933
0.299925
0.299972
0.300007
0.300128
0.300122
0.300058
0.300049
0.300144
0.300199
0.300182
0.300113
0.300074
0.300145
0.30015
0.300111
0.300166
0.300166
0.300268
0.300295
0.300354
0.300362
0.300269
0.300216
0.300234
0.300283
0.300239
0.300392
0.300423
0.300405
0.300309
0.300265
0.300216
0.300217
0.3002
0.300107
0.300048
0.300062
0.300069
0.300055
0.300113
0.300118
0.300161
0.300129
0.300121
0.300114
0.300163
0.300175
0.300202
0.30019
0.300173
0.3002
0.300168
0.300145
0.300177
0.300161
0.300095
0.30007
0.300108
0.300136
0.300108
0.300055
0.299964
0.29996
0.299965
0.299912
0.299903
0.299878
0.299826
0.29982
0.299843
0.29986
0.299874
0.299902
0.29992
0.299966
0.299961
0.299908
0.299973
0.3
0.300039
0.300011
0.299957
0.299945
0.300044
0.300152
0.299961
0.299836
0.299994
0.299996
0.299982
0.299984
0.2999
0.299659
0.299716
0.299891
0.300075
0.300191
0.300274
0.300302
0.300252
0.300161
0.300294
0.300266
0.30072
0.300933
0.301004
0.301245
0.301359
0.301437
0.301691
0.301975
0.30228
0.302381
0.302487
0.302595
0.302667
0.303058
0.303546
0.303772
0.303812
0.304009
0.30434
0.304386
0.304606
0.304904
0.305154
0.305359
0.305564
0.305468
0.30546
0.305089
0.304801
0.30455
0.304655
0.304646
0.304558
0.304577
0.304743
0.304708
0.304708
0.30488
0.30513
0.30519
0.305647
0.305606
0.305689
0.305517
0.305633
0.305745
0.305851
0.305967
0.305881
0.30611
0.306122
0.305987
0.305749
0.305625
0.305674
0.305565
0.305872
0.306079
0.306202
0.306489
0.306575
0.306727
0.306832
0.307097
0.307014
0.307187
0.307206
0.307383
0.307471
0.30721
0.30713
0.307001
0.30671
0.306253
0.306136
0.306216
0.306435
0.306667
0.306853
0.306751
0.306699
0.306746
0.306703
0.306546
0.306417
0.306184
0.305932
0.305621
0.305336
0.305098
0.304871
0.304656
0.304506
0.30409
0.303574
0.303282
0.303101
0.303026
0.302889
0.302693
0.30251
0.302294
0.301882
0.301624
0.301312
0.300826
0.300594
0.300494
0.30046
0.300296
0.300169
0.300123
0.300052
0.300017
0.300045
0.300151
0.300144
0.300127
0.300003
0.299988
0.299906
0.299848
0.299844
0.299925
0.299883
0.299879
0.299911
0.299939
0.299948
0.299942
0.299921
0.299898
0.299881
0.299895
0.299898
0.299917
0.299943
0.299955
0.299938
0.299909
0.299934
0.299972
0.299962
0.299905
0.299909
0.299944
0.299971
0.299965
0.299976
0.299987
0.3
0.300009
0.300023
0.300043
0.300051
0.300041
0.300032
0.300041
0.300044
0.300073
0.300051
0.300069
0.300075
0.300153
0.300197
0.300191
0.300195
0.300285
0.300296
0.300252
0.300192
0.300144
0.300123
0.300101
0.300167
0.300148
0.300213
0.300185
0.300172
0.300105
0.300082
0.300175
0.300257
0.300157
0.300074
0.300083
0.300232
0.300247
0.300181
0.300153
0.300313
0.300214
0.300345
0.300343
0.300425
0.300572
0.300684
0.300716
0.300773
0.300794
0.300673
0.300785
0.300837
0.300822
0.300835
0.3008
0.30076
0.300778
0.300891
0.300984
0.300952
0.300841
0.300796
0.300724
0.300663
0.300604
0.300483
0.30056
0.300582
0.300576
0.300395
0.300231
0.300135
0.300097
0.30005
0.300055
0.300099
0.3001
0.300071
0.300143
0.300186
0.300251
0.300178
0.300233
0.300309
0.300136
0.30002
0.299975
0.299999
0.300029
0.299922
0.299932
0.299983
0.299922
0.299933
0.299992
0.300034
0.300151
0.300134
0.300139
0.300189
0.300287
0.300415
0.300369
0.300277
0.300277
0.300304
0.300271
0.300392
0.300511
0.300391
0.300192
0.300219
0.300329
0.300403
0.300255
0.300263
0.300345
0.300251
0.300198
0.300176
0.299373
0.299372
0.29941
0.299446
0.299435
0.299464
0.299669
0.299865
0.300169
0.300536
0.300542
0.300429
0.300357
0.300524
0.300545
0.300562
0.300546
0.300533
0.300712
0.300721
0.300695
0.300597
0.300512
0.300622
0.300654
0.300669
0.300497
0.300736
0.300722
0.300453
0.300238
0.300141
0.299965
0.299803
0.299645
0.299541
0.299418
0.299185
0.299131
0.299224
0.299334
0.299576
0.299589
0.299739
0.299868
0.299965
0.300013
0.300256
0.300212
0.299969
0.300055
0.300101
0.299958
0.299675
0.299611
0.299602
0.299586
0.299549
0.299601
0.299531
0.299471
0.299676
0.299618
0.29952
0.299396
0.299391
0.299333
0.299223
0.299236
0.299349
0.299374
0.299666
0.300033
0.300161
0.300202
0.300183
0.300092
0.300177
0.300023
0.300035
0.300139
0.300189
0.300184
0.300138
0.300056
0.300007
0.30002
0.299929
0.299687
0.29954
0.29949
0.29952
0.299484
0.299647
0.299849
0.300082
0.300211
0.300274
0.300328
0.300437
0.300399
0.300245
0.300027
0.299874
0.299778
0.299668
0.299673
0.299648
0.299538
0.299686
0.29977
0.299729
0.299716
0.29975
0.299803
0.299799
0.299828
0.299817
0.299829
0.299882
0.2999
0.299896
0.29982
0.299808
0.299724
0.299669
0.299693
0.299761
0.299806
0.299924
0.29998
0.300113
0.300118
0.299915
0.299726
0.29952
0.299548
0.299495
0.299444
0.299518
0.299571
0.299824
0.299938
0.300167
0.300427
0.300556
0.300333
0.300146
0.300081
0.30009
0.30009
0.300028
0.299838
0.29984
0.299914
0.299978
0.300062
0.300179
0.300285
0.300274
0.300115
0.300149
0.300073
0.299967
0.29998
0.300052
0.300109
0.300166
0.300149
0.300121
0.30013
0.300145
0.300021
0.299934
0.299862
0.299817
0.299925
0.299923
0.29989
0.299898
0.299912
0.299952
0.299992
0.299969
0.299993
0.300006
0.300001
0.300039
0.300039
0.299999
0.299991
0.300007
0.300056
0.300144
0.300276
0.300199
0.300212
0.300187
0.300116
0.300123
0.300176
0.300063
0.300041
0.300112
0.300151
0.300117
0.300024
0.299961
0.30002
0.300043
0.300019
0.300036
0.300027
0.300056
0.300134
0.300054
0.300009
0.30001
0.300101
0.300212
0.30018
0.300158
0.300101
0.300033
0.300043
0.29999
0.299926
0.299924
0.299967
0.300025
0.300046
0.299992
0.300002
0.300041
0.300066
0.300104
0.300088
0.300025
0.299925
0.299965
0.299952
0.299991
0.300014
0.3
0.299968
0.299947
0.299959
0.300019
0.300096
0.300197
0.30012
0.300109
0.300094
0.300106
0.300059
0.30002
0.300052
0.300108
0.300144
0.300071
0.300021
0.30005
0.300041
0.299978
0.299968
0.299993
0.300031
0.300101
0.300098
0.300062
0.300039
0.300023
0.299984
0.300007
0.300019
0.300074
0.300064
0.300052
0.300058
0.300032
0.300047
0.300045
0.300035
0.300011
0.299993
0.300003
0.300022
0.300052
0.30008
0.300081
0.300059
0.300035
0.300003
0.29998
0.29999
0.300015
0.300031
0.300034
0.30004
0.300057
0.300065
0.300062
0.300064
0.300065
0.300051
0.300061
0.300069
0.300057
0.300051
0.300037
0.300034
0.30004
0.300045
0.300049
0.300038
0.300044
0.300032
0.30002
0.3
0.299989
0.299985
0.299996
0.3
0.300002
0.300006
0.300007
0.300003
0.3
0.3
0.299998
0.299986
0.299985
0.299982
0.299972
0.299972
0.299982
0.299987
0.299986
0.299983
0.299975
0.299962
0.299955
0.29994
0.299915
0.299924
0.299943
0.299892
0.299902
0.299935
0.299871
0.299898
0.299957
0.299931
0.299872
0.299812
0.29983
0.299857
0.299855
0.299855
0.299919
0.299982
0.299963
0.299927
0.299873
0.299897
0.299924
0.299911
0.299842
0.299848
0.29986
0.299864
0.299942
0.299966
0.299949
0.29999
0.300032
0.300028
0.300021
0.299967
0.299916
0.299942
0.299888
0.299739
0.299663
0.299747
0.299778
0.29969
0.299645
0.299615
0.299619
0.299765
0.299811
0.299841
0.299952
0.299969
0.299896
0.299974
0.299969
0.299882
0.299706
0.299579
0.299448
0.29944
0.29942
0.299434
0.299594
0.299726
0.2998
0.299778
0.299727
0.299751
0.299704
0.299715
0.299877
0.299912
0.299789
0.299655
0.299466
0.299406
0.299404
0.299298
0.299182
0.299062
0.299153
0.29927
0.299215
0.299266
0.299401
0.299491
0.299338
0.299329
0.299495
0.299649
0.299681
0.299673
0.299794
0.299928
0.300147
0.300332
0.300372
0.300344
0.300269
0.300304
0.300377
0.300479
0.300598
0.300482
0.300425
0.300339
0.300221
0.300254
0.300287
0.300207
0.300377
0.300243
0.300228
0.300287
0.300391
0.300368
0.300387
0.300388
0.30037
0.300281
0.300314
0.300419
0.300447
0.300475
0.300448
0.300334
0.300282
0.300371
0.30041
0.300425
0.300578
0.300676
0.300754
0.30086
0.300947
0.300941
0.300952
0.256597
0.301099
0.301273
0.301299
0.301142
0.301239
0.301388
0.301314
0.301259
0.301261
0.301266
0.301242
0.301337
0.301297
0.301243
0.30119
0.301146
0.301106
0.301107
0.301116
0.301022
0.301063
0.301146
0.301111
0.301091
0.301109
0.301121
0.301134
0.301201
0.301259
0.30136
0.301302
0.301221
0.269847
0.30123
0.301286
0.301263
0.3012
0.301085
0.301112
0.301154
0.301248
0.301328
0.301335
0.301326
0.301406
0.30142
0.301375
0.30128
0.301197
0.301027
0.300827
0.300795
0.30068
0.30052
0.300331
0.300223
0.300114
0.300089
0.299996
0.299969
0.299961
0.299963
0.300026
0.299909
0.29985
0.299814
0.299823
0.299722
0.299632
0.299547
0.299466
0.299487
0.299498
0.299578
0.299655
0.29972
0.299672
0.299677
0.299723
0.299775
0.299879
0.299886
0.29989
0.299851
0.299831
0.299874
0.299871
0.299834
0.299768
0.299698
0.299571
0.299581
0.299656
0.299795
0.299825
0.29986
0.299932
0.299994
0.300031
0.300024
0.29997
0.299954
0.299945
0.299803
0.299708
0.299669
0.299735
0.299719
0.299737
0.299749
0.299768
0.299864
0.299841
0.299899
0.29984
0.299833
0.299779
0.299727
0.2997
0.299738
0.299791
0.29983
0.299879
0.299873
0.299859
0.299843
0.299808
0.299743
0.29963
0.299671
0.29972
0.299737
0.299761
0.299801
0.299839
0.299863
0.299856
0.299793
0.29975
0.299729
0.299754
0.299808
0.299845
0.299843
0.29986
0.299891
0.299913
0.299881
0.299869
0.299889
0.299868
0.299872
0.299903
0.299893
0.299858
0.29983
0.299866
0.299831
0.299816
0.299807
0.299879
0.299913
0.29989
0.299934
0.299956
0.299962
0.299961
0.299967
0.299958
0.299941
0.299929
0.299917
0.299921
0.299896
0.29988
0.299898
0.299888
0.299864
0.299874
0.299898
0.299927
0.299942
0.299927
0.299919
0.299919
0.299896
0.299878
0.299823
0.299803
0.299821
0.299895
0.299942
0.300012
0.300072
0.300103
0.300064
0.300065
0.300044
0.299985
0.299994
0.29997
0.299929
0.299922
0.299885
0.299885
0.299865
0.299828
0.299825
0.299828
0.299855
0.299886
0.299917
0.299902
0.299847
0.299822
0.299784
0.299748
0.299752
0.299787
0.299696
0.299632
0.299647
0.299721
0.299747
0.299841
0.299927
0.299963
0.299956
0.299922
0.299906
0.299908
0.299938
0.299916
0.299948
0.299973
0.300032
0.300067
0.300091
0.300093
0.300067
0.300033
0.299977
0.299928
0.299931
0.299947
0.299948
0.299967
0.299985
0.299991
0.300008
0.300024
0.299986
0.299957
0.299923
0.299873
0.299826
0.299823
0.29984
0.299864
0.299865
0.299859
0.299879
0.299882
0.299883
0.299866
0.299891
0.299915
0.299922
0.299917
0.29992
0.299941
0.299949
0.299949
0.299956
0.299959
0.299958
0.299958
0.299953
0.299938
0.299947
0.299944
0.299951
0.29996
0.299954
0.299956
0.299959
0.29996
0.299971
0.299981
0.299988
0.299995
0.299997
0.299996
0.299992
0.299997
0.300002
0.300003
0.300004
0.300005
0.300006
0.300008
0.30001
0.300011
0.300012
0.300013
0.300011
0.300008
0.300006
0.300004
0.300002
0.299997
0.29999
0.299981
0.299984
0.29998
0.299941
0.299946
0.299949
0.299938
0.299931
0.299939
0.299949
0.299965
0.299977
0.299982
0.29998
0.299971
0.29997
0.299954
0.299959
0.299959
0.299934
0.299949
0.299947
0.299943
0.299946
0.299941
0.299933
0.299926
0.299923
0.299942
0.299944
0.299925
0.299907
0.299909
0.299921
0.299931
0.299944
0.299964
0.299974
0.299975
0.299982
0.299987
0.299989
0.29999
0.299984
0.299973
0.299962
0.299958
0.29997
0.299967
0.299972
0.299981
0.299969
0.29997
0.299969
0.299962
0.299954
0.299955
0.299965
0.299969
0.299969
0.299976
0.299982
0.299983
0.299983
0.299977
0.299974
0.299967
0.299962
0.299949
0.299932
0.299931
0.299942
0.299939
0.299911
0.299897
0.299908
0.29989
0.299868
0.299853
0.29986
0.299849
0.299828
0.299813
0.299776
0.299806
0.299826
0.299837
0.299868
0.299886
0.299888
0.299878
0.299882
0.299904
0.299905
0.299905
0.299863
0.299852
0.299738
0.299657
0.299651
0.299751
0.299816
0.299816
0.299805
0.299791
0.299834
0.29987
0.299877
0.299891
0.299817
0.299728
0.299624
0.299668
0.29969
0.299664
0.299653
0.299705
0.299775
0.299795
0.299812
0.299843
0.299879
0.299858
0.299824
0.299786
0.299667
0.299436
0.299365
0.299377
0.299387
0.299397
0.299457
0.2995
0.299447
0.299429
0.299451
0.29957
0.299658
0.299712
0.299822
0.299905
0.299953
0.300074
0.300237
0.300241
0.300295
0.30027
0.300336
0.30041
0.30044
0.300442
0.300467
0.300466
0.300427
0.300407
0.300408
0.300412
0.30042
0.30047
0.300485
0.300476
0.300522
0.300566
0.300584
0.300589
0.30055
0.300541
0.300509
0.300514
0.300504
0.300509
0.300535
0.30057
0.300581
0.300625
0.300747
0.300778
0.300783
0.300861
0.300914
0.30097
0.300978
0.30094
0.300864
0.300827
0.300849
0.300776
0.300785
0.300735
0.300679
0.300712
0.300732
0.300792
0.300843
0.300782
0.300779
0.300869
0.300935
0.300844
0.300907
0.301005
0.301042
0.301109
0.301191
0.301263
0.301304
0.301284
0.301249
0.301264
0.301207
0.301207
0.298228
0.298145
0.298168
0.298133
0.298198
0.298339
0.298412
0.29853
0.298501
0.298476
0.298343
0.298312
0.298306
0.298274
0.298297
0.298341
0.298308
0.2983
0.298266
0.298356
0.298437
0.298597
0.298726
0.298857
0.298937
0.298983
0.299112
0.299162
0.29928
0.2994
0.29953
0.299629
0.299771
0.299883
0.299955
0.300005
0.300058
0.300134
0.300142
0.300122
0.300136
0.300173
0.300188
0.300185
0.300154
0.300176
0.300191
0.300179
0.300167
0.30017
0.300165
0.300156
0.300143
0.300141
0.300153
0.300162
0.300161
0.300158
0.300163
0.300198
0.30021
0.300202
0.300188
0.300181
0.30018
0.300189
0.300187
0.300173
0.300166
0.300173
0.300171
0.300173
0.30018
0.30019
0.300183
0.300183
0.300187
0.300189
0.300185
0.300181
0.30018
0.300182
0.30018
0.300178
0.300177
0.300171
0.300166
0.300167
0.300194
0.300192
0.300186
0.300187
0.300184
0.300162
0.300156
0.300153
0.300148
0.300141
0.300125
0.300118
0.300111
0.300093
0.30009
0.300075
0.300068
0.300058
0.300046
0.300038
0.30003
0.300023
0.300008
0.299996
0.299993
0.299993
0.299989
0.299983
0.299982
0.299987
0.299991
0.299986
0.299981
0.299981
0.299983
0.299987
0.300006
0.300014
0.300023
0.300028
0.300031
0.300035
0.300038
0.300036
0.300031
0.300033
0.300032
0.300017
0.300009
0.300003
0.299995
0.300008
0.300013
0.300008
0.300006
0.300011
0.299994
0.299945
0.29993
0.299929
0.299919
0.299868
0.299885
0.29982
0.299815
0.299781
0.299822
0.299851
0.29986
0.299836
0.299811
0.299769
0.299722
0.299768
0.299804
0.299822
0.299862
0.299868
0.299914
0.299919
0.299855
0.299857
0.299872
0.29989
0.299905
0.299866
0.299837
0.299863
0.299724
0.299638
0.299693
0.299669
0.299657
0.299658
0.299691
0.299682
0.299643
0.299631
0.299604
0.299591
0.29962
0.299686
0.299674
0.299701
0.299662
0.29962
0.299568
0.299496
0.299402
0.299283
0.299103
0.29897
0.299003
0.299156
0.299288
0.299281
0.299208
0.29909
0.299097
0.299112
0.299138
0.299225
0.299322
0.299462
0.299638
