-0.0702941
-0.0702941
-0.0702941
-0.0702941
-0.0702941
-0.0148691
-0.0148691
-0.0148691
-0.0148691
-0.0148691
0.302064
0.302064
0.302064
0.302064
0.302064
0.213922
0.213922
0.213922
0.213922
0.213922
0.236478
0.236478
0.236478
0.236478
0.236478
0.330615
0.330615
0.330615
0.330615
0.330615
0.0483021
0.0483021
0.0483021
0.0483021
0.0483021
0.0968982
0.0968982
0.0968982
0.0968982
0.0968982
0.254545
0.254545
0.254545
0.254545
0.254545
0.118543
0.118543
0.118543
0.118543
0.118543
-0.00617118
-0.00617118
-0.00617118
-0.00617118
-0.00617118
-0.22269
-0.22269
-0.22269
-0.22269
-0.22269
0.0124552
0.0124552
0.0124552
0.0124552
0.0124552
-0.0977268
-0.0977268
-0.0977268
-0.0977268
-0.0977268
0.0730626
0.0730626
0.0730626
0.0730626
0.0730626
0.110419
0.110419
0.110419
0.110419
0.110419
0.17194
0.17194
0.17194
0.17194
0.17194
-0.0205875
-0.0205875
-0.0205875
-0.0205875
-0.0205875
0.0498669
0.0498669
0.0498669
0.0498669
0.0498669
0.092094
0.092094
0.092094
0.092094
0.092094
-0.182859
-0.182859
-0.182859
-0.182859
-0.182859
-0.119144
-0.119144
-0.119144
-0.119144
-0.119144
0.0603513
0.0603513
0.0603513
0.0603513
0.0603513
0.019096
0.019096
0.019096
0.019096
0.019096
-0.00338455
-0.00338455
-0.00338455
-0.00338455
-0.00338455
-0.0874318
-0.0874318
-0.0874318
-0.0874318
-0.0874318
0.147715
0.147715
0.147715
0.147715
0.147715
0.123367
0.123367
0.123367
0.123367
0.123367
0.0492493
0.0492493
0.0492493
0.0492493
0.0492493
-0.136667
-0.136667
-0.136667
-0.136667
-0.136667
-0.0601024
-0.0601024
-0.0601024
-0.0601024
-0.0601024
0.0047942
0.0047942
0.0047942
0.0047942
0.0047942
0.129504
0.129504
0.129504
0.129504
0.129504
0.237415
0.237415
0.237415
0.237415
0.237415
0.254386
0.254386
0.254386
0.254386
0.254386
0.16769
0.16769
0.16769
0.16769
0.16769
0.110116
0.110116
0.110116
0.110116
0.110116
0.00535259
0.00535259
0.00535259
0.00535259
0.00535259
-0.00324225
-0.00324225
-0.00324225
-0.00324225
-0.00324225
0.196955
0.196955
0.196955
0.196955
0.196955
0.109492
0.109492
0.109492
0.109492
0.109492
0.100584
0.100584
0.100584
0.100584
0.100584
0.163519
0.163519
0.163519
0.163519
0.163519
0.174905
0.174905
0.174905
0.174905
0.174905
0.105861
0.105861
0.105861
0.105861
0.105861
0.0770394
0.0770394
0.0770394
0.0770394
0.0770394
0.13758
0.13758
0.13758
0.13758
0.13758
0.11107
0.11107
0.11107
0.11107
0.11107
0.0417164
0.0417164
0.0417164
0.0417164
0.0417164
-0.0367481
-0.0367481
-0.0367481
-0.0367481
-0.0367481
0.0975052
0.0975052
0.0975052
0.0975052
0.0975052
0.032104
0.032104
0.032104
0.032104
0.032104
0.0551272
0.0551272
0.0551272
0.0551272
0.0551272
0.173165
0.173165
0.173165
0.173165
0.173165
0.0960703
0.0960703
0.0960703
0.0960703
0.0960703
0.179498
0.179498
0.179498
0.179498
0.179498
-0.0738152
-0.0738152
-0.0738152
-0.0738152
-0.0738152
0.00465708
0.00465708
0.00465708
0.00465708
0.00465708
0.138429
0.138429
0.138429
0.138429
0.138429
0.0642767
0.0642767
0.0642767
0.0642767
0.0642767
0.00874241
0.00874241
0.00874241
0.00874241
0.00874241
0.175192
0.175192
0.175192
0.175192
0.175192
0.273164
0.273164
0.273164
0.273164
0.273164
0.274608
0.274608
0.274608
0.274608
0.274608
0.177393
0.177393
0.177393
0.177393
0.177393
0.0717647
0.0717647
0.0717647
0.0717647
0.0717647
0.24346
0.24346
0.24346
0.24346
0.24346
0.14626
0.14626
0.14626
0.14626
0.14626
0.262693
0.262693
0.262693
0.262693
0.262693
0.125496
0.125496
0.125496
0.125496
0.125496
0.137597
0.137597
0.137597
0.137597
0.137597
0.139707
0.139707
0.139707
0.139707
0.139707
0.169976
0.180459
0.180459
0.180459
0.180459
0.180459
0.180459
0.304213
0.304213
0.304213
0.304213
0.304213
0.275576
0.275576
0.275576
0.275576
0.275576
0.136788
0.136788
0.136788
0.136788
0.136788
0.0387371
0.0387371
0.0387371
0.0387371
0.0387371
0.273597
0.273597
0.273597
0.273597
0.273597
0.417076
0.417076
0.417076
0.417076
0.417076
0.0629067
0.0629067
0.0629067
0.0629067
0.0629067
0.178577
0.178577
0.178577
0.178577
0.178577
-0.0680163
-0.0680163
-0.0680163
-0.0680163
-0.0680163
0.091786
0.091786
0.091786
0.091786
0.091786
0.119763
0.119763
0.119763
0.119763
0.119763
0.138241
0.138241
0.138241
0.138241
0.138241
0.0778252
0.0778252
0.0778252
0.0778252
0.0778252
0.144125
0.144125
0.144125
0.144125
0.144125
0.0950334
0.19585
0.19585
0.19585
0.19585
0.19585
0.19585
0.169871
0.169871
0.169871
0.169871
0.169871
0.177247
0.177247
0.177247
0.177247
0.177247
0.284691
0.284691
0.284691
0.284691
0.284691
0.138765
0.138765
0.138765
0.138765
0.138765
0.196689
0.196689
0.196689
0.196689
0.196689
0.166033
0.166033
0.166033
0.166033
0.166033
0.0745367
0.0745367
0.0745367
0.0745367
0.0745367
0.16267
0.16267
0.16267
0.16267
0.16267
0.220034
0.220034
0.220034
0.220034
0.220034
0.169964
0.169964
0.169964
0.169964
0.169964
0.151435
0.151435
0.151435
0.151435
0.151435
0.125178
0.125178
0.125178
0.125178
0.125178
0.159261
0.159261
0.159261
0.159261
0.159261
0.143671
0.143671
0.143671
0.143671
0.143671
0.169617
0.169617
0.169617
0.169617
0.169617
0.342999
0.342999
0.342999
0.342999
0.342999
0.0979008
0.0979008
0.0979008
0.0979008
0.0979008
0.152333
0.152333
0.152333
0.152333
0.152333
0.308573
0.308573
0.308573
0.308573
0.308573
0.0943357
0.0943357
0.0943357
0.0943357
0.0943357
0.270381
0.270381
0.270381
0.270381
0.270381
0.165823
0.165823
0.165823
0.165823
0.165823
0.106744
0.106744
0.106744
0.106744
0.106744
0.0117846
0.0117846
0.0117846
0.0117846
0.0117846
0.0665349
0.0665349
0.0665349
0.0665349
0.0665349
0.184464
0.184464
0.184464
0.184464
0.184464
0.234092
0.234092
0.234092
0.234092
0.234092
0.0556648
0.0556648
0.0556648
0.0556648
0.0556648
0.293306
0.293306
0.293306
0.293306
0.293306
0.265884
0.265884
0.265884
0.265884
0.265884
0.187033
0.187033
0.187033
0.187033
0.187033
0.0264134
0.0264134
0.0264134
0.0264134
0.0264134
0.105809
0.105809
0.105809
0.105809
0.105809
0.0454155
0.0454155
0.0454155
0.0454155
0.0454155
0.0999833
0.0999833
0.0999833
0.0999833
0.0999833
0.147236
0.147236
0.147236
0.147236
0.147236
0.0246703
0.0246703
0.0246703
0.0246703
0.0246703
0.194509
0.194509
0.194509
0.194509
0.194509
0.0910659
0.0910659
0.0910659
0.0910659
0.0910659
0.335701
0.335701
0.335701
0.335701
0.335701
0.0382828
0.0382828
0.0382828
0.0382828
0.0382828
0.240235
0.240235
0.240235
0.240235
0.240235
0.113351
0.113351
0.113351
0.113351
0.113351
0.178697
0.178697
0.178697
0.178697
0.178697
0.161046
0.161046
0.161046
0.161046
0.161046
-0.00820671
-0.00820671
-0.00820671
-0.00820671
-0.00820671
0.0707127
0.0707127
0.0707127
0.0707127
0.0707127
-0.0210655
-0.0210655
-0.0210655
-0.0210655
-0.0210655
0.171292
0.171292
0.171292
0.171292
0.171292
0.0560808
0.0560808
0.0560808
0.0560808
0.0560808
0.0352023
0.0352023
0.0352023
0.0352023
0.0352023
0.0568359
0.0568359
0.0568359
0.0568359
0.0568359
0.0571782
0.0571782
0.0571782
0.0571782
0.0571782
-0.0101892
-0.0101892
-0.0101892
-0.0101892
-0.0101892
0.146699
0.146699
0.146699
0.146699
0.146699
0.16549
0.16549
0.16549
0.16549
0.16549
0.0395504
0.0395504
0.0395504
0.0395504
0.0395504
0.0951271
0.0951271
0.0951271
0.0951271
0.0951271
0.18424
0.18424
0.18424
0.18424
0.18424
0.129197
0.129197
0.129197
0.129197
0.129197
0.188797
0.188797
0.188797
0.188797
0.188797
0.0601
0.0601
0.0601
0.0601
0.0601
0.212907
0.212907
0.212907
0.212907
0.212907
0.141357
0.141357
0.141357
0.141357
0.141357
0.105595
0.105595
0.105595
0.105595
0.105595
0.0698131
0.0698131
0.0698131
0.0698131
0.0698131
0.0678545
0.0678545
0.0678545
0.0678545
0.0678545
0.255031
0.255031
0.255031
0.255031
0.255031
-0.168804
-0.168804
-0.168804
-0.168804
-0.168804
0.0111181
0.0111181
0.0111181
0.0111181
0.0111181
-0.0162817
-0.0162817
-0.0162817
-0.0162817
-0.0162817
0.349996
0.349996
0.349996
0.349996
0.349996
0.0143167
0.0143167
0.0143167
0.0143167
0.0143167
0.123741
0.123741
0.123741
0.123741
0.123741
0.220303
0.220303
0.220303
0.220303
0.220303
0.0738258
0.0738258
0.0738258
0.0738258
0.0738258
0.100004
0.100004
0.100004
0.100004
0.100004
0.135478
0.135478
0.135478
0.135478
0.135478
0.0990229
0.0990229
0.0990229
0.0990229
0.0990229
-0.0145535
-0.0145535
-0.0145535
-0.0145535
-0.0145535
0.199466
0.199466
0.199466
0.199466
0.199466
0.254597
0.254597
0.254597
0.254597
0.254597
0.237221
0.237221
0.237221
0.237221
0.237221
0.165118
0.165118
0.165118
0.165118
0.165118
0.123071
0.123071
0.123071
0.123071
0.123071
0.0732995
0.0732995
0.0732995
0.0732995
0.0732995
-0.0399385
-0.0399385
-0.0399385
-0.0399385
-0.0399385
-0.0277933
-0.0277933
-0.0277933
-0.0277933
-0.0277933
-0.00455289
-0.00455289
-0.00455289
-0.00455289
-0.00455289
0.20884
0.20884
0.20884
0.20884
0.20884
-0.104819
-0.104819
-0.104819
-0.104819
-0.104819
0.074741
0.074741
0.074741
0.074741
0.074741
0.244992
0.244992
0.244992
0.244992
0.244992
0.184889
0.184889
0.184889
0.184889
0.184889
0.0517727
0.0517727
0.0517727
0.0517727
0.0517727
-0.0558824
-0.0558824
-0.0558824
-0.0558824
-0.0558824
0.0429962
0.0429962
0.0429962
0.0429962
0.0429962
0.0704255
0.0704255
0.0704255
0.0704255
0.0704255
0.137508
0.137508
0.137508
0.137508
0.137508
0.090048
0.090048
0.090048
0.090048
0.090048
0.0209721
0.0209721
0.0209721
0.0209721
0.0209721
0.246183
0.246183
0.246183
0.246183
0.246183
0.228467
0.228467
0.228467
0.228467
0.228467
-0.136274
-0.136274
-0.136274
-0.136274
-0.136274
0.0222501
0.0222501
0.0222501
0.0222501
0.0222501
0.0386433
0.0386433
0.0386433
0.0386433
0.0386433
0.220219
0.220219
0.220219
0.220219
0.220219
0.139208
0.139208
0.139208
0.139208
0.139208
0.0811121
0.0811121
0.0811121
0.0811121
0.0811121
0.0802342
0.0802342
0.0802342
0.0802342
0.0802342
0.0350235
0.0350235
0.0350235
0.0350235
0.0350235
0.244054
0.244054
0.244054
0.244054
0.244054
0.01852
0.01852
0.01852
0.01852
0.01852
0.204708
0.204708
0.204708
0.204708
0.204708
-0.0240942
-0.0240942
-0.0240942
-0.0240942
-0.0240942
0.0998426
0.0998426
0.0998426
0.0998426
0.0998426
0.0615383
0.0615383
0.0615383
0.0615383
0.0615383
0.162587
0.162587
0.162587
0.162587
0.162587
0.054707
0.054707
0.054707
0.054707
0.054707
0.127469
0.127469
0.127469
0.127469
0.127469
0.266552
0.266552
0.266552
0.266552
0.266552
0.235721
0.235721
0.235721
0.235721
0.235721
0.110304
0.110304
0.110304
0.110304
0.110304
0.0738435
0.0738435
0.0738435
0.0738435
0.0738435
0.259872
0.259872
0.259872
0.259872
0.259872
0.308185
0.308185
0.308185
0.308185
0.308185
0.0706224
0.0706224
0.0706224
0.0706224
0.0706224
0.232135
0.232135
0.232135
0.232135
0.232135
-0.0429031
-0.0429031
-0.0429031
-0.0429031
-0.0429031
0.155603
0.155603
0.155603
0.155603
0.155603
-0.0233486
-0.0233486
-0.0233486
-0.0233486
-0.0233486
0.0475522
0.0475522
0.0475522
0.0475522
0.0475522
0.046343
0.046343
0.046343
0.046343
0.046343
0.20986
0.20986
0.20986
0.20986
0.20986
0.0680896
0.0680896
0.0680896
0.0680896
0.0680896
0.132314
0.132314
0.132314
0.132314
0.132314
0.201661
0.201661
0.201661
0.201661
0.201661
0.19315
0.19315
0.19315
0.19315
0.19315
0.1659
0.1659
0.1659
0.1659
0.1659
0.0752335
0.0752335
0.0752335
0.0752335
0.0752335
0.157086
0.157086
0.157086
0.157086
0.157086
0.166955
0.166955
0.166955
0.166955
0.166955
0.182735
0.182735
0.182735
0.182735
0.182735
-0.0206671
-0.0206671
-0.0206671
-0.0206671
-0.0206671
0.0672622
0.0672622
0.0672622
0.0672622
0.0672622
0.0802431
0.0802431
0.0802431
0.0802431
0.0802431
0.1819
0.1819
0.1819
0.1819
0.1819
0.161731
0.161731
0.161731
0.161731
0.161731
0.249081
0.249081
0.249081
0.249081
0.249081
0.139136
0.139136
0.139136
0.139136
0.139136
0.0929826
0.0929826
0.0929826
0.0929826
0.0929826
0.148192
0.148192
0.148192
0.148192
0.148192
0.0818344
0.0818344
0.0818344
0.0818344
0.0818344
0.210965
0.210965
0.210965
0.210965
0.210965
0.146018
0.146018
0.146018
0.146018
0.146018
0.00396463
0.00396463
0.00396463
0.00396463
0.00396463
0.150562
0.150562
0.150562
0.150562
0.150562
0.334772
0.334772
0.334772
0.334772
0.334772
0.224674
0.224674
0.224674
0.224674
0.224674
0.275271
0.275271
0.275271
0.275271
0.275271
0.150311
0.150311
0.150311
0.150311
0.150311
-0.0941332
-0.0941332
-0.0941332
-0.0941332
-0.0941332
0.103435
0.103435
0.103435
0.103435
0.103435
0.197461
0.197461
0.197461
0.197461
0.197461
0.0420352
0.0420352
0.0420352
0.0420352
0.0420352
0.243223
0.243223
0.243223
0.243223
0.243223
0.00670248
0.00670248
0.00670248
0.00670248
0.00670248
0.247941
0.247941
0.247941
0.247941
0.247941
0.210164
0.210164
0.210164
0.210164
0.210164
-0.00926074
-0.00926074
-0.00926074
-0.00926074
-0.00926074
0.195225
0.195225
0.195225
0.195225
0.195225
-0.048212
-0.048212
-0.048212
-0.048212
-0.048212
0.304569
0.304569
0.304569
0.304569
0.304569
0.293691
0.293691
0.293691
0.293691
0.293691
0.270025
0.270025
0.270025
0.270025
0.270025
0.113326
0.113326
0.113326
0.113326
0.113326
0.235641
0.235641
0.235641
0.235641
0.235641
0.149233
0.149233
0.149233
0.149233
0.149233
0.0288026
0.0288026
0.0288026
0.0288026
0.0288026
0.01064
0.01064
0.01064
0.01064
0.01064
0.159833
0.159833
0.159833
0.159833
0.159833
0.107825
0.107825
0.107825
0.107825
0.107825
0.251761
0.251761
0.251761
0.251761
0.251761
0.0893134
0.0893134
0.0893134
0.0893134
0.0893134
0.251057
0.251057
0.251057
0.251057
0.251057
0.159605
0.159605
0.159605
0.159605
0.159605
0.218681
0.218681
0.218681
0.218681
0.218681
0.140925
0.140925
0.140925
0.140925
0.140925
0.226474
0.226474
0.226474
0.226474
0.226474
0.269794
0.269794
0.269794
0.269794
0.269794
0.338587
0.338587
0.338587
0.338587
0.338587
0.179189
0.179189
0.179189
0.179189
0.179189
0.230835
0.230835
0.230835
0.230835
0.230835
0.147906
0.147906
0.147906
0.147906
0.147906
0.18884
0.18884
0.18884
0.18884
0.18884
0.325545
0.325545
0.325545
0.325545
0.325545
0.133183
0.133183
0.133183
0.133183
0.133183
0.204613
0.204613
0.204613
0.204613
0.204613
0.0220073
0.0220073
0.0220073
0.0220073
0.0220073
0.11544
0.11544
0.11544
0.11544
0.11544
0.151707
0.151707
0.151707
0.151707
0.151707
0.286927
0.286927
0.286927
0.286927
0.286927
0.162478
0.162478
0.162478
0.162478
0.162478
0.173778
0.173778
0.173778
0.173778
0.173778
-0.0879977
-0.0879977
-0.0879977
-0.0879977
-0.0879977
0.124233
0.124233
0.124233
0.124233
0.124233
0.12452
0.12452
0.12452
0.12452
0.12452
0.244964
0.244964
0.244964
0.244964
0.244964
-0.0338969
-0.0338969
-0.0338969
-0.0338969
-0.0338969
0.114856
0.114856
0.114856
0.114856
0.114856
0.288978
0.288978
0.288978
0.288978
0.288978
0.129893
0.129893
0.129893
0.129893
0.129893
0.0839299
0.0839299
0.0839299
0.0839299
0.0839299
0.175105
0.175105
0.175105
0.175105
0.175105
0.116487
0.116487
0.116487
0.116487
0.116487
0.110502
0.110502
0.110502
0.110502
0.110502
0.0562119
0.0562119
0.0562119
0.0562119
0.0562119
0.160755
0.160755
0.160755
0.160755
0.160755
0.24472
0.24472
0.24472
0.24472
0.24472
-0.0937004
-0.0937004
-0.0937004
-0.0937004
-0.0937004
0.247534
0.247534
0.247534
0.247534
0.247534
0.142086
0.142086
0.142086
0.142086
0.142086
0.262829
0.262829
0.262829
0.262829
0.262829
0.355795
0.355795
0.355795
0.355795
0.355795
0.160913
0.160913
0.160913
0.160913
0.160913
0.118775
0.118775
0.118775
0.118775
0.118775
0.15066
0.15066
0.15066
0.15066
0.15066
0.181791
0.181791
0.181791
0.181791
0.181791
0.0114132
0.0114132
0.0114132
0.0114132
0.0114132
0.159651
0.159651
0.159651
0.159651
0.159651
0.107861
0.107861
0.107861
0.107861
0.107861
0.106864
0.106864
0.106864
0.106864
0.106864
0.181126
0.181126
0.181126
0.181126
0.181126
0.1624
0.1624
0.1624
0.1624
0.1624
0.0834632
0.0834632
0.0834632
0.0834632
0.0834632
0.299282
0.299282
0.299282
0.299282
0.299282
0.258519
0.258519
0.258519
0.258519
0.258519
0.0806273
0.0806273
0.0806273
0.0806273
0.0806273
0.0987095
0.0987095
0.0987095
0.0987095
0.0987095
0.122845
0.122845
0.122845
0.122845
0.122845
0.112894
0.112894
0.112894
0.112894
0.112894
0.221304
0.221304
0.221304
0.221304
0.221304
0.18485
0.18485
0.18485
0.18485
0.18485
0.281611
0.281611
0.281611
0.281611
0.281611
0.0287723
0.0287723
0.0287723
0.0287723
0.0287723
0.0973682
0.0973682
0.0973682
0.0973682
0.0973682
0.223193
0.223193
0.223193
0.223193
0.223193
0.0760882
0.0760882
0.0760882
0.0760882
0.0760882
0.0593013
0.0593013
0.0593013
0.0593013
0.0593013
0.0522968
0.0522968
0.0522968
0.0522968
0.0522968
0.129076
0.129076
0.129076
0.129076
0.129076
0.0808019
0.0808019
0.0808019
0.0808019
0.0808019
0.269961
0.269961
0.269961
0.269961
0.269961
0.268244
0.268244
0.268244
0.268244
0.268244
0.159477
0.159477
0.159477
0.159477
0.159477
0.00769988
0.00769988
0.00769988
0.00769988
0.00769988
0.0591702
0.0591702
0.0591702
0.0591702
0.0591702
-0.0903216
-0.0903216
-0.0903216
-0.0903216
-0.0903216
0.283034
0.283034
0.283034
0.283034
0.283034
0.159925
0.159925
0.159925
0.159925
0.159925
0.189713
0.189713
0.189713
0.189713
0.189713
0.169861
0.169861
0.169861
0.169861
0.169861
-0.089483
-0.089483
-0.089483
-0.089483
-0.089483
-0.0190378
-0.0190378
-0.0190378
-0.0190378
-0.0190378
0.0688503
0.0688503
0.0688503
0.0688503
0.0688503
0.171751
0.171751
0.171751
0.171751
0.171751
0.151222
0.151222
0.151222
0.151222
0.151222
-0.0294315
-0.0294315
-0.0294315
-0.0294315
-0.0294315
0.27392
0.27392
0.27392
0.27392
0.27392
0.175212
0.175212
0.175212
0.175212
0.175212
0.162498
0.162498
0.162498
0.162498
0.162498
0.135432
0.135432
0.135432
0.135432
0.135432
0.0622554
0.0622554
0.0622554
0.0622554
0.0622554
0.0913054
0.0913054
0.0913054
0.0913054
0.0913054
-0.0548202
-0.0548202
-0.0548202
-0.0548202
-0.0548202
0.0935731
0.0935731
0.0935731
0.0935731
0.0935731
0.332506
0.332506
0.332506
0.332506
0.332506
0.062999
0.062999
0.062999
0.062999
0.062999
0.170432
0.170432
0.170432
0.170432
0.170432
0.135563
0.135563
0.135563
0.135563
0.135563
0.237545
0.237545
0.237545
0.237545
0.237545
0.29119
0.29119
0.29119
0.29119
0.29119
0.354198
0.354198
0.354198
0.354198
0.354198
0.00859222
0.00859222
0.00859222
0.00859222
0.00859222
0.13389
0.0641855
0.0641855
0.0641855
0.0641855
0.0641855
0.0641855
0.124844
0.124844
0.124844
0.124844
0.124844
0.0348623
0.0348623
0.0348623
0.0348623
0.0348623
0.27367
0.27367
0.27367
0.27367
0.27367
0.0287593
0.0287593
0.0287593
0.0287593
0.0287593
0.0525734
0.0525734
0.0525734
0.0525734
0.0525734
-0.0341573
-0.0341573
-0.0341573
-0.0341573
-0.0341573
-0.00287019
-0.00287019
-0.00287019
-0.00287019
-0.00287019
0.033058
0.033058
0.033058
0.033058
0.033058
0.172023
0.172023
0.172023
0.172023
0.172023
0.0441381
0.0441381
0.0441381
0.0441381
0.0441381
0.0564293
0.0564293
0.0564293
0.0564293
0.0564293
-0.0335107
-0.0335107
-0.0335107
-0.0335107
-0.0335107
0.171122
0.171122
0.171122
0.171122
0.171122
0.0442865
0.0442865
0.0442865
0.0442865
0.0442865
-0.181122
-0.181122
-0.181122
-0.181122
-0.181122
0.129143
0.129143
0.129143
0.129143
0.129143
-0.0753906
-0.0753906
-0.0753906
-0.0753906
-0.0753906
0.114149
0.114149
0.114149
0.114149
0.114149
0.0209158
0.0209158
0.0209158
0.0209158
0.0209158
-0.102287
-0.102287
-0.102287
-0.102287
-0.102287
0.101626
0.101626
0.101626
0.101626
0.101626
0.00388613
0.00388613
0.00388613
0.00388613
0.00388613
-0.00814324
-0.00814324
-0.00814324
-0.00814324
-0.00814324
-0.0398977
-0.0398977
-0.0398977
-0.0398977
-0.0398977
-0.195227
-0.195227
-0.195227
-0.195227
-0.195227
-0.124935
-0.124935
-0.124935
-0.124935
-0.124935
-0.00101348
-0.00101348
-0.00101348
-0.00101348
-0.00101348
0.0914406
0.0914406
0.0914406
0.0914406
0.0914406
0.0256517
0.0256517
0.0256517
0.0256517
0.0256517
-0.0952356
-0.0952356
-0.0952356
-0.0952356
-0.0952356
0.013396
0.013396
0.013396
0.013396
0.013396
0.102647
0.102647
0.102647
0.102647
0.102647
-0.0288581
-0.0288581
-0.0288581
-0.0288581
-0.0288581
0.00750203
0.00750203
0.00750203
0.00750203
0.00750203
0.0859242
0.0859242
0.0859242
0.0859242
0.0859242
0.0494712
0.0494712
0.0494712
0.0494712
0.0494712
0.114443
0.114443
0.114443
0.114443
0.114443
0.013996
0.013996
0.013996
0.013996
0.013996
-0.105055
-0.105055
-0.105055
-0.105055
-0.105055
-0.0480812
-0.0480812
-0.0480812
-0.0480812
-0.0480812
-0.0050727
-0.0050727
-0.0050727
-0.0050727
-0.0050727
-0.0692906
-0.0692906
-0.0692906
-0.0692906
-0.0692906
-0.0581226
-0.0581226
-0.0581226
-0.0581226
-0.0581226
-0.103689
-0.103689
-0.103689
-0.103689
-0.103689
-0.00786722
-0.00786722
-0.00786722
-0.00786722
-0.00786722
-0.0937842
-0.0937842
-0.0937842
-0.0937842
-0.0937842
-0.163506
-0.163506
-0.163506
-0.163506
-0.163506
-0.0495573
-0.0495573
-0.0495573
-0.0495573
-0.0495573
-0.0692614
-0.0692614
-0.0692614
-0.0692614
-0.0692614
-0.247732
-0.247732
-0.247732
-0.247732
-0.247732
-0.162363
-0.162363
-0.162363
-0.162363
-0.162363
0.0320701
0.0320701
0.0320701
0.0320701
0.0320701
-0.134173
-0.134173
-0.134173
-0.134173
-0.134173
-0.276723
-0.276723
-0.276723
-0.276723
-0.276723
-0.208912
-0.208912
-0.208912
-0.208912
-0.208912
-0.189144
-0.189144
-0.189144
-0.189144
-0.189144
-0.174156
-0.174156
-0.174156
-0.174156
-0.174156
0.0855807
0.0855807
0.0855807
0.0855807
0.0855807
-0.120708
-0.120708
-0.120708
-0.120708
-0.120708
-0.0443111
-0.0443111
-0.0443111
-0.0443111
-0.0443111
-0.148509
-0.148509
-0.148509
-0.148509
-0.148509
-0.240928
-0.240928
-0.240928
-0.240928
-0.240928
-0.0836658
-0.0836658
-0.0836658
-0.0836658
-0.0836658
-0.0979827
-0.0979827
-0.0979827
-0.0979827
-0.0979827
-0.0993209
-0.0993209
-0.0993209
-0.0993209
-0.0993209
-0.119395
-0.119395
-0.119395
-0.119395
-0.119395
-0.196211
-0.196211
-0.196211
-0.196211
-0.196211
-0.144039
-0.144039
-0.144039
-0.180978
-0.180978
-0.180978
-0.180978
-0.159753
-0.159753
-0.159753
-0.159753
-0.159753
-0.30476
-0.30476
-0.30476
-0.30476
-0.30476
-0.0815722
-0.0815722
-0.0815722
-0.0815722
-0.0815722
-0.170279
-0.170279
-0.170279
-0.170279
-0.170279
-0.155886
-0.155886
-0.155886
-0.155886
-0.155886
0.0261924
0.0261924
0.0261924
0.0261924
0.0261924
-0.0686618
-0.0686618
-0.0686618
-0.0686618
-0.0686618
-0.325233
-0.325233
-0.325233
-0.325233
-0.325233
-0.18455
-0.18455
-0.18455
-0.18455
-0.18455
-0.243255
-0.243255
-0.243255
-0.243255
-0.243255
-0.15331
-0.15331
-0.15331
-0.15331
-0.15331
-0.0977776
-0.0977776
-0.0977776
-0.0977776
-0.0977776
-0.131089
-0.131089
-0.131089
-0.131089
-0.131089
-0.0794517
-0.0794517
-0.0794517
-0.0794517
-0.0794517
0.231313
0.231313
0.231313
0.231313
0.231313
-0.179374
-0.179374
-0.179374
-0.179374
-0.179374
-0.0710583
-0.0710583
-0.0710583
-0.0710583
-0.0710583
-0.194958
-0.194958
-0.194958
-0.194958
-0.194958
-0.144478
-0.144478
-0.144478
-0.144478
-0.144478
-0.0783599
-0.0783599
-0.0783599
-0.0783599
-0.0783599
-0.0829934
-0.0829934
-0.0829934
-0.0829934
-0.0829934
0.00107532
0.00107532
0.00107532
0.00107532
0.00107532
-0.333977
-0.333977
-0.333977
-0.333977
-0.333977
-0.216469
-0.216469
-0.216469
-0.216469
-0.216469
-0.0332148
-0.0332148
-0.0332148
-0.0332148
-0.0332148
-0.234673
-0.234673
-0.234673
-0.234673
-0.234673
-0.14675
-0.14675
-0.14675
-0.14675
-0.14675
-0.0477412
-0.0477412
-0.0477412
-0.0477412
-0.0477412
-0.0752911
-0.0752911
-0.0752911
-0.0752911
-0.0752911
-0.154017
-0.154017
-0.154017
-0.154017
-0.154017
-0.16581
-0.16581
-0.16581
-0.16581
-0.16581
-0.301624
-0.301624
-0.301624
-0.301624
-0.301624
-0.153533
-0.153533
-0.153533
-0.153533
-0.153533
-0.0646994
-0.0646994
-0.0646994
-0.0646994
-0.0646994
0.0392222
0.0392222
0.0392222
0.0392222
0.0392222
-0.414844
-0.414844
-0.414844
-0.414844
-0.414844
-0.139775
-0.139775
-0.139775
-0.139775
-0.139775
-0.217028
-0.217028
-0.217028
-0.217028
-0.217028
-0.119776
-0.119776
-0.119776
-0.119776
-0.119776
-0.166745
-0.166745
-0.166745
-0.166745
-0.166745
-0.116449
-0.116449
-0.116449
-0.116449
-0.116449
-0.103851
-0.103851
-0.103851
-0.103851
-0.103851
0.0450164
0.0450164
0.0450164
0.0450164
0.0450164
-0.0751074
-0.0751074
-0.0751074
-0.0751074
-0.0751074
-0.0778547
-0.0778547
-0.0778547
-0.0778547
-0.0778547
-0.163635
-0.163635
-0.163635
-0.163635
-0.163635
-0.159316
-0.159316
-0.159316
-0.159316
-0.159316
-0.178817
-0.178817
-0.178817
-0.178817
-0.178817
-0.0661526
-0.0661526
-0.0661526
-0.0661526
-0.0661526
-0.140889
-0.140889
-0.140889
-0.140889
-0.140889
-0.203699
-0.203699
-0.203699
-0.203699
-0.203699
-0.00882178
-0.00882178
-0.00882178
-0.00882178
-0.00882178
0.00721264
0.00721264
0.00721264
0.00721264
0.00721264
-0.128714
-0.128714
-0.128714
-0.128714
-0.128714
-0.104428
-0.104428
-0.104428
-0.104428
-0.104428
0.044256
0.044256
0.044256
0.044256
0.044256
-0.0311047
-0.0311047
-0.0311047
-0.0311047
-0.0311047
-0.378915
-0.378915
-0.378915
-0.378915
-0.378915
-0.10785
-0.10785
-0.10785
-0.10785
-0.10785
-0.100723
-0.100723
-0.100723
-0.100723
-0.100723
-0.263521
-0.263521
-0.263521
-0.263521
-0.263521
-0.064511
-0.064511
-0.064511
-0.064511
-0.064511
-0.0395446
-0.0395446
-0.0395446
-0.0395446
-0.0395446
-0.344655
-0.344655
-0.344655
-0.344655
-0.344655
-0.16733
-0.16733
-0.16733
-0.16733
-0.16733
-0.14528
-0.14528
-0.14528
-0.14528
-0.14528
-0.175559
-0.175559
-0.175559
-0.175559
-0.175559
-0.0414909
-0.0414909
-0.0414909
-0.0414909
-0.0414909
-0.0671262
-0.0671262
-0.0671262
-0.0671262
0.0727705
0.0727705
0.0727705
-0.267174
-0.267174
-0.267174
-0.267174
-0.267174
-0.0915124
-0.0915124
-0.0915124
-0.0915124
-0.0915124
0.188507
0.188507
0.188507
0.188507
0.188507
-0.00871876
-0.00871876
-0.00871876
-0.00871876
-0.00871876
-0.176016
-0.176016
-0.176016
-0.176016
-0.176016
-0.0876674
-0.0876674
-0.0876674
-0.0876674
-0.0876674
0.0468592
0.0468592
0.0468592
0.0468592
0.0468592
-0.00200895
-0.00200895
-0.00200895
-0.00200895
-0.00200895
-0.20936
-0.20936
-0.20936
-0.20936
-0.20936
-0.116938
-0.116938
-0.116938
-0.116938
-0.116938
-0.198277
-0.198277
-0.198277
-0.198277
-0.198277
0.0573078
0.0573078
0.0573078
0.0573078
0.0573078
-0.189488
-0.189488
-0.189488
-0.189488
-0.189488
0.0205644
0.0205644
0.0205644
0.0205644
0.0205644
-0.0899408
-0.0899408
-0.0899408
-0.0899408
-0.0899408
-0.0683369
-0.0683369
-0.0683369
-0.0683369
-0.0683369
-0.103032
-0.103032
-0.103032
-0.103032
-0.103032
-0.0813503
-0.0813503
-0.0813503
-0.0813503
-0.0813503
-0.154015
-0.154015
-0.154015
-0.154015
-0.154015
-0.0687785
-0.0687785
-0.0687785
-0.0687785
-0.0687785
-0.179429
-0.179429
-0.179429
-0.179429
-0.179429
-0.044421
-0.044421
-0.044421
-0.044421
-0.044421
-0.0407763
-0.0407763
-0.0407763
-0.0407763
-0.0407763
-0.0811327
-0.0811327
-0.0811327
-0.0811327
-0.0811327
0.00238446
0.00238446
0.00238446
0.00238446
0.00238446
-0.241837
-0.241837
-0.241837
-0.241837
-0.241837
-0.0871121
-0.0871121
-0.0871121
-0.0871121
-0.0871121
0.0269221
0.0269221
0.0269221
0.0269221
0.0269221
0.050406
0.050406
0.050406
0.050406
0.050406
-0.229969
-0.229969
-0.229969
-0.229969
-0.229969
-0.0451828
-0.0451828
-0.0451828
-0.0451828
-0.0451828
-0.125418
-0.125418
-0.125418
-0.125418
-0.125418
-0.0974297
-0.0974297
-0.0974297
-0.0974297
-0.0974297
-0.106041
-0.106041
-0.106041
-0.106041
-0.106041
0.0845286
0.0845286
0.0845286
0.0845286
0.0845286
0.0371877
0.0371877
0.0371877
0.0371877
0.0371877
-0.031835
-0.031835
-0.031835
-0.031835
-0.031835
-0.0303896
-0.0303896
-0.0303896
-0.0303896
-0.0303896
0.0735692
0.0735692
0.0735692
0.0735692
0.0735692
-0.0863044
-0.0863044
-0.0863044
-0.0863044
-0.0863044
-0.0870735
-0.0870735
-0.0870735
-0.0870735
-0.0870735
0.0432618
0.0432618
0.0432618
0.0432618
0.0432618
-0.00206773
-0.00206773
-0.00206773
-0.00206773
-0.00206773
-0.207651
-0.207651
-0.207651
-0.207651
-0.207651
-0.0329301
-0.0329301
-0.0329301
-0.0329301
-0.0329301
-0.031996
-0.031996
-0.031996
-0.031996
-0.031996
-0.174895
-0.174895
-0.174895
-0.174895
-0.174895
-0.164162
-0.164162
-0.164162
-0.164162
-0.164162
-0.0847715
-0.0847715
-0.0847715
-0.0847715
-0.0847715
0.0471314
0.0471314
0.0471314
0.0471314
0.0471314
-0.0795565
-0.0795565
-0.0795565
-0.0795565
-0.0795565
-0.0248408
-0.0248408
-0.0248408
-0.0248408
-0.0248408
0.105834
0.105834
0.105834
0.105834
0.105834
-0.0961696
-0.0961696
-0.0961696
-0.0961696
-0.0961696
-0.138022
-0.138022
-0.138022
-0.138022
-0.138022
-0.0563152
-0.0563152
-0.0563152
-0.0563152
-0.0563152
-0.0749105
-0.0749105
-0.0749105
-0.0749105
-0.0749105
-0.0610235
-0.0610235
-0.0610235
-0.0610235
-0.0610235
-0.128061
-0.128061
-0.128061
-0.128061
-0.128061
-0.349236
-0.349236
-0.349236
-0.349236
-0.349236
-0.0225667
-0.0225667
-0.0225667
-0.0225667
-0.0225667
-0.192934
-0.192934
-0.192934
-0.192934
-0.192934
-0.0502346
-0.0502346
-0.0502346
-0.0502346
-0.0502346
-0.220344
-0.220344
-0.220344
-0.220344
-0.220344
-0.0490523
-0.0490523
-0.0490523
-0.0490523
-0.0490523
-0.0209844
-0.0209844
-0.0209844
-0.0209844
-0.0209844
-0.0222131
-0.0222131
-0.0222131
-0.0222131
-0.0222131
-0.225445
-0.225445
-0.225445
-0.225445
-0.225445
-0.0196368
-0.0196368
-0.0196368
-0.0196368
-0.0196368
-0.0311281
-0.0311281
-0.0311281
-0.0311281
-0.0311281
-0.226611
-0.226611
-0.226611
-0.226611
-0.226611
-0.159524
-0.159524
-0.159524
-0.159524
-0.159524
-0.158909
-0.158909
-0.158909
-0.158909
-0.158909
-0.0404874
-0.0404874
-0.0404874
-0.0404874
-0.0404874
-0.226121
-0.226121
-0.226121
-0.226121
-0.226121
-0.0870138
-0.0870138
-0.0870138
-0.0870138
-0.0870138
-0.102852
-0.102852
-0.102852
-0.102852
-0.102852
-0.238379
-0.238379
-0.238379
-0.238379
-0.238379
-0.114233
-0.114233
-0.114233
-0.114233
-0.114233
0.0730862
0.0730862
0.0730862
0.0730862
0.0730862
0.00871409
0.00871409
0.00871409
0.00871409
0.00871409
-0.136039
-0.136039
-0.136039
-0.136039
-0.136039
-0.22557
-0.22557
-0.22557
-0.22557
-0.22557
0.0174442
0.0174442
0.0174442
0.0174442
0.0174442
-0.0963148
-0.0963148
-0.0963148
-0.0963148
-0.0963148
-0.182073
-0.182073
-0.182073
-0.182073
-0.182073
-0.241591
-0.241591
-0.241591
-0.241591
-0.241591
-0.140914
-0.140914
-0.140914
-0.140914
-0.140914
-0.26068
-0.26068
-0.26068
-0.26068
-0.26068
-0.0116046
-0.0116046
-0.0116046
-0.0116046
-0.0116046
-0.0385413
-0.0385413
-0.0385413
-0.0385413
-0.0385413
-0.0949447
-0.0949447
-0.0949447
-0.0949447
-0.0949447
0.0148072
0.0148072
0.0148072
0.0148072
0.0148072
-0.172945
-0.172945
-0.172945
-0.172945
-0.172945
-0.109725
-0.109725
-0.109725
-0.109725
-0.109725
-0.231453
-0.231453
-0.231453
-0.231453
-0.231453
-0.10474
-0.10474
-0.10474
-0.10474
-0.10474
-0.23043
-0.23043
-0.23043
-0.23043
-0.23043
-0.0307355
-0.0307355
-0.0307355
-0.0307355
-0.0307355
-0.12678
-0.12678
-0.12678
-0.12678
-0.12678
-0.287472
-0.287472
-0.287472
-0.287472
-0.287472
-0.0939565
-0.0939565
-0.0939565
-0.0939565
-0.0939565
-0.137901
-0.137901
-0.137901
-0.137901
-0.137901
-0.100418
-0.100418
-0.100418
-0.100418
-0.100418
-0.307202
-0.307202
-0.307202
-0.307202
-0.307202
-0.136946
-0.136946
-0.136946
-0.136946
-0.136946
-0.156923
-0.156923
-0.156923
-0.156923
-0.156923
0.115948
0.115948
0.115948
0.115948
0.115948
-0.109022
-0.109022
-0.109022
-0.109022
-0.109022
-0.0768593
-0.0768593
-0.0768593
-0.0768593
-0.0768593
-0.0774386
-0.0774386
-0.0774386
-0.0774386
-0.0774386
-0.246174
-0.246174
-0.246174
-0.246174
-0.246174
-0.11752
-0.11752
-0.11752
-0.11752
-0.11752
-0.197432
-0.197432
-0.197432
-0.197432
-0.197432
-0.238416
-0.238416
-0.238416
-0.238416
-0.238416
-0.0782906
-0.0782906
-0.0782906
-0.0782906
-0.0782906
-0.215407
-0.215407
-0.215407
-0.215407
-0.215407
-0.247669
-0.247669
-0.247669
-0.247669
-0.247669
-0.0624206
-0.0624206
-0.0624206
-0.0624206
-0.0624206
0.0357223
0.0357223
0.0357223
0.0357223
0.0357223
-0.0499223
-0.0499223
-0.0499223
-0.0499223
-0.0499223
-0.116296
-0.116296
-0.116296
-0.116296
-0.116296
-0.23952
-0.23952
-0.23952
-0.23952
-0.23952
-0.0808698
-0.0808698
-0.0808698
-0.0808698
-0.0808698
-0.505613
-0.505613
-0.505613
-0.505613
-0.505613
-0.0786273
-0.0786273
-0.0786273
-0.0786273
-0.0786273
-0.236571
-0.236571
-0.236571
-0.236571
-0.236571
-0.272682
-0.272682
-0.272682
-0.272682
-0.272682
-0.114225
-0.114225
-0.114225
-0.114225
-0.114225
-0.163142
-0.163142
-0.163142
-0.163142
-0.163142
-0.272441
-0.272441
-0.272441
-0.272441
-0.272441
-0.264253
-0.264253
-0.264253
-0.264253
-0.264253
0.0178973
0.0178973
0.0178973
0.0178973
0.0178973
-0.11101
-0.11101
-0.11101
-0.11101
-0.11101
0.0410969
0.0410969
0.0410969
0.0410969
0.0410969
0.0566494
0.0566494
0.0566494
0.0566494
0.0566494
0.0514226
0.0514226
0.0514226
0.0514226
0.0514226
0.135678
0.135678
0.135678
0.135678
0.135678
-0.124496
-0.124496
-0.124496
-0.124496
-0.124496
0.000181966
0.000181966
0.000181966
0.000181966
0.000181966
-0.0764779
-0.0764779
-0.0764779
-0.0764779
-0.0764779
0.00611366
0.00611366
0.00611366
0.00611366
0.00611366
-0.194416
-0.194416
-0.194416
-0.194416
-0.194416
-0.194312
-0.194312
-0.194312
-0.194312
-0.194312
-0.103567
-0.103567
-0.103567
-0.103567
-0.103567
-0.222828
-0.222828
-0.222828
-0.222828
-0.222828
-0.0822438
-0.0822438
-0.0822438
-0.0822438
-0.0822438
-0.205234
-0.205234
-0.205234
-0.205234
-0.205234
-0.0204866
-0.0204866
-0.0204866
-0.0204866
-0.0204866
-0.397643
-0.397643
-0.397643
-0.397643
-0.397643
-0.352497
-0.352497
-0.352497
-0.352497
-0.352497
-0.0795167
-0.0795167
-0.0795167
-0.0795167
-0.0795167
-0.258753
-0.258753
-0.258753
-0.258753
-0.258753
-0.160826
-0.160826
-0.160826
-0.160826
-0.160826
-0.0758401
-0.0758401
-0.0758401
-0.0758401
-0.0758401
-0.370593
-0.370593
-0.370593
-0.370593
-0.370593
-0.0245328
-0.0245328
-0.0245328
-0.0245328
-0.0245328
0.0780911
0.0780911
0.0780911
0.0780911
0.0780911
-0.255287
-0.255287
-0.255287
-0.255287
-0.255287
-0.0682988
-0.0682988
-0.0682988
-0.0682988
-0.0682988
-0.0253497
-0.0253497
-0.0253497
-0.0253497
-0.0253497
-0.0169969
-0.0169969
-0.0169969
-0.0169969
-0.0169969
-0.23763
-0.23763
-0.23763
-0.23763
-0.23763
-0.244235
-0.244235
-0.244235
-0.244235
-0.244235
-0.194025
-0.194025
-0.194025
-0.194025
-0.194025
-0.0316217
-0.0316217
-0.0316217
-0.0316217
-0.0316217
-0.220492
-0.220492
-0.220492
-0.220492
-0.220492
0.0991769
0.0991769
0.0991769
0.0991769
0.0991769
-0.165329
-0.102469
-0.102469
-0.102469
-0.102469
-0.102469
-0.102469
-0.0612233
-0.0612233
-0.0612233
-0.0612233
-0.204166
-0.204166
-0.204166
-0.204166
-0.204166
-0.204166
-0.148466
-0.148466
-0.148466
-0.148466
-0.148466
-0.13788
-0.13788
-0.13788
-0.13788
-0.13788
-0.234317
-0.234317
-0.234317
-0.234317
-0.234317
0.0181567
0.0181567
0.0181567
0.0181567
0.0181567
-0.146192
-0.146192
-0.146192
-0.146192
-0.146192
-0.32891
-0.32891
-0.32891
-0.32891
-0.32891
-0.0984466
-0.0984466
-0.0984466
-0.0984466
-0.0984466
0.0161207
0.0161207
0.0161207
0.0161207
0.0161207
-0.000972483
-0.000972483
-0.000972483
-0.000972483
-0.000972483
-0.135811
-0.135811
-0.135811
-0.135811
-0.135811
-0.295658
-0.295658
-0.295658
-0.295658
-0.295658
-0.206741
-0.206741
-0.206741
-0.206741
-0.206741
-0.065344
-0.065344
-0.065344
-0.065344
-0.065344
-0.100723
-0.100723
-0.100723
-0.100723
-0.100723
-0.373566
-0.373566
-0.373566
-0.373566
-0.373566
-0.135966
-0.135966
-0.135966
-0.135966
-0.135966
-0.020247
-0.020247
-0.020247
-0.020247
-0.0240766
-0.0240766
-0.0240766
-0.0240766
-0.0240766
-0.0240766
-0.242973
-0.242973
-0.242973
-0.242973
-0.242973
-0.198993
-0.198993
-0.198993
-0.198993
-0.198993
-0.153023
-0.153023
-0.153023
-0.153023
-0.153023
-0.180998
-0.180998
-0.180998
-0.180998
-0.180998
-0.0279112
-0.0279112
-0.0279112
-0.0279112
-0.0279112
-0.159623
-0.159623
-0.159623
-0.159623
-0.159623
-0.218229
-0.218229
-0.218229
-0.218229
-0.218229
-0.231511
-0.231511
-0.231511
-0.231511
-0.231511
0.0146722
0.0146722
0.0146722
0.0146722
0.0146722
0.0495748
0.0495748
0.0495748
0.0495748
0.0495748
-0.0933406
-0.0933406
-0.0933406
-0.0933406
-0.0933406
0.0548047
0.0548047
0.0548047
0.0548047
0.0548047
-0.0799249
-0.0799249
-0.0799249
-0.0799249
-0.0799249
-0.120134
-0.120134
-0.120134
-0.120134
-0.120134
-0.262987
-0.262987
-0.262987
-0.262987
-0.135215
-0.135215
-0.135215
-0.135215
-0.135215
-0.135215
-0.0856868
-0.0856868
-0.0856868
-0.0856868
-0.0856868
-0.0950999
-0.0950999
-0.0950999
-0.0950999
-0.0950999
-0.146979
-0.146979
-0.146979
-0.146979
-0.146979
-0.091676
-0.091676
-0.091676
-0.091676
-0.091676
-0.0387443
-0.0387443
-0.0387443
-0.0387443
-0.0387443
-0.076907
-0.076907
-0.076907
-0.076907
-0.076907
-0.307001
-0.307001
-0.307001
-0.307001
-0.307001
-0.0909899
-0.0909899
-0.0909899
-0.0909899
-0.0909899
-0.20118
-0.20118
-0.20118
-0.20118
-0.20118
-0.0411744
-0.0411744
-0.0411744
-0.0411744
-0.0411744
-0.118184
-0.118184
-0.118184
-0.118184
-0.118184
-0.0811762
-0.0811762
-0.0811762
-0.0811762
-0.0811762
-0.204231
-0.204231
-0.204231
-0.204231
-0.204231
-0.0456773
-0.0456773
-0.0456773
-0.0456773
-0.0456773
0.13203
0.13203
0.13203
0.13203
0.13203
-0.160299
-0.160299
-0.160299
-0.160299
-0.160299
-0.225629
-0.225629
-0.225629
-0.225629
-0.225629
-0.12075
-0.12075
-0.12075
-0.12075
-0.12075
-0.144385
-0.144385
-0.144385
-0.144385
-0.144385
-0.0412343
-0.0412343
-0.0412343
-0.0412343
-0.0412343
-0.0547204
-0.0547204
-0.0547204
-0.0547204
-0.0547204
0.0728364
0.0728364
0.0728364
0.0728364
0.0728364
0.0121416
0.0121416
0.0121416
0.0121416
0.0121416
-0.179326
-0.179326
-0.179326
-0.179326
-0.179326
-0.187434
-0.187434
-0.187434
-0.187434
-0.187434
-0.262022
-0.262022
-0.262022
-0.262022
-0.262022
-0.149647
-0.149647
-0.149647
-0.149647
-0.149647
-0.329748
-0.329748
-0.329748
-0.329748
-0.329748
-0.162987
-0.162987
-0.162987
-0.162987
-0.162987
-0.16659
-0.16659
-0.16659
-0.16659
-0.16659
-0.0784991
-0.0784991
-0.0784991
-0.0784991
-0.0784991
-0.189597
-0.189597
-0.189597
-0.189597
-0.189597
-0.00530546
-0.00530546
-0.00530546
-0.00530546
-0.00530546
-0.0184109
-0.0184109
-0.0184109
-0.0184109
-0.0184109
0.0158911
0.0158911
0.0158911
0.0158911
0.0158911
-0.206777
-0.206777
-0.206777
-0.206777
-0.206777
-0.299381
-0.299381
-0.299381
-0.299381
-0.299381
-0.0482566
-0.0482566
