0
0
0
0
0
0
0
0
0
0
0
0
0
0
0
0
0
0
0
0
0
0
0
0
0
0
0
0
0
0
0
0
0
0
0
0
0
0
0
0
0
0
0
0
0
0
0
0
0
0
0
0
0
0
0
0
0
0
0
0
0
0
0
0
0
0
0
0
0
0
0
0
0
0
0
0
0
0
0
0
0
0
0
0
0
0
0
0
0
0
0
0
0
0
0
0
0
0
0
0
0
0
0
0
0
0
0
0
0
0
0
0
0
0
0
0
0
0
0
0
0
0
0
0
0
0
0
0
0
0
0
0
0
0
0
0
0
0
0
0
0
0
0
0
0
0
0
0
0
0
0
0
0
0
0
0
0
0
0
0
0
0
0
0
0
0
0
0
0
0
0
0
0
0
0
0
0
0
0
0
0
0
0
0
0
0
0
0
0
0
0
0
0
0
0
0
0
0
0
0
0
0
0
0
0
0
0
0
0
0
0
0
0
0
0
0
0
0
0
0
0
0
0
0
0
0
0
0
0
0
0
0
0
0
0
0
0
0
0
0
0
0
0
0
0
0
0.0010128
0.000782013
0.000470161
0.000461578
0.00110793
0.00167418
0.00280356
0.00371003
0.005229
0.00643492
0.00829053
0.00872397
0.0098803
0.0109487
0.0115607
0.0117614
0.0122683
0.0126133
0.0134363
0.0130212
0.013453
0.0133502
0.0131307
0.0131593
0.0129468
0.0130081
0.0126681
0.0150812
0.0160742
0.0161979
0.0162346
0.0164537
0.0170269
0.0181005
0.0192752
0.0197804
0.019588
0.0204778
0.0209694
0.0211403
0.0201728
0.0203702
0.0215316
0.0217037
0.0216436
0.0223234
0.022805
0.0233829
0.0235333
0.0241258
0.0250864
0.026108
0.0255396
0.0254309
0.0260484
0.0263481
0.02633
0.0277116
0.0270617
0.0281909
0.0285289
0.0286145
0.366524
0.0284381
0.0280325
0.0258694
0.0232956
0.0206928
0.0193987
0.0185356
0.0181463
0.0174119
0.0166996
0.0163975
0.0166299
0.0167267
0.0167141
0.0180414
0.0190995
0.0206084
0.0214338
0.0220501
0.022716
0.0244319
0.0268803
0.028013
0.0287671
0.0311108
0.0326216
0.0336022
0.0346022
0.0355756
0.0373127
0.0378983
0.0384109
0.039057
0.0397286
0.0400722
0.0402598
0.0405428
0.0407951
0.0416062
0.0417545
0.0419424
0.0423222
0.385219
0.0427835
0.0423956
0.040252
0.0369563
0.0341647
0.0327327
0.0317492
0.0310571
0.0317407
0.0332432
0.0326691
0.0325761
0.0326898
0.0323005
0.032855
0.0325842
0.0338676
0.0351548
0.0349605
0.0361416
0.0362678
0.0365963
0.0360065
0.035955
0.036114
0.0361102
0.0355456
0.0358193
0.0357406
0.0374029
0.0377982
0.0374186
0.0385628
0.0389276
0.0393698
0.0391474
0.038753
0.0379276
0.0363371
0.0348809
0.0332568
0.0314703
0.0301335
0.0292125
0.0280929
0.0264606
0.0250545
0.0240648
0.0212579
0.0207632
0.0197403
0.0194902
0.0183015
0.0184817
0.0178485
0.0175774
0.0180342
0.0186646
0.018949
0.01894
0.0197523
0.0202029
0.0207913
0.0205538
0.0205891
0.0207253
0.0209739
0.021009
0.0211904
0.0211763
0.0209322
0.0200329
0.0190721
0.0185773
0.0185387
0.0186176
0.0187538
0.0190594
0.0196803
0.0189724
0.018384
0.0178409
0.0170197
0.0160515
0.0154061
0.0148191
0.0122409
0.0119171
0.0109076
0.00938225
0.00809622
0.00698519
0.00613785
0.00559568
0.00436354
0.00294065
0.00271797
0.00141859
0.000510693
-0.00122929
-0.00182724
-0.00286436
-0.00419378
-0.00508642
-0.00553942
-0.00620508
-0.00731564
-0.0074501
-0.00795937
-0.0089097
-0.00895405
-0.00888443
-0.00867677
-0.00924206
-0.0101089
-0.0115137
-0.0133038
-0.0145149
-0.0155301
-0.0163484
-0.0169959
-0.0174971
-0.0180044
-0.0183215
-0.0186696
-0.0186586
-0.0208936
-0.0210381
-0.0207767
-0.0209732
-0.0208917
-0.0209141
-0.0211291
-0.0216389
-0.0217867
-0.0221319
-0.0227256
-0.0228429
-0.0225792
-0.0225091
-0.0221009
-0.0224924
-0.0226974
-0.0228863
-0.0224791
-0.0214262
-0.0197773
-0.0186405
-0.0178413
-0.0168276
-0.0157518
-0.0144758
-0.0132217
-0.0118437
-0.010767
-0.00991821
-0.00917816
-0.00860977
-0.00767899
-0.00667572
-0.00621223
-0.00531769
-0.00529861
-0.00512505
-0.00533485
-0.00523567
-0.00405502
-0.0038929
-0.00294876
-0.0026226
-0.00229645
-0.000944138
0.00161171
0.00230026
0.00255585
0.00362206
0.00452614
0.00489616
0.00464439
0.00515556
0.00622559
0.0071106
0.00796509
0.0091629
0.0109749
0.0122032
0.0131149
0.0135231
0.0144367
0.0164585
0.0167065
0.017477
0.0182953
0.0189972
0.0192261
0.0195389
0.0198898
0.0198174
0.0195465
0.019722
0.0202789
0.0223083
0.0230408
0.024147
0.0248146
0.025135
0.0252953
0.0258408
0.0260849
0.0256882
0.0258331
0.0255852
0.025032
0.0238647
0.0239868
0.0239334
0.0241699
0.0244598
0.0248413
0.0258942
0.0266342
0.027317
0.0282135
0.0290833
0.029213
0.0298691
0.0295639
0.0293655
0.0292664
0.0285034
0.0281677
0.0284882
0.0293999
0.029541
0.0298615
0.432592
0.433073
0.43349
0.432786
0.428333
0.423899
0.418596
0.410359
0.399843
0.392896
0.38538
0.375435
0.36925
0.358422
0.351999
0.345197
-0.0630836
-0.0680914
-0.0739746
-0.07829
-0.0792446
-0.0790796
-0.0772772
-0.0754681
-0.0733471
-0.0710936
-0.0690455
-0.0661192
-0.065557
-0.0636387
-0.0632343
-0.0623741
-0.0617261
-0.0609517
-0.0601196
-0.0592222
-0.0584559
-0.0582294
-0.0584741
-0.0584426
-0.0587497
-0.059237
-0.0590405
-0.0591021
-0.0591426
-0.0602937
-0.0612144
-0.0616899
-0.0618477
-0.062367
-0.0625896
-0.0627894
-0.0629826
-0.0625358
-0.0625377
-0.0624619
-0.0616212
-0.0618014
-0.0622845
-0.0623717
-0.0628934
-0.0629482
-0.0628533
-0.0629859
-0.0633173
-0.0635715
-0.0632396
-0.0630908
-0.0625424
-0.0629611
-0.0631938
-0.0631847
-0.0631742
-0.0633521
-0.0642943
-0.064641
-0.0650239
-0.0654702
-0.0651689
-0.0653291
-0.0648446
-0.0643644
-0.0634537
-0.0632663
-0.0634232
-0.0630374
-0.0624223
-0.0619068
-0.06181
-0.0612264
-0.0606961
-0.0619106
-0.0617108
-0.0598054
-0.0587263
-0.0577288
-0.0566192
-0.0551596
-0.054635
-0.0543022
-0.0536666
-0.0536389
-0.0521049
-0.0513964
-0.0496535
-0.0491166
-0.0485711
-0.0477719
-0.0461955
-0.0441151
-0.0426583
-0.0413566
-0.0402255
-0.03866
-0.0376062
-0.0369272
-0.0365281
-0.0343151
-0.0335431
-0.0326371
-0.0324044
-0.0315022
-0.0299325
-0.0283027
-0.0271134
-0.0258889
-0.0247431
-0.0232816
-0.021975
-0.0207071
-0.019628
-0.0197172
-0.0193648
-0.0190477
-0.0190425
0.414364
0.414228
0.415223
0.414426
0.411481
0.4083
0.402453
0.3946
0.388593
0.382266
0.375084
0.363141
0.361818
0.352862
0.347587
0.342222
0.338134
-0.098918
-0.101856
-0.105669
-0.108328
-0.107969
-0.106239
-0.102502
-0.099412
-0.0931673
-0.0888491
-0.0854912
-0.0824914
-0.0804315
-0.0788875
-0.0768499
-0.0748291
-0.0733328
-0.0716791
-0.0701332
-0.0690188
-0.068047
-0.0666499
-0.0652285
-0.0643759
-0.0640564
-0.0640588
-0.0628943
-0.0622349
-0.0609212
-0.0603638
-0.05966
0.381884
-0.0574455
-0.0566945
-0.0571666
-0.0585084
-0.0591836
-0.0607119
-0.0616102
-0.0612378
-0.0602736
-0.0589728
-0.0568857
-0.0556455
-0.054594
-0.0533171
-0.0522866
-0.0515695
-0.0514297
-0.0507379
-0.0505252
-0.0506101
-0.0509233
-0.0506735
-0.0510802
-0.0513701
-0.0516248
-0.0524302
-0.0528359
-0.0536847
-0.0544724
-0.0549178
-0.0550103
-0.0552678
-0.0560217
-0.0562544
-0.0566282
-0.0566816
-0.0572596
-0.0575438
-0.0581684
-0.0581322
-0.0576487
-0.057476
-0.0566645
0.397163
0.397109
0.397412
0.395792
0.391337
0.384073
0.378815
0.372746
0.364362
0.353929
0.347061
0.340719
0.334887
0.326955
0.318634
0.309608
-0.151111
-0.156206
-0.162727
-0.164782
-0.165649
-0.164888
-0.162491
-0.1588
-0.156544
-0.154638
-0.151911
-0.149061
-0.147661
-0.145824
-0.144306
-0.14333
-0.142155
-0.138668
-0.136766
-0.13541
-0.134918
-0.134098
-0.133213
-0.133057
-0.132896
-0.131828
-0.131081
-0.129929
-0.128967
-0.12851
-0.128235
-0.128326
-0.128525
-0.128418
-0.127899
-0.126953
-0.126709
-0.126221
-0.124985
-0.12468
-0.123943
-0.12397
-0.123158
-0.122505
-0.121925
-0.121262
-0.120518
-0.119312
-0.117689
-0.116829
-0.116405
-0.11512
-0.115047
-0.1145
-0.112797
-0.112707
-0.112246
-0.111492
-0.110413
-0.110081
-0.109509
-0.108562
-0.107391
-0.106262
-0.104263
-0.103363
-0.101074
-0.0986328
-0.09552
-0.0956116
-0.0940323
-0.0911636
-0.090168
-0.0890198
-0.0877953
-0.0868263
-0.085701
-0.0843201
-0.0835419
-0.0828896
-0.0820541
-0.0805054
-0.0795326
-0.0786476
-0.0772781
-0.0755386
-0.0742645
-0.0727272
-0.0714302
-0.0699883
-0.0689182
-0.0685215
-0.0678844
-0.0660057
-0.0645657
-0.063488
-0.0625515
-0.0616856
-0.0606022
-0.0596104
-0.0591431
-0.0580978
-0.0568447
-0.0552998
-0.0542469
-0.0524559
-0.0504541
-0.0490665
-0.0469685
-0.0452099
-0.0435963
-0.0428562
-0.0419703
-0.0409269
-0.0401831
-0.0401192
-0.0403767
-0.0406799
-0.0408173
-0.0411396
-0.0405378
-0.0394506
-0.0391626
-0.0389414
-0.0386257
-0.0383501
-0.0380592
-0.0369463
-0.0360947
-0.0354509
-0.0342131
-0.0326557
-0.0322485
-0.0314846
-0.0298119
-0.0295429
-0.0300179
-0.0308228
-0.0311317
-0.0304413
-0.0304279
-0.0306339
-0.0308361
-0.0307522
-0.0302162
-0.0295944
-0.0295219
-0.0284252
-0.0274391
-0.0275784
-0.0263786
-0.0260811
-0.0255785
-0.0249624
-0.023962
-0.0226803
-0.0219507
-0.0217419
-0.0214777
-0.0215063
-0.0213709
-0.0211163
-0.0203876
-0.0199833
-0.0195723
-0.019371
-0.0189075
-0.0176916
-0.0175838
-0.0177536
-0.0180998
-0.0175619
-0.0171604
-0.0170417
-0.0162244
-0.01577
-0.0149102
-0.0143027
-0.0141945
-0.0140367
-0.0139503
-0.0133934
-0.0131745
-0.0120149
-0.0113597
-0.0106497
-0.010407
-0.0104761
-0.0109434
-0.0116539
-0.0119424
-0.0124931
-0.0131779
-0.0133252
-0.0136032
-0.0139155
-0.0141063
-0.0142217
-0.0134158
-0.013453
-0.0135593
-0.0122838
-0.0126891
-0.013135
-0.0131731
-0.0133371
-0.0137992
-0.0142374
-0.0140018
-0.0136738
-0.014039
-0.0147872
-0.0146208
-0.0140738
-0.0144248
-0.0148048
-0.0146508
-0.0139251
-0.0135679
-0.0135484
-0.0135021
-0.0136414
-0.0136271
-0.014339
-0.0147891
-0.0146308
-0.0148325
-0.0157452
-0.0162864
-0.0166011
-0.0171666
-0.0175295
-0.0178151
-0.0180683
-0.0178328
-0.0175366
-0.0167513
-0.0157895
-0.0152545
-0.0142355
-0.0131989
-0.0125332
-0.0119019
-0.011271
-0.0107517
-0.0104122
-0.00960445
-0.00894213
-0.00904369
-0.0086422
-0.00798368
-0.0083499
-0.00887012
-0.00881052
-0.00795126
-0.0075798
-0.0071907
-0.00590611
-0.00490141
-0.00411797
-0.00358534
-0.0027256
-0.00196218
-0.00143623
-0.00108624
-2.3365e-05
0.000541687
0.00169897
0.00201893
0.00331211
0.00516081
0.00750971
0.0093565
0.0111938
0.0129461
0.0147219
0.0171261
0.0190635
0.0213337
0.0230064
0.0250921
0.0270462
0.0290632
0.0305209
0.0320048
0.0339708
0.0363159
0.037962
0.0393119
0.0406928
0.57605
0.0446773
0.0457492
0.0456452
0.0448246
0.0437722
0.042809
0.0422649
0.0420589
0.042089
0.0422544
0.0427299
0.0437775
0.0444322
0.043704
0.0428109
0.042335
0.04179
0.0413465
0.04177
0.0428038
0.0425296
0.0421004
0.0423965
0.0429974
0.0433435
0.0427966
0.0428886
0.0423727
0.042491
0.0431056
0.0437098
0.0440345
0.0453839
0.0460119
0.0468807
0.0477433
0.04917
0.0502238
0.0519142
0.0546026
0.0565538
0.0580931
0.0593777
0.0610199
0.0624247
0.0633092
0.0644059
0.0660844
0.0667315
0.067595
0.0689559
0.0702081
0.0713682
0.0723314
0.0729666
0.073884
0.0751467
0.0757122
0.0770149
0.0782032
0.0780001
0.0783567
0.0785809
0.0798569
0.0814142
0.0822592
0.0843143
0.0853004
0.0866976
0.0880804
0.0891123
0.0899019
0.090929
0.0916481
0.0919657
0.0919228
0.0920048
0.092371
0.0924702
0.0938377
0.0946732
0.0949326
0.0944672
0.0941086
0.0942078
0.0933914
0.0934296
0.09375
0.0936127
0.0929871
0.0924072
0.0926895
0.0930824
0.0930862
0.0926399
0.0925522
0.0927734
0.0932331
0.0933628
0.0932522
0.0929909
0.0918713
0.0904255
0.0892277
0.0881081
0.0876141
0.0862732
0.0860748
0.0859089
0.0852432
0.0844193
0.0834446
0.0826492
0.0817509
0.0808926
0.080965
0.0811634
0.0813637
0.0808754
0.0801563
0.079771
0.0795765
0.0787029
0.0782166
0.0777988
0.0781898
0.0784121
0.0780029
0.0776424
0.0772514
0.0768185
0.0770798
0.0769539
0.0767803
0.0771885
0.0772572
0.0777264
0.077692
0.0775013
0.0773563
0.0779991
0.0781136
0.0783482
0.0787926
0.0792561
0.0791168
0.0787201
0.0785618
0.0778656
0.0769157
0.0766678
0.0767822
0.0769215
0.0776691
0.0774193
0.0771961
0.0772038
0.0774574
0.0777893
0.0784416
0.0790997
0.0792789
0.0799141
0.605759
0.0823841
0.0830002
0.080595
0.0780144
0.075243
0.0721073
0.0690365
0.0673008
0.0656281
0.0638332
0.0622311
0.0609112
0.0604324
0.059536
0.0592499
0.0589848
0.0593719
0.0592232
0.0588322
0.0585022
0.0587845
0.0590706
0.0595913
0.0596142
0.0592003
0.0592899
0.0594625
0.059145
0.0582027
0.0567913
0.05546
0.054615
0.0541344
0.0534058
0.0528545
0.0519295
0.0508289
0.0498886
0.0491791
0.0484409
0.0473404
0.0461578
0.045414
0.0453033
0.0452976
0.0456696
0.0466232
0.0469189
0.0471249
0.0477448
0.04809
0.0494328
0.0499592
0.0500069
0.0505447
0.0506859
0.0508957
0.0502987
0.049469
0.0488415
0.0481911
0.0474319
0.046423
0.0452042
0.0444679
0.0437469
0.0430222
0.0429306
0.0429325
0.0426254
0.042511
0.0423889
0.0429039
0.0432014
0.0430107
0.0439129
0.0443115
0.0445118
0.0453129
0.0452137
0.0457096
0.0455227
0.0452156
0.0450134
0.0448494
0.0447559
0.0448875
0.0448818
0.0444145
0.0434723
0.0435867
0.0434723
0.0427494
0.0426073
0.0420017
0.0414772
0.0406361
0.0400009
0.0392704
0.0386314
0.0380936
0.0375366
0.0372982
0.0369987
0.0366821
0.0367393
0.0367584
0.0375252
0.0375042
0.0372581
0.0366783
0.0368595
0.0366917
0.0365677
0.0371742
0.0379047
0.604722
0.605419
0.605941
0.60518
0.600997
0.596909
0.590836
0.582686
0.576658
0.569978
0.563607
0.549949
0.543591
0.542253
0.530256
0.524054
0.515967
-0.0588894
-0.0652742
-0.0724325
-0.0752563
-0.076438
-0.0758057
-0.0739594
-0.0698786
-0.0669127
-0.0636654
-0.0604239
-0.0569282
-0.0550995
-0.0508552
-0.0485706
-0.0465817
-0.0454865
-0.04492
-0.0440865
-0.0429091
-0.0420756
-0.040987
-0.0390716
-0.0371804
-0.0358782
-0.0341926
-0.0315571
-0.0307961
-0.0282865
-0.0272894
-0.0254517
-0.0244846
-0.0226798
-0.020771
-0.0185723
-0.0175762
-0.0162425
-0.0151758
-0.0149579
-0.0146108
-0.0145044
-0.0141497
-0.0135126
-0.0125599
-0.0123234
-0.0117569
-0.0106964
-0.00945663
-0.00885868
-0.00821686
-0.00709248
-0.00626183
-0.00562382
-0.00468254
-0.002635
0.000226021
0.00208187
0.00350285
0.00681019
0.00812626
0.00820732
0.00944233
0.0106144
0.0124826
0.013792
0.0152378
0.0164366
0.615458
0.0192876
0.0204401
0.0207691
0.0138264
0.0101442
0.00747013
0.00516891
0.00309277
0.000616074
-0.000801086
-0.00239944
-0.00427055
-0.0051651
-0.00534821
-0.00540161
-0.00485229
-0.00405884
-0.00280762
-0.00131226
0.00115967
0.00312424
0.00590134
0.0076828
0.00906372
0.0103951
0.0129242
0.0144997
0.015564
0.0165024
0.0181313
0.0190315
0.0198059
0.0208664
0.0218697
0.0219536
0.0221214
0.0230217
0.0240021
0.0247879
0.0253143
0.0258884
0.0265789
0.0269642
0.0278149
0.02915
0.0298672
0.0303478
0.0305252
0.0310383
0.031498
0.032093
0.0331326
0.0340672
0.034111
0.033865
0.0338249
0.0340614
0.0338097
0.0344505
0.0352621
0.0351162
0.0346708
0.0348301
0.0348415
0.0348034
0.0351896
0.0359097
0.0369253
0.0386543
0.0398102
0.0405016
0.0408039
0.0425129
0.044241
0.0456696
0.0465221
0.0473022
0.0485373
0.0493059
0.0501957
0.0514336
0.0522089
0.0528688
0.0538769
0.0548592
0.0555859
0.0561924
0.0566597
0.0577917
0.0592451
0.0599566
0.0611162
0.0622406
0.0626526
0.0631332
0.0632219
0.0627518
0.0629311
0.0631275
0.0629139
0.0616417
0.0601559
0.0594225
0.0586548
0.058569
0.0585136
0.0566845
0.0553532
0.0537643
0.0523434
0.0503902
0.0492783
0.048172
0.0471706
0.0463943
0.0455933
0.0450897
0.044426
0.0432892
0.0417252
0.0403976
0.0403976
0.0403976
0.0403976
0.0403976
0.0403976
0.0403976
0.0403976
0.0403976
0.0403976
0.0403976
0.0403976
0.0403976
0.0403976
0.0403976
0.0403976
0.0403976
0.0403976
0.0403976
0.0403976
0.0403976
0.0403976
0.0403976
0.0403976
0.0403976
0.0403976
0.0403976
0.0403976
0.0403976
0.0403976
0.0403976
0.0403976
0.0403976
0.0403976
0.0403976
0.0403976
0.0403976
0.0403976
0.0403976
0.0403976
0.0403976
0.0403976
0.0403976
0.0403976
0.0403976
0.0403976
0.0403976
0.0403976
0.0403976
0.0403976
0.0403976
0.0403976
0.0403976
0.0403976
0.0403976
0.0403976
0.0403976
0.0403976
0.0403976
0.0403976
0.0403976
0.0403976
0.0403976
0.0403976
0.0403976
0.0403976
0.0403976
0.0403976
0.0403976
0.0403976
0.0403976
0.0403976
0.0403976
0.0403976
0.0403976
0.0403976
0.0403976
0.0403976
0.0403976
0.0403976
0.0403976
0.0403976
0.0403976
0.0403976
0.0403976
0.0403976
0.0403976
0.0403976
0.0403976
0.0403976
0.0403976
0.0403976
0.0403976
0.0403976
0.0403976
0.0403976
0.0403976
0.0403976
0.0403976
0.0403976
0.0403976
0.0403976
0.0403976
0.0403976
0.0403976
0.0403976
0.0403976
0.0403976
0.0403976
0.0403976
0.0403976
0.0403976
0.0403976
0.0403976
0.0403976
0.0403976
0.0403976
0.0403976
0.0403976
0.0403976
0.0403976
0.0403976
0.0403976
0.0403976
0.0403976
0.0403976
0.0403976
0.0403976
0.0403976
0.0403976
0.0403976
0.0403976
0.0403976
0.0403976
0.0403976
0.0403976
0.0403976
0.0403976
0.0403976
0.0403976
0.0403976
0.0403976
0.0403976
0.0403976
0.0403976
0.0403976
0.0403976
0.0403976
0.0403976
0.0403976
0.0403976
0.0403976
0.0403976
0.0403976
0.0403976
0.0403976
0.0403976
0.0403976
0.0403976
0.0403976
0.0403976
0.0403976
0.0403976
0.0403976
0.0403976
0.0403976
0.0403976
0.0403976
0.0403976
0.0403976
0.0403976
0.0403976
0.0403976
0.0403976
0.0403976
0.0403976
0.0403976
0.0403976
0.0403976
0.0403976
0.0403976
0.0403976
0.0403976
0.0403976
0.0403976
0.0403976
0.0403976
0.0403976
0.0403976
0.0403976
0.0403976
0.0403976
0.0403976
0.0403976
0.0403976
0.0403976
0.0403976
0.0403976
0.0403976
0.0403976
0.0403976
0.0403976
0.0403976
0.0403976
0.0403976
0.0403976
0.0403976
0.0403976
0.0403976
0.0403976
0.0403976
0.0403976
0.0403976
0.0403976
0.0403976
0.0403976
0.0403976
0.0403976
0.0403976
0.0403976
0.0403976
0.0403976
0.0403976
0.0403976
0.0403976
0.0403976
0.0403976
0.0403976
0.0403976
0.0403976
0.0403976
0.0403976
0.0403976
0.0403976
0.0403976
0.0403976
0.0403976
0.0403976
0.0403976
0.0403976
0.0403976
0.0403976
0.0403976
0.0403976
0.0403976
0.0403976
0.0403976
0.0403976
0.0403976
0.0403976
0.0403976
0.0403976
0.0403976
0.0403976
0.0403976
0.0403976
0.0403976
0.0403976
0.0403976
0.0403976
0.0403976
0.0403976
0.0403976
0.0403976
0.0403976
0.0403976
0.0403976
0.0403976
0.0403976
0.0403976
0.0403976
0.0403976
0.0403976
0.0403976
0.0403976
0.0403976
0.0403976
0.0403976
0.0403976
0.0403976
0.0403976
0.0403976
0.0403976
0.0403976
0.0403976
0.0403976
0.0403976
0.0403976
0.0403976
0.0403976
0.0403976
0.0403976
0.0403976
0.0403976
0.0403976
0.0403976
0.0403976
0.0403976
0.0403976
0.0403976
0.0403976
0.0403976
0.0403976
0.0403976
0.0403976
0.0403976
0.0403976
0.0403976
0.0403976
0.0403976
0.0403976
0.0403976
0.0403976
0.0403976
0.0403976
0.0403976
0.0403976
0.0403976
0.0403976
0.0403976
0.0403976
0.0403976
0.0403976
0.0403976
0.0403976
0.0403976
0.0403976
0.0403976
0.0403976
0.0403976
0.0403976
0.0403976
0.0403976
0.0403976
0.0403976
0.0403976
0.0403976
0.0403976
0.0403976
0.0403976
0.0403976
0.0403976
0.0403976
0.0403976
0.0403976
0.0403976
0.0403976
0.0403976
0.0403976
0.0403976
0.0403976
0.0403976
0.0403976
0.0403976
0.0403976
0.0403976
0.0403976
0.0403976
0.0403976
0.0403976
0.0403976
0.0403976
0.0403976
0.0403976
0.0403976
0.0403976
0.0403976
0.0403976
0.0403976
0.0403976
0.0403976
0.0403976
0.0403976
0.0403976
0.0403976
0.0403976
0.0403976
0.0403976
0.0403976
0.0403976
0.0403976
0.0403976
0.0403976
0.0403976
0.0403976
0.0403976
0.0403976
0.0403976
0.0403976
0.0403976
0.0403976
0.0403976
0.0403976
0.0403976
0.0403976
0.0403976
0.0403976
0.0403976
0.0403976
0.0403976
0.0403976
0.0403976
0.0403976
0.0403976
0.0403976
0.0403976
0.0403976
0.0403976
0.0403976
0.0403976
0.0403976
0.0403976
0.0403976
0.0403976
0.0403976
0.0403976
0.0403976
0.0403976
0.0403976
0.0403976
0.0403976
0.0403976
0.0403976
0.0403976
0.0403976
0.0403976
0.0403976
0.0403976
0.0403976
0.0403976
0.0403976
0.0403976
0.0403976
0.0403976
0.0403976
0.0403976
0.0403976
0.0403976
0.0403976
0.0403976
0.0403976
0.0403976
0.0403976
0.0403976
0.0403976
0.0403976
0.0403976
0.0403976
0.0403976
0.0403976
0.0403976
0.0403976
0.0403976
0.0403976
0.0403976
0.0403976
0.0403976
0.0403976
0.0403976
0.0403976
0.0403976
0.0403976
0.0403976
0.0403976
0.0403976
0.0403976
0.0403976
0.0403976
0.0403976
0.0403976
0.0403976
0.0403976
0.0403976
0.0403976
0.0403976
0.0403976
0.0403976
0.0403976
0.0403976
0.0403976
0.0403976
0.0403976
0.0403976
0.0403976
0.0403976
0.0403976
0.0403976
0.0403976
0.0403976
0.0403976
0.0403976
0.0403976
0.0403976
0.0403976
0.0403976
0.0403976
0.0403976
0.0403976
0.0403976
0.0403976
0.0403976
0.0403976
0.0403976
0.0403976
0.0403976
0.0403976
0.0403976
0.0403976
0.0403976
0.0403976
0.0403976
0.0403976
0.0403976
0.0403976
0.0403976
0.0403976
0.0403976
0.0403976
0.0403976
0.0403976
0.0403976
0.0403976
0.0403976
0.0403976
0.0403976
0.0403976
0.0403976
0.0403976
0.0403976
0.0403976
0.0403976
0.0403976
0.0403976
0.0403976
0.0403976
0.0403976
0.0403976
0.0403976
0.0403976
0.0403976
0.0403976
0.0403976
0.0403976
0.0403976
0.0403976
0.0403976
0.0403976
0.0403976
0.0403976
0.0403976
0.0403976
0.0403976
0.0403976
0.0403976
0.0403976
0.0403976
0.0403976
0.0403976
0.0403976
0.0403976
0.0403976
0.0403976
0.0403976
0.0403976
0.0403976
0.0403976
0.0403976
0.0403976
0.0403976
0.0403976
0.0403976
0.0403976
0.0403976
0.0403976
0.0403976
0.0403976
0.0403976
0.0403976
0.0403976
0.0403976
0.0403976
0.0403976
0.0403976
0.0403976
0.0403976
0.0403976
0.0403976
0.0403976
0.0403976
0.0403976
0.0403976
0.0403976
0.0403976
0.0403976
-0.0468178
-0.0468178
-0.0474854
-0.0477943
-0.0466843
-0.0456314
-0.0450058
-0.0444908
-0.0431099
-0.0439777
-0.0436325
-0.0431366
-0.0423355
-0.0417557
-0.0411415
-0.0411224
-0.0410385
-0.039978
-0.0392151
-0.0390015
-0.0388489
-0.0385742
-0.0385742
-0.0381165
-0.0385742
-0.0379486
-0.0370865
-0.0365829
-0.0373077
-0.0369301
-0.0365486
-0.0359077
-0.0352936
-0.0353012
-0.0346451
-0.034111
-0.0343437
-0.0342255
-0.0338211
-0.033493
-0.0338669
-0.0344925
-0.0349274
-0.0343933
-0.034668
-0.0344238
-0.0339661
-0.0329437
-0.032135
-0.031105
-0.0298004
-0.0289001
-0.0283318
-0.0276871
-0.0270538
-0.0266495
-0.026207
-0.0263214
-0.0262604
-0.0264359
-0.0325012
-0
-0.0445251
-0.0494385
-0.0544128
-0.0592651
-0.0644531
-0.0693207
-0.0727539
-0.0763397
-0.0810547
-0.0849609
-0.0893555
-0.0933838
-0.0969849
-0.0956345
-0.0950089
-0.0947266
-0.094635
-0.0942535
-0.0936356
-0.0927734
-0.0916367
-0.0903625
-0.0899048
-0.0888596
-0.0931358
-0.0966511
-0.0995789
-0.103111
-0.106003
-0.108629
-0.111942
-0.115252
-0.118443
-0.120914
-0.123581
-0.126221
-0.128694
-0.131742
-0.134742
-0.136467
-0.138491
-0.140747
-0.143275
-0.144814
-0.147098
-0.14949
-0.151676
-0.15341
-0.154855
-0.156097
-0.157508
-0.153312
-0.150017
-0.146721
-0.143998
-0.141788
-0.139477
-0.137261
-0.135383
-0.133668
-0.13214
-0.131236
-0.133621
-0.135349
-0.137792
-0.1392
-0.141561
-0.141984
-0.143765
-0.145361
-0.147168
-0.148732
-0.149391
-0.151257
-0.152538
-0.153433
-0.153841
-0.154228
-0.155392
-0.156094
-0.155937
-0.156776
-0.157727
-0.158615
-0.158901
-0.159348
-0.159451
-0.160758
-0.161047
-0.161769
-0.162794
-0.164239
-0.165483
-0.165617
-0.165868
-0.166533
-0.166567
-0.165967
-0.166599
-0.167306
-0.167974
-0.16929
-0.170211
-0.169393
-0.169737
-0.170237
-0.170486
-0.170114
-0.169389
-0.169608
-0.169037
-0.168336
-0.167288
-0.164788
-0.159201
-0.151899
-0.14701
-0.141201
-0.13491
-0.129828
-0.125115
-0.120509
-0.115493
-0.1108
-0.106149
-0.101365
-0.0954876
-0.0895853
-0.0840111
-0.0781727
-0.0744476
-0.0708466
-0.0683784
-0.0653076
-0.0620499
-0.0588989
-0.0564575
-0.0542603
-0.0524902
-0.0509033
-0.0483246
-0.0462189
-0.0410156
-0.0379639
-0.0344009
-0.0315323
-0.0287552
-0.0264969
-0.0238419
-0.0216408
-0.0194931
-0.0172882
-0.0151749
-0.0150223
-0.014286
-0.0145645
-0.0151253
-0.0160217
-0.0169754
-0.0178528
-0.019249
-0.019165
-0.0194168
-0.0191116
-0.0203018
-0.019043
-0.0166931
-0.0128937
-0.0108261
-0.00952148
-0.00823212
-0.00410461
-0.00190353
0.000652313
0.00239944
0.00428009
0.00737762
0.00984573
0.0115509
0.0126495
0.0140152
0.0159912
0.0173721
0.0191498
0.0210419
0.022728
0.0233688
0.0267754
0.0289917
0.030468
0.032402
0.0354729
0.0371017
0.0381775
0.0391235
0.0401306
0.0414963
0.0427322
0.0445175
0.0457611
0.047184
0.0481491
0.0494156
0.0500793
0.0520477
0.0540619
0.0563011
0.0570984
0.0580597
0.0595398
0.0619888
0.0638962
0.0647049
0.0655136
0.0671272
0.0674362
0.0688858
0.069767
0.0706291
0.0717583
0.0726547
0.0732346
0.0739193
0.0742817
0.0740871
0.0749531
0.0754128
0.0754528
0.07547
0.075222
0.075079
0.0751972
0.0757637
0.0763664
0.0764999
0.0764008
0.0766544
0.0769138
0.0770645
0.0771599
0.0767593
0.0769882
0.0771866
0.0767822
0.0757599
0.0747299
0.0741882
0.0739594
0.0737915
0.0738831
0.0741425
0.0740662
0.0735474
0.0736084
0.0733185
0.0731354
0.0724106
0.072464
0.0724869
0.0715332
0.071167
0.0710449
0.0722656
0.0720825
0.0724487
0.0732117
0.0742188
0.0751648
0.0758972
0.0766602
0.0773926
0.0782776
0.0786438
0.0789032
0.0792923
0.0797119
0.0801392
0.0798492
0.0793381
0.0791779
0.0786667
0.0781021
0.0780869
0.0781898
0.0771141
0.0755386
0.0752029
0.0750351
0.0746155
0.0736084
0.0732498
0.0730209
0.0719528
0.0714188
0.0710449
0.0668068
0.0670967
0.0683784
0.0694313
0.0703316
0.0716286
0.0737762
0.0755005
0.077652
0.0797501
0.0800629
0.0798111
0.0797119
0.0805283
0.080883
0.0812912
0.0817184
0.0821686
0.0835991
0.0842628
0.0848312
0.0850716
0.0853806
0.0862846
0.0866928
0.086998
0.0866356
0.0876808
0.0876198
0.0865479
0.0855484
0.0849915
0.0840454
0.0835114
0.0829163
0.0825462
0.0820541
0.0812016
0.0810623
0.0814629
0.0819778
0.0829697
0.0831032
0.0837708
0.0841827
0.0847168
0.085083
0.0859604
0.0858383
0.0847778
0.0849304
0.0850983
0.0845947
0.0835648
0.0833817
0.0833282
0.0832367
0.0830383
0.0832443
0.0831642
0.0830498
0.0837708
0.08358
0.0833282
0.0829239
0.0827942
0.082325
0.0817566
0.0815277
0.0816002
0.0812836
0.0819931
0.0830078
0.0835571
0.0837021
0.0835571
0.083252
0.0837097
0.083252
0.0834961
0.0839996
0.0842743
0.0843353
0.084259
0.0839539
0.0839844
0.0838623
0.0831909
0.0818558
0.0811043
0.0805664
0.0801811
0.0797844
0.0795059
0.0797424
0.0799561
0.0801163
0.08004
0.0798874
0.0798454
0.0793953
0.0784607
0.0772705
0.0763245
0.0755386
0.0751038
0.0749512
0.0750351
0.0746269
0.0752411
0.0753174
0.074852
0.0744476
0.0741577
0.0737915
0.0730133
0.0727539
0.0723343
0.0721283
0.0718384
0.072052
0.0717316
0.0712891
0.071106
0.0707474
0.0706024
0.0707016
0.0709534
0.0710297
0.071228
0.0712891
0.0712128
0.0713654
0.0701447
0.0691833
0.0679588
0.0677567
0.067131
0.0663834
0.0660744
0.0654297
0.0653381
0.0650635
0.0652237
0.0655556
0.0657463
0.0637321
0.0624847
0.0617828
0.0616608
0.0615692
0.0610962
0.0599899
0.0598907
0.0601654
0.0604248
0.06073
0.0612564
0.0618324
0.0618362
0.0610352
0.0612259
0.060379
0.0592651
0.0582275
0.0576782
0.0570679
0.0560684
0.054245
0.0529022
0.0516968
0.0502243
0.0477295
0.0462646
0.0449219
0.0437546
0.0420074
0.0419769
0.041153
0.0404434
0.0406952
0.0414124
0.0421143
0.0425415
0.043457
0.0439453
0.0449219
0.045929
0.0465393
0.046875
0.0480957
0.0490723
0.0498962
0.0509033
0.0521355
0.0519562
0.0522232
0.0522156
0.0518951
0.0521088
0.0524902
0.0513611
0.0510254
0.0510254
0.0506668
0.0502167
0.0491333
0.0482178
0.0484619
0.0484619
0.0481567
0.0480652
0.0477295
0.0475769
0.0477219
0.0467682
0.0462646
0.0460205
0.0461884
0.046711
0.0461349
0.0457001
0.0450287
0.0444031
0.04422
0.0438232
0.0432739
0.0430603
0.0432129
0.0436401
0.0437622
0.0435791
0.043457
0.0438232
0.0440979
0.0444565
0.0443878
0.0440674
0.0432892
0.0434875
0.0433044
0.043457
0.0432129
0.0625
0.0412292
0.0403748
0.0396729
0.0389404
0.038208
0.0372772
0.0355301
0.0353546
0.0335312
0.0330658
0.0318604
0.0304565
0.0301361
0.0300217
0.0296783
0.0278015
0.0260925
0.0258026
0.0246124
0.0233765
0.0228271
0.0230103
0.0234833
0.0244522
0.0244064
0.0238571
0.0233765
0.0229797
0.0220337
0.0214844
0.0213623
0.0211868
0.0205383
0.0198975
0.0199127
0.0194244
0.0194626
0.0193329
0.019104
0.0185547
0.0178833
0.0180664
0.0179596
0.0179596
0.0181961
0.017868
0.0163803
0.0152435
0.0136719
0.0128479
0.0126953
0.0128021
0.0129471
0.0130005
0.0131683
0.0135689
0.0136909
0.013607
0.0137558
0.0138741
0.0136032
0.0140076
0.0143013
0.0140533
0.0138779
0.0133209
0.0130463
0.0129776
0.0128632
0.012558
0.0115891
0.0114098
0.0100479
0.00906372
0.0078125
0.00650024
0.00584412
0.00558472
0.00488281
0.00457764
0.00419617
0.00358582
0.00222778
0.0010376
0.00012207
-1.52588e-05
-0.00167847
-0.00165558
-0.00299072
-0.00313187
-0.00400543
-0.00504303
-0.0059967
-0.00674438
-0.0075531
-0.00848389
-0.0089035
-0.00969696
-0.010788
-0.0121574
-0.0135231
-0.0150909
-0.0175591
-0.0178108
-0.0207672
-0.0214005
-0.0233459
-0.0248108
-0.0251389
-0.0249786
-0.0249329
-0.0257225
-0.0261841
-0.0262566
-0.026741
-0.0276566
-0.0287476
-0.0287781
-0.0286865
-0.0286713
-0.0298309
-0.0306931
-0.0312347
-0.0315742
-0.0328293
-0.0337219
-0.0345688
-0.036377
-0.0380859
-0.0389557
-0.041748
-0.0431213
-0.0431519
-0.0452881
-0.0458984
-0.0467072
-0.0475616
-0.0482025
-0.0486679
-0.0491676
-0.050808
-0.0521088
-0.0528946
-0.0532722
-0.0536575
-0.054451
-0.0561371
-0.0566635
-0.0574417
-0.0586548
-0.0591431
-0.0593872
-0.0604248
-0.0609131
-0.0609283
-0.0606537
-0.0608368
-0.0605507
-0.0622177
-0.06213
-0.0633125
-0.0644112
-0.0653229
-0.0656204
-0.0652924
-0.0645294
-0.063858
-0.0630417
-0.0626221
-0.0629883
-0.0628967
-0.0621948
-0.0614357
-0.0604095
-0.0601883
-0.0600166
-0.0593491
-0.0585804
-0.0579853
-0.058363
-0.0591927
-0.0595703
-0.0601845
-0.0612259
-0.0622635
-0.0623169
-0.0626011
-0.0636101
-0.064621
-0.0650635
-0.0651398
-0.0662231
-0.0671692
-0.0686188
-0.0697136
-0.0701332
-0.0702515
-0.0699844
-0.0701752
-0.0704269
-0.0707207
-0.0710258
-0.0700569
-0.069416
-0.0686493
-0.0676422
-0.0673141
-0.0670929
-0.0663528
-0.0668259
-0.0662613
-0.0660629
-0.0665817
-0.0672951
-0.0674858
-0.0677757
-0.0679932
-0.0681648
-0.068161
-0.0684586
-0.0692902
-0.0697517
-0.0699883
-0.0699959
-0.0696831
-0.0697327
-0.0702057
-0.0705452
-0.0705681
-0.0712624
-0.0717468
-0.0722771
-0.073122
-0.0739422
-0.0740852
-0.0742722
-2.59362
-0.0755596
-0.0768509
-0.0765448
-0.0741177
-0.0715761
-0.0714664
-0.070569
-0.0698595
-0.0695601
-0.0694895
-0.0694294
-0.0703001
-0.070384
-0.070488
-0.070653
-0.0708637
-0.0712662
-0.0719128
-0.0725803
-0.0723782
-0.0729923
-0.0735435
-0.0735397
-0.0735111
-0.0736256
-0.0737286
-0.0739059
-0.0743732
-0.0746346
-0.0749817
-0.0744848
-0.0737591
-2.59099
-0.0734262
-0.0733423
-0.07127
-0.0683422
-0.0664864
-0.0655184
-0.0649605
-0.0651178
-0.0652428
-0.0648632
-0.0644302
-0.0644789
-0.0641747
-0.0635252
-0.0626049
-0.061717
-0.0601149
-0.058094
-0.0573635
-0.0560951
-0.0544777
-0.0525475
-0.0514374
-0.0502014
-0.0495148
-0.048584
-0.0478821
-0.0475159
-0.0473328
-0.0476685
-0.046814
-0.0471344
-0.0466843
-0.0462723
-0.0449524
-0.0438881
-0.0429459
-0.0419941
-0.04142
-0.0409851
-0.0406628
-0.0402145
-0.0400467
-0.0389595
-0.0386505
-0.0387802
-0.0390053
-0.0395584
-0.0392075
-0.0388718
-0.0382156
-0.0376358
-0.037384
-0.036705
-0.035965
-0.0350227
-0.0340652
-0.0321369
-0.0318069
-0.0320358
-0.0330391
-0.0332298
-0.0335999
-0.0344543
-0.0354004
-0.0357971
-0.0360107
-0.0357361
-0.035675
-0.0354767
-0.0339165
-0.0326729
-0.0315704
-0.0314484
-0.0305481
-0.0299568
-0.029644
-0.0294266
-0.0300293
-0.0296288
-0.0299683
-0.0291824
-0.0288315
-0.028019
-0.0272675
-0.0266972
-0.0266953
-0.0268974
-0.0269356
-0.0267944
-0.0264893
-0.0260086
-0.0254364
-0.024662
-0.0237312
-0.0220165
-0.0219784
-0.0221901
-0.0221748
-0.0222778
-0.022625
-0.0228996
-0.0230713
-0.022892
-0.0221252
-0.0217094
-0.0215893
-0.0218525
-0.0222702
-0.0223999
-0.022068
-0.0219154
-0.0218735
-0.0218353
-0.0212059
-0.0208969
-0.0210686
-0.0207901
-0.021534
-0.0224991
-0.0227356
-0.0223427
-0.02211
-0.0222778
-0.0213547
-0.0210419
-0.0205193
-0.0205803
-0.020874
-0.0183525
-0.018158
-0.0179596
-0.0175629
-0.0168915
-0.0161743
-0.0156555
-0.0150833
-0.0146866
-0.0142937
-0.0142403
-0.0139618
-0.0131721
-0.0135155
-0.0134201
-0.0134354
-0.0141182
-0.0150604
-0.0159988
-0.0164871
-0.0166092
-0.0168686
-0.0172577
-0.017395
-0.0178375
-0.0182838
-0.0192337
-0.0206718
-0.0229034
-0.0248871
-0.0267944
-0.0285873
-0.0300827
-0.0308838
-0.0317841
-0.0323792
-0.0325928
-0.0335693
-0.0340881
-0.0346527
-0.0358429
-0.0364838
-0.0371552
-0.0378571
-0.0380707
-0.0382309
-0.0385056
-0.0389862
-0.039444
-0.0396118
-0.0391006
-0.0387115
-0.0384674
-0.0379753
-0.0378685
-0.0375404
-0.0370293
-0.0352898
-0.0344582
-0.0343018
-0.0347862
-0.0348396
-0.0352402
-0.0357971
-0.0351562
-0.0341797
-0.0326996
-0.0313263
-0.0298691
-0.0293579
-0.0278931
-0.0268097
-0.0262756
-0.0254517
-0.0250244
-0.0245132
-0.0235825
-0.022522
-0.0211792
-0.0193481
-0.0180359
-0.017601
-0.0174179
-0.0167847
-0.0162811
-0.0160828
-0.0157471
-0.0153809
-0.0153351
-0.0143433
-0.0137405
-0.0130882
-0.0121765
-0.0114803
-0.0114155
-0.0116444
-0.0118904
-0.0116806
-0.0111504
-0.0109749
-0.0100822
-0.00924301
-0.00675774
-0.00603867
-0.00535583
-0.00460052
-0.00369644
-0.00312614
-0.00317383
-0.00279617
-0.00245667
-0.00243378
-0.00222778
-0.00190353
-0.00177002
-0.00153732
-0.00139618
-0.00188828
-0.00167274
-0.00183487
-0.00178146
-0.00107956
-0.000736237
-0.000232697
0.000793457
0.00110626
0.00125885
0.00147629
0.00151825
0.00175095
0.00237656
0.00352859
0.00340271
0.00259399
0.00288391
0.00296021
0.00295258
0.00333405
0.0038147
0.00437164
0.00465775
0.00497818
0.00518799
0.00445557
0.00389099
0.00334167
0.00305176
0.00278473
0.00278091
0.00231552
0.0015564
0.000762939
6.48499e-05
5.72205e-06
-0.00117683
-0.00191498
-0.00203323
-0.00222969
-0.00279236
-0.00312424
-0.003685
-0.00385284
-0.00375366
-0.00341034
-0.00270081
-0.00246811
-0.00180817
-0.00222397
-0.00241852
-0.00188255
-0.00273514
-0.00289154
-0.0029068
-0.00324249
-0.00338745
-0.00333023
-0.00316238
-0.00314903
-0.00383759
-0.00371933
-0.00268745
-0.00173569
-0.00151253
-0.00152779
-0.000934601
-0.000743866
-0.00087738
-0.00102234
-0.000709534
-0.000988007
-0.00125122
-0.00128174
-0.00141907
-0.00119019
-0.000823975
-0.000579834
-0.000873566
-0.00206757
-0.00224686
-0.00321198
-0.00383759
-0.00402069
-0.00392532
-0.00364685
-0.00314331
-0.00263214
-0.00248337
-0.00278473
-0.00284576
-0.00257874
-0.00281525
-0.00323486
-0.00334167
-0.00357819
-0.00370026
-0.00409698
-0.00415802
-0.00428391
-0.00426102
-0.00395203
-0.00417709
-0.00489426
-0.00541306
-0.00547409
-0.00570679
-0.00677109
-0.00736427
-0.00759506
-0.00801277
-0.00995636
-0.0100422
-0.0113106
-0.0122299
-0.012846
-0.0144787
-0.0157089
-0.0169678
-0.0186501
-0.0195847
-0.0202942
-0.0207787
-0.0215836
-0.0228119
-0.0234985
-0.0242615
-0.0258789
-0.0258446
-0.0259171
-0.0255127
-0.0256271
-0.0266151
-0.0271378
-0.0270424
-0.0269356
-0.0268593
-0.0273743
-0.0280685
-0.0284348
-0.0295792
-0.0295868
-0.0295334
-0.0293369
-0.0303707
-0.0312195
-0.0317268
-0.0321598
-0.0331993
-0.0345688
-0.0352936
-0.0359879
-0.0367889
-0.0378036
-0.0383759
-0.0384521
-0.0384293
-0.0378761
-0.0369377
-0.0367393
-0.0371666
-0.0377674
-0.0383682
-0.0395374
-0.0409451
-0.0414314
-0.0424194
-0.0440559
-0.0458183
-0.0473595
-0.0486526
-0.0503387
-0.0518341
-0.0525513
-0.0534515
-0.0545197
-0.0542984
-0.0540619
-0.053196
-0.0525169
-0.0521049
-0.0514565
-0.0506992
-0.0500298
-0.0490971
-0.0481911
-0.0474701
-0.0466824
-0.0464172
-0.0463028
-0.0465641
-0.0466518
-0.0467472
-0.0474148
-0.0482559
-0.0487022
-0.0490761
-0.0491352
-0.0495472
-0.0500336
-0.0514088
-0.0521679
-0.0530014
-0.0535698
-0.0540371
-0.0541649
-0.0543919
-0.0549393
-0.0548687
-0.0546246
-0.0549412
-0.055213
-0.0555162
-0.0554857
-0.0552502
-0.0549259
-0.0547829
-0.0553169
-0.055191
-0.055645
-0.0555744
-0.0555248
-0.0561333
-0.056406
-0.0568752
-0.0572739
-0.0570602
-0.0573196
-0.058054
-0.0586586
-0.0586815
-0.0593224
-0.0601377
-0.0604258
-0.0607834
-0.0610743
-0.0611553
-0.0610704
-0.0605125
-0.0598326
-0.0593309
-0.0582581
-0.0582581
-0.0582581
-0.0582581
-0.0582581
-0.0582581
-0.0582581
-0.0582581
-0.0582581
-0.0582581
-0.0582581
-0.0582581
-0.0582581
-0.0582581
-0.0582581
-0.0582581
-0.0582581
-0.0582581
-0.0582581
-0.0582581
-0.0582581
-0.0582581
-0.0582581
-0.0582581
-0.0582581
-0.0582581
-0.0582581
-0.0582581
-0.0582581
-0.0582581
-0.0582581
-0.0582581
-0.0582581
-0.0582581
-0.0582581
-0.0582581
-0.0582581
-0.0582581
-0.0582581
-0.0582581
-0.0582581
-0.0582581
-0.0582581
-0.0582581
-0.0582581
-0.0582581
-0.0582581
-0.0582581
-0.0582581
-0.0582581
-0.0582581
-0.0582581
-0.0582581
-0.0582581
-0.0582581
-0.0582581
-0.0582581
-0.0582581
-0.0582581
-0.0582581
-0.0582581
-0.0582581
-0.0582581
-0.0582581
-0.0582581
-0.0582581
-0.0582581
-0.0582581
-0.0582581
-0.0582581
-0.0582581
-0.0582581
-0.0582581
-0.0582581
-0.0582581
-0.0582581
-0.0582581
-0.0582581
-0.0582581
-0.0582581
-0.0582581
-0.0582581
-0.0582581
-0.0582581
-0.0582581
-0.0582581
-0.0582581
-0.0582581
-0.0582581
-0.0582581
-0.0582581
-0.0582581
-0.0582581
-0.0582581
-0.0582581
-0.0582581
-0.0582581
-0.0582581
-0.0582581
-0.0582581
-0.0582581
-0.0582581
-0.0582581
-0.0582581
-0.0582581
-0.0582581
-0.0582581
-0.0582581
-0.0582581
-0.0582581
-0.0582581
-0.0582581
-0.0582581
-0.0582581
-0.0582581
-0.0582581
-0.0582581
-0.0582581
-0.0582581
-0.0582581
-0.0582581
-0.0582581
-0.0582581
-0.0582581
-0.0582581
-0.0582581
-0.0582581
-0.0582581
-0.0582581
-0.0582581
-0.0582581
-0.0582581
-0.0582581
-0.0582581
-0.0582581
-0.0582581
-0.0582581
-0.0582581
-0.0582581
-0.0582581
-0.0582581
-0.0582581
-0.0582581
-0.0582581
-0.0582581
-0.0582581
-0.0582581
-0.0582581
-0.0582581
-0.0582581
-0.0582581
-0.0582581
-0.0582581
-0.0582581
-0.0582581
-0.0582581
-0.0582581
-0.0582581
-0.0582581
-0.0582581
-0.0582581
-0.0582581
-0.0582581
-0.0582581
-0.0582581
-0.0582581
-0.0582581
-0.0582581
-0.0582581
-0.0582581
-0.0582581
-0.0582581
-0.0582581
-0.0582581
-0.0582581
-0.0582581
-0.0582581
-0.0582581
-0.0582581
-0.0582581
-0.0582581
-0.0582581
-0.0582581
-0.0582581
-0.0582581
-0.0582581
-0.0582581
-0.0582581
-0.0582581
-0.0582581
-0.0582581
-0.0582581
-0.0582581
-0.0582581
-0.0582581
-0.0582581
-0.0582581
-0.0582581
-0.0582581
-0.0582581
-0.0582581
-0.0582581
-0.0582581
-0.0582581
-0.0582581
-0.0582581
-0.0582581
-0.0582581
-0.0582581
-0.0582581
-0.0582581
-0.0582581
-0.0582581
-0.0582581
-0.0582581
