0.0259437
0.0259437
0.0259437
0.0259437
0.0259437
0.219093
0.219093
0.219093
0.219093
0.219093
0.453087
0.453087
0.453087
0.453087
0.453087
0.480996
0.480996
0.480996
0.480996
0.480996
0.358859
0.358859
0.358859
0.358859
0.358859
0.381144
0.381144
0.381144
0.381144
0.381144
0.280706
0.280706
0.280706
0.280706
0.280706
0.454321
0.454321
0.454321
0.454321
0.454321
0.428389
0.428389
0.428389
0.428389
0.428389
0.377508
0.377508
0.377508
0.377508
0.377508
0.398093
0.398093
0.398093
0.398093
0.398093
0.276534
0.276534
0.276534
0.276534
0.276534
0.262851
0.262851
0.262851
0.262851
0.262851
0.317274
0.317274
0.317274
0.317274
0.317274
0.281602
0.281602
0.281602
0.281602
0.281602
0.327579
0.327579
0.327579
0.327579
0.327579
0.33412
0.33412
0.33412
0.33412
0.33412
0.169434
0.169434
0.169434
0.169434
0.169434
0.480101
0.480101
0.480101
0.480101
0.480101
0.434589
0.434589
0.434589
0.434589
0.434589
0.146489
0.146489
0.146489
0.146489
0.146489
0.0820027
0.0820027
0.0820027
0.0820027
0.0820027
0.102942
0.102942
0.102942
0.102942
0.102942
0.0262671
0.0262671
0.0262671
0.0262671
0.0262671
0.0454897
0.0454897
0.0454897
0.0454897
0.0454897
0.20259
0.20259
0.20259
0.20259
0.20259
0.0534209
0.0534209
0.0534209
0.0534209
0.0534209
0.0224382
0.0224382
0.0224382
0.0224382
0.0224382
-0.0121163
-0.0121163
-0.0121163
-0.0121163
-0.0121163
0.108188
0.108188
0.108188
0.108188
0.108188
0.0358354
0.0358354
0.0358354
0.0358354
0.0358354
0.0734403
0.0734403
0.0734403
0.0734403
0.0734403
0.0702212
0.0702212
0.0702212
0.0702212
0.0702212
0.105241
0.105241
0.105241
0.105241
0.105241
0.00110124
0.00110124
0.00110124
0.00110124
0.00110124
-0.176412
-0.176412
-0.176412
-0.176412
-0.176412
0.075894
0.075894
0.075894
0.075894
0.075894
0.153136
0.153136
0.153136
0.153136
0.153136
-0.0267653
-0.0267653
-0.0267653
-0.0267653
-0.0267653
-0.0810031
-0.0810031
-0.0810031
-0.0810031
-0.0810031
0.104995
0.104995
0.104995
0.104995
0.104995
-0.000986521
-0.000986521
-0.000986521
-0.000986521
-0.000986521
0.0216113
0.0216113
0.0216113
0.0216113
0.0216113
0.0582001
0.0582001
0.0582001
0.0582001
0.0582001
0.0166916
0.0166916
0.0166916
0.0166916
0.0166916
0.0194782
0.0194782
0.0194782
0.0194782
0.0194782
-0.047644
-0.047644
-0.047644
-0.047644
-0.047644
-0.125086
-0.125086
-0.125086
-0.125086
-0.125086
-0.0901061
-0.0901061
-0.0901061
-0.0901061
-0.0901061
0.15121
0.15121
0.15121
0.15121
0.15121
-0.13462
-0.13462
-0.13462
-0.13462
-0.13462
0.108349
0.108349
0.108349
0.108349
0.108349
0.0363814
0.0363814
0.0363814
0.0363814
0.0363814
0.0670208
0.0670208
0.0670208
0.0670208
0.0670208
-0.0284497
-0.0284497
-0.0284497
-0.0284497
-0.0284497
-0.0362414
-0.0362414
-0.0362414
-0.0362414
-0.0362414
0.035406
0.035406
0.035406
0.035406
0.035406
-0.0660286
-0.0660286
-0.0660286
-0.0660286
-0.0660286
-0.0821195
-0.0821195
-0.0821195
-0.0821195
-0.0821195
0.0618673
0.0618673
0.0618673
0.0618673
0.0618673
0.0621004
0.0621004
0.0621004
0.0621004
0.0621004
-0.197249
-0.197249
-0.197249
-0.197249
-0.197249
0.102386
0.102386
0.102386
0.102386
0.102386
0.105747
0.105747
0.105747
0.105747
0.105747
-0.12132
-0.12132
-0.12132
-0.12132
-0.12132
-0.00292727
-0.00292727
-0.00292727
-0.00292727
-0.00292727
0.0587417
0.0587417
0.0587417
0.0587417
0.0587417
-0.0912805
-0.0912805
-0.0912805
-0.0912805
-0.0912805
0.0471077
0.0471077
0.0471077
0.0471077
0.0471077
-0.0765824
-0.0765824
-0.0765824
-0.0765824
-0.0765824
-0.0815137
-0.0815137
-0.0815137
-0.0815137
-0.0815137
-0.0101769
-0.0101769
-0.0101769
-0.0101769
-0.0101769
0.00567393
0.157305
0.157305
0.157305
0.157305
0.157305
0.157305
0.206106
0.206106
0.206106
0.206106
0.206106
0.0497816
0.0497816
0.0497816
0.0497816
0.0497816
0.19805
0.19805
0.19805
0.19805
0.19805
0.0501614
0.0501614
0.0501614
0.0501614
0.0501614
0.262429
0.262429
0.262429
0.262429
0.262429
0.33767
0.33767
0.33767
0.33767
0.33767
0.0660423
0.0660423
0.0660423
0.0660423
0.0660423
-0.142249
-0.142249
-0.142249
-0.142249
-0.142249
-0.165844
-0.165844
-0.165844
-0.165844
-0.165844
-0.123529
-0.123529
-0.123529
-0.123529
-0.123529
0.0255627
0.0255627
0.0255627
0.0255627
0.0255627
-0.0658883
-0.0658883
-0.0658883
-0.0658883
-0.0658883
0.00248461
0.00248461
0.00248461
0.00248461
0.00248461
0.154737
0.154737
0.154737
0.154737
0.154737
-0.00494652
-0.0284827
-0.0284827
-0.0284827
-0.0284827
-0.0284827
-0.0284827
-0.025457
-0.025457
-0.025457
-0.025457
-0.025457
-0.111752
-0.111752
-0.111752
-0.111752
-0.111752
-0.0390227
-0.0390227
-0.0390227
-0.0390227
-0.0390227
0.0384591
0.0384591
0.0384591
0.0384591
0.0384591
-0.108453
-0.108453
-0.108453
-0.108453
-0.108453
-0.0442346
-0.0442346
-0.0442346
-0.0442346
-0.0442346
0.0113565
0.0113565
0.0113565
0.0113565
0.0113565
-0.0801517
-0.0801517
-0.0801517
-0.0801517
-0.0801517
0.0776633
0.0776633
0.0776633
0.0776633
0.0776633
0.0333605
0.0333605
0.0333605
0.0333605
0.0333605
0.0357278
0.0357278
0.0357278
0.0357278
0.0357278
0.0922772
0.0922772
0.0922772
0.0922772
0.0922772
0.0147104
0.0147104
0.0147104
0.0147104
0.0147104
-0.156442
-0.156442
-0.156442
-0.156442
-0.156442
0.117501
0.117501
0.117501
0.117501
0.117501
0.102611
0.102611
0.102611
0.102611
0.102611
-0.0375269
-0.0375269
-0.0375269
-0.0375269
-0.0375269
-0.120081
-0.120081
-0.120081
-0.120081
-0.120081
0.0649542
0.0649542
0.0649542
0.0649542
0.0649542
-0.18026
-0.18026
-0.18026
-0.18026
-0.18026
0.0329453
0.0329453
0.0329453
0.0329453
0.0329453
-0.0561816
-0.0561816
-0.0561816
-0.0561816
-0.0561816
-0.00586337
-0.00586337
-0.00586337
-0.00586337
-0.00586337
0.0820724
0.0820724
0.0820724
0.0820724
0.0820724
-0.0110304
-0.0110304
-0.0110304
-0.0110304
-0.0110304
-0.0195082
-0.0195082
-0.0195082
-0.0195082
-0.0195082
-0.0219609
-0.0219609
-0.0219609
-0.0219609
-0.0219609
0.1096
0.1096
0.1096
0.1096
0.1096
0.0316729
0.0316729
0.0316729
0.0316729
0.0316729
0.0406567
0.0406567
0.0406567
0.0406567
0.0406567
0.146425
0.146425
0.146425
0.146425
0.146425
0.515463
0.515463
0.515463
0.515463
0.515463
0.266971
0.266971
0.266971
0.266971
0.266971
-0.0191333
-0.0191333
-0.0191333
-0.0191333
-0.0191333
0.121153
0.121153
0.121153
0.121153
0.121153
0.183187
0.183187
0.183187
0.183187
0.183187
-0.00714698
-0.00714698
-0.00714698
-0.00714698
-0.00714698
-0.0971901
-0.0971901
-0.0971901
-0.0971901
-0.0971901
0.0698899
0.0698899
0.0698899
0.0698899
0.0698899
0.0262824
0.0262824
0.0262824
0.0262824
0.0262824
-0.104278
-0.104278
-0.104278
-0.104278
-0.104278
-0.0460813
-0.0460813
-0.0460813
-0.0460813
-0.0460813
-0.0397869
-0.0397869
-0.0397869
-0.0397869
-0.0397869
-0.139027
-0.139027
-0.139027
-0.139027
-0.139027
-0.0867865
-0.0867865
-0.0867865
-0.0867865
-0.0867865
-0.123312
-0.123312
-0.123312
-0.123312
-0.123312
0.0503133
0.0503133
0.0503133
0.0503133
0.0503133
-0.0914992
-0.0914992
-0.0914992
-0.0914992
-0.0914992
0.162657
0.162657
0.162657
0.162657
0.162657
-0.092574
-0.092574
-0.092574
-0.092574
-0.092574
0.0798496
0.0798496
0.0798496
0.0798496
0.0798496
0.116174
0.116174
0.116174
0.116174
0.116174
-0.0218371
-0.0218371
-0.0218371
-0.0218371
-0.0218371
-0.169434
-0.169434
-0.169434
-0.169434
-0.169434
-0.194848
-0.194848
-0.194848
-0.194848
-0.194848
-0.0452639
-0.0452639
-0.0452639
-0.0452639
-0.0452639
-0.122744
-0.122744
-0.122744
-0.122744
-0.122744
0.00598652
0.00598652
0.00598652
0.00598652
0.00598652
0.0656693
0.0656693
0.0656693
0.0656693
0.0656693
0.174352
0.174352
0.174352
0.174352
0.174352
-0.133701
-0.133701
-0.133701
-0.133701
-0.133701
-0.118201
-0.118201
-0.118201
-0.118201
-0.118201
0.00881653
0.00881653
0.00881653
0.00881653
0.00881653
-0.0441215
-0.0441215
-0.0441215
-0.0441215
-0.0441215
-0.0397894
-0.0397894
-0.0397894
-0.0397894
-0.0397894
-0.0478093
-0.0478093
-0.0478093
-0.0478093
-0.0478093
0.0749747
0.0749747
0.0749747
0.0749747
0.0749747
0.0123428
0.0123428
0.0123428
0.0123428
0.0123428
-0.0792726
-0.0792726
-0.0792726
-0.0792726
-0.0792726
0.0792444
0.0792444
0.0792444
0.0792444
0.0792444
-0.0230392
-0.0230392
-0.0230392
-0.0230392
-0.0230392
0.0943205
0.0943205
0.0943205
0.0943205
0.0943205
0.169284
0.169284
0.169284
0.169284
0.169284
0.0688378
0.0688378
0.0688378
0.0688378
0.0688378
0.0588692
0.0588692
0.0588692
0.0588692
0.0588692
-0.0970855
-0.0970855
-0.0970855
-0.0970855
-0.0970855
0.360778
0.360778
0.360778
0.360778
0.360778
-0.00463387
-0.00463387
-0.00463387
-0.00463387
-0.00463387
0.146191
0.146191
0.146191
0.146191
0.146191
-0.162752
-0.162752
-0.162752
-0.162752
-0.162752
-0.0449228
-0.0449228
-0.0449228
-0.0449228
-0.0449228
0.00698364
0.00698364
0.00698364
0.00698364
0.00698364
-0.228354
-0.228354
-0.228354
-0.228354
-0.228354
-0.0153753
-0.0153753
-0.0153753
-0.0153753
-0.0153753
0.0164062
0.0164062
0.0164062
0.0164062
0.0164062
-0.0877599
-0.0877599
-0.0877599
-0.0877599
-0.0877599
-0.107057
-0.107057
-0.107057
-0.107057
-0.107057
0.0140562
0.0140562
0.0140562
0.0140562
0.0140562
-0.0877305
-0.0877305
-0.0877305
-0.0877305
-0.0877305
0.0319053
0.0319053
0.0319053
0.0319053
0.0319053
0.099066
0.099066
0.099066
0.099066
0.099066
-0.175531
-0.175531
-0.175531
-0.175531
-0.175531
-0.123773
-0.123773
-0.123773
-0.123773
-0.123773
-0.08099
-0.08099
-0.08099
-0.08099
-0.08099
0.0900715
0.0900715
0.0900715
0.0900715
0.0900715
0.0519664
0.0519664
0.0519664
0.0519664
0.0519664
0.0779337
0.0779337
0.0779337
0.0779337
0.0779337
-0.11109
-0.11109
-0.11109
-0.11109
-0.11109
0.0419186
0.0419186
0.0419186
0.0419186
0.0419186
0.0758193
0.0758193
0.0758193
0.0758193
0.0758193
-0.13432
-0.13432
-0.13432
-0.13432
-0.13432
0.160297
0.160297
0.160297
0.160297
0.160297
0.0118563
0.0118563
0.0118563
0.0118563
0.0118563
0.0159331
0.0159331
0.0159331
0.0159331
0.0159331
0.0184582
0.0184582
0.0184582
0.0184582
0.0184582
-0.0335675
-0.0335675
-0.0335675
-0.0335675
-0.0335675
-0.0564912
-0.0564912
-0.0564912
-0.0564912
-0.0564912
0.0392464
0.0392464
0.0392464
0.0392464
0.0392464
0.0514579
0.0514579
0.0514579
0.0514579
0.0514579
0.127446
0.127446
0.127446
0.127446
0.127446
0.0798663
0.0798663
0.0798663
0.0798663
0.0798663
-0.0696535
-0.0696535
-0.0696535
-0.0696535
-0.0696535
-0.292864
-0.292864
-0.292864
-0.292864
-0.292864
-0.0377611
-0.0377611
-0.0377611
-0.0377611
-0.0377611
-0.0590285
-0.0590285
-0.0590285
-0.0590285
-0.0590285
-0.159162
-0.159162
-0.159162
-0.159162
-0.159162
-0.0146361
-0.0146361
-0.0146361
-0.0146361
-0.0146361
-0.0495135
-0.0495135
-0.0495135
-0.0495135
-0.0495135
-0.00510788
-0.00510788
-0.00510788
-0.00510788
-0.00510788
0.0262041
0.0262041
0.0262041
0.0262041
0.0262041
0.156632
0.156632
0.156632
0.156632
0.156632
0.0468979
0.0468979
0.0468979
0.0468979
0.0468979
-0.0261426
-0.0261426
-0.0261426
-0.0261426
-0.0261426
-0.168935
-0.168935
-0.168935
-0.168935
-0.168935
-0.096385
-0.096385
-0.096385
-0.096385
-0.096385
-0.0683761
-0.0683761
-0.0683761
-0.0683761
-0.0683761
0.103823
0.103823
0.103823
0.103823
0.103823
0.140441
0.140441
0.140441
0.140441
0.140441
-0.16941
-0.16941
-0.16941
-0.16941
-0.16941
0.082377
0.082377
0.082377
0.082377
0.082377
0.259083
0.259083
0.259083
0.259083
0.259083
-0.0828039
-0.0828039
-0.0828039
-0.0828039
-0.0828039
0.0532069
0.0532069
0.0532069
0.0532069
0.0532069
-0.0777896
-0.0777896
-0.0777896
-0.0777896
-0.0777896
-0.0192765
-0.0192765
-0.0192765
-0.0192765
-0.0192765
0.0164978
0.0164978
0.0164978
0.0164978
0.0164978
0.0711586
0.0711586
0.0711586
0.0711586
0.0711586
0.0875081
0.0875081
0.0875081
0.0875081
0.0875081
-0.0662901
-0.0662901
-0.0662901
-0.0662901
-0.0662901
-0.120085
-0.120085
-0.120085
-0.120085
-0.120085
0.0696755
0.0696755
0.0696755
0.0696755
0.0696755
-0.0963096
-0.0963096
-0.0963096
-0.0963096
-0.0963096
-0.135331
-0.135331
-0.135331
-0.135331
-0.135331
-0.0202273
-0.0202273
-0.0202273
-0.0202273
-0.0202273
-0.0664474
-0.0664474
-0.0664474
-0.0664474
-0.0664474
-0.144701
-0.144701
-0.144701
-0.144701
-0.144701
0.0966248
0.0966248
0.0966248
0.0966248
0.0966248
-0.0281446
-0.0281446
-0.0281446
-0.0281446
-0.0281446
0.125024
0.125024
0.125024
0.125024
0.125024
-0.14002
-0.14002
-0.14002
-0.14002
-0.14002
-0.0393381
-0.0393381
-0.0393381
-0.0393381
-0.0393381
0.0300534
0.0300534
0.0300534
0.0300534
0.0300534
0.0804181
0.0804181
0.0804181
0.0804181
0.0804181
0.0147913
0.0147913
0.0147913
0.0147913
0.0147913
0.0434775
0.0434775
0.0434775
0.0434775
0.0434775
0.0632914
0.0632914
0.0632914
0.0632914
0.0632914
0.0298258
0.0298258
0.0298258
0.0298258
0.0298258
-0.0859726
-0.0859726
-0.0859726
-0.0859726
-0.0859726
-0.0606264
-0.0606264
-0.0606264
-0.0606264
-0.0606264
0.0137226
0.0137226
0.0137226
0.0137226
0.0137226
0.0594535
0.0594535
0.0594535
0.0594535
0.0594535
0.05622
0.05622
0.05622
0.05622
0.05622
0.0514199
0.0514199
0.0514199
0.0514199
0.0514199
0.0122342
0.0122342
0.0122342
0.0122342
0.0122342
-0.144888
-0.144888
-0.144888
-0.144888
-0.144888
-0.0345541
-0.0345541
-0.0345541
-0.0345541
-0.0345541
-0.0250595
-0.0250595
-0.0250595
-0.0250595
-0.0250595
-0.114177
-0.114177
-0.114177
-0.114177
-0.114177
0.166338
0.166338
0.166338
0.166338
0.166338
-0.0640012
-0.0640012
-0.0640012
-0.0640012
-0.0640012
0.14352
0.14352
0.14352
0.14352
0.14352
-0.0765118
-0.0765118
-0.0765118
-0.0765118
-0.0765118
-0.00624898
-0.00624898
-0.00624898
-0.00624898
-0.00624898
0.0321696
0.0321696
0.0321696
0.0321696
0.0321696
-0.198733
-0.198733
-0.198733
-0.198733
-0.198733
-0.0859498
-0.0859498
-0.0859498
-0.0859498
-0.0859498
-0.0546283
-0.0546283
-0.0546283
-0.0546283
-0.0546283
0.262247
0.262247
0.262247
0.262247
0.262247
-0.137439
-0.137439
-0.137439
-0.137439
-0.137439
-0.0578251
-0.0578251
-0.0578251
-0.0578251
-0.0578251
0.220544
0.220544
0.220544
0.220544
0.220544
0.02499
0.02499
0.02499
0.02499
0.02499
-0.0130794
-0.0130794
-0.0130794
-0.0130794
-0.0130794
0.03686
0.03686
0.03686
0.03686
0.03686
0.0207775
0.0207775
0.0207775
0.0207775
0.0207775
0.118195
0.118195
0.118195
0.118195
0.118195
0.0532994
0.0532994
0.0532994
0.0532994
0.0532994
0.00108296
0.00108296
0.00108296
0.00108296
0.00108296
-0.0422781
-0.0422781
-0.0422781
-0.0422781
-0.0422781
0.065936
0.065936
0.065936
0.065936
0.065936
-0.0625513
-0.0625513
-0.0625513
-0.0625513
-0.0625513
0.0724298
0.0724298
0.0724298
0.0724298
0.0724298
0.0455428
0.0455428
0.0455428
0.0455428
0.0455428
0.145809
0.145809
0.145809
0.145809
0.145809
0.174278
0.174278
0.174278
0.174278
0.174278
0.0391134
0.0391134
0.0391134
0.0391134
0.0391134
-0.0862134
-0.0862134
-0.0862134
-0.0862134
-0.0862134
-0.0260302
-0.0260302
-0.0260302
-0.0260302
-0.0260302
0.0774581
0.0774581
0.0774581
0.0774581
0.0774581
-0.123301
-0.123301
-0.123301
-0.123301
-0.123301
-0.0378761
-0.0378761
-0.0378761
-0.0378761
-0.0378761
-0.0605434
-0.0605434
-0.0605434
-0.0605434
-0.0605434
0.0890662
0.0890662
0.0890662
0.0890662
0.0890662
0.0299609
0.0299609
0.0299609
0.0299609
0.0299609
-0.0500336
-0.0500336
-0.0500336
-0.0500336
-0.0500336
-0.0453002
-0.0453002
-0.0453002
-0.0453002
-0.0453002
0.0399791
0.0399791
0.0399791
0.0399791
0.0399791
-0.0899188
-0.0899188
-0.0899188
-0.0899188
-0.0899188
-0.0138694
-0.0138694
-0.0138694
-0.0138694
-0.0138694
-0.063045
-0.063045
-0.063045
-0.063045
-0.063045
0.10809
0.10809
0.10809
0.10809
0.10809
-0.00225759
-0.00225759
-0.00225759
-0.00225759
-0.00225759
-0.073529
-0.073529
-0.073529
-0.073529
-0.073529
-0.00579574
-0.00579574
-0.00579574
-0.00579574
-0.00579574
-0.263739
-0.263739
-0.263739
-0.263739
-0.263739
-0.0406636
-0.0406636
-0.0406636
-0.0406636
-0.0406636
0.0723239
0.0723239
0.0723239
0.0723239
0.0723239
-0.106385
-0.106385
-0.106385
-0.106385
-0.106385
-0.10173
-0.10173
-0.10173
-0.10173
-0.10173
-0.163242
-0.163242
-0.163242
-0.163242
-0.163242
-0.0157371
-0.0157371
-0.0157371
-0.0157371
-0.0157371
0.0786674
0.0786674
0.0786674
0.0786674
0.0786674
-0.0748403
-0.0748403
-0.0748403
-0.0748403
-0.0748403
-0.136089
-0.136089
-0.136089
-0.136089
-0.136089
-0.117137
-0.117137
-0.117137
-0.117137
-0.117137
-0.0461008
-0.0461008
-0.0461008
-0.0461008
-0.0461008
0.0321308
0.0321308
0.0321308
0.0321308
0.0321308
0.0357537
0.0357537
0.0357537
0.0357537
0.0357537
-0.139379
-0.139379
-0.139379
-0.139379
-0.139379
-0.000375456
-0.000375456
-0.000375456
-0.000375456
-0.000375456
-0.00539472
-0.00539472
-0.00539472
-0.00539472
-0.00539472
0.0758553
0.0758553
0.0758553
0.0758553
0.0758553
-0.02212
-0.02212
-0.02212
-0.02212
-0.02212
0.017774
0.017774
0.017774
0.017774
0.017774
-0.0597256
-0.0597256
-0.0597256
-0.0597256
-0.0597256
0.152972
0.152972
0.152972
0.152972
0.152972
-0.0249251
-0.0249251
-0.0249251
-0.0249251
-0.0249251
-0.0466085
-0.0466085
-0.0466085
-0.0466085
-0.0466085
0.0252681
0.0252681
0.0252681
0.0252681
0.0252681
0.124991
0.124991
0.124991
0.124991
0.124991
0.0344388
0.0344388
0.0344388
0.0344388
0.0344388
0.140419
0.140419
0.140419
0.140419
0.140419
0.0763198
0.0763198
0.0763198
0.0763198
0.0763198
3.81136e-05
3.81136e-05
3.81136e-05
3.81136e-05
3.81136e-05
0.0517009
0.0517009
0.0517009
0.0517009
0.0517009
-0.0824675
-0.0824675
-0.0824675
-0.0824675
-0.0824675
0.0630735
0.0630735
0.0630735
0.0630735
0.0630735
0.0233486
0.0233486
0.0233486
0.0233486
0.0233486
0.021031
0.021031
0.021031
0.021031
0.021031
0.000301318
0.000301318
0.000301318
0.000301318
0.000301318
-0.0107986
-0.0107986
-0.0107986
-0.0107986
-0.0107986
0.0125193
0.0125193
0.0125193
0.0125193
0.0125193
0.0564827
0.0564827
0.0564827
0.0564827
0.0564827
-0.084581
-0.084581
-0.084581
-0.084581
-0.084581
-0.182547
-0.182547
-0.182547
-0.182547
-0.182547
-0.237939
-0.237939
-0.237939
-0.237939
-0.237939
0.20149
0.20149
0.20149
0.20149
0.20149
-0.0907527
-0.0907527
-0.0907527
-0.0907527
-0.0907527
-0.0706594
-0.0706594
-0.0706594
-0.0706594
-0.0706594
-0.0563144
-0.0563144
-0.0563144
-0.0563144
-0.0563144
-0.140012
-0.140012
-0.140012
-0.140012
-0.140012
0.0625288
0.0625288
0.0625288
0.0625288
0.0625288
-0.0934527
-0.0934527
-0.0934527
-0.0934527
-0.0934527
-0.15115
-0.15115
-0.15115
-0.15115
-0.15115
0.0761102
0.0761102
0.0761102
0.0761102
0.0761102
0.105386
0.105386
0.105386
0.105386
0.105386
-0.280089
-0.280089
-0.280089
-0.280089
-0.280089
0.00802814
0.00802814
0.00802814
0.00802814
0.00802814
0.0789544
0.0789544
0.0789544
0.0789544
0.0789544
-0.230586
-0.230586
-0.230586
-0.230586
-0.230586
-0.0100692
-0.0100692
-0.0100692
-0.0100692
-0.0100692
0.0100823
0.0100823
0.0100823
0.0100823
0.0100823
0.0201812
0.0201812
0.0201812
0.0201812
0.0201812
0.0685706
0.0685706
0.0685706
0.0685706
0.0685706
0.164363
0.164363
0.164363
0.164363
0.164363
-0.0186872
-0.0186872
-0.0186872
-0.0186872
-0.0186872
-0.109258
-0.109258
-0.109258
-0.109258
-0.109258
0.0815588
0.0815588
0.0815588
0.0815588
0.0815588
0.0507294
0.0507294
0.0507294
0.0507294
0.0507294
-0.134385
-0.134385
-0.134385
-0.134385
-0.134385
-0.106504
-0.106504
-0.106504
-0.106504
-0.106504
-0.00917046
-0.00917046
-0.00917046
-0.00917046
-0.00917046
-0.174004
-0.174004
-0.174004
-0.174004
-0.174004
0.026884
0.026884
0.026884
0.026884
0.026884
-0.00475651
-0.0346788
-0.0346788
-0.0346788
-0.0346788
-0.0346788
-0.0346788
-0.173576
-0.173576
-0.173576
-0.173576
-0.173576
0.0364841
0.0364841
0.0364841
0.0364841
0.0364841
0.0369024
0.0369024
0.0369024
0.0369024
0.0369024
0.0285886
0.0285886
0.0285886
0.0285886
0.0285886
0.0798349
0.0798349
0.0798349
0.0798349
0.0798349
0.0404652
0.0404652
0.0404652
0.0404652
0.0404652
0.0242138
0.0242138
0.0242138
0.0242138
0.0242138
-0.19646
-0.19646
-0.19646
-0.19646
-0.19646
-0.0371466
-0.0371466
-0.0371466
-0.0371466
-0.0371466
0.127191
0.127191
0.127191
0.127191
0.127191
0.201468
0.201468
0.201468
0.201468
0.201468
-0.0526556
-0.0526556
-0.0526556
-0.0526556
-0.0526556
-0.0558005
-0.0558005
-0.0558005
-0.0558005
-0.0558005
0.0339045
0.0339045
0.0339045
0.0339045
0.0339045
0.135443
0.135443
0.135443
0.135443
0.135443
-0.127175
-0.127175
-0.127175
-0.127175
-0.127175
-0.67281
-0.67281
-0.67281
-0.67281
-0.67281
-0.63566
-0.63566
-0.63566
-0.63566
-0.63566
-0.699931
-0.699931
-0.699931
-0.699931
-0.699931
-0.529133
-0.529133
-0.529133
-0.529133
-0.529133
-0.367172
-0.367172
-0.367172
-0.367172
-0.367172
-0.263056
-0.263056
-0.263056
-0.263056
-0.263056
-0.491763
-0.491763
-0.491763
-0.491763
-0.491763
-0.485362
-0.485362
-0.485362
-0.485362
-0.485362
-0.288401
-0.288401
-0.288401
-0.288401
-0.288401
-0.337598
-0.337598
-0.337598
-0.337598
-0.337598
-0.508911
-0.508911
-0.508911
-0.508911
-0.508911
-0.395646
-0.395646
-0.395646
-0.395646
-0.395646
-0.27477
-0.27477
-0.27477
-0.27477
-0.27477
-0.234664
-0.234664
-0.234664
-0.234664
-0.234664
-0.163962
-0.163962
-0.163962
-0.163962
-0.163962
-0.377462
-0.377462
-0.377462
-0.377462
-0.377462
-0.0411992
-0.0411992
-0.0411992
-0.0411992
-0.0411992
-0.208241
-0.208241
-0.208241
-0.208241
-0.208241
-0.0614314
-0.0614314
-0.0614314
-0.0614314
-0.0614314
-0.128396
-0.128396
-0.128396
-0.128396
-0.128396
-0.0967257
-0.0967257
-0.0967257
-0.0967257
-0.0967257
-0.200698
-0.200698
-0.200698
-0.200698
-0.200698
-0.137041
-0.137041
-0.137041
-0.137041
-0.137041
-0.0817845
-0.0817845
-0.0817845
-0.0817845
-0.0817845
-0.0437203
-0.0437203
-0.0437203
-0.0437203
-0.0437203
-0.267676
-0.267676
-0.267676
-0.267676
-0.267676
-0.108805
-0.108805
-0.108805
-0.108805
-0.108805
0.116601
0.116601
0.116601
0.116601
0.116601
-0.0907915
-0.0907915
-0.0907915
-0.0907915
-0.0907915
-0.0451968
-0.0451968
-0.0451968
-0.0451968
-0.0451968
-0.183013
-0.183013
-0.183013
-0.183013
-0.183013
0.0912752
0.0912752
0.0912752
0.0912752
0.0912752
-0.120399
-0.120399
-0.120399
-0.120399
-0.120399
-0.0757666
-0.0757666
-0.0757666
-0.0757666
-0.0757666
-0.126504
-0.126504
-0.126504
-0.126504
-0.126504
-0.0590922
-0.0590922
-0.0590922
-0.0590922
-0.0590922
0.163105
0.163105
0.163105
0.163105
0.163105
0.0694712
0.0694712
0.0694712
0.0694712
0.0694712
0.183606
0.183606
0.183606
0.183606
0.183606
-0.203696
-0.203696
-0.203696
-0.203696
-0.203696
-0.0567939
-0.0567939
-0.0567939
-0.0567939
-0.0567939
0.0455944
0.0455944
0.0455944
0.0455944
0.0455944
-0.0140331
-0.0140331
-0.0140331
-0.0140331
-0.0140331
-0.113994
-0.113994
-0.113994
-0.113994
-0.113994
-0.167951
-0.167951
-0.167951
-0.167951
-0.167951
-0.144936
-0.144936
-0.144936
-0.144936
-0.144936
-0.0824905
-0.0824905
-0.0824905
-0.0824905
-0.0824905
-0.164526
-0.164526
-0.164526
-0.164526
-0.164526
-0.0995618
-0.0995618
-0.0995618
-0.0995618
-0.0995618
-0.0355715
-0.0355715
-0.0355715
-0.0355715
-0.0355715
0.0584209
0.0584209
0.0584209
0.0584209
0.0584209
0.105692
0.105692
0.105692
-0.0738174
-0.0738174
-0.0738174
-0.0738174
-0.0291686
-0.0291686
-0.0291686
-0.0291686
-0.0291686
0.0530856
0.0530856
0.0530856
0.0530856
0.0530856
0.194016
0.194016
0.194016
0.194016
0.194016
0.113852
0.113852
0.113852
0.113852
0.113852
0.0983553
0.0983553
0.0983553
0.0983553
0.0983553
-0.073285
-0.073285
-0.073285
-0.073285
-0.073285
0.0749471
0.0749471
0.0749471
0.0749471
0.0749471
0.131743
0.131743
0.131743
0.131743
0.131743
0.0832422
0.0832422
0.0832422
0.0832422
0.0832422
-0.314439
-0.314439
-0.314439
-0.314439
-0.314439
0.0345754
0.0345754
0.0345754
0.0345754
0.0345754
-0.0168437
-0.0168437
-0.0168437
-0.0168437
-0.0168437
-0.0185322
-0.0185322
-0.0185322
-0.0185322
-0.0185322
-0.0266966
-0.0266966
-0.0266966
-0.0266966
-0.0266966
0.0119137
0.0119137
0.0119137
0.0119137
0.0119137
0.0518093
0.0518093
0.0518093
0.0518093
0.0518093
0.092668
0.092668
0.092668
0.092668
0.092668
0.292865
0.292865
0.292865
0.292865
0.292865
0.335571
0.335571
0.335571
0.335571
0.335571
-0.0863571
-0.0863571
-0.0863571
-0.0863571
-0.0863571
0.187009
0.187009
0.187009
0.187009
0.187009
-0.0978071
-0.0978071
-0.0978071
-0.0978071
-0.0978071
-0.119079
-0.119079
-0.119079
-0.119079
-0.119079
0.0819159
0.0819159
0.0819159
0.0819159
0.0819159
-0.0162317
-0.0162317
-0.0162317
-0.0162317
-0.0162317
-0.0622558
-0.0622558
-0.0622558
-0.0622558
-0.0622558
0.111225
0.111225
0.111225
0.111225
0.111225
0.0237134
0.0237134
0.0237134
0.0237134
0.0237134
0.0853231
0.0853231
0.0853231
0.0853231
0.0853231
-0.015593
-0.015593
-0.015593
-0.015593
-0.015593
0.0553433
0.0553433
0.0553433
0.0553433
0.0553433
0.0482031
0.0482031
0.0482031
0.0482031
0.0482031
0.0683497
0.0683497
0.0683497
0.0683497
0.0683497
0.0760131
0.0760131
0.0760131
0.0760131
0.0760131
0.0700352
0.0700352
0.0700352
0.0700352
0.0700352
0.204454
0.204454
0.204454
0.204454
0.204454
0.0763547
0.0763547
0.0763547
0.0763547
0.0763547
0.055452
0.055452
0.055452
0.055452
0.055452
0.155885
0.155885
0.155885
0.155885
0.155885
0.0379886
0.0379886
0.0379886
0.0379886
0.0379886
0.101486
0.101486
0.101486
0.101486
0.101486
0.0783219
0.0783219
0.0783219
0.0783219
0.0783219
0.162602
0.162602
0.162602
0.162602
0.162602
0.12663
0.12663
0.12663
0.12663
0.12663
0.00764272
0.00764272
0.00764272
0.00764272
0.00764272
-0.137748
-0.137748
-0.137748
-0.137748
-0.137748
0.0633139
0.0633139
0.0633139
0.0633139
0.0633139
0.00449731
0.00449731
0.00449731
0.00449731
0.00449731
0.0317687
0.0317687
0.0317687
0.0317687
0.0317687
0.0157879
0.0157879
0.0157879
0.0157879
0.0157879
0.00502183
0.00502183
0.00502183
0.00502183
0.00502183
0.0801526
0.0801526
0.0801526
0.0801526
0.0801526
0.293292
0.293292
0.293292
0.293292
0.293292
-0.166422
-0.166422
-0.166422
-0.166422
-0.166422
0.000359011
0.000359011
0.000359011
0.000359011
0.000359011
-0.0421783
-0.0421783
-0.0421783
-0.0421783
-0.0421783
-0.0444099
-0.0444099
-0.0444099
-0.0444099
-0.0444099
0.00973716
0.00973716
0.00973716
0.00973716
0.00973716
-0.0268395
-0.0268395
-0.0268395
-0.0268395
-0.0268395
-0.0787509
-0.0787509
-0.0787509
-0.0787509
-0.0787509
0.0382237
0.0382237
0.0382237
0.0382237
0.0382237
-0.0700993
-0.0700993
-0.0700993
-0.0700993
-0.0700993
-0.166719
-0.166719
-0.166719
-0.166719
-0.166719
-0.258123
-0.258123
-0.258123
-0.258123
-0.258123
0.218423
0.218423
0.218423
0.218423
0.218423
-0.246339
-0.246339
-0.246339
-0.246339
-0.246339
-0.022147
-0.022147
-0.022147
-0.022147
-0.022147
-0.161571
-0.161571
-0.161571
-0.161571
-0.161571
-0.129706
-0.129706
-0.129706
-0.129706
0.0442134
0.0442134
0.0442134
-0.194126
-0.194126
-0.194126
-0.194126
-0.194126
0.0368417
0.0368417
0.0368417
0.0368417
0.0368417
0.122425
0.122425
0.122425
0.122425
0.122425
-0.0823466
-0.0823466
-0.0823466
-0.0823466
-0.0823466
0.0934881
0.0934881
0.0934881
0.0934881
0.0934881
-0.105996
-0.105996
-0.105996
-0.105996
-0.105996
0.0181389
0.0181389
0.0181389
0.0181389
0.0181389
-0.0320527
-0.0320527
-0.0320527
-0.0320527
-0.0320527
-0.0314049
-0.0314049
-0.0314049
-0.0314049
-0.0314049
0.092852
0.092852
0.092852
0.092852
0.092852
-0.203224
-0.203224
-0.203224
-0.203224
-0.203224
-0.0450603
-0.0450603
-0.0450603
-0.0450603
-0.0450603
-0.0565571
-0.0565571
-0.0565571
-0.0565571
-0.0565571
-0.0734995
-0.0734995
-0.0734995
-0.0734995
-0.0734995
-0.0218147
-0.0218147
-0.0218147
-0.0218147
-0.0218147
0.133042
0.133042
0.133042
0.133042
0.133042
-0.113442
-0.113442
-0.113442
-0.113442
-0.113442
-0.151153
-0.151153
-0.151153
-0.151153
-0.151153
-0.0624262
-0.0624262
-0.0624262
-0.0624262
-0.0624262
0.0280229
0.0280229
0.0280229
0.0280229
0.0280229
-0.0920067
-0.0920067
-0.0920067
-0.0920067
-0.0920067
0.0197212
0.0197212
0.0197212
0.0197212
0.0197212
-0.116504
-0.116504
-0.116504
-0.116504
-0.116504
-0.143113
-0.143113
-0.143113
-0.143113
-0.143113
0.135197
0.135197
0.135197
0.135197
0.135197
-0.0984656
-0.0984656
-0.0984656
-0.0984656
-0.0984656
0.0129902
0.0129902
0.0129902
0.0129902
0.0129902
-0.152943
-0.152943
-0.152943
-0.152943
-0.152943
-0.178774
-0.178774
-0.178774
-0.178774
-0.178774
0.0168102
0.0168102
0.0168102
0.0168102
0.0168102
0.0746139
0.0746139
0.0746139
0.0746139
0.0746139
0.0237099
0.0237099
0.0237099
0.0237099
0.0237099
0.0127722
0.0127722
0.0127722
0.0127722
0.0127722
0.0691167
0.0691167
0.0691167
0.0691167
0.0691167
-0.0268319
-0.0268319
-0.0268319
-0.0268319
-0.0268319
3.73785e-05
3.73785e-05
3.73785e-05
3.73785e-05
3.73785e-05
0.129013
0.129013
0.129013
0.129013
0.129013
0.0769406
0.0769406
0.0769406
0.0769406
0.0769406
0.169064
0.169064
0.169064
0.169064
0.169064
0.118698
0.118698
0.118698
0.118698
0.118698
0.0176433
0.0176433
0.0176433
0.0176433
0.0176433
-0.109523
-0.109523
-0.109523
-0.109523
-0.109523
0.135052
0.135052
0.135052
0.135052
0.135052
0.0520661
0.0520661
0.0520661
0.0520661
0.0520661
0.12199
0.12199
0.12199
0.12199
0.12199
-0.0497955
-0.0497955
-0.0497955
-0.0497955
-0.0497955
0.101035
0.101035
0.101035
0.101035
0.101035
0.131641
0.131641
0.131641
0.131641
0.131641
-0.125199
-0.125199
-0.125199
-0.125199
-0.125199
0.0313708
0.0313708
0.0313708
0.0313708
0.0313708
0.0212114
0.0212114
0.0212114
0.0212114
0.0212114
0.0580179
0.0580179
0.0580179
0.0580179
0.0580179
-0.0139632
-0.0139632
-0.0139632
-0.0139632
-0.0139632
-0.141075
-0.141075
-0.141075
-0.141075
-0.141075
0.0954612
0.0954612
0.0954612
0.0954612
0.0954612
0.070788
0.070788
0.070788
0.070788
0.070788
0.0268586
0.0268586
0.0268586
0.0268586
0.0268586
-0.274214
-0.274214
-0.274214
-0.274214
-0.274214
0.0581396
0.0581396
0.0581396
0.0581396
0.0581396
-0.0195616
-0.0195616
-0.0195616
-0.0195616
-0.0195616
-0.0316363
-0.0316363
-0.0316363
-0.0316363
-0.0316363
-0.105491
-0.105491
-0.105491
-0.105491
-0.105491
0.15564
0.15564
0.15564
0.15564
0.15564
0.0713008
0.0713008
0.0713008
0.0713008
0.0713008
0.0520739
0.0520739
0.0520739
0.0520739
0.0520739
-0.0217389
-0.0217389
-0.0217389
-0.0217389
-0.0217389
0.11787
0.11787
0.11787
0.11787
0.11787
0.0990174
0.0990174
0.0990174
0.0990174
0.0990174
-0.0581097
-0.0581097
-0.0581097
-0.0581097
-0.0581097
0.0966097
0.0966097
0.0966097
0.0966097
0.0966097
0.0408038
0.0408038
0.0408038
0.0408038
0.0408038
0.0249587
0.0249587
0.0249587
0.0249587
0.0249587
0.0191744
0.0191744
0.0191744
0.0191744
0.0191744
0.112212
0.112212
0.112212
0.112212
0.112212
0.0800149
0.0800149
0.0800149
0.0800149
0.0800149
0.048496
0.048496
0.048496
0.048496
0.048496
-0.103893
-0.103893
-0.103893
-0.103893
-0.103893
0.0553414
0.0553414
0.0553414
0.0553414
0.0553414
0.0604116
0.0604116
0.0604116
0.0604116
0.0604116
-0.243912
-0.243912
-0.243912
-0.243912
-0.243912
0.137387
0.137387
0.137387
0.137387
0.137387
-0.127747
-0.127747
-0.127747
-0.127747
-0.127747
-0.160503
-0.160503
-0.160503
-0.160503
-0.160503
-0.0637472
-0.0637472
-0.0637472
-0.0637472
-0.0637472
-0.0249792
-0.0249792
-0.0249792
-0.0249792
-0.0249792
-0.104011
-0.104011
-0.104011
-0.104011
-0.104011
0.0272938
0.0272938
0.0272938
0.0272938
0.0272938
-0.021531
-0.021531
-0.021531
-0.021531
-0.021531
-0.0453362
-0.0453362
-0.0453362
-0.0453362
-0.0453362
0.0481551
0.0481551
0.0481551
0.0481551
0.0481551
-0.0835507
-0.0835507
-0.0835507
-0.0835507
-0.0835507
-0.11371
-0.11371
-0.11371
-0.11371
-0.11371
-0.0681263
-0.0681263
-0.0681263
-0.0681263
-0.0681263
-0.137719
-0.137719
-0.137719
-0.137719
-0.137719
-0.0745067
-0.0745067
-0.0745067
-0.0745067
-0.0745067
0.0311465
0.0311465
0.0311465
0.0311465
0.0311465
0.0645725
0.0645725
0.0645725
0.0645725
0.0645725
0.0490968
0.0490968
0.0490968
0.0490968
0.0490968
0.125679
0.125679
0.125679
0.125679
0.125679
0.036823
0.036823
0.036823
0.036823
0.036823
-0.138525
-0.138525
-0.138525
-0.138525
-0.138525
0.0541522
0.0541522
0.0541522
0.0541522
0.0541522
0.127328
0.127328
0.127328
0.127328
0.127328
0.0836969
0.0836969
0.0836969
0.0836969
0.0836969
-0.109667
-0.109667
-0.109667
-0.109667
-0.109667
0.0899501
0.0899501
0.0899501
0.0899501
0.0899501
-0.112087
-0.112087
-0.112087
-0.112087
-0.112087
0.064176
0.064176
0.064176
0.064176
0.064176
0.163561
0.163561
0.163561
0.163561
0.163561
-0.0376808
-0.0376808
-0.0376808
-0.0376808
-0.0376808
0.0288705
0.0288705
0.0288705
0.0288705
0.0288705
0.0235233
0.0235233
0.0235233
0.0235233
0.0235233
-0.0566892
-0.0566892
-0.0566892
-0.0566892
-0.0566892
-0.0651907
-0.0651907
-0.0651907
-0.0651907
-0.0651907
0.265182
0.265182
0.265182
0.265182
0.265182
0.0645936
0.0645936
0.0645936
0.0645936
0.0645936
0.0622278
0.0622278
0.0622278
0.0622278
0.0622278
-0.076193
-0.076193
-0.076193
-0.076193
-0.076193
-0.125343
-0.125343
-0.125343
-0.125343
-0.125343
-0.0189901
-0.0189901
-0.0189901
-0.0189901
-0.0189901
0.0177126
0.0177126
0.0177126
0.0177126
0.0177126
-0.0980821
-0.0980821
-0.0980821
-0.0980821
-0.0980821
-0.065069
-0.065069
-0.065069
-0.065069
-0.065069
-0.116279
-0.116279
-0.116279
-0.116279
-0.116279
0.0679743
0.0679743
0.0679743
0.0679743
0.0679743
-0.0581655
-0.0581655
-0.0581655
-0.0581655
-0.0581655
0.220991
0.220991
0.220991
0.220991
0.220991
0.0101846
0.0101846
0.0101846
0.0101846
0.0101846
0.065096
0.065096
0.065096
0.065096
0.065096
0.0188128
0.0188128
0.0188128
0.0188128
0.0188128
0.168912
0.168912
0.168912
0.168912
0.168912
0.0741791
0.0741791
0.0741791
0.0741791
0.0741791
-0.255194
-0.255194
-0.255194
-0.255194
-0.255194
0.0530865
0.0530865
0.0530865
0.0530865
0.0530865
-0.0065199
-0.0065199
-0.0065199
-0.0065199
-0.0065199
-0.0150108
-0.0150108
-0.0150108
-0.0150108
-0.0150108
-0.0631681
-0.0631681
-0.0631681
-0.0631681
-0.0631681
-0.0201837
-0.0201837
-0.0201837
-0.0201837
-0.0201837
-0.0153761
-0.0153761
-0.0153761
-0.0153761
-0.0153761
0.0787424
0.0787424
0.0787424
0.0787424
0.0787424
-0.062722
-0.062722
-0.062722
-0.062722
-0.062722
-0.0889075
-0.0889075
-0.0889075
-0.0889075
-0.0889075
0.19654
0.19654
0.19654
0.19654
0.19654
0.0749995
0.0749995
0.0749995
0.0749995
0.0749995
-0.0531464
-0.0531464
-0.0531464
-0.0531464
-0.0531464
0.103649
0.103649
0.103649
0.103649
0.103649
0.0184185
0.0184185
0.0184185
0.0184185
0.0184185
-0.149515
-0.149515
-0.149515
-0.149515
-0.149515
0.113278
0.113278
0.113278
0.113278
0.113278
0.0214927
0.0214927
0.0214927
0.0214927
0.0214927
0.176607
0.176607
0.176607
0.176607
0.176607
0.133767
0.133767
0.133767
0.133767
0.133767
0.0441685
0.0441685
0.0441685
0.0441685
0.0441685
0.135435
0.135435
0.135435
0.135435
0.135435
-0.00131077
-0.00131077
-0.00131077
-0.00131077
-0.00131077
-0.0339986
-0.0339986
-0.0339986
-0.0339986
-0.0339986
-0.138886
-0.138886
-0.138886
-0.138886
-0.138886
-0.0557018
-0.0557018
-0.0557018
-0.0557018
-0.0557018
0.0526042
0.0526042
0.0526042
0.0526042
0.0526042
0.145695
0.145695
0.145695
0.145695
0.145695
0.0102766
0.0102766
0.0102766
0.0102766
0.0102766
0.00161217
0.00161217
0.00161217
0.00161217
0.00161217
-0.122737
-0.122737
-0.122737
-0.122737
-0.122737
-0.0550769
-0.0550769
-0.0550769
-0.0550769
-0.0550769
0.144619
0.144619
0.144619
0.144619
0.144619
-0.0887187
-0.0887187
-0.0887187
-0.0887187
-0.0887187
0.00164831
0.00164831
0.00164831
0.00164831
0.00164831
-0.0492759
-0.0492759
-0.0492759
-0.0492759
-0.0492759
-0.0535163
0.0180009
0.0180009
0.0180009
0.0180009
0.0180009
0.0180009
0.0108919
0.0108919
0.0108919
0.0108919
0.0130626
0.0130626
0.0130626
0.0130626
0.0130626
0.0130626
-0.0290009
-0.0290009
-0.0290009
-0.0290009
-0.0290009
-0.104643
-0.104643
-0.104643
-0.104643
-0.104643
-0.238054
-0.238054
-0.238054
-0.238054
-0.238054
-0.0698481
-0.0698481
-0.0698481
-0.0698481
-0.0698481
-0.011492
-0.011492
-0.011492
-0.011492
-0.011492
0.108725
0.108725
0.108725
0.108725
0.108725
0.143194
0.143194
0.143194
0.143194
0.143194
-0.108265
-0.108265
-0.108265
-0.108265
-0.108265
0.112521
0.112521
0.112521
0.112521
0.112521
0.0121066
0.0121066
0.0121066
0.0121066
0.0121066
0.0342319
0.0342319
0.0342319
0.0342319
0.0342319
-0.0339722
-0.0339722
-0.0339722
-0.0339722
-0.0339722
-0.0631305
-0.0631305
-0.0631305
-0.0631305
-0.0631305
-0.128509
-0.128509
-0.128509
-0.128509
-0.128509
-0.0346587
-0.0346587
-0.0346587
-0.0346587
-0.0346587
-0.155599
-0.155599
-0.155599
-0.155599
-0.155599
0.0784328
0.0784328
0.0784328
0.0784328
0.00315948
0.00315948
0.00315948
0.00315948
0.00315948
0.00315948
0.105138
0.105138
0.105138
0.105138
0.105138
-0.0172646
-0.0172646
-0.0172646
-0.0172646
-0.0172646
0.121815
0.121815
0.121815
0.121815
0.121815
0.0344936
0.0344936
0.0344936
0.0344936
0.0344936
0.116127
0.116127
0.116127
0.116127
0.116127
0.0327108
0.0327108
0.0327108
0.0327108
0.0327108
0.0612222
0.0612222
0.0612222
0.0612222
0.0612222
-0.0532507
-0.0532507
-0.0532507
-0.0532507
-0.0532507
-0.0420715
-0.0420715
-0.0420715
-0.0420715
-0.0420715
0.0811798
0.0811798
0.0811798
0.0811798
0.0811798
0.0527964
0.0527964
0.0527964
0.0527964
0.0527964
-0.0399622
-0.0399622
-0.0399622
-0.0399622
-0.0399622
0.0345119
0.0345119
0.0345119
0.0345119
0.0345119
0.120093
0.120093
0.120093
0.120093
0.120093
-0.0119325
-0.0119325
-0.0119325
-0.0119325
0.130829
0.130829
0.130829
0.130829
0.130829
0.130829
0.0127255
0.0127255
0.0127255
0.0127255
0.0127255
0.0490826
0.0490826
0.0490826
0.0490826
0.0490826
-0.125461
-0.125461
-0.125461
-0.125461
-0.125461
-0.132395
-0.132395
-0.132395
-0.132395
-0.132395
-0.123863
-0.123863
-0.123863
-0.123863
-0.123863
0.0156532
0.0156532
0.0156532
0.0156532
0.0156532
-0.147733
-0.147733
-0.147733
-0.147733
-0.147733
0.0298512
0.0298512
0.0298512
0.0298512
0.0298512
-0.0195798
-0.0195798
-0.0195798
-0.0195798
-0.0195798
-0.0307812
-0.0307812
-0.0307812
-0.0307812
-0.0307812
-0.14826
-0.14826
-0.14826
-0.14826
-0.14826
0.00267139
0.00267139
0.00267139
0.00267139
0.00267139
-0.102249
-0.102249
-0.102249
-0.102249
-0.102249
-0.0230332
-0.0230332
-0.0230332
-0.0230332
-0.0230332
-0.00349712
-0.00349712
-0.00349712
-0.00349712
-0.00349712
0.0344405
0.0344405
0.0344405
0.0344405
0.0344405
-0.0146898
-0.0146898
-0.0146898
-0.0146898
-0.0146898
0.00327191
0.00327191
0.00327191
0.00327191
0.00327191
-0.0549689
-0.0549689
-0.0549689
-0.0549689
-0.0549689
0.0981556
0.0981556
0.0981556
0.0981556
0.0981556
0.0247499
0.0247499
0.0247499
0.0247499
0.0247499
-0.00610438
-0.00610438
-0.00610438
-0.00610438
-0.00610438
0.0824449
0.0824449
0.0824449
0.0824449
0.0824449
-0.0174613
-0.0174613
-0.0174613
-0.0174613
-0.0174613
-0.081681
-0.081681
-0.081681
-0.081681
-0.081681
-0.114551
-0.114551
-0.114551
-0.114551
-0.114551
-0.0962933
-0.0962933
-0.0962933
-0.0962933
-0.0962933
-0.0979127
-0.0979127
-0.0979127
-0.0979127
-0.0979127
-0.11718
-0.11718
-0.11718
-0.11718
-0.11718
-0.0425195
-0.0425195
-0.0425195
-0.0425195
-0.0425195
-0.0045773
-0.0045773
-0.0045773
-0.0045773
-0.0045773
0.070713
0.070713
0.070713
0.070713
0.070713
0.0532349
0.0532349
0.0532349
0.0532349
0.0532349
-0.0801415
-0.0801415
-0.0801415
-0.0801415
-0.0801415
-0.0193442
-0.0193442
-0.0193442
-0.0193442
-0.0193442
-0.0793825
-0.0793825
-0.0793825
-0.0793825
-0.0793825
-0.161076
-0.161076
-0.161076
-0.161076
-0.161076
0.00409627
0.00409627
