0.459728
0.459728
0.459728
0.459728
0.459728
0.478451
0.478451
0.478451
0.478451
0.478451
0.272285
0.272285
0.272285
0.272285
0.272285
0.402441
0.402441
0.402441
0.402441
0.402441
0.215334
0.215334
0.215334
0.215334
0.215334
0.0593566
0.0593566
0.0593566
0.0593566
0.0593566
0.0727014
0.0727014
0.0727014
0.0727014
0.0727014
0.0872929
0.0872929
0.0872929
0.0872929
0.0872929
0.203637
0.203637
0.203637
0.203637
0.203637
-0.0552585
-0.0552585
-0.0552585
-0.0552585
-0.0552585
-0.0336398
-0.0336398
-0.0336398
-0.0336398
-0.0336398
0.298923
0.298923
0.298923
0.298923
0.298923
0.0344078
0.0344078
0.0344078
0.0344078
0.0344078
-0.127227
-0.127227
-0.127227
-0.127227
-0.127227
-0.0243735
-0.0243735
-0.0243735
-0.0243735
-0.0243735
0.128512
0.128512
0.128512
0.128512
0.128512
-0.157726
-0.157726
-0.157726
-0.157726
-0.157726
0.00462825
0.00462825
0.00462825
0.00462825
0.00462825
0.0914179
0.0914179
0.0914179
0.0914179
0.0914179
-0.107863
-0.107863
-0.107863
-0.107863
-0.107863
-0.0921988
-0.0921988
-0.0921988
-0.0921988
-0.0921988
-0.0762271
-0.0762271
-0.0762271
-0.0762271
-0.0762271
0.0497446
0.0497446
0.0497446
0.0497446
0.0497446
-0.0991032
-0.0991032
-0.0991032
-0.0991032
-0.0991032
0.0602681
0.0602681
0.0602681
0.0602681
0.0602681
-0.134824
-0.134824
-0.134824
-0.134824
-0.134824
-0.109005
-0.109005
-0.109005
-0.109005
-0.109005
0.0144809
0.0144809
0.0144809
0.0144809
0.0144809
-0.0657111
-0.0657111
-0.0657111
-0.0657111
-0.0657111
-0.125431
-0.125431
-0.125431
-0.125431
-0.125431
-0.00490893
-0.00490893
-0.00490893
-0.00490893
-0.00490893
0.0935392
0.0935392
0.0935392
0.0935392
0.0935392
0.0376493
0.0376493
0.0376493
0.0376493
0.0376493
0.0520457
0.0520457
0.0520457
0.0520457
0.0520457
0.0599601
0.0599601
0.0599601
0.0599601
0.0599601
-0.157869
-0.157869
-0.157869
-0.157869
-0.157869
-0.0619163
-0.0619163
-0.0619163
-0.0619163
-0.0619163
-0.0849352
-0.0849352
-0.0849352
-0.0849352
-0.0849352
-0.00462658
-0.00462658
-0.00462658
-0.00462658
-0.00462658
0.0197498
0.0197498
0.0197498
0.0197498
0.0197498
-0.112383
-0.112383
-0.112383
-0.112383
-0.112383
0.0396113
0.0396113
0.0396113
0.0396113
0.0396113
0.046759
0.046759
0.046759
0.046759
0.046759
0.00723079
0.00723079
0.00723079
0.00723079
0.00723079
-0.177639
-0.177639
-0.177639
-0.177639
-0.177639
-0.0222175
-0.0222175
-0.0222175
-0.0222175
-0.0222175
0.134863
0.134863
0.134863
0.134863
0.134863
-0.0723944
-0.0723944
-0.0723944
-0.0723944
-0.0723944
-0.129501
-0.129501
-0.129501
-0.129501
-0.129501
-0.0903853
-0.0903853
-0.0903853
-0.0903853
-0.0903853
0.0762936
0.0762936
0.0762936
0.0762936
0.0762936
0.129842
0.129842
0.129842
0.129842
0.129842
-0.207147
-0.207147
-0.207147
-0.207147
-0.207147
0.258025
0.258025
0.258025
0.258025
0.258025
0.0795286
0.0795286
0.0795286
0.0795286
0.0795286
0.0517295
0.0517295
0.0517295
0.0517295
0.0517295
0.0359905
0.0359905
0.0359905
0.0359905
0.0359905
-0.125703
-0.125703
-0.125703
-0.125703
-0.125703
0.0381185
0.0381185
0.0381185
0.0381185
0.0381185
-0.0704366
-0.0704366
-0.0704366
-0.0704366
-0.0704366
0.258369
0.258369
0.258369
0.258369
0.258369
-0.0416287
-0.0416287
-0.0416287
-0.0416287
-0.0416287
-0.171034
-0.171034
-0.171034
-0.171034
-0.171034
-0.0412456
-0.0412456
-0.0412456
-0.0412456
-0.0412456
-0.0363129
-0.0363129
-0.0363129
-0.0363129
-0.0363129
0.142338
0.142338
0.142338
0.142338
0.142338
-0.151435
-0.151435
-0.151435
-0.151435
-0.151435
-0.00435173
-0.00435173
-0.00435173
-0.00435173
-0.00435173
0.0826649
0.0826649
0.0826649
0.0826649
0.0826649
-0.061445
-0.061445
-0.061445
-0.061445
-0.061445
-0.0584027
-0.0584027
-0.0584027
-0.0584027
-0.0584027
0.0501616
0.0501616
0.0501616
0.0501616
0.0501616
-0.158479
0.00792213
0.00792213
0.00792213
0.00792213
0.00792213
0.00792213
0.103954
0.103954
0.103954
0.103954
0.103954
-0.199818
-0.199818
-0.199818
-0.199818
-0.199818
0.263522
0.263522
0.263522
0.263522
0.263522
-0.0994272
-0.0994272
-0.0994272
-0.0994272
-0.0994272
0.034034
0.034034
0.034034
0.034034
0.034034
-0.0977966
-0.0977966
-0.0977966
-0.0977966
-0.0977966
-0.0130337
-0.0130337
-0.0130337
-0.0130337
-0.0130337
0.131964
0.131964
0.131964
0.131964
0.131964
-0.0300254
-0.0300254
-0.0300254
-0.0300254
-0.0300254
0.184299
0.184299
0.184299
0.184299
0.184299
0.110141
0.110141
0.110141
0.110141
0.110141
-0.0442966
-0.0442966
-0.0442966
-0.0442966
-0.0442966
-0.205142
-0.205142
-0.205142
-0.205142
-0.205142
-0.0296637
-0.0296637
-0.0296637
-0.0296637
-0.0296637
0.141065
-0.0182017
-0.0182017
-0.0182017
-0.0182017
-0.0182017
-0.0182017
-0.0607227
-0.0607227
-0.0607227
-0.0607227
-0.0607227
0.239359
0.239359
0.239359
0.239359
0.239359
0.0134455
0.0134455
0.0134455
0.0134455
0.0134455
-0.0180905
-0.0180905
-0.0180905
-0.0180905
-0.0180905
0.0546247
0.0546247
0.0546247
0.0546247
0.0546247
-0.0689276
-0.0689276
-0.0689276
-0.0689276
-0.0689276
0.0566411
0.0566411
0.0566411
0.0566411
0.0566411
-0.046284
-0.046284
-0.046284
-0.046284
-0.046284
-0.17491
-0.17491
-0.17491
-0.17491
-0.17491
-0.0172877
-0.0172877
-0.0172877
-0.0172877
-0.0172877
0.114309
0.114309
0.114309
0.114309
0.114309
0.234248
0.234248
0.234248
0.234248
0.234248
-0.149607
-0.149607
-0.149607
-0.149607
-0.149607
0.0542963
0.0542963
0.0542963
0.0542963
0.0542963
-0.0599445
-0.0599445
-0.0599445
-0.0599445
-0.0599445
-0.00627243
-0.00627243
-0.00627243
-0.00627243
-0.00627243
-0.0374996
-0.0374996
-0.0374996
-0.0374996
-0.0374996
-0.0156202
-0.0156202
-0.0156202
-0.0156202
-0.0156202
0.0490248
0.0490248
0.0490248
0.0490248
0.0490248
-0.0451442
-0.0451442
-0.0451442
-0.0451442
-0.0451442
-0.0294381
-0.0294381
-0.0294381
-0.0294381
-0.0294381
-0.0532743
-0.0532743
-0.0532743
-0.0532743
-0.0532743
0.0923273
0.0923273
0.0923273
0.0923273
0.0923273
-0.0296241
-0.0296241
-0.0296241
-0.0296241
-0.0296241
-0.0888948
-0.0888948
-0.0888948
-0.0888948
-0.0888948
0.263907
0.263907
0.263907
0.263907
0.263907
-0.151079
-0.151079
-0.151079
-0.151079
-0.151079
0.0468426
0.0468426
0.0468426
0.0468426
0.0468426
0.0200924
0.0200924
0.0200924
0.0200924
0.0200924
-0.120411
-0.120411
-0.120411
-0.120411
-0.120411
0.0422328
0.0422328
0.0422328
0.0422328
0.0422328
-0.245678
-0.245678
-0.245678
-0.245678
-0.245678
0.0480562
0.0480562
0.0480562
0.0480562
0.0480562
-0.10055
-0.10055
-0.10055
-0.10055
-0.10055
-0.228805
-0.228805
-0.228805
-0.228805
-0.228805
0.0554154
0.0554154
0.0554154
0.0554154
0.0554154
-0.08314
-0.08314
-0.08314
-0.08314
-0.08314
-0.0512879
-0.0512879
-0.0512879
-0.0512879
-0.0512879
-0.0173394
-0.0173394
-0.0173394
-0.0173394
-0.0173394
-0.308328
-0.308328
-0.308328
-0.308328
-0.308328
0.146403
0.146403
0.146403
0.146403
0.146403
-0.0788475
-0.0788475
-0.0788475
-0.0788475
-0.0788475
0.0482475
0.0482475
0.0482475
0.0482475
0.0482475
-0.29198
-0.29198
-0.29198
-0.29198
-0.29198
0.0657789
0.0657789
0.0657789
0.0657789
0.0657789
-0.107851
-0.107851
-0.107851
-0.107851
-0.107851
-0.103626
-0.103626
-0.103626
-0.103626
-0.103626
0.116944
0.116944
0.116944
0.116944
0.116944
-0.107919
-0.107919
-0.107919
-0.107919
-0.107919
-0.0691777
-0.0691777
-0.0691777
-0.0691777
-0.0691777
0.118927
0.118927
0.118927
0.118927
0.118927
0.171605
0.171605
0.171605
0.171605
0.171605
0.0513465
0.0513465
0.0513465
0.0513465
0.0513465
-0.109505
-0.109505
-0.109505
-0.109505
-0.109505
-0.0575819
-0.0575819
-0.0575819
-0.0575819
-0.0575819
-0.0553058
-0.0553058
-0.0553058
-0.0553058
-0.0553058
-0.00496612
-0.00496612
-0.00496612
-0.00496612
-0.00496612
0.113494
0.113494
0.113494
0.113494
0.113494
0.0797537
0.0797537
0.0797537
0.0797537
0.0797537
-0.135477
-0.135477
-0.135477
-0.135477
-0.135477
-0.0244473
-0.0244473
-0.0244473
-0.0244473
-0.0244473
0.0833087
0.0833087
0.0833087
0.0833087
0.0833087
0.0485023
0.0485023
0.0485023
0.0485023
0.0485023
-0.0500946
-0.0500946
-0.0500946
-0.0500946
-0.0500946
0.0119915
0.0119915
0.0119915
0.0119915
0.0119915
-0.0399272
-0.0399272
-0.0399272
-0.0399272
-0.0399272
0.00876261
0.00876261
0.00876261
0.00876261
0.00876261
-0.083667
-0.083667
-0.083667
-0.083667
-0.083667
-0.0835255
-0.0835255
-0.0835255
-0.0835255
-0.0835255
0.0118273
0.0118273
0.0118273
0.0118273
0.0118273
0.150829
0.150829
0.150829
0.150829
0.150829
-0.00658302
-0.00658302
-0.00658302
-0.00658302
-0.00658302
-0.186369
-0.186369
-0.186369
-0.186369
-0.186369
-0.0759259
-0.0759259
-0.0759259
-0.0759259
-0.0759259
0.0800532
0.0800532
0.0800532
0.0800532
0.0800532
0.0217162
0.0217162
0.0217162
0.0217162
0.0217162
-0.100992
-0.100992
-0.100992
-0.100992
-0.100992
-0.147739
-0.147739
-0.147739
-0.147739
-0.147739
-0.114808
-0.114808
-0.114808
-0.114808
-0.114808
0.0599732
0.0599732
0.0599732
0.0599732
0.0599732
-0.130981
-0.130981
-0.130981
-0.130981
-0.130981
-0.0742921
-0.0742921
-0.0742921
-0.0742921
-0.0742921
0.144749
0.144749
0.144749
0.144749
0.144749
-0.10643
-0.10643
-0.10643
-0.10643
-0.10643
0.00401415
0.00401415
0.00401415
0.00401415
0.00401415
0.00382674
0.00382674
0.00382674
0.00382674
0.00382674
0.082638
0.082638
0.082638
0.082638
0.082638
-0.0857182
-0.0857182
-0.0857182
-0.0857182
-0.0857182
0.0803174
0.0803174
0.0803174
0.0803174
0.0803174
-0.0251318
-0.0251318
-0.0251318
-0.0251318
-0.0251318
-0.125414
-0.125414
-0.125414
-0.125414
-0.125414
-0.00135955
-0.00135955
-0.00135955
-0.00135955
-0.00135955
-0.133118
-0.133118
-0.133118
-0.133118
-0.133118
0.0830908
0.0830908
0.0830908
0.0830908
0.0830908
-0.176279
-0.176279
-0.176279
-0.176279
-0.176279
-0.0586483
-0.0586483
-0.0586483
-0.0586483
-0.0586483
0.0920048
0.0920048
0.0920048
0.0920048
0.0920048
0.0027584
0.0027584
0.0027584
0.0027584
0.0027584
0.152246
0.152246
0.152246
0.152246
0.152246
-0.149262
-0.149262
-0.149262
-0.149262
-0.149262
-0.0649815
-0.0649815
-0.0649815
-0.0649815
-0.0649815
0.134015
0.134015
0.134015
0.134015
0.134015
0.062429
0.062429
0.062429
0.062429
0.062429
0.118981
0.118981
0.118981
0.118981
0.118981
-0.0161712
-0.0161712
-0.0161712
-0.0161712
-0.0161712
0.016898
0.016898
0.016898
0.016898
0.016898
0.0851311
0.0851311
0.0851311
0.0851311
0.0851311
0.0952673
0.0952673
0.0952673
0.0952673
0.0952673
0.0901061
0.0901061
0.0901061
0.0901061
0.0901061
-0.120585
-0.120585
-0.120585
-0.120585
-0.120585
-0.124793
-0.124793
-0.124793
-0.124793
-0.124793
0.0645375
0.0645375
0.0645375
0.0645375
0.0645375
0.0712632
0.0712632
0.0712632
0.0712632
0.0712632
0.0173581
0.0173581
0.0173581
0.0173581
0.0173581
0.120022
0.120022
0.120022
0.120022
0.120022
-0.00988357
-0.00988357
-0.00988357
-0.00988357
-0.00988357
0.0896772
0.0896772
0.0896772
0.0896772
0.0896772
-0.145569
-0.145569
-0.145569
-0.145569
-0.145569
0.100241
0.100241
0.100241
0.100241
0.100241
-0.0195765
-0.0195765
-0.0195765
-0.0195765
-0.0195765
-0.118784
-0.118784
-0.118784
-0.118784
-0.118784
-0.100956
-0.100956
-0.100956
-0.100956
-0.100956
0.0568309
0.0568309
0.0568309
0.0568309
0.0568309
0.195821
0.195821
0.195821
0.195821
0.195821
-0.0630404
-0.0630404
-0.0630404
-0.0630404
-0.0630404
0.0356405
0.0356405
0.0356405
0.0356405
0.0356405
-0.0316264
-0.0316264
-0.0316264
-0.0316264
-0.0316264
-0.0274291
-0.0274291
-0.0274291
-0.0274291
-0.0274291
0.193007
0.193007
0.193007
0.193007
0.193007
0.0781438
0.0781438
0.0781438
0.0781438
0.0781438
-0.177561
-0.177561
-0.177561
-0.177561
-0.177561
-0.114327
-0.114327
-0.114327
-0.114327
-0.114327
-0.0896772
-0.0896772
-0.0896772
-0.0896772
-0.0896772
0.0980344
0.0980344
0.0980344
0.0980344
0.0980344
0.0594383
0.0594383
0.0594383
0.0594383
0.0594383
0.0768316
0.0768316
0.0768316
0.0768316
0.0768316
-0.028219
-0.028219
-0.028219
-0.028219
-0.028219
0.13147
0.13147
0.13147
0.13147
0.13147
0.0263504
0.0263504
0.0263504
0.0263504
0.0263504
-0.0080254
-0.0080254
-0.0080254
-0.0080254
-0.0080254
-0.0159951
-0.0159951
-0.0159951
-0.0159951
-0.0159951
0.163059
0.163059
0.163059
0.163059
0.163059
-0.0293385
-0.0293385
-0.0293385
-0.0293385
-0.0293385
-0.118681
-0.118681
-0.118681
-0.118681
-0.118681
0.15642
0.15642
0.15642
0.15642
0.15642
-0.0219399
-0.0219399
-0.0219399
-0.0219399
-0.0219399
0.0206852
0.0206852
0.0206852
0.0206852
0.0206852
-0.0979674
-0.0979674
-0.0979674
-0.0979674
-0.0979674
-0.0841468
-0.0841468
-0.0841468
-0.0841468
-0.0841468
-0.0183423
-0.0183423
-0.0183423
-0.0183423
-0.0183423
-0.0293373
-0.0293373
-0.0293373
-0.0293373
-0.0293373
-0.191243
-0.191243
-0.191243
-0.191243
-0.191243
-0.08142
-0.08142
-0.08142
-0.08142
-0.08142
-0.155983
-0.155983
-0.155983
-0.155983
-0.155983
-0.00709888
-0.00709888
-0.00709888
-0.00709888
-0.00709888
-0.0758238
-0.0758238
-0.0758238
-0.0758238
-0.0758238
-0.0372693
-0.0372693
-0.0372693
-0.0372693
-0.0372693
-0.0989796
-0.0989796
-0.0989796
-0.0989796
-0.0989796
-0.0421337
-0.0421337
-0.0421337
-0.0421337
-0.0421337
0.0431409
0.0431409
0.0431409
0.0431409
0.0431409
-0.0860119
-0.0860119
-0.0860119
-0.0860119
-0.0860119
0.00437377
0.00437377
0.00437377
0.00437377
0.00437377
-0.000573785
-0.000573785
-0.000573785
-0.000573785
-0.000573785
0.114024
0.114024
0.114024
0.114024
0.114024
-0.0346766
-0.0346766
-0.0346766
-0.0346766
-0.0346766
-0.0398627
-0.0398627
-0.0398627
-0.0398627
-0.0398627
0.0780804
0.0780804
0.0780804
0.0780804
0.0780804
-0.0438456
-0.0438456
-0.0438456
-0.0438456
-0.0438456
0.0547462
0.0547462
0.0547462
0.0547462
0.0547462
-0.0148255
-0.0148255
-0.0148255
-0.0148255
-0.0148255
-0.073807
-0.073807
-0.073807
-0.073807
-0.073807
-0.00244185
-0.00244185
-0.00244185
-0.00244185
-0.00244185
-0.0584643
-0.0584643
-0.0584643
-0.0584643
-0.0584643
-0.0544014
-0.0544014
-0.0544014
-0.0544014
-0.0544014
-0.0485869
-0.0485869
-0.0485869
-0.0485869
-0.0485869
-0.0176816
-0.0176816
-0.0176816
-0.0176816
-0.0176816
0.0697028
0.0697028
0.0697028
0.0697028
0.0697028
0.00934855
0.00934855
0.00934855
0.00934855
0.00934855
-0.108928
-0.108928
-0.108928
-0.108928
-0.108928
0.0293106
0.0293106
0.0293106
0.0293106
0.0293106
0.0622515
0.0622515
0.0622515
0.0622515
0.0622515
0.0267717
0.0267717
0.0267717
0.0267717
0.0267717
-0.226242
-0.226242
-0.226242
-0.226242
-0.226242
0.14148
0.14148
0.14148
0.14148
0.14148
0.0808895
0.0808895
0.0808895
0.0808895
0.0808895
-0.0456016
-0.0456016
-0.0456016
-0.0456016
-0.0456016
-0.238737
-0.238737
-0.238737
-0.238737
-0.238737
0.116547
0.116547
0.116547
0.116547
0.116547
0.0573341
0.0573341
0.0573341
0.0573341
0.0573341
0.084641
0.084641
0.084641
0.084641
0.084641
0.0273119
0.0273119
0.0273119
0.0273119
0.0273119
-0.0182692
-0.0182692
-0.0182692
-0.0182692
-0.0182692
-0.0309806
-0.0309806
-0.0309806
-0.0309806
-0.0309806
0.098196
0.098196
0.098196
0.098196
0.098196
0.0448651
0.0448651
0.0448651
0.0448651
0.0448651
-0.0440076
-0.0440076
-0.0440076
-0.0440076
-0.0440076
0.0708849
0.0708849
0.0708849
0.0708849
0.0708849
-0.203392
-0.203392
-0.203392
-0.203392
-0.203392
0.0250081
0.0250081
0.0250081
0.0250081
0.0250081
0.149141
0.149141
0.149141
0.149141
0.149141
-0.134555
-0.134555
-0.134555
-0.134555
-0.134555
-0.0707577
-0.0707577
-0.0707577
-0.0707577
-0.0707577
0.0169509
0.0169509
0.0169509
0.0169509
0.0169509
0.0405922
0.0405922
0.0405922
0.0405922
0.0405922
0.0624153
0.0624153
0.0624153
0.0624153
0.0624153
0.0699978
0.0699978
0.0699978
0.0699978
0.0699978
-0.0405717
-0.0405717
-0.0405717
-0.0405717
-0.0405717
0.03223
0.03223
0.03223
0.03223
0.03223
0.0363266
0.0363266
0.0363266
0.0363266
0.0363266
0.12944
0.12944
0.12944
0.12944
0.12944
-0.170188
-0.170188
-0.170188
-0.170188
-0.170188
-0.10773
-0.10773
-0.10773
-0.10773
-0.10773
-0.0331774
-0.0331774
-0.0331774
-0.0331774
-0.0331774
-0.00432326
-0.00432326
-0.00432326
-0.00432326
-0.00432326
0.0862397
0.0862397
0.0862397
0.0862397
0.0862397
-0.104947
-0.104947
-0.104947
-0.104947
-0.104947
0.110794
0.110794
0.110794
0.110794
0.110794
0.0496944
0.0496944
0.0496944
0.0496944
0.0496944
-0.0346598
-0.0346598
-0.0346598
-0.0346598
-0.0346598
0.0531559
0.0531559
0.0531559
0.0531559
0.0531559
0.125517
0.125517
0.125517
0.125517
0.125517
-0.178742
-0.178742
-0.178742
-0.178742
-0.178742
-0.0176589
-0.0176589
-0.0176589
-0.0176589
-0.0176589
0.0263894
0.0263894
0.0263894
0.0263894
0.0263894
-0.0541044
-0.0541044
-0.0541044
-0.0541044
-0.0541044
0.15842
0.15842
0.15842
0.15842
0.15842
-0.00617291
-0.00617291
-0.00617291
-0.00617291
-0.00617291
-0.133339
-0.133339
-0.133339
-0.133339
-0.133339
0.0502837
0.0502837
0.0502837
0.0502837
0.0502837
0.00356335
0.00356335
0.00356335
0.00356335
0.00356335
0.00522847
0.00522847
0.00522847
0.00522847
0.00522847
-0.132874
-0.132874
-0.132874
-0.132874
-0.132874
-0.0787265
-0.0787265
-0.0787265
-0.0787265
-0.0787265
0.170384
0.170384
0.170384
0.170384
0.170384
0.0891639
0.0891639
0.0891639
0.0891639
0.0891639
-0.0403853
-0.0403853
-0.0403853
-0.0403853
-0.0403853
-0.11999
-0.11999
-0.11999
-0.11999
-0.11999
0.197532
0.197532
0.197532
0.197532
0.197532
0.0724728
0.0724728
0.0724728
0.0724728
0.0724728
-0.0430349
-0.0430349
-0.0430349
-0.0430349
-0.0430349
0.145372
0.145372
0.145372
0.145372
0.145372
0.0118863
0.0118863
0.0118863
0.0118863
0.0118863
-0.000172601
-0.000172601
-0.000172601
-0.000172601
-0.000172601
-0.0206982
-0.0206982
-0.0206982
-0.0206982
-0.0206982
-0.148085
-0.148085
-0.148085
-0.148085
-0.148085
-0.0216183
-0.0216183
-0.0216183
-0.0216183
-0.0216183
0.0162033
0.0162033
0.0162033
0.0162033
0.0162033
0.076073
0.076073
0.076073
0.076073
0.076073
0.0721231
0.0721231
0.0721231
0.0721231
0.0721231
0.0660848
0.0660848
0.0660848
0.0660848
0.0660848
-0.20483
-0.20483
-0.20483
-0.20483
-0.20483
0.0505986
0.0505986
0.0505986
0.0505986
0.0505986
-0.221775
-0.221775
-0.221775
-0.221775
-0.221775
0.136434
0.136434
0.136434
0.136434
0.136434
-0.21507
-0.21507
-0.21507
-0.21507
-0.21507
-0.0575981
-0.0575981
-0.0575981
-0.0575981
-0.0575981
0.0171516
0.0171516
0.0171516
0.0171516
0.0171516
-0.119894
-0.119894
-0.119894
-0.119894
-0.119894
-0.105334
-0.105334
-0.105334
-0.105334
-0.105334
-0.168179
-0.168179
-0.168179
-0.168179
-0.168179
0.0448352
0.0448352
0.0448352
0.0448352
0.0448352
-0.106507
-0.106507
-0.106507
-0.106507
-0.106507
-0.0517887
-0.0517887
-0.0517887
-0.0517887
-0.0517887
0.160946
0.160946
0.160946
0.160946
0.160946
-0.0098161
-0.0098161
-0.0098161
-0.0098161
-0.0098161
-0.158772
-0.158772
-0.158772
-0.158772
-0.158772
-0.0837343
-0.0837343
-0.0837343
-0.0837343
-0.0837343
0.318474
0.318474
0.318474
0.318474
0.318474
-0.122084
-0.122084
-0.122084
-0.122084
-0.122084
0.0685637
0.0685637
0.0685637
0.0685637
0.0685637
0.0470738
0.0470738
0.0470738
0.0470738
0.0470738
-0.0732141
-0.0732141
-0.0732141
-0.0732141
-0.0732141
-0.0997556
-0.0997556
-0.0997556
-0.0997556
-0.0997556
0.197738
0.197738
0.197738
0.197738
0.197738
0.0312026
0.0312026
0.0312026
0.0312026
0.0312026
-0.0695295
-0.0695295
-0.0695295
-0.0695295
-0.0695295
0.0457235
0.0457235
0.0457235
0.0457235
0.0457235
0.167287
0.167287
0.167287
0.167287
0.167287
0.128954
0.128954
0.128954
0.128954
0.128954
-0.0768038
-0.0768038
-0.0768038
-0.0768038
-0.0768038
0.0630272
0.0630272
0.0630272
0.0630272
0.0630272
0.011031
0.011031
0.011031
0.011031
0.011031
-0.093116
-0.093116
-0.093116
-0.093116
-0.093116
-0.0211218
-0.0211218
-0.0211218
-0.0211218
-0.0211218
-0.0340286
-0.0250121
-0.0250121
-0.0250121
-0.0250121
-0.0250121
-0.0250121
-0.0733542
-0.0733542
-0.0733542
-0.0733542
-0.0733542
-0.125558
-0.125558
-0.125558
-0.125558
-0.125558
0.0092314
0.0092314
0.0092314
0.0092314
0.0092314
0.0261107
0.0261107
0.0261107
0.0261107
0.0261107
-0.0784876
-0.0784876
-0.0784876
-0.0784876
-0.0784876
0.0363305
0.0363305
0.0363305
0.0363305
0.0363305
-0.125714
-0.125714
-0.125714
-0.125714
-0.125714
0.127703
0.127703
0.127703
0.127703
0.127703
0.034778
0.034778
0.034778
0.034778
0.034778
-0.0442433
-0.0442433
-0.0442433
-0.0442433
-0.0442433
0.0322294
0.0322294
0.0322294
0.0322294
0.0322294
0.0426682
0.0426682
0.0426682
0.0426682
0.0426682
-0.0470675
-0.0470675
-0.0470675
-0.0470675
-0.0470675
-0.0817686
-0.0817686
-0.0817686
-0.0817686
-0.0817686
0.0726295
0.0726295
0.0726295
0.0726295
0.0726295
-0.0355862
-0.0355862
-0.0355862
-0.0355862
-0.0355862
0.20081
0.20081
0.20081
0.20081
0.20081
-0.00938408
-0.00938408
-0.00938408
-0.00938408
-0.00938408
-0.30947
-0.30947
-0.30947
-0.30947
-0.30947
0.00518851
0.00518851
0.00518851
0.00518851
0.00518851
0.0312578
0.0312578
0.0312578
0.0312578
0.0312578
0.020047
0.020047
0.020047
0.020047
0.020047
0.0985988
0.0985988
0.0985988
0.0985988
0.0985988
-0.115731
-0.115731
-0.115731
-0.115731
-0.115731
-0.11092
-0.11092
-0.11092
-0.11092
-0.11092
0.100224
0.100224
0.100224
0.100224
0.100224
-0.0912269
-0.0912269
-0.0912269
-0.0912269
-0.0912269
-0.0138916
-0.0138916
-0.0138916
-0.0138916
-0.0138916
0.0371835
0.0371835
0.0371835
0.0371835
0.0371835
-0.123004
-0.123004
-0.123004
-0.123004
-0.123004
0.170694
0.170694
0.170694
0.170694
0.170694
-0.113368
-0.113368
-0.113368
-0.113368
-0.113368
-0.00800225
-0.00800225
-0.00800225
-0.00800225
-0.00800225
0.0332838
0.0332838
0.0332838
0.0332838
0.0332838
0.0199998
0.0199998
0.0199998
0.0199998
0.0199998
-0.0418562
-0.0418562
-0.0418562
-0.0418562
-0.0418562
-0.0224766
-0.0224766
-0.0224766
-0.0224766
-0.0224766
0.140469
0.140469
0.140469
0.140469
0.140469
0.0365868
0.0365868
0.0365868
0.0365868
0.0365868
-0.208946
-0.208946
-0.208946
-0.208946
-0.208946
0.15673
0.15673
0.15673
0.15673
0.15673
0.135011
0.135011
0.135011
0.135011
0.135011
-0.0347121
-0.0347121
-0.0347121
-0.0347121
-0.0347121
-0.0675225
-0.0675225
-0.0675225
-0.0675225
-0.0675225
-0.0104443
-0.0104443
-0.0104443
-0.0104443
-0.0104443
-0.00840823
-0.00840823
-0.00840823
-0.00840823
-0.00840823
-0.0565481
-0.0565481
-0.0565481
-0.0565481
-0.0565481
-0.206855
-0.206855
-0.206855
-0.206855
-0.206855
0.0610816
0.0610816
0.0610816
0.0610816
0.0610816
0.172086
0.172086
0.172086
0.172086
0.172086
0.0161843
0.0161843
0.0161843
0.0161843
0.0161843
0.0250749
0.0250749
0.0250749
0.0250749
0.0250749
0.0212513
0.0212513
0.0212513
0.0212513
0.0212513
-0.109879
-0.109879
-0.109879
-0.109879
-0.109879
0.0523955
0.0523955
0.0523955
0.0523955
0.0523955
0.020341
0.020341
0.020341
0.020341
0.020341
-0.0426618
-0.0426618
-0.0426618
-0.0426618
-0.0426618
0.137818
0.137818
0.137818
0.137818
0.137818
-0.0121735
-0.0121735
-0.0121735
-0.0121735
-0.0121735
0.12739
0.12739
0.12739
0.12739
0.12739
-0.0919592
-0.0919592
-0.0919592
-0.0919592
-0.0919592
-0.0269126
-0.0269126
-0.0269126
-0.0269126
-0.0269126
-0.117144
-0.117144
-0.117144
-0.117144
-0.117144
0.163826
0.163826
0.163826
0.163826
0.163826
-0.10074
-0.10074
-0.10074
-0.10074
-0.10074
0.04813
0.04813
0.04813
0.04813
0.04813
-0.0206299
-0.0206299
-0.0206299
-0.0206299
-0.0206299
-0.149437
-0.149437
-0.149437
0.148042
0.148042
0.148042
0.148042
-0.0747732
-0.0747732
-0.0747732
-0.0747732
-0.0747732
0.0601726
0.0601726
0.0601726
0.0601726
0.0601726
-0.139471
-0.139471
-0.139471
-0.139471
-0.139471
-0.197549
-0.197549
-0.197549
-0.197549
-0.197549
0.0848844
0.0848844
0.0848844
0.0848844
0.0848844
-0.323575
-0.323575
-0.323575
-0.323575
-0.323575
0.0878837
0.0878837
0.0878837
0.0878837
0.0878837
-0.145139
-0.145139
-0.145139
-0.145139
-0.145139
-0.0274384
-0.0274384
-0.0274384
-0.0274384
-0.0274384
0.165769
0.165769
0.165769
0.165769
0.165769
-0.0235986
-0.0235986
-0.0235986
-0.0235986
-0.0235986
-0.0887877
-0.0887877
-0.0887877
-0.0887877
-0.0887877
0.0509513
0.0509513
0.0509513
0.0509513
0.0509513
0.011295
0.011295
0.011295
0.011295
0.011295
0.0569563
0.0569563
0.0569563
0.0569563
0.0569563
-0.00578569
-0.00578569
-0.00578569
-0.00578569
-0.00578569
-0.138672
-0.138672
-0.138672
-0.138672
-0.138672
0.113303
0.113303
0.113303
0.113303
0.113303
0.0198762
0.0198762
0.0198762
0.0198762
0.0198762
0.013296
0.013296
0.013296
0.013296
0.013296
0.0669746
0.0669746
0.0669746
0.0669746
0.0669746
0.0301793
0.0301793
0.0301793
0.0301793
0.0301793
0.0802128
0.0802128
0.0802128
0.0802128
0.0802128
0.00274485
0.00274485
0.00274485
0.00274485
0.00274485
-0.0799802
-0.0799802
-0.0799802
-0.0799802
-0.0799802
0.0887812
0.0887812
0.0887812
0.0887812
0.0887812
0.0998275
0.0998275
0.0998275
0.0998275
0.0998275
0.0630108
0.0630108
0.0630108
0.0630108
0.0630108
-0.0301832
-0.0301832
-0.0301832
-0.0301832
-0.0301832
-0.190818
-0.190818
-0.190818
-0.190818
-0.190818
-0.0742077
-0.0742077
-0.0742077
-0.0742077
-0.0742077
0.0308959
0.0308959
0.0308959
0.0308959
0.0308959
0.0402654
0.0402654
0.0402654
0.0402654
0.0402654
-0.0292281
-0.0292281
-0.0292281
-0.0292281
-0.0292281
0.0340053
0.0340053
0.0340053
0.0340053
0.0340053
0.136302
0.136302
0.136302
0.136302
0.136302
-0.127736
-0.127736
-0.127736
-0.127736
-0.127736
0.168052
0.168052
0.168052
0.168052
0.168052
-0.152529
-0.152529
-0.152529
-0.152529
-0.152529
0.00815624
0.00815624
0.00815624
0.00815624
0.00815624
-0.121261
-0.121261
-0.121261
-0.121261
-0.121261
0.112396
0.112396
0.112396
0.112396
0.112396
0.0657166
0.0657166
0.0657166
0.0657166
0.0657166
0.00911573
0.00911573
0.00911573
0.00911573
0.00911573
0.06169
0.06169
0.06169
0.06169
0.06169
-0.0339228
-0.0339228
-0.0339228
-0.0339228
-0.0339228
0.0638887
0.0638887
0.0638887
0.0638887
0.0638887
-0.193959
-0.193959
-0.193959
-0.193959
-0.193959
-0.0338485
-0.0338485
-0.0338485
-0.0338485
-0.0338485
0.0244439
0.0244439
0.0244439
0.0244439
0.0244439
-0.0390999
-0.0390999
-0.0390999
-0.0390999
-0.0390999
0.107008
0.107008
0.107008
0.107008
0.107008
-0.0846451
-0.0846451
-0.0846451
-0.0846451
-0.0846451
0.0575323
0.0575323
0.0575323
0.0575323
0.0575323
-0.0535339
-0.0535339
-0.0535339
-0.0535339
-0.0535339
0.0462412
0.0462412
0.0462412
0.0462412
0.0462412
-0.132007
-0.132007
-0.132007
-0.132007
-0.132007
0.102436
0.102436
0.102436
0.102436
0.102436
-0.121063
-0.121063
-0.121063
-0.121063
-0.121063
0.12554
0.12554
0.12554
0.12554
0.12554
0.113298
0.113298
0.113298
0.113298
0.113298
-0.0212651
-0.0212651
-0.0212651
-0.0212651
-0.0212651
0.120646
0.120646
0.120646
0.120646
0.120646
-0.0969849
-0.0969849
-0.0969849
-0.0969849
-0.0969849
-0.0805956
-0.0805956
-0.0805956
-0.0805956
-0.0805956
-0.0368829
-0.0368829
-0.0368829
-0.0368829
-0.0368829
0.100633
0.100633
0.100633
0.100633
0.100633
-0.127697
-0.127697
-0.127697
-0.127697
-0.127697
-0.00826495
-0.00826495
-0.00826495
-0.00826495
-0.0249051
-0.0249051
-0.0249051
0.137418
0.137418
0.137418
0.137418
0.137418
0.0713239
0.0713239
0.0713239
0.0713239
0.0713239
-0.00521735
-0.00521735
-0.00521735
-0.00521735
-0.00521735
0.0346403
0.0346403
0.0346403
0.0346403
0.0346403
0.0526233
0.0526233
0.0526233
0.0526233
0.0526233
-0.0299385
-0.0299385
-0.0299385
-0.0299385
-0.0299385
0.0194962
0.0194962
0.0194962
0.0194962
0.0194962
-0.0967079
-0.0967079
-0.0967079
-0.0967079
-0.0967079
0.150309
0.150309
0.150309
0.150309
0.150309
-0.0160763
-0.0160763
-0.0160763
-0.0160763
-0.0160763
0.0143779
0.0143779
0.0143779
0.0143779
0.0143779
-0.111564
-0.111564
-0.111564
-0.111564
-0.111564
0.0964101
0.0964101
0.0964101
0.0964101
0.0964101
-0.0154941
-0.0154941
-0.0154941
-0.0154941
-0.0154941
0.115746
0.115746
0.115746
0.115746
0.115746
-0.00448926
-0.00448926
-0.00448926
-0.00448926
-0.00448926
-0.0385745
-0.0385745
-0.0385745
-0.0385745
-0.0385745
-0.0845435
-0.0845435
-0.0845435
-0.0845435
-0.0845435
-0.0358111
-0.0358111
-0.0358111
-0.0358111
-0.0358111
0.138269
0.138269
0.138269
0.138269
0.138269
-0.131402
-0.131402
-0.131402
-0.131402
-0.131402
-0.00476593
-0.00476593
-0.00476593
-0.00476593
-0.00476593
0.0626882
0.0626882
0.0626882
0.0626882
0.0626882
-0.0473261
-0.0473261
-0.0473261
-0.0473261
-0.0473261
0.0104038
0.0104038
0.0104038
0.0104038
0.0104038
0.0366965
0.0366965
0.0366965
0.0366965
0.0366965
-0.0561987
-0.0561987
-0.0561987
-0.0561987
-0.0561987
0.0266778
0.0266778
0.0266778
0.0266778
0.0266778
0.120136
0.120136
0.120136
0.120136
0.120136
-0.262926
-0.262926
-0.262926
-0.262926
-0.262926
0.119862
0.119862
0.119862
0.119862
0.119862
-0.0439908
-0.0439908
-0.0439908
-0.0439908
-0.0439908
0.0665457
0.0665457
0.0665457
0.0665457
0.0665457
-0.0388031
-0.0388031
-0.0388031
-0.0388031
-0.0388031
0.309785
0.309785
0.309785
0.309785
0.309785
-0.11598
-0.11598
-0.11598
-0.11598
-0.11598
-0.00420187
-0.00420187
-0.00420187
-0.00420187
-0.00420187
-0.0148019
-0.0148019
-0.0148019
-0.0148019
-0.0148019
-0.0135456
-0.0135456
-0.0135456
-0.0135456
-0.0135456
0.0329046
0.0329046
0.0329046
0.0329046
0.0329046
-0.216183
-0.216183
-0.216183
-0.216183
-0.216183
-0.261048
-0.261048
-0.261048
-0.261048
-0.261048
0.0863796
0.0863796
0.0863796
0.0863796
0.0863796
0.149701
0.149701
0.149701
0.149701
0.149701
-0.160001
-0.160001
-0.160001
-0.160001
-0.160001
-0.0222634
-0.0222634
-0.0222634
-0.0222634
-0.0222634
0.122167
0.122167
0.122167
0.122167
0.122167
-0.0728145
-0.0728145
-0.0728145
-0.0728145
-0.0728145
-0.0728539
-0.0728539
-0.0728539
-0.0728539
-0.0728539
-0.101565
-0.101565
-0.101565
-0.101565
-0.101565
0.162948
0.162948
0.162948
0.162948
0.162948
0.0188551
0.0188551
0.0188551
0.0188551
0.0188551
-0.108378
-0.108378
-0.108378
-0.108378
-0.108378
0.00904032
0.00904032
0.00904032
0.00904032
0.00904032
-0.015682
-0.015682
-0.015682
-0.015682
-0.015682
-0.0450218
-0.0450218
-0.0450218
-0.0450218
-0.0450218
0.0725332
0.0725332
0.0725332
0.0725332
0.0725332
0.0381944
0.0381944
0.0381944
0.0381944
0.0381944
-0.19233
-0.19233
-0.19233
-0.19233
-0.19233
0.0774562
0.0774562
0.0774562
0.0774562
0.0774562
0.0343611
0.0343611
0.0343611
0.0343611
0.0343611
0.101482
0.101482
0.101482
0.101482
0.101482
-0.00833553
-0.00833553
-0.00833553
-0.00833553
-0.00833553
0.0587969
0.0587969
0.0587969
0.0587969
0.0587969
-0.225617
-0.225617
-0.225617
-0.225617
-0.225617
0.0777337
0.0777337
0.0777337
0.0777337
0.0777337
0.0755602
0.0755602
0.0755602
0.0755602
0.0755602
-0.0196056
-0.0196056
-0.0196056
-0.0196056
-0.0196056
0.0320676
0.0320676
0.0320676
0.0320676
0.0320676
0.0809558
0.0809558
0.0809558
0.0809558
0.0809558
0.14856
0.14856
0.14856
0.14856
0.14856
-0.0455982
-0.0455982
-0.0455982
-0.0455982
-0.0455982
0.109803
0.109803
0.109803
0.109803
0.109803
-0.1539
-0.1539
-0.1539
-0.1539
-0.1539
0.0819835
0.0819835
0.0819835
0.0819835
0.0819835
-0.191222
-0.191222
-0.191222
-0.191222
-0.191222
0.029576
0.029576
0.029576
0.029576
0.029576
0.124723
0.124723
0.124723
0.124723
0.124723
0.0509279
0.0509279
0.0509279
0.0509279
0.0509279
0.00417794
0.00417794
0.00417794
0.00417794
0.00417794
0.0336537
0.0336537
0.0336537
0.0336537
0.0336537
0.00646367
0.00646367
0.00646367
0.00646367
0.00646367
0.0711144
0.0711144
0.0711144
0.0711144
0.0711144
0.0203108
0.0203108
0.0203108
0.0203108
0.0203108
-0.00888123
-0.00888123
-0.00888123
-0.00888123
-0.00888123
0.0294784
0.0294784
0.0294784
0.0294784
0.0294784
-0.0355251
-0.0355251
-0.0355251
-0.0355251
-0.0355251
0.0737222
0.0737222
0.0737222
0.0737222
0.0737222
-0.0792467
-0.0792467
-0.0792467
-0.0792467
-0.0792467
0.107131
0.107131
0.107131
0.107131
0.107131
-0.0189005
-0.0189005
-0.0189005
-0.0189005
-0.0189005
-0.0413053
-0.0413053
-0.0413053
-0.0413053
-0.0413053
0.192898
0.192898
0.192898
0.192898
0.192898
0.0641573
0.0641573
0.0641573
0.0641573
0.0641573
-0.127579
-0.127579
-0.127579
-0.127579
-0.127579
0.0730163
0.0730163
0.0730163
0.0730163
0.0730163
0.0372532
0.0372532
0.0372532
0.0372532
0.0372532
0.117214
0.117214
0.117214
0.117214
0.117214
-0.0170809
-0.0170809
-0.0170809
-0.0170809
-0.0170809
0.0578996
0.0578996
0.0578996
0.0578996
0.0578996
-0.0745529
-0.0745529
-0.0745529
-0.0745529
-0.0745529
0.0222772
0.0222772
0.0222772
0.0222772
0.0222772
0.0681252
0.0681252
0.0681252
0.0681252
0.0681252
-0.070037
-0.070037
-0.070037
-0.070037
-0.070037
-0.149455
-0.149455
-0.149455
-0.149455
-0.149455
-0.104273
-0.104273
-0.104273
-0.104273
-0.104273
-0.0445251
-0.0445251
-0.0445251
-0.0445251
-0.0445251
-0.0282854
-0.0282854
-0.0282854
-0.0282854
-0.0282854
0.00178468
0.00178468
0.00178468
0.00178468
0.00178468
0.015821
0.015821
0.015821
0.015821
0.015821
0.109946
0.109946
0.109946
0.109946
0.109946
0.00271076
0.00271076
0.00271076
0.00271076
0.00271076
0.0241273
0.0241273
0.0241273
0.0241273
0.0241273
-0.218351
-0.218351
-0.218351
-0.218351
-0.218351
0.0792811
0.0792811
0.0792811
0.0792811
0.0792811
0.0286384
0.0286384
0.0286384
0.0286384
0.0286384
-0.118429
-0.118429
-0.118429
-0.118429
-0.118429
-0.00347483
-0.00347483
-0.00347483
-0.00347483
-0.00347483
0.0549001
0.0549001
0.0549001
0.0549001
0.0549001
-0.130455
-0.130455
-0.130455
-0.130455
-0.130455
0.0142068
0.0142068
0.0142068
0.0142068
0.0142068
-0.0598566
-0.0598566
-0.0598566
-0.0598566
-0.0598566
-0.0364347
-0.0364347
-0.0364347
-0.0364347
-0.0364347
0.148086
0.148086
0.148086
0.148086
0.148086
-0.140783
-0.140783
-0.140783
-0.140783
-0.140783
-0.0850888
-0.0850888
-0.0850888
-0.0850888
-0.0850888
-2.92477e-05
-2.92477e-05
-2.92477e-05
-2.92477e-05
-2.92477e-05
0.0819399
0.0819399
0.0819399
0.0819399
0.0819399
-0.152409
-0.152409
-0.152409
-0.152409
-0.152409
-0.0546507
-0.0546507
-0.0546507
-0.0546507
-0.0546507
-0.0303061
-0.0303061
-0.0303061
-0.0303061
-0.0303061
-0.119337
-0.119337
-0.119337
-0.119337
-0.119337
0.0713133
0.0713133
0.0713133
0.0713133
0.0713133
-0.0398151
-0.0398151
-0.0398151
-0.0398151
-0.0398151
-0.0459313
-0.0459313
-0.0459313
-0.0459313
-0.0459313
0.0636665
0.0636665
0.0636665
0.0636665
0.0636665
0.062928
0.062928
0.062928
0.062928
0.062928
-0.0522085
-0.0522085
-0.0522085
-0.0522085
-0.0522085
-0.130601
-0.130601
-0.130601
-0.130601
-0.130601
0.105187
0.105187
0.105187
0.105187
0.105187
-0.136802
-0.136802
-0.136802
-0.136802
-0.136802
0.11514
0.11514
0.11514
0.11514
0.11514
0.021548
0.021548
0.021548
0.021548
0.021548
0.0478461
0.0478461
0.0478461
0.0478461
0.0478461
0.167368
0.167368
0.167368
0.167368
0.167368
-0.100473
-0.100473
-0.100473
-0.100473
-0.100473
-0.0473823
-0.0473823
-0.0473823
-0.0473823
-0.0473823
0.0927414
0.0927414
0.0927414
0.0927414
0.0927414
-0.0156234
-0.0156234
-0.0156234
-0.0156234
-0.0156234
0.0918321
0.0918321
0.0918321
0.0918321
0.0918321
0.159897
0.159897
0.159897
0.159897
0.159897
-0.00541262
-0.00541262
-0.00541262
-0.00541262
-0.00541262
0.108532
0.108532
0.108532
0.108532
0.108532
-0.0661182
-0.0661182
-0.0661182
-0.0661182
-0.0661182
0.0554282
0.0554282
0.0554282
0.0554282
0.0554282
0.164614
0.164614
0.164614
0.164614
0.164614
-0.164056
-0.164056
-0.164056
-0.164056
-0.164056
0.142824
0.142824
0.142824
0.142824
0.142824
0.188181
0.188181
0.188181
0.188181
0.188181
-0.241776
-0.241776
-0.241776
-0.241776
-0.241776
0.127692
0.127692
0.127692
0.127692
0.127692
0.0375589
0.0375589
0.0375589
0.0375589
0.0375589
-0.123273
-0.123273
-0.123273
-0.123273
-0.123273
0.046648
0.046648
0.046648
0.046648
0.046648
0.0972291
0.0972291
0.0972291
0.0972291
0.0972291
0.152312
0.152312
0.152312
0.152312
0.152312
0.0513978
0.0513978
0.0513978
0.0513978
0.0513978
-0.055602
-0.055602
-0.055602
-0.055602
-0.055602
0.0539622
0.0189226
0.0189226
0.0189226
0.0189226
0.0189226
0.0189226
-0.0963938
-0.0963938
-0.0963938
-0.0963938
0.0730128
0.0730128
0.0730128
0.0730128
0.0730128
0.0730128
0.0403105
0.0403105
0.0403105
0.0403105
0.0403105
-0.0824382
-0.0824382
-0.0824382
-0.0824382
-0.0824382
-0.118841
-0.118841
-0.118841
-0.118841
-0.118841
0.0784849
0.0784849
0.0784849
0.0784849
0.0784849
-0.00383934
-0.00383934
-0.00383934
-0.00383934
-0.00383934
0.110499
0.110499
0.110499
0.110499
0.110499
0.079532
0.079532
0.079532
0.079532
0.079532
-0.12127
-0.12127
-0.12127
-0.12127
-0.12127
-0.115532
-0.115532
-0.115532
-0.115532
-0.115532
0.247703
0.247703
0.247703
0.247703
0.247703
-0.0389581
-0.0389581
-0.0389581
-0.0389581
-0.0389581
-0.0907035
-0.0907035
-0.0907035
-0.0907035
-0.0907035
0.00208758
0.00208758
0.00208758
0.00208758
0.00208758
-0.0260092
-0.0260092
-0.0260092
-0.0260092
-0.0260092
0.178248
0.178248
0.178248
0.178248
0.178248
0.00142851
0.00142851
0.00142851
0.00142851
0.00142851
0.00185945
0.00185945
0.00185945
0.00185945
-0.144048
-0.144048
-0.144048
-0.144048
-0.144048
-0.144048
0.0343927
0.0343927
0.0343927
0.0343927
0.0343927
-0.0550093
-0.0550093
-0.0550093
-0.0550093
-0.0550093
0.159964
0.159964
0.159964
0.159964
0.159964
0.146703
0.146703
0.146703
0.146703
0.146703
-0.0787222
-0.0787222
-0.0787222
-0.0787222
-0.0787222
0.0970595
0.0970595
0.0970595
0.0970595
0.0970595
-0.13686
-0.13686
-0.13686
-0.13686
-0.13686
0.0955229
0.0955229
0.0955229
0.0955229
0.0955229
0.196316
0.196316
0.196316
0.196316
0.196316
-0.0760894
-0.0760894
-0.0760894
-0.0760894
-0.0760894
-0.0014
-0.0014
-0.0014
-0.0014
-0.0014
0.0659149
0.0659149
0.0659149
0.0659149
0.0659149
-0.104882
-0.104882
-0.104882
-0.104882
-0.104882
0.120392
0.120392
0.120392
0.120392
0.120392
-0.124664
-0.124664
-0.124664
-0.124664
-0.034104
-0.034104
-0.034104
-0.034104
-0.034104
-0.034104
0.227312
0.227312
0.227312
0.227312
0.227312
-0.0777231
-0.0777231
-0.0777231
-0.0777231
-0.0777231
-0.102343
-0.102343
-0.102343
-0.102343
-0.102343
-0.00857684
-0.00857684
-0.00857684
-0.00857684
-0.00857684
0.0664344
0.0664344
0.0664344
0.0664344
0.0664344
0.0164009
0.0164009
0.0164009
0.0164009
0.0164009
0.151714
0.151714
0.151714
0.151714
0.151714
0.0903504
0.0903504
0.0903504
0.0903504
0.0903504
-0.0401357
-0.0401357
-0.0401357
-0.0401357
-0.0401357
-0.0588759
-0.0588759
-0.0588759
-0.0588759
-0.0588759
-0.0961818
-0.0961818
-0.0961818
-0.0961818
-0.0961818
0.0514747
0.0514747
0.0514747
0.0514747
0.0514747
-0.153956
-0.153956
-0.153956
-0.153956
-0.153956
-0.180961
-0.180961
-0.180961
-0.180961
-0.180961
-0.0586525
-0.0586525
-0.0586525
-0.0586525
-0.0586525
0.00168749
0.00168749
0.00168749
0.00168749
0.00168749
-0.104614
-0.104614
-0.104614
-0.104614
-0.104614
-0.101853
-0.101853
-0.101853
-0.101853
-0.101853
0.220577
0.220577
0.220577
0.220577
0.220577
-0.147735
-0.147735
-0.147735
-0.147735
-0.147735
-0.000770545
-0.000770545
-0.000770545
-0.000770545
-0.000770545
0.0226552
0.0226552
0.0226552
0.0226552
0.0226552
0.0748677
0.0748677
0.0748677
0.0748677
0.0748677
-0.0117174
-0.0117174
-0.0117174
-0.0117174
-0.0117174
-0.140816
-0.140816
-0.140816
-0.140816
-0.140816
-0.0258696
-0.0258696
-0.0258696
-0.0258696
-0.0258696
0.0508231
0.0508231
0.0508231
0.0508231
0.0508231
0.0873378
0.0873378
0.0873378
0.0873378
0.0873378
-0.144336
-0.144336
-0.144336
-0.144336
-0.144336
0.0387397
0.0387397
0.0387397
0.0387397
0.0387397
-0.0125046
-0.0125046
-0.0125046
-0.0125046
-0.0125046
-0.0021521
-0.0021521
-0.0021521
-0.0021521
-0.0021521
-0.158485
-0.158485
-0.158485
-0.158485
-0.158485
0.208136
0.208136
0.208136
0.208136
0.208136
-0.105191
-0.105191
-0.105191
-0.105191
-0.105191
0.096652
0.096652
0.096652
0.096652
0.096652
-0.133744
-0.133744
-0.133744
-0.133744
-0.133744
0.0127703
0.0127703
